,budget,model,correct,wrong,total,n_pref_input,n_pref_output,theta_size,theta_additivity,n_items,n_test_subsets,n_tiers,alpha,p
0,1,CARD,0,0,0,1,0,1,1,4,10,9,0.5,0.3666666666666667
1,1,CARD_COMP,0,0,0,1,0,1,1,4,10,9,0.5,0.3666666666666667
2,1,CLF_COMP,0,0,1,1,1,1,1,4,10,9,0.5,0.3666666666666667
3,1,CLF_UNION,0,0,1,1,1,1,1,4,10,9,0.5,0.3666666666666667
4,1,ORD-INTER,0,0,0,1,0,1,1,4,10,9,0.5,0.3666666666666667
5,1,ORD-UNION,0,0,0,1,0,1,1,4,10,9,0.5,0.3666666666666667
6,1,ORD-COMP,0,0,0,1,0,1,1,4,10,9,0.5,0.3666666666666667
7,1,ORD-COMP,0,0,0,1,0,1,1,4,10,9,0.5,0.3666666666666667
8,1,CARD,0,0,0,1,0,1,1,4,10,9,0.5,0.3666666666666667
9,1,CARD_COMP,0,0,0,1,0,1,1,4,10,9,0.5,0.3666666666666667
10,1,CLF_COMP,0,0,1,1,1,1,1,4,10,9,0.5,0.3666666666666667
11,1,CLF_UNION,0,0,1,1,1,1,1,4,10,9,0.5,0.3666666666666667
12,1,ORD-INTER,0,0,0,1,0,1,1,4,10,9,0.5,0.3666666666666667
13,1,ORD-UNION,0,0,0,1,0,1,1,4,10,9,0.5,0.3666666666666667
14,1,ORD-COMP,0,0,0,1,0,1,1,4,10,9,0.5,0.3666666666666667
15,1,ORD-COMP,0,0,0,1,0,1,1,4,10,9,0.5,0.3666666666666667
16,1,CARD,0,0,0,1,0,1,1,4,10,9,0.5,0.3666666666666667
17,1,CARD_COMP,0,0,0,1,0,1,1,4,10,9,0.5,0.3666666666666667
18,1,CLF_COMP,0,0,1,1,1,1,1,4,10,9,0.5,0.3666666666666667
19,1,CLF_UNION,0,0,1,1,1,1,1,4,10,9,0.5,0.3666666666666667
20,1,ORD-INTER,0,0,0,1,0,1,1,4,10,9,0.5,0.3666666666666667
21,1,ORD-UNION,0,0,0,1,0,1,1,4,10,9,0.5,0.3666666666666667
22,1,ORD-COMP,0,0,0,1,0,1,1,4,10,9,0.5,0.3666666666666667
23,1,ORD-COMP,0,0,0,1,0,1,1,4,10,9,0.5,0.3666666666666667
24,1,CARD,0,0,0,1,0,1,1,4,10,9,0.5,0.3666666666666667
25,1,CARD_COMP,0,0,0,1,0,1,1,4,10,9,0.5,0.3666666666666667
26,1,CLF_COMP,0,0,1,1,1,1,1,4,10,9,0.5,0.3666666666666667
27,1,CLF_UNION,0,0,1,1,1,1,1,4,10,9,0.5,0.3666666666666667
28,1,ORD-INTER,0,0,0,1,0,1,1,4,10,9,0.5,0.3666666666666667
29,1,ORD-UNION,0,0,0,1,0,1,1,4,10,9,0.5,0.3666666666666667
30,1,ORD-COMP,0,0,0,1,0,1,1,4,10,9,0.5,0.3666666666666667
31,1,ORD-COMP,0,0,0,1,0,1,1,4,10,9,0.5,0.3666666666666667
32,1,CARD,0,0,0,1,0,1,1,4,10,9,0.5,0.3666666666666667
33,1,CARD_COMP,0,0,0,1,0,1,1,4,10,9,0.5,0.3666666666666667
34,1,CLF_COMP,0,0,1,1,1,1,1,4,10,9,0.5,0.3666666666666667
35,1,CLF_UNION,0,0,1,1,1,1,1,4,10,9,0.5,0.3666666666666667
36,1,ORD-INTER,0,0,0,1,0,1,1,4,10,9,0.5,0.3666666666666667
37,1,ORD-UNION,0,0,0,1,0,1,1,4,10,9,0.5,0.3666666666666667
38,1,ORD-COMP,0,0,0,1,0,1,1,4,10,9,0.5,0.3666666666666667
39,1,ORD-COMP,0,0,0,1,0,1,1,4,10,9,0.5,0.3666666666666667
40,1,CARD,0,0,0,1,0,1,1,4,10,9,0.5,0.3666666666666667
41,1,CARD_COMP,0,0,0,1,0,1,1,4,10,9,0.5,0.3666666666666667
42,1,CLF_COMP,0,0,1,1,1,1,1,4,10,9,0.5,0.3666666666666667
43,1,CLF_UNION,0,0,1,1,1,1,1,4,10,9,0.5,0.3666666666666667
44,1,ORD-INTER,0,0,0,1,0,1,1,4,10,9,0.5,0.3666666666666667
45,1,ORD-UNION,0,0,0,1,0,1,1,4,10,9,0.5,0.3666666666666667
46,1,ORD-COMP,0,0,0,1,0,1,1,4,10,9,0.5,0.3666666666666667
47,1,ORD-COMP,0,0,0,1,0,1,1,4,10,9,0.5,0.3666666666666667
48,1,CARD,0,0,0,1,0,1,1,4,10,9,0.5,0.3666666666666667
49,1,CARD_COMP,0,0,0,1,0,1,1,4,10,9,0.5,0.3666666666666667
50,1,CLF_COMP,0,0,1,1,1,1,1,4,10,9,0.5,0.3666666666666667
51,1,CLF_UNION,0,0,1,1,1,1,1,4,10,9,0.5,0.3666666666666667
52,1,ORD-INTER,0,0,0,1,0,1,1,4,10,9,0.5,0.3666666666666667
53,1,ORD-UNION,0,0,0,1,0,1,1,4,10,9,0.5,0.3666666666666667
54,1,ORD-COMP,0,0,0,1,0,1,1,4,10,9,0.5,0.3666666666666667
55,1,ORD-COMP,0,0,0,1,0,1,1,4,10,9,0.5,0.3666666666666667
56,1,CARD,0,0,0,1,0,1,1,4,10,9,0.5,0.3666666666666667
57,1,CARD_COMP,0,0,0,1,0,1,1,4,10,9,0.5,0.3666666666666667
58,1,CLF_COMP,0,0,1,1,1,1,1,4,10,9,0.5,0.3666666666666667
59,1,CLF_UNION,0,0,1,1,1,1,1,4,10,9,0.5,0.3666666666666667
60,1,ORD-INTER,0,0,0,1,0,1,1,4,10,9,0.5,0.3666666666666667
61,1,ORD-UNION,0,0,0,1,0,1,1,4,10,9,0.5,0.3666666666666667
62,1,ORD-COMP,0,0,0,1,0,1,1,4,10,9,0.5,0.3666666666666667
63,1,ORD-COMP,0,0,0,1,0,1,1,4,10,9,0.5,0.3666666666666667
64,1,CARD,0,0,0,1,0,1,1,4,10,9,0.5,0.3666666666666667
65,1,CARD_COMP,0,0,0,1,0,1,1,4,10,9,0.5,0.3666666666666667
66,1,CLF_COMP,0,0,1,1,1,1,1,4,10,9,0.5,0.3666666666666667
67,1,CLF_UNION,0,0,1,1,1,1,1,4,10,9,0.5,0.3666666666666667
68,1,ORD-INTER,0,0,0,1,0,1,1,4,10,9,0.5,0.3666666666666667
69,1,ORD-UNION,0,0,0,1,0,1,1,4,10,9,0.5,0.3666666666666667
70,1,ORD-COMP,0,0,0,1,0,1,1,4,10,9,0.5,0.3666666666666667
71,1,ORD-COMP,0,0,0,1,0,1,1,4,10,9,0.5,0.3666666666666667
72,1,CARD,0,0,0,1,0,1,1,4,10,9,0.5,0.3666666666666667
73,1,CARD_COMP,0,0,0,1,0,1,1,4,10,9,0.5,0.3666666666666667
74,1,CLF_COMP,0,0,1,1,1,1,1,4,10,9,0.5,0.3666666666666667
75,1,CLF_UNION,0,0,1,1,1,1,1,4,10,9,0.5,0.3666666666666667
76,1,ORD-INTER,0,0,0,1,0,1,1,4,10,9,0.5,0.3666666666666667
77,1,ORD-UNION,0,0,0,1,0,1,1,4,10,9,0.5,0.3666666666666667
78,1,ORD-COMP,0,0,0,1,0,1,1,4,10,9,0.5,0.3666666666666667
79,1,ORD-COMP,0,0,0,1,0,1,1,4,10,9,0.5,0.3666666666666667
80,1,CARD,0,0,0,1,0,1,1,4,10,9,0.5,0.3666666666666667
81,1,CARD_COMP,0,0,0,1,0,1,1,4,10,9,0.5,0.3666666666666667
82,1,CLF_COMP,0,0,1,1,1,1,1,4,10,9,0.5,0.3666666666666667
83,1,CLF_UNION,0,0,1,1,1,1,1,4,10,9,0.5,0.3666666666666667
84,1,ORD-INTER,0,0,0,1,0,1,1,4,10,9,0.5,0.3666666666666667
85,1,ORD-UNION,0,0,0,1,0,1,1,4,10,9,0.5,0.3666666666666667
86,1,ORD-COMP,0,0,0,1,0,1,1,4,10,9,0.5,0.3666666666666667
87,1,ORD-COMP,0,0,0,1,0,1,1,4,10,9,0.5,0.3666666666666667
88,1,CARD,0,0,0,1,0,1,1,4,10,9,0.5,0.3666666666666667
89,1,CARD_COMP,0,0,0,1,0,1,1,4,10,9,0.5,0.3666666666666667
90,1,CLF_COMP,0,0,1,1,1,1,1,4,10,9,0.5,0.3666666666666667
91,1,CLF_UNION,0,0,1,1,1,1,1,4,10,9,0.5,0.3666666666666667
92,1,ORD-INTER,0,0,0,1,0,1,1,4,10,9,0.5,0.3666666666666667
93,1,ORD-UNION,0,0,0,1,0,1,1,4,10,9,0.5,0.3666666666666667
94,1,ORD-COMP,0,0,0,1,0,1,1,4,10,9,0.5,0.3666666666666667
95,1,ORD-COMP,0,0,0,1,0,1,1,4,10,9,0.5,0.3666666666666667
96,1,CARD,0,0,0,1,0,1,1,4,10,9,0.5,0.3666666666666667
97,1,CARD_COMP,0,0,0,1,0,1,1,4,10,9,0.5,0.3666666666666667
98,1,CLF_COMP,0,0,1,1,1,1,1,4,10,9,0.5,0.3666666666666667
99,1,CLF_UNION,0,0,1,1,1,1,1,4,10,9,0.5,0.3666666666666667
100,1,ORD-INTER,0,0,0,1,0,1,1,4,10,9,0.5,0.3666666666666667
101,1,ORD-UNION,0,0,0,1,0,1,1,4,10,9,0.5,0.3666666666666667
102,1,ORD-COMP,0,0,0,1,0,1,1,4,10,9,0.5,0.3666666666666667
103,1,ORD-COMP,0,0,0,1,0,1,1,4,10,9,0.5,0.3666666666666667
104,1,CARD,0,0,0,1,0,1,1,4,10,9,0.5,0.3666666666666667
105,1,CARD_COMP,0,0,0,1,0,1,1,4,10,9,0.5,0.3666666666666667
106,1,CLF_COMP,0,0,1,1,1,1,1,4,10,9,0.5,0.3666666666666667
107,1,CLF_UNION,0,0,1,1,1,1,1,4,10,9,0.5,0.3666666666666667
108,1,ORD-INTER,0,0,0,1,0,1,1,4,10,9,0.5,0.3666666666666667
109,1,ORD-UNION,0,0,0,1,0,1,1,4,10,9,0.5,0.3666666666666667
110,1,ORD-COMP,0,0,0,1,0,1,1,4,10,9,0.5,0.3666666666666667
111,1,ORD-COMP,0,0,0,1,0,1,1,4,10,9,0.5,0.3666666666666667
112,1,CARD,0,0,0,1,0,1,1,4,10,9,0.5,0.3666666666666667
113,1,CARD_COMP,0,0,0,1,0,1,1,4,10,9,0.5,0.3666666666666667
114,1,CLF_COMP,0,0,1,1,1,1,1,4,10,9,0.5,0.3666666666666667
115,1,CLF_UNION,0,0,1,1,1,1,1,4,10,9,0.5,0.3666666666666667
116,1,ORD-INTER,0,0,0,1,0,1,1,4,10,9,0.5,0.3666666666666667
117,1,ORD-UNION,0,0,0,1,0,1,1,4,10,9,0.5,0.3666666666666667
118,1,ORD-COMP,0,0,0,1,0,1,1,4,10,9,0.5,0.3666666666666667
119,1,ORD-COMP,0,0,0,1,0,1,1,4,10,9,0.5,0.3666666666666667
120,1,CARD,0,0,0,1,0,1,1,4,10,9,0.5,0.3666666666666667
121,1,CARD_COMP,0,0,0,1,0,1,1,4,10,9,0.5,0.3666666666666667
122,1,CLF_COMP,0,0,1,1,1,1,1,4,10,9,0.5,0.3666666666666667
123,1,CLF_UNION,0,0,1,1,1,1,1,4,10,9,0.5,0.3666666666666667
124,1,ORD-INTER,0,0,0,1,0,1,1,4,10,9,0.5,0.3666666666666667
125,1,ORD-UNION,0,0,0,1,0,1,1,4,10,9,0.5,0.3666666666666667
126,1,ORD-COMP,0,0,0,1,0,1,1,4,10,9,0.5,0.3666666666666667
127,1,ORD-COMP,0,0,0,1,0,1,1,4,10,9,0.5,0.3666666666666667
128,2,CARD,0,0,0,3,0,2,1,4,10,9,0.5,0.3666666666666667
129,2,CARD_COMP,0,0,0,3,0,2,1,4,10,9,0.5,0.3666666666666667
130,2,CLF_COMP,0,0,1,3,1,2,1,4,10,9,0.5,0.3666666666666667
131,2,CLF_UNION,0,0,1,3,1,2,1,4,10,9,0.5,0.3666666666666667
132,2,ORD-INTER,0,0,0,3,0,2,1,4,10,9,0.5,0.3666666666666667
133,2,ORD-UNION,0,0,0,3,0,2,1,4,10,9,0.5,0.3666666666666667
134,2,ORD-COMP,0,0,0,3,0,2,1,4,10,9,0.5,0.3666666666666667
135,2,ORD-COMP,0,0,0,3,0,2,1,4,10,9,0.5,0.3666666666666667
136,2,CARD,0,0,0,3,0,2,1,4,10,9,0.5,0.3666666666666667
137,2,CARD_COMP,0,0,0,3,0,2,1,4,10,9,0.5,0.3666666666666667
138,2,CLF_COMP,0,0,1,3,1,2,1,4,10,9,0.5,0.3666666666666667
139,2,CLF_UNION,0,0,1,3,1,2,1,4,10,9,0.5,0.3666666666666667
140,2,ORD-INTER,0,0,0,3,0,2,1,4,10,9,0.5,0.3666666666666667
141,2,ORD-UNION,0,0,0,3,0,2,1,4,10,9,0.5,0.3666666666666667
142,2,ORD-COMP,0,0,0,3,0,2,1,4,10,9,0.5,0.3666666666666667
143,2,ORD-COMP,0,0,0,3,0,2,1,4,10,9,0.5,0.3666666666666667
144,2,CARD,0,0,0,3,0,2,1,4,10,9,0.5,0.3666666666666667
145,2,CARD_COMP,0,0,0,3,0,2,1,4,10,9,0.5,0.3666666666666667
146,2,CLF_COMP,0,0,1,3,1,2,1,4,10,9,0.5,0.3666666666666667
147,2,CLF_UNION,0,0,1,3,1,2,1,4,10,9,0.5,0.3666666666666667
148,2,ORD-INTER,0,0,0,3,0,2,1,4,10,9,0.5,0.3666666666666667
149,2,ORD-UNION,0,0,0,3,0,2,1,4,10,9,0.5,0.3666666666666667
150,2,ORD-COMP,0,0,0,3,0,2,1,4,10,9,0.5,0.3666666666666667
151,2,ORD-COMP,0,0,0,3,0,2,1,4,10,9,0.5,0.3666666666666667
152,2,CARD,0,0,0,3,0,2,1,4,10,9,0.5,0.3666666666666667
153,2,CARD_COMP,0,0,0,3,0,2,1,4,10,9,0.5,0.3666666666666667
154,2,CLF_COMP,0,0,1,3,1,2,1,4,10,9,0.5,0.3666666666666667
155,2,CLF_UNION,0,0,1,3,1,2,1,4,10,9,0.5,0.3666666666666667
156,2,ORD-INTER,0,0,0,3,0,2,1,4,10,9,0.5,0.3666666666666667
157,2,ORD-UNION,0,0,0,3,0,2,1,4,10,9,0.5,0.3666666666666667
158,2,ORD-COMP,0,0,0,3,0,2,1,4,10,9,0.5,0.3666666666666667
159,2,ORD-COMP,0,0,0,3,0,2,1,4,10,9,0.5,0.3666666666666667
160,2,CARD,0,0,0,3,0,2,1,4,10,9,0.5,0.3666666666666667
161,2,CARD_COMP,0,0,0,3,0,2,1,4,10,9,0.5,0.3666666666666667
162,2,CLF_COMP,0,0,1,3,1,2,1,4,10,9,0.5,0.3666666666666667
163,2,CLF_UNION,0,0,1,3,1,2,1,4,10,9,0.5,0.3666666666666667
164,2,ORD-INTER,0,0,0,3,0,2,1,4,10,9,0.5,0.3666666666666667
165,2,ORD-UNION,0,0,0,3,0,2,1,4,10,9,0.5,0.3666666666666667
166,2,ORD-COMP,0,0,0,3,0,2,1,4,10,9,0.5,0.3666666666666667
167,2,ORD-COMP,0,0,0,3,0,2,1,4,10,9,0.5,0.3666666666666667
168,2,CARD,0,0,0,3,0,2,1,4,10,9,0.5,0.3666666666666667
169,2,CARD_COMP,0,0,0,3,0,2,1,4,10,9,0.5,0.3666666666666667
170,2,CLF_COMP,0,0,1,3,1,2,1,4,10,9,0.5,0.3666666666666667
171,2,CLF_UNION,0,0,1,3,1,2,1,4,10,9,0.5,0.3666666666666667
172,2,ORD-INTER,0,0,0,3,0,2,1,4,10,9,0.5,0.3666666666666667
173,2,ORD-UNION,0,0,0,3,0,2,1,4,10,9,0.5,0.3666666666666667
174,2,ORD-COMP,0,0,0,3,0,2,1,4,10,9,0.5,0.3666666666666667
175,2,ORD-COMP,0,0,0,3,0,2,1,4,10,9,0.5,0.3666666666666667
176,2,CARD,0,0,0,3,0,2,1,4,10,9,0.5,0.3666666666666667
177,2,CARD_COMP,0,0,0,3,0,2,1,4,10,9,0.5,0.3666666666666667
178,2,CLF_COMP,0,0,1,3,1,2,1,4,10,9,0.5,0.3666666666666667
179,2,CLF_UNION,0,0,1,3,1,2,1,4,10,9,0.5,0.3666666666666667
180,2,ORD-INTER,0,0,0,3,0,2,1,4,10,9,0.5,0.3666666666666667
181,2,ORD-UNION,0,0,0,3,0,2,1,4,10,9,0.5,0.3666666666666667
182,2,ORD-COMP,0,0,0,3,0,2,1,4,10,9,0.5,0.3666666666666667
183,2,ORD-COMP,0,0,0,3,0,2,1,4,10,9,0.5,0.3666666666666667
184,2,CARD,0,0,0,3,0,2,1,4,10,9,0.5,0.3666666666666667
185,2,CARD_COMP,0,0,0,3,0,2,1,4,10,9,0.5,0.3666666666666667
186,2,CLF_COMP,0,0,1,3,1,2,1,4,10,9,0.5,0.3666666666666667
187,2,CLF_UNION,0,0,1,3,1,2,1,4,10,9,0.5,0.3666666666666667
188,2,ORD-INTER,0,0,0,3,0,2,1,4,10,9,0.5,0.3666666666666667
189,2,ORD-UNION,0,0,0,3,0,2,1,4,10,9,0.5,0.3666666666666667
190,2,ORD-COMP,0,0,0,3,0,2,1,4,10,9,0.5,0.3666666666666667
191,2,ORD-COMP,0,0,0,3,0,2,1,4,10,9,0.5,0.3666666666666667
192,2,CARD,0,0,0,3,0,2,1,4,10,9,0.5,0.3666666666666667
193,2,CARD_COMP,0,0,0,3,0,2,1,4,10,9,0.5,0.3666666666666667
194,2,CLF_COMP,0,0,1,3,1,2,1,4,10,9,0.5,0.3666666666666667
195,2,CLF_UNION,0,0,1,3,1,2,1,4,10,9,0.5,0.3666666666666667
196,2,ORD-INTER,0,0,0,3,0,2,1,4,10,9,0.5,0.3666666666666667
197,2,ORD-UNION,0,0,0,3,0,2,1,4,10,9,0.5,0.3666666666666667
198,2,ORD-COMP,0,0,0,3,0,2,1,4,10,9,0.5,0.3666666666666667
199,2,ORD-COMP,0,0,0,3,0,2,1,4,10,9,0.5,0.3666666666666667
200,2,CARD,0,0,0,3,0,2,1,4,10,9,0.5,0.3666666666666667
201,2,CARD_COMP,0,0,0,3,0,2,1,4,10,9,0.5,0.3666666666666667
202,2,CLF_COMP,0,0,1,3,1,2,1,4,10,9,0.5,0.3666666666666667
203,2,CLF_UNION,0,0,1,3,1,2,1,4,10,9,0.5,0.3666666666666667
204,2,ORD-INTER,0,0,0,3,0,2,1,4,10,9,0.5,0.3666666666666667
205,2,ORD-UNION,0,0,0,3,0,2,1,4,10,9,0.5,0.3666666666666667
206,2,ORD-COMP,0,0,0,3,0,2,1,4,10,9,0.5,0.3666666666666667
207,2,ORD-COMP,0,0,0,3,0,2,1,4,10,9,0.5,0.3666666666666667
208,2,CARD,0,0,0,3,0,2,1,4,10,9,0.5,0.3666666666666667
209,2,CARD_COMP,0,0,0,3,0,2,1,4,10,9,0.5,0.3666666666666667
210,2,CLF_COMP,0,0,1,3,1,2,1,4,10,9,0.5,0.3666666666666667
211,2,CLF_UNION,0,0,1,3,1,2,1,4,10,9,0.5,0.3666666666666667
212,2,ORD-INTER,0,0,0,3,0,2,1,4,10,9,0.5,0.3666666666666667
213,2,ORD-UNION,0,0,0,3,0,2,1,4,10,9,0.5,0.3666666666666667
214,2,ORD-COMP,0,0,0,3,0,2,1,4,10,9,0.5,0.3666666666666667
215,2,ORD-COMP,0,0,0,3,0,2,1,4,10,9,0.5,0.3666666666666667
216,2,CARD,0,0,0,3,0,2,1,4,10,9,0.5,0.3666666666666667
217,2,CARD_COMP,0,0,0,3,0,2,1,4,10,9,0.5,0.3666666666666667
218,2,CLF_COMP,0,0,1,3,1,2,1,4,10,9,0.5,0.3666666666666667
219,2,CLF_UNION,0,0,1,3,1,2,1,4,10,9,0.5,0.3666666666666667
220,2,ORD-INTER,0,0,0,3,0,2,1,4,10,9,0.5,0.3666666666666667
221,2,ORD-UNION,0,0,0,3,0,2,1,4,10,9,0.5,0.3666666666666667
222,2,ORD-COMP,0,0,0,3,0,2,1,4,10,9,0.5,0.3666666666666667
223,2,ORD-COMP,0,0,0,3,0,2,1,4,10,9,0.5,0.3666666666666667
224,2,CARD,0,0,0,3,0,2,1,4,10,9,0.5,0.3666666666666667
225,2,CARD_COMP,0,0,0,3,0,2,1,4,10,9,0.5,0.3666666666666667
226,2,CLF_COMP,0,0,1,3,1,2,1,4,10,9,0.5,0.3666666666666667
227,2,CLF_UNION,0,0,1,3,1,2,1,4,10,9,0.5,0.3666666666666667
228,2,ORD-INTER,0,0,0,3,0,2,1,4,10,9,0.5,0.3666666666666667
229,2,ORD-UNION,0,0,0,3,0,2,1,4,10,9,0.5,0.3666666666666667
230,2,ORD-COMP,0,0,0,3,0,2,1,4,10,9,0.5,0.3666666666666667
231,2,ORD-COMP,0,0,0,3,0,2,1,4,10,9,0.5,0.3666666666666667
232,2,CARD,0,0,0,3,0,2,1,4,10,9,0.5,0.3666666666666667
233,2,CARD_COMP,0,0,0,3,0,2,1,4,10,9,0.5,0.3666666666666667
234,2,CLF_COMP,0,0,1,3,1,2,1,4,10,9,0.5,0.3666666666666667
235,2,CLF_UNION,0,0,1,3,1,2,1,4,10,9,0.5,0.3666666666666667
236,2,ORD-INTER,0,0,0,3,0,2,1,4,10,9,0.5,0.3666666666666667
237,2,ORD-UNION,0,0,0,3,0,2,1,4,10,9,0.5,0.3666666666666667
238,2,ORD-COMP,0,0,0,3,0,2,1,4,10,9,0.5,0.3666666666666667
239,2,ORD-COMP,0,0,0,3,0,2,1,4,10,9,0.5,0.3666666666666667
240,2,CARD,0,0,0,3,0,2,1,4,10,9,0.5,0.3666666666666667
241,2,CARD_COMP,0,0,0,3,0,2,1,4,10,9,0.5,0.3666666666666667
242,2,CLF_COMP,0,0,1,3,1,2,1,4,10,9,0.5,0.3666666666666667
243,2,CLF_UNION,0,0,1,3,1,2,1,4,10,9,0.5,0.3666666666666667
244,2,ORD-INTER,0,0,0,3,0,2,1,4,10,9,0.5,0.3666666666666667
245,2,ORD-UNION,0,0,0,3,0,2,1,4,10,9,0.5,0.3666666666666667
246,2,ORD-COMP,0,0,0,3,0,2,1,4,10,9,0.5,0.3666666666666667
247,2,ORD-COMP,0,0,0,3,0,2,1,4,10,9,0.5,0.3666666666666667
248,2,CARD,0,0,0,3,0,2,1,4,10,9,0.5,0.3666666666666667
249,2,CARD_COMP,0,0,0,3,0,2,1,4,10,9,0.5,0.3666666666666667
250,2,CLF_COMP,0,0,1,3,1,2,1,4,10,9,0.5,0.3666666666666667
251,2,CLF_UNION,0,0,1,3,1,2,1,4,10,9,0.5,0.3666666666666667
252,2,ORD-INTER,0,0,0,3,0,2,1,4,10,9,0.5,0.3666666666666667
253,2,ORD-UNION,0,0,0,3,0,2,1,4,10,9,0.5,0.3666666666666667
254,2,ORD-COMP,0,0,0,3,0,2,1,4,10,9,0.5,0.3666666666666667
255,2,ORD-COMP,0,0,0,3,0,2,1,4,10,9,0.5,0.3666666666666667
256,3,CARD,0,0,0,6,0,2,1,4,10,9,0.5,0.3666666666666667
257,3,CARD_COMP,0,0,0,6,0,2,1,4,10,9,0.5,0.3666666666666667
258,3,CLF_COMP,0,0,1,6,1,2,1,4,10,9,0.5,0.3666666666666667
259,3,CLF_UNION,0,0,1,6,1,2,1,4,10,9,0.5,0.3666666666666667
260,3,ORD-INTER,0,0,0,6,0,2,1,4,10,9,0.5,0.3666666666666667
261,3,ORD-UNION,0,0,0,6,0,2,1,4,10,9,0.5,0.3666666666666667
262,3,ORD-COMP,0,0,0,6,0,2,1,4,10,9,0.5,0.3666666666666667
263,3,ORD-COMP,0,0,0,6,0,2,1,4,10,9,0.5,0.3666666666666667
264,3,CARD,0,0,0,6,0,2,1,4,10,9,0.5,0.3666666666666667
265,3,CARD_COMP,0,0,0,6,0,2,1,4,10,9,0.5,0.3666666666666667
266,3,CLF_COMP,0,0,1,6,1,2,1,4,10,9,0.5,0.3666666666666667
267,3,CLF_UNION,0,0,1,6,1,2,1,4,10,9,0.5,0.3666666666666667
268,3,ORD-INTER,0,0,0,6,0,2,1,4,10,9,0.5,0.3666666666666667
269,3,ORD-UNION,0,0,0,6,0,2,1,4,10,9,0.5,0.3666666666666667
270,3,ORD-COMP,0,0,0,6,0,2,1,4,10,9,0.5,0.3666666666666667
271,3,ORD-COMP,0,0,0,6,0,2,1,4,10,9,0.5,0.3666666666666667
272,3,CARD,0,0,0,6,0,2,1,4,10,9,0.5,0.3666666666666667
273,3,CARD_COMP,0,0,0,6,0,2,1,4,10,9,0.5,0.3666666666666667
274,3,CLF_COMP,0,0,1,6,1,2,1,4,10,9,0.5,0.3666666666666667
275,3,CLF_UNION,0,0,1,6,1,2,1,4,10,9,0.5,0.3666666666666667
276,3,ORD-INTER,0,0,0,6,0,2,1,4,10,9,0.5,0.3666666666666667
277,3,ORD-UNION,0,0,0,6,0,2,1,4,10,9,0.5,0.3666666666666667
278,3,ORD-COMP,0,0,0,6,0,2,1,4,10,9,0.5,0.3666666666666667
279,3,ORD-COMP,0,0,0,6,0,2,1,4,10,9,0.5,0.3666666666666667
280,3,CARD,0,0,0,6,0,2,1,4,10,9,0.5,0.3666666666666667
281,3,CARD_COMP,0,0,0,6,0,2,1,4,10,9,0.5,0.3666666666666667
282,3,CLF_COMP,0,0,1,6,1,2,1,4,10,9,0.5,0.3666666666666667
283,3,CLF_UNION,0,0,1,6,1,2,1,4,10,9,0.5,0.3666666666666667
284,3,ORD-INTER,0,0,0,6,0,2,1,4,10,9,0.5,0.3666666666666667
285,3,ORD-UNION,0,0,0,6,0,2,1,4,10,9,0.5,0.3666666666666667
286,3,ORD-COMP,0,0,0,6,0,2,1,4,10,9,0.5,0.3666666666666667
287,3,ORD-COMP,0,0,0,6,0,2,1,4,10,9,0.5,0.3666666666666667
288,3,CARD,0,0,0,6,0,2,1,4,10,9,0.5,0.3666666666666667
289,3,CARD_COMP,0,0,0,6,0,2,1,4,10,9,0.5,0.3666666666666667
290,3,CLF_COMP,0,0,1,6,1,2,1,4,10,9,0.5,0.3666666666666667
291,3,CLF_UNION,0,0,1,6,1,2,1,4,10,9,0.5,0.3666666666666667
292,3,ORD-INTER,0,0,0,6,0,2,1,4,10,9,0.5,0.3666666666666667
293,3,ORD-UNION,0,0,0,6,0,2,1,4,10,9,0.5,0.3666666666666667
294,3,ORD-COMP,0,0,0,6,0,2,1,4,10,9,0.5,0.3666666666666667
295,3,ORD-COMP,0,0,0,6,0,2,1,4,10,9,0.5,0.3666666666666667
296,3,CARD,0,0,0,6,0,2,1,4,10,9,0.5,0.3666666666666667
297,3,CARD_COMP,0,0,0,6,0,2,1,4,10,9,0.5,0.3666666666666667
298,3,CLF_COMP,0,0,1,6,1,2,1,4,10,9,0.5,0.3666666666666667
299,3,CLF_UNION,0,0,1,6,1,2,1,4,10,9,0.5,0.3666666666666667
300,3,ORD-INTER,0,0,0,6,0,2,1,4,10,9,0.5,0.3666666666666667
301,3,ORD-UNION,0,0,0,6,0,2,1,4,10,9,0.5,0.3666666666666667
302,3,ORD-COMP,0,0,0,6,0,2,1,4,10,9,0.5,0.3666666666666667
303,3,ORD-COMP,0,0,0,6,0,2,1,4,10,9,0.5,0.3666666666666667
304,3,CARD,0,0,0,6,0,2,1,4,10,9,0.5,0.3666666666666667
305,3,CARD_COMP,0,0,0,6,0,2,1,4,10,9,0.5,0.3666666666666667
306,3,CLF_COMP,0,0,1,6,1,2,1,4,10,9,0.5,0.3666666666666667
307,3,CLF_UNION,0,0,1,6,1,2,1,4,10,9,0.5,0.3666666666666667
308,3,ORD-INTER,0,0,0,6,0,2,1,4,10,9,0.5,0.3666666666666667
309,3,ORD-UNION,0,0,0,6,0,2,1,4,10,9,0.5,0.3666666666666667
310,3,ORD-COMP,0,0,0,6,0,2,1,4,10,9,0.5,0.3666666666666667
311,3,ORD-COMP,0,0,0,6,0,2,1,4,10,9,0.5,0.3666666666666667
312,3,CARD,0,0,0,6,0,2,1,4,10,9,0.5,0.3666666666666667
313,3,CARD_COMP,0,0,0,6,0,2,1,4,10,9,0.5,0.3666666666666667
314,3,CLF_COMP,0,0,1,6,1,2,1,4,10,9,0.5,0.3666666666666667
315,3,CLF_UNION,0,0,1,6,1,2,1,4,10,9,0.5,0.3666666666666667
316,3,ORD-INTER,0,0,0,6,0,2,1,4,10,9,0.5,0.3666666666666667
317,3,ORD-UNION,0,0,0,6,0,2,1,4,10,9,0.5,0.3666666666666667
318,3,ORD-COMP,0,0,0,6,0,2,1,4,10,9,0.5,0.3666666666666667
319,3,ORD-COMP,0,0,0,6,0,2,1,4,10,9,0.5,0.3666666666666667
320,3,CARD,0,0,0,6,0,2,1,4,10,9,0.5,0.3666666666666667
321,3,CARD_COMP,0,0,0,6,0,2,1,4,10,9,0.5,0.3666666666666667
322,3,CLF_COMP,0,0,1,6,1,2,1,4,10,9,0.5,0.3666666666666667
323,3,CLF_UNION,0,0,1,6,1,2,1,4,10,9,0.5,0.3666666666666667
324,3,ORD-INTER,0,0,0,6,0,2,1,4,10,9,0.5,0.3666666666666667
325,3,ORD-UNION,0,0,0,6,0,2,1,4,10,9,0.5,0.3666666666666667
326,3,ORD-COMP,0,0,0,6,0,2,1,4,10,9,0.5,0.3666666666666667
327,3,ORD-COMP,0,0,0,6,0,2,1,4,10,9,0.5,0.3666666666666667
328,3,CARD,0,0,0,6,0,2,1,4,10,9,0.5,0.3666666666666667
329,3,CARD_COMP,0,0,0,6,0,2,1,4,10,9,0.5,0.3666666666666667
330,3,CLF_COMP,0,0,1,6,1,2,1,4,10,9,0.5,0.3666666666666667
331,3,CLF_UNION,0,0,1,6,1,2,1,4,10,9,0.5,0.3666666666666667
332,3,ORD-INTER,0,0,0,6,0,2,1,4,10,9,0.5,0.3666666666666667
333,3,ORD-UNION,0,0,0,6,0,2,1,4,10,9,0.5,0.3666666666666667
334,3,ORD-COMP,0,0,0,6,0,2,1,4,10,9,0.5,0.3666666666666667
335,3,ORD-COMP,0,0,0,6,0,2,1,4,10,9,0.5,0.3666666666666667
336,3,CARD,0,0,0,6,0,2,1,4,10,9,0.5,0.3666666666666667
337,3,CARD_COMP,0,0,0,6,0,2,1,4,10,9,0.5,0.3666666666666667
338,3,CLF_COMP,0,0,1,6,1,2,1,4,10,9,0.5,0.3666666666666667
339,3,CLF_UNION,0,0,1,6,1,2,1,4,10,9,0.5,0.3666666666666667
340,3,ORD-INTER,0,0,0,6,0,2,1,4,10,9,0.5,0.3666666666666667
341,3,ORD-UNION,0,0,0,6,0,2,1,4,10,9,0.5,0.3666666666666667
342,3,ORD-COMP,0,0,0,6,0,2,1,4,10,9,0.5,0.3666666666666667
343,3,ORD-COMP,0,0,0,6,0,2,1,4,10,9,0.5,0.3666666666666667
344,3,CARD,0,0,0,6,0,2,1,4,10,9,0.5,0.3666666666666667
345,3,CARD_COMP,0,0,0,6,0,2,1,4,10,9,0.5,0.3666666666666667
346,3,CLF_COMP,0,0,1,6,1,2,1,4,10,9,0.5,0.3666666666666667
347,3,CLF_UNION,0,0,1,6,1,2,1,4,10,9,0.5,0.3666666666666667
348,3,ORD-INTER,0,0,0,6,0,2,1,4,10,9,0.5,0.3666666666666667
349,3,ORD-UNION,0,0,0,6,0,2,1,4,10,9,0.5,0.3666666666666667
350,3,ORD-COMP,0,0,0,6,0,2,1,4,10,9,0.5,0.3666666666666667
351,3,ORD-COMP,0,0,0,6,0,2,1,4,10,9,0.5,0.3666666666666667
352,3,CARD,0,0,0,6,0,2,1,4,10,9,0.5,0.3666666666666667
353,3,CARD_COMP,0,0,0,6,0,2,1,4,10,9,0.5,0.3666666666666667
354,3,CLF_COMP,0,0,1,6,1,2,1,4,10,9,0.5,0.3666666666666667
355,3,CLF_UNION,0,0,1,6,1,2,1,4,10,9,0.5,0.3666666666666667
356,3,ORD-INTER,0,0,0,6,0,2,1,4,10,9,0.5,0.3666666666666667
357,3,ORD-UNION,0,0,0,6,0,2,1,4,10,9,0.5,0.3666666666666667
358,3,ORD-COMP,0,0,0,6,0,2,1,4,10,9,0.5,0.3666666666666667
359,3,ORD-COMP,0,0,0,6,0,2,1,4,10,9,0.5,0.3666666666666667
360,3,CARD,0,0,0,6,0,2,1,4,10,9,0.5,0.3666666666666667
361,3,CARD_COMP,0,0,0,6,0,2,1,4,10,9,0.5,0.3666666666666667
362,3,CLF_COMP,0,0,1,6,1,2,1,4,10,9,0.5,0.3666666666666667
363,3,CLF_UNION,0,0,1,6,1,2,1,4,10,9,0.5,0.3666666666666667
364,3,ORD-INTER,0,0,0,6,0,2,1,4,10,9,0.5,0.3666666666666667
365,3,ORD-UNION,0,0,0,6,0,2,1,4,10,9,0.5,0.3666666666666667
366,3,ORD-COMP,0,0,0,6,0,2,1,4,10,9,0.5,0.3666666666666667
367,3,ORD-COMP,0,0,0,6,0,2,1,4,10,9,0.5,0.3666666666666667
368,3,CARD,0,0,0,6,0,2,1,4,10,9,0.5,0.3666666666666667
369,3,CARD_COMP,0,0,0,6,0,2,1,4,10,9,0.5,0.3666666666666667
370,3,CLF_COMP,0,0,1,6,1,2,1,4,10,9,0.5,0.3666666666666667
371,3,CLF_UNION,0,0,1,6,1,2,1,4,10,9,0.5,0.3666666666666667
372,3,ORD-INTER,0,0,0,6,0,2,1,4,10,9,0.5,0.3666666666666667
373,3,ORD-UNION,0,0,0,6,0,2,1,4,10,9,0.5,0.3666666666666667
374,3,ORD-COMP,0,0,0,6,0,2,1,4,10,9,0.5,0.3666666666666667
375,3,ORD-COMP,0,0,0,6,0,2,1,4,10,9,0.5,0.3666666666666667
376,3,CARD,0,0,0,6,0,2,1,4,10,9,0.5,0.3666666666666667
377,3,CARD_COMP,0,0,0,6,0,2,1,4,10,9,0.5,0.3666666666666667
378,3,CLF_COMP,0,0,1,6,1,2,1,4,10,9,0.5,0.3666666666666667
379,3,CLF_UNION,0,0,1,6,1,2,1,4,10,9,0.5,0.3666666666666667
380,3,ORD-INTER,0,0,0,6,0,2,1,4,10,9,0.5,0.3666666666666667
381,3,ORD-UNION,0,0,0,6,0,2,1,4,10,9,0.5,0.3666666666666667
382,3,ORD-COMP,0,0,0,6,0,2,1,4,10,9,0.5,0.3666666666666667
383,3,ORD-COMP,0,0,0,6,0,2,1,4,10,9,0.5,0.3666666666666667
384,4,CARD,0,0,0,10,0,3,1,4,10,9,0.5,0.3666666666666667
385,4,CARD_COMP,0,0,0,10,0,3,1,4,10,9,0.5,0.3666666666666667
386,4,CLF_COMP,0,0,1,10,1,3,1,4,10,9,0.5,0.3666666666666667
387,4,CLF_UNION,0,0,1,10,1,3,1,4,10,9,0.5,0.3666666666666667
388,4,ORD-INTER,0,0,0,10,0,3,1,4,10,9,0.5,0.3666666666666667
389,4,ORD-UNION,0,0,0,10,0,3,1,4,10,9,0.5,0.3666666666666667
390,4,ORD-COMP,0,0,0,10,0,3,1,4,10,9,0.5,0.3666666666666667
391,4,ORD-COMP,0,0,0,10,0,3,1,4,10,9,0.5,0.3666666666666667
392,4,CARD,0,0,0,10,0,3,1,4,10,9,0.5,0.3666666666666667
393,4,CARD_COMP,0,0,0,10,0,3,1,4,10,9,0.5,0.3666666666666667
394,4,CLF_COMP,0,0,1,10,1,3,1,4,10,9,0.5,0.3666666666666667
395,4,CLF_UNION,0,0,1,10,1,3,1,4,10,9,0.5,0.3666666666666667
396,4,ORD-INTER,0,0,0,10,0,3,1,4,10,9,0.5,0.3666666666666667
397,4,ORD-UNION,0,0,0,10,0,3,1,4,10,9,0.5,0.3666666666666667
398,4,ORD-COMP,0,0,0,10,0,3,1,4,10,9,0.5,0.3666666666666667
399,4,ORD-COMP,0,0,0,10,0,3,1,4,10,9,0.5,0.3666666666666667
400,4,CARD,0,0,0,10,0,3,1,4,10,9,0.5,0.3666666666666667
401,4,CARD_COMP,0,0,0,10,0,3,1,4,10,9,0.5,0.3666666666666667
402,4,CLF_COMP,0,0,1,10,1,3,1,4,10,9,0.5,0.3666666666666667
403,4,CLF_UNION,0,0,1,10,1,3,1,4,10,9,0.5,0.3666666666666667
404,4,ORD-INTER,0,0,0,10,0,3,1,4,10,9,0.5,0.3666666666666667
405,4,ORD-UNION,0,0,0,10,0,3,1,4,10,9,0.5,0.3666666666666667
406,4,ORD-COMP,0,0,0,10,0,3,1,4,10,9,0.5,0.3666666666666667
407,4,ORD-COMP,0,0,0,10,0,3,1,4,10,9,0.5,0.3666666666666667
408,4,CARD,0,0,0,10,0,3,1,4,10,9,0.5,0.3666666666666667
409,4,CARD_COMP,0,0,0,10,0,3,1,4,10,9,0.5,0.3666666666666667
410,4,CLF_COMP,0,0,1,10,1,3,1,4,10,9,0.5,0.3666666666666667
411,4,CLF_UNION,0,0,1,10,1,3,1,4,10,9,0.5,0.3666666666666667
412,4,ORD-INTER,0,0,0,10,0,3,1,4,10,9,0.5,0.3666666666666667
413,4,ORD-UNION,0,0,0,10,0,3,1,4,10,9,0.5,0.3666666666666667
414,4,ORD-COMP,0,0,0,10,0,3,1,4,10,9,0.5,0.3666666666666667
415,4,ORD-COMP,0,0,0,10,0,3,1,4,10,9,0.5,0.3666666666666667
416,4,CARD,0,0,0,10,0,3,1,4,10,9,0.5,0.3666666666666667
417,4,CARD_COMP,0,0,0,10,0,3,1,4,10,9,0.5,0.3666666666666667
418,4,CLF_COMP,0,0,1,10,1,3,1,4,10,9,0.5,0.3666666666666667
419,4,CLF_UNION,0,0,1,10,1,3,1,4,10,9,0.5,0.3666666666666667
420,4,ORD-INTER,0,0,0,10,0,3,1,4,10,9,0.5,0.3666666666666667
421,4,ORD-UNION,0,0,0,10,0,3,1,4,10,9,0.5,0.3666666666666667
422,4,ORD-COMP,0,0,0,10,0,3,1,4,10,9,0.5,0.3666666666666667
423,4,ORD-COMP,0,0,0,10,0,3,1,4,10,9,0.5,0.3666666666666667
424,4,CARD,0,0,0,10,0,3,1,4,10,9,0.5,0.3666666666666667
425,4,CARD_COMP,0,0,0,10,0,3,1,4,10,9,0.5,0.3666666666666667
426,4,CLF_COMP,0,0,1,10,1,3,1,4,10,9,0.5,0.3666666666666667
427,4,CLF_UNION,0,0,1,10,1,3,1,4,10,9,0.5,0.3666666666666667
428,4,ORD-INTER,0,0,0,10,0,3,1,4,10,9,0.5,0.3666666666666667
429,4,ORD-UNION,0,0,0,10,0,3,1,4,10,9,0.5,0.3666666666666667
430,4,ORD-COMP,0,0,0,10,0,3,1,4,10,9,0.5,0.3666666666666667
431,4,ORD-COMP,0,0,0,10,0,3,1,4,10,9,0.5,0.3666666666666667
432,4,CARD,0,0,0,10,0,3,1,4,10,9,0.5,0.3666666666666667
433,4,CARD_COMP,0,0,0,10,0,3,1,4,10,9,0.5,0.3666666666666667
434,4,CLF_COMP,0,0,1,10,1,3,1,4,10,9,0.5,0.3666666666666667
435,4,CLF_UNION,0,0,1,10,1,3,1,4,10,9,0.5,0.3666666666666667
436,4,ORD-INTER,0,0,0,10,0,3,1,4,10,9,0.5,0.3666666666666667
437,4,ORD-UNION,0,0,0,10,0,3,1,4,10,9,0.5,0.3666666666666667
438,4,ORD-COMP,0,0,0,10,0,3,1,4,10,9,0.5,0.3666666666666667
439,4,ORD-COMP,0,0,0,10,0,3,1,4,10,9,0.5,0.3666666666666667
440,4,CARD,0,0,0,10,0,3,1,4,10,9,0.5,0.3666666666666667
441,4,CARD_COMP,0,0,0,10,0,3,1,4,10,9,0.5,0.3666666666666667
442,4,CLF_COMP,0,0,1,10,1,3,1,4,10,9,0.5,0.3666666666666667
443,4,CLF_UNION,0,0,1,10,1,3,1,4,10,9,0.5,0.3666666666666667
444,4,ORD-INTER,0,0,0,10,0,3,1,4,10,9,0.5,0.3666666666666667
445,4,ORD-UNION,0,0,0,10,0,3,1,4,10,9,0.5,0.3666666666666667
446,4,ORD-COMP,0,0,0,10,0,3,1,4,10,9,0.5,0.3666666666666667
447,4,ORD-COMP,0,0,0,10,0,3,1,4,10,9,0.5,0.3666666666666667
448,4,CARD,0,0,0,10,0,3,1,4,10,9,0.5,0.3666666666666667
449,4,CARD_COMP,0,0,0,10,0,3,1,4,10,9,0.5,0.3666666666666667
450,4,CLF_COMP,0,0,1,10,1,3,1,4,10,9,0.5,0.3666666666666667
451,4,CLF_UNION,0,0,1,10,1,3,1,4,10,9,0.5,0.3666666666666667
452,4,ORD-INTER,0,0,0,10,0,3,1,4,10,9,0.5,0.3666666666666667
453,4,ORD-UNION,0,0,0,10,0,3,1,4,10,9,0.5,0.3666666666666667
454,4,ORD-COMP,0,0,0,10,0,3,1,4,10,9,0.5,0.3666666666666667
455,4,ORD-COMP,0,0,0,10,0,3,1,4,10,9,0.5,0.3666666666666667
456,4,CARD,0,0,0,10,0,3,1,4,10,9,0.5,0.3666666666666667
457,4,CARD_COMP,0,0,0,10,0,3,1,4,10,9,0.5,0.3666666666666667
458,4,CLF_COMP,0,0,1,10,1,3,1,4,10,9,0.5,0.3666666666666667
459,4,CLF_UNION,0,0,1,10,1,3,1,4,10,9,0.5,0.3666666666666667
460,4,ORD-INTER,0,0,0,10,0,3,1,4,10,9,0.5,0.3666666666666667
461,4,ORD-UNION,0,0,0,10,0,3,1,4,10,9,0.5,0.3666666666666667
462,4,ORD-COMP,0,0,0,10,0,3,1,4,10,9,0.5,0.3666666666666667
463,4,ORD-COMP,0,0,0,10,0,3,1,4,10,9,0.5,0.3666666666666667
464,4,CARD,0,0,0,10,0,3,1,4,10,9,0.5,0.3666666666666667
465,4,CARD_COMP,0,0,0,10,0,3,1,4,10,9,0.5,0.3666666666666667
466,4,CLF_COMP,0,0,1,10,1,3,1,4,10,9,0.5,0.3666666666666667
467,4,CLF_UNION,0,0,1,10,1,3,1,4,10,9,0.5,0.3666666666666667
468,4,ORD-INTER,0,0,0,10,0,3,1,4,10,9,0.5,0.3666666666666667
469,4,ORD-UNION,0,0,0,10,0,3,1,4,10,9,0.5,0.3666666666666667
470,4,ORD-COMP,0,0,0,10,0,3,1,4,10,9,0.5,0.3666666666666667
471,4,ORD-COMP,0,0,0,10,0,3,1,4,10,9,0.5,0.3666666666666667
472,4,CARD,0,0,0,10,0,3,1,4,10,9,0.5,0.3666666666666667
473,4,CARD_COMP,0,0,0,10,0,3,1,4,10,9,0.5,0.3666666666666667
474,4,CLF_COMP,0,0,1,10,1,3,1,4,10,9,0.5,0.3666666666666667
475,4,CLF_UNION,0,0,1,10,1,3,1,4,10,9,0.5,0.3666666666666667
476,4,ORD-INTER,0,0,0,10,0,3,1,4,10,9,0.5,0.3666666666666667
477,4,ORD-UNION,0,0,0,10,0,3,1,4,10,9,0.5,0.3666666666666667
478,4,ORD-COMP,0,0,0,10,0,3,1,4,10,9,0.5,0.3666666666666667
479,4,ORD-COMP,0,0,0,10,0,3,1,4,10,9,0.5,0.3666666666666667
480,4,CARD,0,0,0,10,0,3,1,4,10,9,0.5,0.3666666666666667
481,4,CARD_COMP,0,0,0,10,0,3,1,4,10,9,0.5,0.3666666666666667
482,4,CLF_COMP,0,0,1,10,1,3,1,4,10,9,0.5,0.3666666666666667
483,4,CLF_UNION,0,0,1,10,1,3,1,4,10,9,0.5,0.3666666666666667
484,4,ORD-INTER,0,0,0,10,0,3,1,4,10,9,0.5,0.3666666666666667
485,4,ORD-UNION,0,0,0,10,0,3,1,4,10,9,0.5,0.3666666666666667
486,4,ORD-COMP,0,0,0,10,0,3,1,4,10,9,0.5,0.3666666666666667
487,4,ORD-COMP,0,0,0,10,0,3,1,4,10,9,0.5,0.3666666666666667
488,4,CARD,0,0,0,10,0,3,1,4,10,9,0.5,0.3666666666666667
489,4,CARD_COMP,0,0,0,10,0,3,1,4,10,9,0.5,0.3666666666666667
490,4,CLF_COMP,0,0,1,10,1,3,1,4,10,9,0.5,0.3666666666666667
491,4,CLF_UNION,0,0,1,10,1,3,1,4,10,9,0.5,0.3666666666666667
492,4,ORD-INTER,0,0,0,10,0,3,1,4,10,9,0.5,0.3666666666666667
493,4,ORD-UNION,0,0,0,10,0,3,1,4,10,9,0.5,0.3666666666666667
494,4,ORD-COMP,0,0,0,10,0,3,1,4,10,9,0.5,0.3666666666666667
495,4,ORD-COMP,0,0,0,10,0,3,1,4,10,9,0.5,0.3666666666666667
496,4,CARD,0,0,0,10,0,3,1,4,10,9,0.5,0.3666666666666667
497,4,CARD_COMP,0,0,0,10,0,3,1,4,10,9,0.5,0.3666666666666667
498,4,CLF_COMP,0,0,1,10,1,3,1,4,10,9,0.5,0.3666666666666667
499,4,CLF_UNION,0,0,1,10,1,3,1,4,10,9,0.5,0.3666666666666667
500,4,ORD-INTER,0,0,0,10,0,3,1,4,10,9,0.5,0.3666666666666667
501,4,ORD-UNION,0,0,0,10,0,3,1,4,10,9,0.5,0.3666666666666667
502,4,ORD-COMP,0,0,0,10,0,3,1,4,10,9,0.5,0.3666666666666667
503,4,ORD-COMP,0,0,0,10,0,3,1,4,10,9,0.5,0.3666666666666667
504,4,CARD,0,0,0,10,0,3,1,4,10,9,0.5,0.3666666666666667
505,4,CARD_COMP,0,0,0,10,0,3,1,4,10,9,0.5,0.3666666666666667
506,4,CLF_COMP,0,0,1,10,1,3,1,4,10,9,0.5,0.3666666666666667
507,4,CLF_UNION,0,0,1,10,1,3,1,4,10,9,0.5,0.3666666666666667
508,4,ORD-INTER,0,0,0,10,0,3,1,4,10,9,0.5,0.3666666666666667
509,4,ORD-UNION,0,0,0,10,0,3,1,4,10,9,0.5,0.3666666666666667
510,4,ORD-COMP,0,0,0,10,0,3,1,4,10,9,0.5,0.3666666666666667
511,4,ORD-COMP,0,0,0,10,0,3,1,4,10,9,0.5,0.3666666666666667
512,5,CARD,0,0,0,14,0,3,1,4,10,9,0.5,0.3666666666666667
513,5,CARD_COMP,0,0,0,14,0,3,1,4,10,9,0.5,0.3666666666666667
514,5,CLF_COMP,0,0,1,14,1,3,1,4,10,9,0.5,0.3666666666666667
515,5,CLF_UNION,0,0,1,14,1,3,1,4,10,9,0.5,0.3666666666666667
516,5,ORD-INTER,0,0,0,14,0,3,1,4,10,9,0.5,0.3666666666666667
517,5,ORD-UNION,0,0,0,14,0,3,1,4,10,9,0.5,0.3666666666666667
518,5,ORD-COMP,0,0,0,14,0,3,1,4,10,9,0.5,0.3666666666666667
519,5,ORD-COMP,0,0,0,14,0,3,1,4,10,9,0.5,0.3666666666666667
520,5,CARD,0,0,0,14,0,3,1,4,10,9,0.5,0.3666666666666667
521,5,CARD_COMP,0,0,0,14,0,3,1,4,10,9,0.5,0.3666666666666667
522,5,CLF_COMP,0,0,1,14,1,3,1,4,10,9,0.5,0.3666666666666667
523,5,CLF_UNION,0,0,1,14,1,3,1,4,10,9,0.5,0.3666666666666667
524,5,ORD-INTER,0,0,0,14,0,3,1,4,10,9,0.5,0.3666666666666667
525,5,ORD-UNION,0,0,0,14,0,3,1,4,10,9,0.5,0.3666666666666667
526,5,ORD-COMP,0,0,0,14,0,3,1,4,10,9,0.5,0.3666666666666667
527,5,ORD-COMP,0,0,0,14,0,3,1,4,10,9,0.5,0.3666666666666667
528,5,CARD,0,0,0,14,0,3,1,4,10,9,0.5,0.3666666666666667
529,5,CARD_COMP,0,0,0,14,0,3,1,4,10,9,0.5,0.3666666666666667
530,5,CLF_COMP,0,0,1,14,1,3,1,4,10,9,0.5,0.3666666666666667
531,5,CLF_UNION,0,0,1,14,1,3,1,4,10,9,0.5,0.3666666666666667
532,5,ORD-INTER,0,0,0,14,0,3,1,4,10,9,0.5,0.3666666666666667
533,5,ORD-UNION,0,0,0,14,0,3,1,4,10,9,0.5,0.3666666666666667
534,5,ORD-COMP,0,0,0,14,0,3,1,4,10,9,0.5,0.3666666666666667
535,5,ORD-COMP,0,0,0,14,0,3,1,4,10,9,0.5,0.3666666666666667
536,5,CARD,0,0,0,14,0,3,1,4,10,9,0.5,0.3666666666666667
537,5,CARD_COMP,0,0,0,14,0,3,1,4,10,9,0.5,0.3666666666666667
538,5,CLF_COMP,0,0,1,14,1,3,1,4,10,9,0.5,0.3666666666666667
539,5,CLF_UNION,0,0,1,14,1,3,1,4,10,9,0.5,0.3666666666666667
540,5,ORD-INTER,0,0,0,14,0,3,1,4,10,9,0.5,0.3666666666666667
541,5,ORD-UNION,0,0,0,14,0,3,1,4,10,9,0.5,0.3666666666666667
542,5,ORD-COMP,0,0,0,14,0,3,1,4,10,9,0.5,0.3666666666666667
543,5,ORD-COMP,0,0,0,14,0,3,1,4,10,9,0.5,0.3666666666666667
544,5,CARD,0,0,0,14,0,3,1,4,10,9,0.5,0.3666666666666667
545,5,CARD_COMP,0,0,0,14,0,3,1,4,10,9,0.5,0.3666666666666667
546,5,CLF_COMP,0,0,1,14,1,3,1,4,10,9,0.5,0.3666666666666667
547,5,CLF_UNION,0,0,1,14,1,3,1,4,10,9,0.5,0.3666666666666667
548,5,ORD-INTER,0,0,0,14,0,3,1,4,10,9,0.5,0.3666666666666667
549,5,ORD-UNION,0,0,0,14,0,3,1,4,10,9,0.5,0.3666666666666667
550,5,ORD-COMP,0,0,0,14,0,3,1,4,10,9,0.5,0.3666666666666667
551,5,ORD-COMP,0,0,0,14,0,3,1,4,10,9,0.5,0.3666666666666667
552,5,CARD,0,0,0,14,0,3,1,4,10,9,0.5,0.3666666666666667
553,5,CARD_COMP,0,0,0,14,0,3,1,4,10,9,0.5,0.3666666666666667
554,5,CLF_COMP,0,0,1,14,1,3,1,4,10,9,0.5,0.3666666666666667
555,5,CLF_UNION,0,0,1,14,1,3,1,4,10,9,0.5,0.3666666666666667
556,5,ORD-INTER,0,0,0,14,0,3,1,4,10,9,0.5,0.3666666666666667
557,5,ORD-UNION,0,0,0,14,0,3,1,4,10,9,0.5,0.3666666666666667
558,5,ORD-COMP,0,0,0,14,0,3,1,4,10,9,0.5,0.3666666666666667
559,5,ORD-COMP,0,0,0,14,0,3,1,4,10,9,0.5,0.3666666666666667
560,5,CARD,0,0,0,14,0,3,1,4,10,9,0.5,0.3666666666666667
561,5,CARD_COMP,0,0,0,14,0,3,1,4,10,9,0.5,0.3666666666666667
562,5,CLF_COMP,0,0,1,14,1,3,1,4,10,9,0.5,0.3666666666666667
563,5,CLF_UNION,0,0,1,14,1,3,1,4,10,9,0.5,0.3666666666666667
564,5,ORD-INTER,0,0,0,14,0,3,1,4,10,9,0.5,0.3666666666666667
565,5,ORD-UNION,0,0,0,14,0,3,1,4,10,9,0.5,0.3666666666666667
566,5,ORD-COMP,0,0,0,14,0,3,1,4,10,9,0.5,0.3666666666666667
567,5,ORD-COMP,0,0,0,14,0,3,1,4,10,9,0.5,0.3666666666666667
568,5,CARD,0,0,0,14,0,3,1,4,10,9,0.5,0.3666666666666667
569,5,CARD_COMP,0,0,0,14,0,3,1,4,10,9,0.5,0.3666666666666667
570,5,CLF_COMP,0,0,1,14,1,3,1,4,10,9,0.5,0.3666666666666667
571,5,CLF_UNION,0,0,1,14,1,3,1,4,10,9,0.5,0.3666666666666667
572,5,ORD-INTER,0,0,0,14,0,3,1,4,10,9,0.5,0.3666666666666667
573,5,ORD-UNION,0,0,0,14,0,3,1,4,10,9,0.5,0.3666666666666667
574,5,ORD-COMP,0,0,0,14,0,3,1,4,10,9,0.5,0.3666666666666667
575,5,ORD-COMP,0,0,0,14,0,3,1,4,10,9,0.5,0.3666666666666667
576,5,CARD,0,0,0,14,0,3,1,4,10,9,0.5,0.3666666666666667
577,5,CARD_COMP,0,0,0,14,0,3,1,4,10,9,0.5,0.3666666666666667
578,5,CLF_COMP,0,0,1,14,1,3,1,4,10,9,0.5,0.3666666666666667
579,5,CLF_UNION,0,0,1,14,1,3,1,4,10,9,0.5,0.3666666666666667
580,5,ORD-INTER,0,0,0,14,0,3,1,4,10,9,0.5,0.3666666666666667
581,5,ORD-UNION,0,0,0,14,0,3,1,4,10,9,0.5,0.3666666666666667
582,5,ORD-COMP,0,0,0,14,0,3,1,4,10,9,0.5,0.3666666666666667
583,5,ORD-COMP,0,0,0,14,0,3,1,4,10,9,0.5,0.3666666666666667
584,5,CARD,0,0,0,14,0,3,1,4,10,9,0.5,0.3666666666666667
585,5,CARD_COMP,0,0,0,14,0,3,1,4,10,9,0.5,0.3666666666666667
586,5,CLF_COMP,0,0,1,14,1,3,1,4,10,9,0.5,0.3666666666666667
587,5,CLF_UNION,0,0,1,14,1,3,1,4,10,9,0.5,0.3666666666666667
588,5,ORD-INTER,0,0,0,14,0,3,1,4,10,9,0.5,0.3666666666666667
589,5,ORD-UNION,0,0,0,14,0,3,1,4,10,9,0.5,0.3666666666666667
590,5,ORD-COMP,0,0,0,14,0,3,1,4,10,9,0.5,0.3666666666666667
591,5,ORD-COMP,0,0,0,14,0,3,1,4,10,9,0.5,0.3666666666666667
592,5,CARD,0,0,0,14,0,3,1,4,10,9,0.5,0.3666666666666667
593,5,CARD_COMP,0,0,0,14,0,3,1,4,10,9,0.5,0.3666666666666667
594,5,CLF_COMP,0,0,1,14,1,3,1,4,10,9,0.5,0.3666666666666667
595,5,CLF_UNION,0,0,1,14,1,3,1,4,10,9,0.5,0.3666666666666667
596,5,ORD-INTER,0,0,0,14,0,3,1,4,10,9,0.5,0.3666666666666667
597,5,ORD-UNION,0,0,0,14,0,3,1,4,10,9,0.5,0.3666666666666667
598,5,ORD-COMP,0,0,0,14,0,3,1,4,10,9,0.5,0.3666666666666667
599,5,ORD-COMP,0,0,0,14,0,3,1,4,10,9,0.5,0.3666666666666667
600,5,CARD,0,0,0,14,0,3,1,4,10,9,0.5,0.3666666666666667
601,5,CARD_COMP,0,0,0,14,0,3,1,4,10,9,0.5,0.3666666666666667
602,5,CLF_COMP,0,0,1,14,1,3,1,4,10,9,0.5,0.3666666666666667
603,5,CLF_UNION,0,0,1,14,1,3,1,4,10,9,0.5,0.3666666666666667
604,5,ORD-INTER,0,0,0,14,0,3,1,4,10,9,0.5,0.3666666666666667
605,5,ORD-UNION,0,0,0,14,0,3,1,4,10,9,0.5,0.3666666666666667
606,5,ORD-COMP,0,0,0,14,0,3,1,4,10,9,0.5,0.3666666666666667
607,5,ORD-COMP,0,0,0,14,0,3,1,4,10,9,0.5,0.3666666666666667
608,5,CARD,0,0,0,14,0,3,1,4,10,9,0.5,0.3666666666666667
609,5,CARD_COMP,0,0,0,14,0,3,1,4,10,9,0.5,0.3666666666666667
610,5,CLF_COMP,0,0,1,14,1,3,1,4,10,9,0.5,0.3666666666666667
611,5,CLF_UNION,0,0,1,14,1,3,1,4,10,9,0.5,0.3666666666666667
612,5,ORD-INTER,0,0,0,14,0,3,1,4,10,9,0.5,0.3666666666666667
613,5,ORD-UNION,0,0,0,14,0,3,1,4,10,9,0.5,0.3666666666666667
614,5,ORD-COMP,0,0,0,14,0,3,1,4,10,9,0.5,0.3666666666666667
615,5,ORD-COMP,0,0,0,14,0,3,1,4,10,9,0.5,0.3666666666666667
616,5,CARD,0,0,0,14,0,3,1,4,10,9,0.5,0.3666666666666667
617,5,CARD_COMP,0,0,0,14,0,3,1,4,10,9,0.5,0.3666666666666667
618,5,CLF_COMP,0,0,1,14,1,3,1,4,10,9,0.5,0.3666666666666667
619,5,CLF_UNION,0,0,1,14,1,3,1,4,10,9,0.5,0.3666666666666667
620,5,ORD-INTER,0,0,0,14,0,3,1,4,10,9,0.5,0.3666666666666667
621,5,ORD-UNION,0,0,0,14,0,3,1,4,10,9,0.5,0.3666666666666667
622,5,ORD-COMP,0,0,0,14,0,3,1,4,10,9,0.5,0.3666666666666667
623,5,ORD-COMP,0,0,0,14,0,3,1,4,10,9,0.5,0.3666666666666667
624,5,CARD,0,0,0,14,0,3,1,4,10,9,0.5,0.3666666666666667
625,5,CARD_COMP,0,0,0,14,0,3,1,4,10,9,0.5,0.3666666666666667
626,5,CLF_COMP,0,0,1,14,1,3,1,4,10,9,0.5,0.3666666666666667
627,5,CLF_UNION,0,0,1,14,1,3,1,4,10,9,0.5,0.3666666666666667
628,5,ORD-INTER,0,0,0,14,0,3,1,4,10,9,0.5,0.3666666666666667
629,5,ORD-UNION,0,0,0,14,0,3,1,4,10,9,0.5,0.3666666666666667
630,5,ORD-COMP,0,0,0,14,0,3,1,4,10,9,0.5,0.3666666666666667
631,5,ORD-COMP,0,0,0,14,0,3,1,4,10,9,0.5,0.3666666666666667
632,5,CARD,0,0,0,14,0,3,1,4,10,9,0.5,0.3666666666666667
633,5,CARD_COMP,0,0,0,14,0,3,1,4,10,9,0.5,0.3666666666666667
634,5,CLF_COMP,0,0,1,14,1,3,1,4,10,9,0.5,0.3666666666666667
635,5,CLF_UNION,0,0,1,14,1,3,1,4,10,9,0.5,0.3666666666666667
636,5,ORD-INTER,0,0,0,14,0,3,1,4,10,9,0.5,0.3666666666666667
637,5,ORD-UNION,0,0,0,14,0,3,1,4,10,9,0.5,0.3666666666666667
638,5,ORD-COMP,0,0,0,14,0,3,1,4,10,9,0.5,0.3666666666666667
639,5,ORD-COMP,0,0,0,14,0,3,1,4,10,9,0.5,0.3666666666666667
640,6,CARD,0,0,0,20,0,4,1,4,10,9,0.5,0.3666666666666667
641,6,CARD_COMP,0,0,0,20,0,4,1,4,10,9,0.5,0.3666666666666667
642,6,CLF_COMP,0,0,1,20,1,4,1,4,10,9,0.5,0.3666666666666667
643,6,CLF_UNION,0,0,1,20,1,4,1,4,10,9,0.5,0.3666666666666667
644,6,ORD-INTER,0,0,0,20,0,4,1,4,10,9,0.5,0.3666666666666667
645,6,ORD-UNION,0,0,0,20,0,4,1,4,10,9,0.5,0.3666666666666667
646,6,ORD-COMP,0,0,0,20,0,4,1,4,10,9,0.5,0.3666666666666667
647,6,ORD-COMP,0,0,0,20,0,4,1,4,10,9,0.5,0.3666666666666667
648,6,CARD,0,0,0,20,0,4,1,4,10,9,0.5,0.3666666666666667
649,6,CARD_COMP,0,0,0,20,0,4,1,4,10,9,0.5,0.3666666666666667
650,6,CLF_COMP,0,0,1,20,1,4,1,4,10,9,0.5,0.3666666666666667
651,6,CLF_UNION,0,0,1,20,1,4,1,4,10,9,0.5,0.3666666666666667
652,6,ORD-INTER,0,0,0,20,0,4,1,4,10,9,0.5,0.3666666666666667
653,6,ORD-UNION,0,0,0,20,0,4,1,4,10,9,0.5,0.3666666666666667
654,6,ORD-COMP,0,0,0,20,0,4,1,4,10,9,0.5,0.3666666666666667
655,6,ORD-COMP,0,0,0,20,0,4,1,4,10,9,0.5,0.3666666666666667
656,6,CARD,0,0,0,20,0,4,1,4,10,9,0.5,0.3666666666666667
657,6,CARD_COMP,0,0,0,20,0,4,1,4,10,9,0.5,0.3666666666666667
658,6,CLF_COMP,0,0,1,20,1,4,1,4,10,9,0.5,0.3666666666666667
659,6,CLF_UNION,0,0,1,20,1,4,1,4,10,9,0.5,0.3666666666666667
660,6,ORD-INTER,0,0,0,20,0,4,1,4,10,9,0.5,0.3666666666666667
661,6,ORD-UNION,0,0,0,20,0,4,1,4,10,9,0.5,0.3666666666666667
662,6,ORD-COMP,0,0,0,20,0,4,1,4,10,9,0.5,0.3666666666666667
663,6,ORD-COMP,0,0,0,20,0,4,1,4,10,9,0.5,0.3666666666666667
664,6,CARD,0,0,0,20,0,4,1,4,10,9,0.5,0.3666666666666667
665,6,CARD_COMP,0,0,0,20,0,4,1,4,10,9,0.5,0.3666666666666667
666,6,CLF_COMP,0,0,1,20,1,4,1,4,10,9,0.5,0.3666666666666667
667,6,CLF_UNION,0,0,1,20,1,4,1,4,10,9,0.5,0.3666666666666667
668,6,ORD-INTER,0,0,0,20,0,4,1,4,10,9,0.5,0.3666666666666667
669,6,ORD-UNION,0,0,0,20,0,4,1,4,10,9,0.5,0.3666666666666667
670,6,ORD-COMP,0,0,0,20,0,4,1,4,10,9,0.5,0.3666666666666667
671,6,ORD-COMP,0,0,0,20,0,4,1,4,10,9,0.5,0.3666666666666667
672,6,CARD,0,0,0,20,0,4,1,4,10,9,0.5,0.3666666666666667
673,6,CARD_COMP,0,0,0,20,0,4,1,4,10,9,0.5,0.3666666666666667
674,6,CLF_COMP,0,0,1,20,1,4,1,4,10,9,0.5,0.3666666666666667
675,6,CLF_UNION,0,0,1,20,1,4,1,4,10,9,0.5,0.3666666666666667
676,6,ORD-INTER,0,0,0,20,0,4,1,4,10,9,0.5,0.3666666666666667
677,6,ORD-UNION,0,0,0,20,0,4,1,4,10,9,0.5,0.3666666666666667
678,6,ORD-COMP,0,0,0,20,0,4,1,4,10,9,0.5,0.3666666666666667
679,6,ORD-COMP,0,0,0,20,0,4,1,4,10,9,0.5,0.3666666666666667
680,6,CARD,0,0,0,20,0,4,1,4,10,9,0.5,0.3666666666666667
681,6,CARD_COMP,0,0,0,20,0,4,1,4,10,9,0.5,0.3666666666666667
682,6,CLF_COMP,0,0,1,20,1,4,1,4,10,9,0.5,0.3666666666666667
683,6,CLF_UNION,0,0,1,20,1,4,1,4,10,9,0.5,0.3666666666666667
684,6,ORD-INTER,0,0,0,20,0,4,1,4,10,9,0.5,0.3666666666666667
685,6,ORD-UNION,0,0,0,20,0,4,1,4,10,9,0.5,0.3666666666666667
686,6,ORD-COMP,0,0,0,20,0,4,1,4,10,9,0.5,0.3666666666666667
687,6,ORD-COMP,0,0,0,20,0,4,1,4,10,9,0.5,0.3666666666666667
688,6,CARD,0,0,0,20,0,4,1,4,10,9,0.5,0.3666666666666667
689,6,CARD_COMP,0,0,0,20,0,4,1,4,10,9,0.5,0.3666666666666667
690,6,CLF_COMP,0,0,1,20,1,4,1,4,10,9,0.5,0.3666666666666667
691,6,CLF_UNION,0,0,1,20,1,4,1,4,10,9,0.5,0.3666666666666667
692,6,ORD-INTER,0,0,0,20,0,4,1,4,10,9,0.5,0.3666666666666667
693,6,ORD-UNION,0,0,0,20,0,4,1,4,10,9,0.5,0.3666666666666667
694,6,ORD-COMP,0,0,0,20,0,4,1,4,10,9,0.5,0.3666666666666667
695,6,ORD-COMP,0,0,0,20,0,4,1,4,10,9,0.5,0.3666666666666667
696,6,CARD,0,0,0,20,0,4,1,4,10,9,0.5,0.3666666666666667
697,6,CARD_COMP,0,0,0,20,0,4,1,4,10,9,0.5,0.3666666666666667
698,6,CLF_COMP,0,0,1,20,1,4,1,4,10,9,0.5,0.3666666666666667
699,6,CLF_UNION,0,0,1,20,1,4,1,4,10,9,0.5,0.3666666666666667
700,6,ORD-INTER,0,0,0,20,0,4,1,4,10,9,0.5,0.3666666666666667
701,6,ORD-UNION,0,0,0,20,0,4,1,4,10,9,0.5,0.3666666666666667
702,6,ORD-COMP,0,0,0,20,0,4,1,4,10,9,0.5,0.3666666666666667
703,6,ORD-COMP,0,0,0,20,0,4,1,4,10,9,0.5,0.3666666666666667
704,6,CARD,0,0,0,20,0,4,1,4,10,9,0.5,0.3666666666666667
705,6,CARD_COMP,0,0,0,20,0,4,1,4,10,9,0.5,0.3666666666666667
706,6,CLF_COMP,0,0,1,20,1,4,1,4,10,9,0.5,0.3666666666666667
707,6,CLF_UNION,0,0,1,20,1,4,1,4,10,9,0.5,0.3666666666666667
708,6,ORD-INTER,0,0,0,20,0,4,1,4,10,9,0.5,0.3666666666666667
709,6,ORD-UNION,0,0,0,20,0,4,1,4,10,9,0.5,0.3666666666666667
710,6,ORD-COMP,0,0,0,20,0,4,1,4,10,9,0.5,0.3666666666666667
711,6,ORD-COMP,0,0,0,20,0,4,1,4,10,9,0.5,0.3666666666666667
712,6,CARD,0,0,0,20,0,4,1,4,10,9,0.5,0.3666666666666667
713,6,CARD_COMP,0,0,0,20,0,4,1,4,10,9,0.5,0.3666666666666667
714,6,CLF_COMP,0,0,1,20,1,4,1,4,10,9,0.5,0.3666666666666667
715,6,CLF_UNION,0,0,1,20,1,4,1,4,10,9,0.5,0.3666666666666667
716,6,ORD-INTER,0,0,0,20,0,4,1,4,10,9,0.5,0.3666666666666667
717,6,ORD-UNION,0,0,0,20,0,4,1,4,10,9,0.5,0.3666666666666667
718,6,ORD-COMP,0,0,0,20,0,4,1,4,10,9,0.5,0.3666666666666667
719,6,ORD-COMP,0,0,0,20,0,4,1,4,10,9,0.5,0.3666666666666667
720,6,CARD,0,0,0,20,0,4,1,4,10,9,0.5,0.3666666666666667
721,6,CARD_COMP,0,0,0,20,0,4,1,4,10,9,0.5,0.3666666666666667
722,6,CLF_COMP,0,0,1,20,1,4,1,4,10,9,0.5,0.3666666666666667
723,6,CLF_UNION,0,0,1,20,1,4,1,4,10,9,0.5,0.3666666666666667
724,6,ORD-INTER,0,0,0,20,0,4,1,4,10,9,0.5,0.3666666666666667
725,6,ORD-UNION,0,0,0,20,0,4,1,4,10,9,0.5,0.3666666666666667
726,6,ORD-COMP,0,0,0,20,0,4,1,4,10,9,0.5,0.3666666666666667
727,6,ORD-COMP,0,0,0,20,0,4,1,4,10,9,0.5,0.3666666666666667
728,6,CARD,0,0,0,20,0,4,1,4,10,9,0.5,0.3666666666666667
729,6,CARD_COMP,0,0,0,20,0,4,1,4,10,9,0.5,0.3666666666666667
730,6,CLF_COMP,0,0,1,20,1,4,1,4,10,9,0.5,0.3666666666666667
731,6,CLF_UNION,0,0,1,20,1,4,1,4,10,9,0.5,0.3666666666666667
732,6,ORD-INTER,0,0,0,20,0,4,1,4,10,9,0.5,0.3666666666666667
733,6,ORD-UNION,0,0,0,20,0,4,1,4,10,9,0.5,0.3666666666666667
734,6,ORD-COMP,0,0,0,20,0,4,1,4,10,9,0.5,0.3666666666666667
735,6,ORD-COMP,0,0,0,20,0,4,1,4,10,9,0.5,0.3666666666666667
736,6,CARD,0,0,0,20,0,4,1,4,10,9,0.5,0.3666666666666667
737,6,CARD_COMP,0,0,0,20,0,4,1,4,10,9,0.5,0.3666666666666667
738,6,CLF_COMP,0,0,1,20,1,4,1,4,10,9,0.5,0.3666666666666667
739,6,CLF_UNION,0,0,1,20,1,4,1,4,10,9,0.5,0.3666666666666667
740,6,ORD-INTER,0,0,0,20,0,4,1,4,10,9,0.5,0.3666666666666667
741,6,ORD-UNION,0,0,0,20,0,4,1,4,10,9,0.5,0.3666666666666667
742,6,ORD-COMP,0,0,0,20,0,4,1,4,10,9,0.5,0.3666666666666667
743,6,ORD-COMP,0,0,0,20,0,4,1,4,10,9,0.5,0.3666666666666667
744,6,CARD,0,0,0,20,0,4,1,4,10,9,0.5,0.3666666666666667
745,6,CARD_COMP,0,0,0,20,0,4,1,4,10,9,0.5,0.3666666666666667
746,6,CLF_COMP,0,0,1,20,1,4,1,4,10,9,0.5,0.3666666666666667
747,6,CLF_UNION,0,0,1,20,1,4,1,4,10,9,0.5,0.3666666666666667
748,6,ORD-INTER,0,0,0,20,0,4,1,4,10,9,0.5,0.3666666666666667
749,6,ORD-UNION,0,0,0,20,0,4,1,4,10,9,0.5,0.3666666666666667
750,6,ORD-COMP,0,0,0,20,0,4,1,4,10,9,0.5,0.3666666666666667
751,6,ORD-COMP,0,0,0,20,0,4,1,4,10,9,0.5,0.3666666666666667
752,6,CARD,0,0,0,20,0,4,1,4,10,9,0.5,0.3666666666666667
753,6,CARD_COMP,0,0,0,20,0,4,1,4,10,9,0.5,0.3666666666666667
754,6,CLF_COMP,0,0,1,20,1,4,1,4,10,9,0.5,0.3666666666666667
755,6,CLF_UNION,0,0,1,20,1,4,1,4,10,9,0.5,0.3666666666666667
756,6,ORD-INTER,0,0,0,20,0,4,1,4,10,9,0.5,0.3666666666666667
757,6,ORD-UNION,0,0,0,20,0,4,1,4,10,9,0.5,0.3666666666666667
758,6,ORD-COMP,0,0,0,20,0,4,1,4,10,9,0.5,0.3666666666666667
759,6,ORD-COMP,0,0,0,20,0,4,1,4,10,9,0.5,0.3666666666666667
760,6,CARD,0,0,0,20,0,4,1,4,10,9,0.5,0.3666666666666667
761,6,CARD_COMP,0,0,0,20,0,4,1,4,10,9,0.5,0.3666666666666667
762,6,CLF_COMP,0,0,1,20,1,4,1,4,10,9,0.5,0.3666666666666667
763,6,CLF_UNION,0,0,1,20,1,4,1,4,10,9,0.5,0.3666666666666667
764,6,ORD-INTER,0,0,0,20,0,4,1,4,10,9,0.5,0.3666666666666667
765,6,ORD-UNION,0,0,0,20,0,4,1,4,10,9,0.5,0.3666666666666667
766,6,ORD-COMP,0,0,0,20,0,4,1,4,10,9,0.5,0.3666666666666667
767,6,ORD-COMP,0,0,0,20,0,4,1,4,10,9,0.5,0.3666666666666667
768,7,CARD,0,0,0,27,0,4,1,4,10,9,0.5,0.3666666666666667
769,7,CARD_COMP,0,0,0,27,0,4,1,4,10,9,0.5,0.3666666666666667
770,7,CLF_COMP,0,0,1,27,1,4,1,4,10,9,0.5,0.3666666666666667
771,7,CLF_UNION,0,0,1,27,1,4,1,4,10,9,0.5,0.3666666666666667
772,7,ORD-INTER,0,0,0,27,0,4,1,4,10,9,0.5,0.3666666666666667
773,7,ORD-UNION,0,0,0,27,0,4,1,4,10,9,0.5,0.3666666666666667
774,7,ORD-COMP,0,0,0,27,0,4,1,4,10,9,0.5,0.3666666666666667
775,7,ORD-COMP,0,0,0,27,0,4,1,4,10,9,0.5,0.3666666666666667
776,7,CARD,0,0,0,27,0,4,1,4,10,9,0.5,0.3666666666666667
777,7,CARD_COMP,0,0,0,27,0,4,1,4,10,9,0.5,0.3666666666666667
778,7,CLF_COMP,0,0,1,27,1,4,1,4,10,9,0.5,0.3666666666666667
779,7,CLF_UNION,0,0,1,27,1,4,1,4,10,9,0.5,0.3666666666666667
780,7,ORD-INTER,0,0,0,27,0,4,1,4,10,9,0.5,0.3666666666666667
781,7,ORD-UNION,0,0,0,27,0,4,1,4,10,9,0.5,0.3666666666666667
782,7,ORD-COMP,0,0,0,27,0,4,1,4,10,9,0.5,0.3666666666666667
783,7,ORD-COMP,0,0,0,27,0,4,1,4,10,9,0.5,0.3666666666666667
784,7,CARD,0,0,0,27,0,4,1,4,10,9,0.5,0.3666666666666667
785,7,CARD_COMP,0,0,0,27,0,4,1,4,10,9,0.5,0.3666666666666667
786,7,CLF_COMP,0,0,1,27,1,4,1,4,10,9,0.5,0.3666666666666667
787,7,CLF_UNION,0,0,1,27,1,4,1,4,10,9,0.5,0.3666666666666667
788,7,ORD-INTER,0,0,0,27,0,4,1,4,10,9,0.5,0.3666666666666667
789,7,ORD-UNION,0,0,0,27,0,4,1,4,10,9,0.5,0.3666666666666667
790,7,ORD-COMP,0,0,0,27,0,4,1,4,10,9,0.5,0.3666666666666667
791,7,ORD-COMP,0,0,0,27,0,4,1,4,10,9,0.5,0.3666666666666667
792,7,CARD,0,0,0,27,0,4,1,4,10,9,0.5,0.3666666666666667
793,7,CARD_COMP,0,0,0,27,0,4,1,4,10,9,0.5,0.3666666666666667
794,7,CLF_COMP,0,0,1,27,1,4,1,4,10,9,0.5,0.3666666666666667
795,7,CLF_UNION,0,0,1,27,1,4,1,4,10,9,0.5,0.3666666666666667
796,7,ORD-INTER,0,0,0,27,0,4,1,4,10,9,0.5,0.3666666666666667
797,7,ORD-UNION,0,0,0,27,0,4,1,4,10,9,0.5,0.3666666666666667
798,7,ORD-COMP,0,0,0,27,0,4,1,4,10,9,0.5,0.3666666666666667
799,7,ORD-COMP,0,0,0,27,0,4,1,4,10,9,0.5,0.3666666666666667
800,7,CARD,0,0,0,27,0,4,1,4,10,9,0.5,0.3666666666666667
801,7,CARD_COMP,0,0,0,27,0,4,1,4,10,9,0.5,0.3666666666666667
802,7,CLF_COMP,0,0,1,27,1,4,1,4,10,9,0.5,0.3666666666666667
803,7,CLF_UNION,0,0,1,27,1,4,1,4,10,9,0.5,0.3666666666666667
804,7,ORD-INTER,0,0,0,27,0,4,1,4,10,9,0.5,0.3666666666666667
805,7,ORD-UNION,0,0,0,27,0,4,1,4,10,9,0.5,0.3666666666666667
806,7,ORD-COMP,0,0,0,27,0,4,1,4,10,9,0.5,0.3666666666666667
807,7,ORD-COMP,0,0,0,27,0,4,1,4,10,9,0.5,0.3666666666666667
808,7,CARD,0,0,0,27,0,4,1,4,10,9,0.5,0.3666666666666667
809,7,CARD_COMP,0,0,0,27,0,4,1,4,10,9,0.5,0.3666666666666667
810,7,CLF_COMP,0,0,1,27,1,4,1,4,10,9,0.5,0.3666666666666667
811,7,CLF_UNION,0,0,1,27,1,4,1,4,10,9,0.5,0.3666666666666667
812,7,ORD-INTER,0,0,0,27,0,4,1,4,10,9,0.5,0.3666666666666667
813,7,ORD-UNION,0,0,0,27,0,4,1,4,10,9,0.5,0.3666666666666667
814,7,ORD-COMP,0,0,0,27,0,4,1,4,10,9,0.5,0.3666666666666667
815,7,ORD-COMP,0,0,0,27,0,4,1,4,10,9,0.5,0.3666666666666667
816,7,CARD,0,0,0,27,0,4,1,4,10,9,0.5,0.3666666666666667
817,7,CARD_COMP,0,0,0,27,0,4,1,4,10,9,0.5,0.3666666666666667
818,7,CLF_COMP,0,0,1,27,1,4,1,4,10,9,0.5,0.3666666666666667
819,7,CLF_UNION,0,0,1,27,1,4,1,4,10,9,0.5,0.3666666666666667
820,7,ORD-INTER,0,0,0,27,0,4,1,4,10,9,0.5,0.3666666666666667
821,7,ORD-UNION,0,0,0,27,0,4,1,4,10,9,0.5,0.3666666666666667
822,7,ORD-COMP,0,0,0,27,0,4,1,4,10,9,0.5,0.3666666666666667
823,7,ORD-COMP,0,0,0,27,0,4,1,4,10,9,0.5,0.3666666666666667
824,7,CARD,0,0,0,27,0,4,1,4,10,9,0.5,0.3666666666666667
825,7,CARD_COMP,0,0,0,27,0,4,1,4,10,9,0.5,0.3666666666666667
826,7,CLF_COMP,0,0,1,27,1,4,1,4,10,9,0.5,0.3666666666666667
827,7,CLF_UNION,0,0,1,27,1,4,1,4,10,9,0.5,0.3666666666666667
828,7,ORD-INTER,0,0,0,27,0,4,1,4,10,9,0.5,0.3666666666666667
829,7,ORD-UNION,0,0,0,27,0,4,1,4,10,9,0.5,0.3666666666666667
830,7,ORD-COMP,0,0,0,27,0,4,1,4,10,9,0.5,0.3666666666666667
831,7,ORD-COMP,0,0,0,27,0,4,1,4,10,9,0.5,0.3666666666666667
832,7,CARD,0,0,0,27,0,4,1,4,10,9,0.5,0.3666666666666667
833,7,CARD_COMP,0,0,0,27,0,4,1,4,10,9,0.5,0.3666666666666667
834,7,CLF_COMP,0,0,1,27,1,4,1,4,10,9,0.5,0.3666666666666667
835,7,CLF_UNION,0,0,1,27,1,4,1,4,10,9,0.5,0.3666666666666667
836,7,ORD-INTER,0,0,0,27,0,4,1,4,10,9,0.5,0.3666666666666667
837,7,ORD-UNION,0,0,0,27,0,4,1,4,10,9,0.5,0.3666666666666667
838,7,ORD-COMP,0,0,0,27,0,4,1,4,10,9,0.5,0.3666666666666667
839,7,ORD-COMP,0,0,0,27,0,4,1,4,10,9,0.5,0.3666666666666667
840,7,CARD,0,0,0,27,0,4,1,4,10,9,0.5,0.3666666666666667
841,7,CARD_COMP,0,0,0,27,0,4,1,4,10,9,0.5,0.3666666666666667
842,7,CLF_COMP,0,0,1,27,1,4,1,4,10,9,0.5,0.3666666666666667
843,7,CLF_UNION,0,0,1,27,1,4,1,4,10,9,0.5,0.3666666666666667
844,7,ORD-INTER,0,0,0,27,0,4,1,4,10,9,0.5,0.3666666666666667
845,7,ORD-UNION,0,0,0,27,0,4,1,4,10,9,0.5,0.3666666666666667
846,7,ORD-COMP,0,0,0,27,0,4,1,4,10,9,0.5,0.3666666666666667
847,7,ORD-COMP,0,0,0,27,0,4,1,4,10,9,0.5,0.3666666666666667
848,7,CARD,0,0,0,27,0,4,1,4,10,9,0.5,0.3666666666666667
849,7,CARD_COMP,0,0,0,27,0,4,1,4,10,9,0.5,0.3666666666666667
850,7,CLF_COMP,0,0,1,27,1,4,1,4,10,9,0.5,0.3666666666666667
851,7,CLF_UNION,0,0,1,27,1,4,1,4,10,9,0.5,0.3666666666666667
852,7,ORD-INTER,0,0,0,27,0,4,1,4,10,9,0.5,0.3666666666666667
853,7,ORD-UNION,0,0,0,27,0,4,1,4,10,9,0.5,0.3666666666666667
854,7,ORD-COMP,0,0,0,27,0,4,1,4,10,9,0.5,0.3666666666666667
855,7,ORD-COMP,0,0,0,27,0,4,1,4,10,9,0.5,0.3666666666666667
856,7,CARD,0,0,0,27,0,4,1,4,10,9,0.5,0.3666666666666667
857,7,CARD_COMP,0,0,0,27,0,4,1,4,10,9,0.5,0.3666666666666667
858,7,CLF_COMP,0,0,1,27,1,4,1,4,10,9,0.5,0.3666666666666667
859,7,CLF_UNION,0,0,1,27,1,4,1,4,10,9,0.5,0.3666666666666667
860,7,ORD-INTER,0,0,0,27,0,4,1,4,10,9,0.5,0.3666666666666667
861,7,ORD-UNION,0,0,0,27,0,4,1,4,10,9,0.5,0.3666666666666667
862,7,ORD-COMP,0,0,0,27,0,4,1,4,10,9,0.5,0.3666666666666667
863,7,ORD-COMP,0,0,0,27,0,4,1,4,10,9,0.5,0.3666666666666667
864,7,CARD,0,0,0,27,0,4,1,4,10,9,0.5,0.3666666666666667
865,7,CARD_COMP,0,0,0,27,0,4,1,4,10,9,0.5,0.3666666666666667
866,7,CLF_COMP,0,0,1,27,1,4,1,4,10,9,0.5,0.3666666666666667
867,7,CLF_UNION,0,0,1,27,1,4,1,4,10,9,0.5,0.3666666666666667
868,7,ORD-INTER,0,0,0,27,0,4,1,4,10,9,0.5,0.3666666666666667
869,7,ORD-UNION,0,0,0,27,0,4,1,4,10,9,0.5,0.3666666666666667
870,7,ORD-COMP,0,0,0,27,0,4,1,4,10,9,0.5,0.3666666666666667
871,7,ORD-COMP,0,0,0,27,0,4,1,4,10,9,0.5,0.3666666666666667
872,7,CARD,0,0,0,27,0,4,1,4,10,9,0.5,0.3666666666666667
873,7,CARD_COMP,0,0,0,27,0,4,1,4,10,9,0.5,0.3666666666666667
874,7,CLF_COMP,0,0,1,27,1,4,1,4,10,9,0.5,0.3666666666666667
875,7,CLF_UNION,0,0,1,27,1,4,1,4,10,9,0.5,0.3666666666666667
876,7,ORD-INTER,0,0,0,27,0,4,1,4,10,9,0.5,0.3666666666666667
877,7,ORD-UNION,0,0,0,27,0,4,1,4,10,9,0.5,0.3666666666666667
878,7,ORD-COMP,0,0,0,27,0,4,1,4,10,9,0.5,0.3666666666666667
879,7,ORD-COMP,0,0,0,27,0,4,1,4,10,9,0.5,0.3666666666666667
880,7,CARD,0,0,0,27,0,4,1,4,10,9,0.5,0.3666666666666667
881,7,CARD_COMP,0,0,0,27,0,4,1,4,10,9,0.5,0.3666666666666667
882,7,CLF_COMP,0,0,1,27,1,4,1,4,10,9,0.5,0.3666666666666667
883,7,CLF_UNION,0,0,1,27,1,4,1,4,10,9,0.5,0.3666666666666667
884,7,ORD-INTER,0,0,0,27,0,4,1,4,10,9,0.5,0.3666666666666667
885,7,ORD-UNION,0,0,0,27,0,4,1,4,10,9,0.5,0.3666666666666667
886,7,ORD-COMP,0,0,0,27,0,4,1,4,10,9,0.5,0.3666666666666667
887,7,ORD-COMP,0,0,0,27,0,4,1,4,10,9,0.5,0.3666666666666667
888,7,CARD,0,0,0,27,0,4,1,4,10,9,0.5,0.3666666666666667
889,7,CARD_COMP,0,0,0,27,0,4,1,4,10,9,0.5,0.3666666666666667
890,7,CLF_COMP,0,0,1,27,1,4,1,4,10,9,0.5,0.3666666666666667
891,7,CLF_UNION,0,0,1,27,1,4,1,4,10,9,0.5,0.3666666666666667
892,7,ORD-INTER,0,0,0,27,0,4,1,4,10,9,0.5,0.3666666666666667
893,7,ORD-UNION,0,0,0,27,0,4,1,4,10,9,0.5,0.3666666666666667
894,7,ORD-COMP,0,0,0,27,0,4,1,4,10,9,0.5,0.3666666666666667
895,7,ORD-COMP,0,0,0,27,0,4,1,4,10,9,0.5,0.3666666666666667
896,8,CARD,0,0,0,34,0,4,1,4,10,9,0.5,0.3666666666666667
897,8,CARD_COMP,0,0,0,34,0,4,1,4,10,9,0.5,0.3666666666666667
898,8,CLF_COMP,0,0,1,34,1,4,1,4,10,9,0.5,0.3666666666666667
899,8,CLF_UNION,0,0,1,34,1,4,1,4,10,9,0.5,0.3666666666666667
900,8,ORD-INTER,0,0,0,34,0,4,1,4,10,9,0.5,0.3666666666666667
901,8,ORD-UNION,0,0,0,34,0,4,1,4,10,9,0.5,0.3666666666666667
902,8,ORD-COMP,0,0,0,34,0,4,1,4,10,9,0.5,0.3666666666666667
903,8,ORD-COMP,0,0,0,34,0,4,1,4,10,9,0.5,0.3666666666666667
904,8,CARD,0,0,0,34,0,4,1,4,10,9,0.5,0.3666666666666667
905,8,CARD_COMP,0,0,0,34,0,4,1,4,10,9,0.5,0.3666666666666667
906,8,CLF_COMP,0,0,1,34,1,4,1,4,10,9,0.5,0.3666666666666667
907,8,CLF_UNION,0,0,1,34,1,4,1,4,10,9,0.5,0.3666666666666667
908,8,ORD-INTER,0,0,0,34,0,4,1,4,10,9,0.5,0.3666666666666667
909,8,ORD-UNION,0,0,0,34,0,4,1,4,10,9,0.5,0.3666666666666667
910,8,ORD-COMP,0,0,0,34,0,4,1,4,10,9,0.5,0.3666666666666667
911,8,ORD-COMP,0,0,0,34,0,4,1,4,10,9,0.5,0.3666666666666667
912,8,CARD,0,0,0,34,0,4,1,4,10,9,0.5,0.3666666666666667
913,8,CARD_COMP,0,0,0,34,0,4,1,4,10,9,0.5,0.3666666666666667
914,8,CLF_COMP,0,0,1,34,1,4,1,4,10,9,0.5,0.3666666666666667
915,8,CLF_UNION,0,0,1,34,1,4,1,4,10,9,0.5,0.3666666666666667
916,8,ORD-INTER,0,0,0,34,0,4,1,4,10,9,0.5,0.3666666666666667
917,8,ORD-UNION,0,0,0,34,0,4,1,4,10,9,0.5,0.3666666666666667
918,8,ORD-COMP,0,0,0,34,0,4,1,4,10,9,0.5,0.3666666666666667
919,8,ORD-COMP,0,0,0,34,0,4,1,4,10,9,0.5,0.3666666666666667
920,8,CARD,0,0,0,34,0,4,1,4,10,9,0.5,0.3666666666666667
921,8,CARD_COMP,0,0,0,34,0,4,1,4,10,9,0.5,0.3666666666666667
922,8,CLF_COMP,0,0,1,34,1,4,1,4,10,9,0.5,0.3666666666666667
923,8,CLF_UNION,0,0,1,34,1,4,1,4,10,9,0.5,0.3666666666666667
924,8,ORD-INTER,0,0,0,34,0,4,1,4,10,9,0.5,0.3666666666666667
925,8,ORD-UNION,0,0,0,34,0,4,1,4,10,9,0.5,0.3666666666666667
926,8,ORD-COMP,0,0,0,34,0,4,1,4,10,9,0.5,0.3666666666666667
927,8,ORD-COMP,0,0,0,34,0,4,1,4,10,9,0.5,0.3666666666666667
928,8,CARD,0,0,0,34,0,4,1,4,10,9,0.5,0.3666666666666667
929,8,CARD_COMP,0,0,0,34,0,4,1,4,10,9,0.5,0.3666666666666667
930,8,CLF_COMP,0,0,1,34,1,4,1,4,10,9,0.5,0.3666666666666667
931,8,CLF_UNION,0,0,1,34,1,4,1,4,10,9,0.5,0.3666666666666667
932,8,ORD-INTER,0,0,0,34,0,4,1,4,10,9,0.5,0.3666666666666667
933,8,ORD-UNION,0,0,0,34,0,4,1,4,10,9,0.5,0.3666666666666667
934,8,ORD-COMP,0,0,0,34,0,4,1,4,10,9,0.5,0.3666666666666667
935,8,ORD-COMP,0,0,0,34,0,4,1,4,10,9,0.5,0.3666666666666667
936,8,CARD,0,0,0,34,0,4,1,4,10,9,0.5,0.3666666666666667
937,8,CARD_COMP,0,0,0,34,0,4,1,4,10,9,0.5,0.3666666666666667
938,8,CLF_COMP,0,0,1,34,1,4,1,4,10,9,0.5,0.3666666666666667
939,8,CLF_UNION,0,0,1,34,1,4,1,4,10,9,0.5,0.3666666666666667
940,8,ORD-INTER,0,0,0,34,0,4,1,4,10,9,0.5,0.3666666666666667
941,8,ORD-UNION,0,0,0,34,0,4,1,4,10,9,0.5,0.3666666666666667
942,8,ORD-COMP,0,0,0,34,0,4,1,4,10,9,0.5,0.3666666666666667
943,8,ORD-COMP,0,0,0,34,0,4,1,4,10,9,0.5,0.3666666666666667
944,8,CARD,0,0,0,34,0,4,1,4,10,9,0.5,0.3666666666666667
945,8,CARD_COMP,0,0,0,34,0,4,1,4,10,9,0.5,0.3666666666666667
946,8,CLF_COMP,0,0,1,34,1,4,1,4,10,9,0.5,0.3666666666666667
947,8,CLF_UNION,0,0,1,34,1,4,1,4,10,9,0.5,0.3666666666666667
948,8,ORD-INTER,0,0,0,34,0,4,1,4,10,9,0.5,0.3666666666666667
949,8,ORD-UNION,0,0,0,34,0,4,1,4,10,9,0.5,0.3666666666666667
950,8,ORD-COMP,0,0,0,34,0,4,1,4,10,9,0.5,0.3666666666666667
951,8,ORD-COMP,0,0,0,34,0,4,1,4,10,9,0.5,0.3666666666666667
952,8,CARD,0,0,0,34,0,4,1,4,10,9,0.5,0.3666666666666667
953,8,CARD_COMP,0,0,0,34,0,4,1,4,10,9,0.5,0.3666666666666667
954,8,CLF_COMP,0,0,1,34,1,4,1,4,10,9,0.5,0.3666666666666667
955,8,CLF_UNION,0,0,1,34,1,4,1,4,10,9,0.5,0.3666666666666667
956,8,ORD-INTER,0,0,0,34,0,4,1,4,10,9,0.5,0.3666666666666667
957,8,ORD-UNION,0,0,0,34,0,4,1,4,10,9,0.5,0.3666666666666667
958,8,ORD-COMP,0,0,0,34,0,4,1,4,10,9,0.5,0.3666666666666667
959,8,ORD-COMP,0,0,0,34,0,4,1,4,10,9,0.5,0.3666666666666667
960,8,CARD,0,0,0,34,0,4,1,4,10,9,0.5,0.3666666666666667
961,8,CARD_COMP,0,0,0,34,0,4,1,4,10,9,0.5,0.3666666666666667
962,8,CLF_COMP,0,0,1,34,1,4,1,4,10,9,0.5,0.3666666666666667
963,8,CLF_UNION,0,0,1,34,1,4,1,4,10,9,0.5,0.3666666666666667
964,8,ORD-INTER,0,0,0,34,0,4,1,4,10,9,0.5,0.3666666666666667
965,8,ORD-UNION,0,0,0,34,0,4,1,4,10,9,0.5,0.3666666666666667
966,8,ORD-COMP,0,0,0,34,0,4,1,4,10,9,0.5,0.3666666666666667
967,8,ORD-COMP,0,0,0,34,0,4,1,4,10,9,0.5,0.3666666666666667
968,8,CARD,0,0,0,34,0,4,1,4,10,9,0.5,0.3666666666666667
969,8,CARD_COMP,0,0,0,34,0,4,1,4,10,9,0.5,0.3666666666666667
970,8,CLF_COMP,0,0,1,34,1,4,1,4,10,9,0.5,0.3666666666666667
971,8,CLF_UNION,0,0,1,34,1,4,1,4,10,9,0.5,0.3666666666666667
972,8,ORD-INTER,0,0,0,34,0,4,1,4,10,9,0.5,0.3666666666666667
973,8,ORD-UNION,0,0,0,34,0,4,1,4,10,9,0.5,0.3666666666666667
974,8,ORD-COMP,0,0,0,34,0,4,1,4,10,9,0.5,0.3666666666666667
975,8,ORD-COMP,0,0,0,34,0,4,1,4,10,9,0.5,0.3666666666666667
976,8,CARD,0,0,0,34,0,4,1,4,10,9,0.5,0.3666666666666667
977,8,CARD_COMP,0,0,0,34,0,4,1,4,10,9,0.5,0.3666666666666667
978,8,CLF_COMP,0,0,1,34,1,4,1,4,10,9,0.5,0.3666666666666667
979,8,CLF_UNION,0,0,1,34,1,4,1,4,10,9,0.5,0.3666666666666667
980,8,ORD-INTER,0,0,0,34,0,4,1,4,10,9,0.5,0.3666666666666667
981,8,ORD-UNION,0,0,0,34,0,4,1,4,10,9,0.5,0.3666666666666667
982,8,ORD-COMP,0,0,0,34,0,4,1,4,10,9,0.5,0.3666666666666667
983,8,ORD-COMP,0,0,0,34,0,4,1,4,10,9,0.5,0.3666666666666667
984,8,CARD,0,0,0,34,0,4,1,4,10,9,0.5,0.3666666666666667
985,8,CARD_COMP,0,0,0,34,0,4,1,4,10,9,0.5,0.3666666666666667
986,8,CLF_COMP,0,0,1,34,1,4,1,4,10,9,0.5,0.3666666666666667
987,8,CLF_UNION,0,0,1,34,1,4,1,4,10,9,0.5,0.3666666666666667
988,8,ORD-INTER,0,0,0,34,0,4,1,4,10,9,0.5,0.3666666666666667
989,8,ORD-UNION,0,0,0,34,0,4,1,4,10,9,0.5,0.3666666666666667
990,8,ORD-COMP,0,0,0,34,0,4,1,4,10,9,0.5,0.3666666666666667
991,8,ORD-COMP,0,0,0,34,0,4,1,4,10,9,0.5,0.3666666666666667
992,8,CARD,0,0,0,34,0,4,1,4,10,9,0.5,0.3666666666666667
993,8,CARD_COMP,0,0,0,34,0,4,1,4,10,9,0.5,0.3666666666666667
994,8,CLF_COMP,0,0,1,34,1,4,1,4,10,9,0.5,0.3666666666666667
995,8,CLF_UNION,0,0,1,34,1,4,1,4,10,9,0.5,0.3666666666666667
996,8,ORD-INTER,0,0,0,34,0,4,1,4,10,9,0.5,0.3666666666666667
997,8,ORD-UNION,0,0,0,34,0,4,1,4,10,9,0.5,0.3666666666666667
998,8,ORD-COMP,0,0,0,34,0,4,1,4,10,9,0.5,0.3666666666666667
999,8,ORD-COMP,0,0,0,34,0,4,1,4,10,9,0.5,0.3666666666666667
1000,8,CARD,0,0,0,34,0,4,1,4,10,9,0.5,0.3666666666666667
1001,8,CARD_COMP,0,0,0,34,0,4,1,4,10,9,0.5,0.3666666666666667
1002,8,CLF_COMP,0,0,1,34,1,4,1,4,10,9,0.5,0.3666666666666667
1003,8,CLF_UNION,0,0,1,34,1,4,1,4,10,9,0.5,0.3666666666666667
1004,8,ORD-INTER,0,0,0,34,0,4,1,4,10,9,0.5,0.3666666666666667
1005,8,ORD-UNION,0,0,0,34,0,4,1,4,10,9,0.5,0.3666666666666667
1006,8,ORD-COMP,0,0,0,34,0,4,1,4,10,9,0.5,0.3666666666666667
1007,8,ORD-COMP,0,0,0,34,0,4,1,4,10,9,0.5,0.3666666666666667
1008,8,CARD,0,0,0,34,0,4,1,4,10,9,0.5,0.3666666666666667
1009,8,CARD_COMP,0,0,0,34,0,4,1,4,10,9,0.5,0.3666666666666667
1010,8,CLF_COMP,0,0,1,34,1,4,1,4,10,9,0.5,0.3666666666666667
1011,8,CLF_UNION,0,0,1,34,1,4,1,4,10,9,0.5,0.3666666666666667
1012,8,ORD-INTER,0,0,0,34,0,4,1,4,10,9,0.5,0.3666666666666667
1013,8,ORD-UNION,0,0,0,34,0,4,1,4,10,9,0.5,0.3666666666666667
1014,8,ORD-COMP,0,0,0,34,0,4,1,4,10,9,0.5,0.3666666666666667
1015,8,ORD-COMP,0,0,0,34,0,4,1,4,10,9,0.5,0.3666666666666667
1016,8,CARD,0,0,0,34,0,4,1,4,10,9,0.5,0.3666666666666667
1017,8,CARD_COMP,0,0,0,34,0,4,1,4,10,9,0.5,0.3666666666666667
1018,8,CLF_COMP,0,0,1,34,1,4,1,4,10,9,0.5,0.3666666666666667
1019,8,CLF_UNION,0,0,1,34,1,4,1,4,10,9,0.5,0.3666666666666667
1020,8,ORD-INTER,0,0,0,34,0,4,1,4,10,9,0.5,0.3666666666666667
1021,8,ORD-UNION,0,0,0,34,0,4,1,4,10,9,0.5,0.3666666666666667
1022,8,ORD-COMP,0,0,0,34,0,4,1,4,10,9,0.5,0.3666666666666667
1023,8,ORD-COMP,0,0,0,34,0,4,1,4,10,9,0.5,0.3666666666666667
1024,9,CARD,0,0,0,43,0,5,2,4,10,9,0.5,0.3666666666666667
1025,9,CARD_COMP,0,0,0,43,0,5,2,4,10,9,0.5,0.3666666666666667
1026,9,CLF_COMP,0,0,1,43,1,5,2,4,10,9,0.5,0.3666666666666667
1027,9,CLF_UNION,0,0,1,43,1,5,2,4,10,9,0.5,0.3666666666666667
1028,9,ORD-INTER,0,0,0,43,0,5,2,4,10,9,0.5,0.3666666666666667
1029,9,ORD-UNION,0,0,0,43,0,5,2,4,10,9,0.5,0.3666666666666667
1030,9,ORD-COMP,0,0,0,43,0,5,2,4,10,9,0.5,0.3666666666666667
1031,9,ORD-COMP,0,0,0,43,0,5,2,4,10,9,0.5,0.3666666666666667
1032,9,CARD,0,0,0,43,0,5,2,4,10,9,0.5,0.3666666666666667
1033,9,CARD_COMP,0,0,0,43,0,5,2,4,10,9,0.5,0.3666666666666667
1034,9,CLF_COMP,0,0,1,43,1,5,2,4,10,9,0.5,0.3666666666666667
1035,9,CLF_UNION,0,0,1,43,1,5,2,4,10,9,0.5,0.3666666666666667
1036,9,ORD-INTER,0,0,0,43,0,5,2,4,10,9,0.5,0.3666666666666667
1037,9,ORD-UNION,0,0,0,43,0,5,2,4,10,9,0.5,0.3666666666666667
1038,9,ORD-COMP,0,0,0,43,0,5,2,4,10,9,0.5,0.3666666666666667
1039,9,ORD-COMP,0,0,0,43,0,5,2,4,10,9,0.5,0.3666666666666667
1040,9,CARD,0,0,0,43,0,5,2,4,10,9,0.5,0.3666666666666667
1041,9,CARD_COMP,0,0,0,43,0,5,2,4,10,9,0.5,0.3666666666666667
1042,9,CLF_COMP,0,0,1,43,1,5,2,4,10,9,0.5,0.3666666666666667
1043,9,CLF_UNION,0,0,1,43,1,5,2,4,10,9,0.5,0.3666666666666667
1044,9,ORD-INTER,0,0,0,43,0,5,2,4,10,9,0.5,0.3666666666666667
1045,9,ORD-UNION,0,0,0,43,0,5,2,4,10,9,0.5,0.3666666666666667
1046,9,ORD-COMP,0,0,0,43,0,5,2,4,10,9,0.5,0.3666666666666667
1047,9,ORD-COMP,0,0,0,43,0,5,2,4,10,9,0.5,0.3666666666666667
1048,9,CARD,0,0,0,43,0,5,2,4,10,9,0.5,0.3666666666666667
1049,9,CARD_COMP,0,0,0,43,0,5,2,4,10,9,0.5,0.3666666666666667
1050,9,CLF_COMP,0,0,1,43,1,5,2,4,10,9,0.5,0.3666666666666667
1051,9,CLF_UNION,0,0,1,43,1,5,2,4,10,9,0.5,0.3666666666666667
1052,9,ORD-INTER,0,0,0,43,0,5,2,4,10,9,0.5,0.3666666666666667
1053,9,ORD-UNION,0,0,0,43,0,5,2,4,10,9,0.5,0.3666666666666667
1054,9,ORD-COMP,0,0,0,43,0,5,2,4,10,9,0.5,0.3666666666666667
1055,9,ORD-COMP,0,0,0,43,0,5,2,4,10,9,0.5,0.3666666666666667
1056,9,CARD,0,0,0,43,0,5,2,4,10,9,0.5,0.3666666666666667
1057,9,CARD_COMP,0,0,0,43,0,5,2,4,10,9,0.5,0.3666666666666667
1058,9,CLF_COMP,0,0,1,43,1,5,2,4,10,9,0.5,0.3666666666666667
1059,9,CLF_UNION,0,0,1,43,1,5,2,4,10,9,0.5,0.3666666666666667
1060,9,ORD-INTER,0,0,0,43,0,5,2,4,10,9,0.5,0.3666666666666667
1061,9,ORD-UNION,0,0,0,43,0,5,2,4,10,9,0.5,0.3666666666666667
1062,9,ORD-COMP,0,0,0,43,0,5,2,4,10,9,0.5,0.3666666666666667
1063,9,ORD-COMP,0,0,0,43,0,5,2,4,10,9,0.5,0.3666666666666667
1064,9,CARD,0,0,0,43,0,5,2,4,10,9,0.5,0.3666666666666667
1065,9,CARD_COMP,0,0,0,43,0,5,2,4,10,9,0.5,0.3666666666666667
1066,9,CLF_COMP,0,0,1,43,1,5,2,4,10,9,0.5,0.3666666666666667
1067,9,CLF_UNION,0,0,1,43,1,5,2,4,10,9,0.5,0.3666666666666667
1068,9,ORD-INTER,0,0,0,43,0,5,2,4,10,9,0.5,0.3666666666666667
1069,9,ORD-UNION,0,0,0,43,0,5,2,4,10,9,0.5,0.3666666666666667
1070,9,ORD-COMP,0,0,0,43,0,5,2,4,10,9,0.5,0.3666666666666667
1071,9,ORD-COMP,0,0,0,43,0,5,2,4,10,9,0.5,0.3666666666666667
1072,9,CARD,0,0,0,43,0,5,2,4,10,9,0.5,0.3666666666666667
1073,9,CARD_COMP,0,0,0,43,0,5,2,4,10,9,0.5,0.3666666666666667
1074,9,CLF_COMP,0,0,1,43,1,5,2,4,10,9,0.5,0.3666666666666667
1075,9,CLF_UNION,0,0,1,43,1,5,2,4,10,9,0.5,0.3666666666666667
1076,9,ORD-INTER,0,0,0,43,0,5,2,4,10,9,0.5,0.3666666666666667
1077,9,ORD-UNION,0,0,0,43,0,5,2,4,10,9,0.5,0.3666666666666667
1078,9,ORD-COMP,0,0,0,43,0,5,2,4,10,9,0.5,0.3666666666666667
1079,9,ORD-COMP,0,0,0,43,0,5,2,4,10,9,0.5,0.3666666666666667
1080,9,CARD,0,0,0,43,0,5,2,4,10,9,0.5,0.3666666666666667
1081,9,CARD_COMP,0,0,0,43,0,5,2,4,10,9,0.5,0.3666666666666667
1082,9,CLF_COMP,0,0,1,43,1,5,2,4,10,9,0.5,0.3666666666666667
1083,9,CLF_UNION,0,0,1,43,1,5,2,4,10,9,0.5,0.3666666666666667
1084,9,ORD-INTER,0,0,0,43,0,5,2,4,10,9,0.5,0.3666666666666667
1085,9,ORD-UNION,0,0,0,43,0,5,2,4,10,9,0.5,0.3666666666666667
1086,9,ORD-COMP,0,0,0,43,0,5,2,4,10,9,0.5,0.3666666666666667
1087,9,ORD-COMP,0,0,0,43,0,5,2,4,10,9,0.5,0.3666666666666667
