,budget,model,correct,wrong,total,n_pref_input,n_pref_output,theta_size,theta_additivity,n_tiers,alpha,p,n_items,n_test_subsets
0,4,CLF,63,58,183,1,183,8,2,3,0.1,0.1,5,30
1,4,ORD,0,0,0,1,0,8,2,3,0.1,0.1,5,30
2,4,CLF,68,48,176,1,176,8,2,3,0.1,0.1,5,30
3,4,ORD,1,0,1,1,1,8,2,3,0.1,0.1,5,30
4,4,CLF,69,42,181,1,181,8,2,3,0.1,0.1,5,30
5,4,ORD,0,0,0,1,0,8,2,3,0.1,0.1,5,30
6,4,CLF,68,46,173,1,173,8,2,3,0.1,0.1,5,30
7,4,ORD,0,0,0,1,0,8,2,3,0.1,0.1,5,30
8,4,CLF,66,54,181,1,181,8,2,3,0.1,0.1,5,30
9,4,ORD,1,1,2,1,2,8,2,3,0.1,0.1,5,30
10,7,CLF,73,17,143,2,144,8,2,3,0.1,0.1,5,30
11,7,ORD,0,0,0,2,1,8,2,3,0.1,0.1,5,30
12,7,CLF,59,25,137,2,138,8,2,3,0.1,0.1,5,30
13,7,ORD,0,1,1,2,2,8,2,3,0.1,0.1,5,30
14,7,CLF,62,31,142,2,143,8,2,3,0.1,0.1,5,30
15,7,ORD,0,1,1,2,2,8,2,3,0.1,0.1,5,30
16,7,CLF,52,33,141,2,141,8,2,3,0.1,0.1,5,30
17,7,ORD,0,0,0,2,0,8,2,3,0.1,0.1,5,30
18,7,CLF,61,33,143,2,144,8,2,3,0.1,0.1,5,30
19,7,ORD,1,0,1,2,2,8,2,3,0.1,0.1,5,30
20,10,CLF,71,13,136,4,137,8,2,3,0.1,0.1,5,30
21,10,ORD,1,0,1,4,2,8,2,3,0.1,0.1,5,30
22,10,CLF,66,21,134,4,136,8,2,3,0.1,0.1,5,30
23,10,ORD,0,0,0,4,2,8,2,3,0.1,0.1,5,30
24,10,CLF,67,23,137,4,138,8,2,3,0.1,0.1,5,30
25,10,ORD,1,0,1,4,2,8,2,3,0.1,0.1,5,30
26,10,CLF,61,23,138,4,139,8,2,3,0.1,0.1,5,30
27,10,ORD,0,0,0,4,1,8,2,3,0.1,0.1,5,30
28,10,CLF,73,9,135,4,137,8,2,3,0.1,0.1,5,30
29,10,ORD,0,0,0,4,2,8,2,3,0.1,0.1,5,30
30,13,CLF,63,19,128,8,136,8,2,3,0.1,0.1,5,30
31,13,ORD,0,1,1,8,9,8,2,3,0.1,0.1,5,30
32,13,CLF,68,17,131,8,136,8,2,3,0.1,0.1,5,30
33,13,ORD,0,0,0,8,5,8,2,3,0.1,0.1,5,30
34,13,CLF,66,21,134,8,136,8,2,3,0.1,0.1,5,30
35,13,ORD,0,0,0,8,2,8,2,3,0.1,0.1,5,30
36,13,CLF,71,8,135,8,136,8,2,3,0.1,0.1,5,30
37,13,ORD,1,0,1,8,2,8,2,3,0.1,0.1,5,30
38,13,CLF,74,5,132,8,136,8,2,3,0.1,0.1,5,30
39,13,ORD,0,0,0,8,4,8,2,3,0.1,0.1,5,30
40,16,CLF,60,23,133,11,136,8,2,3,0.1,0.1,5,30
41,16,ORD,0,0,0,11,3,8,2,3,0.1,0.1,5,30
42,16,CLF,56,26,135,11,136,8,2,3,0.1,0.1,5,30
43,16,ORD,2,1,3,11,4,8,2,3,0.1,0.1,5,30
44,16,CLF,52,22,133,11,136,8,2,3,0.1,0.1,5,30
45,16,ORD,2,0,2,11,5,8,2,3,0.1,0.1,5,30
46,16,CLF,62,17,129,11,136,8,2,3,0.1,0.1,5,30
47,16,ORD,0,0,0,11,7,8,2,3,0.1,0.1,5,30
48,16,CLF,60,22,131,11,136,8,2,3,0.1,0.1,5,30
49,16,ORD,4,1,5,11,10,8,2,3,0.1,0.1,5,30
50,19,CLF,59,29,135,16,136,8,2,3,0.1,0.1,5,30
51,19,ORD,5,1,6,16,7,8,2,3,0.1,0.1,5,30
52,19,CLF,60,18,128,16,136,8,2,3,0.1,0.1,5,30
53,19,ORD,5,3,8,16,16,8,2,3,0.1,0.1,5,30
54,19,CLF,60,21,128,16,136,8,2,3,0.1,0.1,5,30
55,19,ORD,2,2,4,16,12,8,2,3,0.1,0.1,5,30
56,19,CLF,59,16,128,16,136,8,2,3,0.1,0.1,5,30
57,19,ORD,4,0,5,16,13,8,2,3,0.1,0.1,5,30
58,19,CLF,57,20,124,16,136,8,2,3,0.1,0.1,5,30
59,19,ORD,1,2,3,16,15,8,2,3,0.1,0.1,5,30
60,22,CLF,59,22,131,21,136,8,2,3,0.1,0.1,5,30
61,22,ORD,2,3,5,21,10,8,2,3,0.1,0.1,5,30
62,22,CLF,56,22,128,21,136,8,2,3,0.1,0.1,5,30
63,22,ORD,7,2,10,21,18,8,2,3,0.1,0.1,5,30
64,22,CLF,61,20,128,21,136,8,2,3,0.1,0.1,5,30
65,22,ORD,6,2,8,21,16,8,2,3,0.1,0.1,5,30
66,22,CLF,56,6,115,21,136,8,2,3,0.1,0.1,5,30
67,22,ORD,5,0,6,21,27,8,2,3,0.1,0.1,5,30
68,22,CLF,70,5,128,21,136,8,2,3,0.1,0.1,5,30
69,22,ORD,5,0,5,21,13,8,2,3,0.1,0.1,5,30
70,25,CLF,56,24,130,26,136,8,2,3,0.1,0.1,5,30
71,25,ORD,10,0,12,26,18,8,2,3,0.1,0.1,5,30
72,25,CLF,64,10,125,26,136,8,2,3,0.1,0.1,5,30
73,25,ORD,13,0,16,26,27,8,2,3,0.1,0.1,5,30
74,25,CLF,54,22,125,26,136,8,2,3,0.1,0.1,5,30
75,25,ORD,8,1,10,26,21,8,2,3,0.1,0.1,5,30
76,25,CLF,56,22,125,26,136,8,2,3,0.1,0.1,5,30
77,25,ORD,12,2,14,26,25,8,2,3,0.1,0.1,5,30
78,25,CLF,54,18,131,26,136,8,2,3,0.1,0.1,5,30
79,25,ORD,11,3,16,26,21,8,2,3,0.1,0.1,5,30
80,28,CLF,51,21,122,33,136,8,2,3,0.1,0.1,5,30
81,28,ORD,7,3,11,33,25,8,2,3,0.1,0.1,5,30
82,28,CLF,54,27,128,33,136,8,2,3,0.1,0.1,5,30
83,28,ORD,8,2,12,33,20,8,2,3,0.1,0.1,5,30
84,28,CLF,58,20,125,33,136,8,2,3,0.1,0.1,5,30
85,28,ORD,10,2,13,33,24,8,2,3,0.1,0.1,5,30
86,28,CLF,39,23,115,33,136,8,2,3,0.1,0.1,5,30
87,28,ORD,7,1,9,33,30,8,2,3,0.1,0.1,5,30
88,28,CLF,62,16,131,33,136,8,2,3,0.1,0.1,5,30
89,28,ORD,13,4,17,33,22,8,2,3,0.1,0.1,5,30
90,10,CLF,32,51,136,3,136,8,2,3,0.1,0.1,5,30
91,10,ORD,0,0,0,3,0,8,2,3,0.1,0.1,5,30
92,10,CLF,29,37,133,3,136,8,2,3,0.1,0.1,5,30
93,10,ORD,0,0,0,3,3,8,2,3,0.1,0.1,5,30
94,10,CLF,49,29,135,3,136,8,2,3,0.1,0.1,5,30
95,10,ORD,0,0,0,3,1,8,2,3,0.1,0.1,5,30
96,10,CLF,52,30,135,3,136,8,2,3,0.1,0.1,5,30
97,10,ORD,0,0,0,3,1,8,2,3,0.1,0.1,5,30
98,10,CLF,38,48,135,3,137,8,2,3,0.1,0.1,5,30
99,10,ORD,0,0,0,3,2,8,2,3,0.1,0.1,5,30
100,13,CLF,53,29,134,6,136,8,2,3,0.1,0.1,5,30
101,13,ORD,0,0,0,6,2,8,2,3,0.1,0.1,5,30
102,13,CLF,53,37,137,6,137,8,2,3,0.1,0.1,5,30
103,13,ORD,0,0,1,6,1,8,2,3,0.1,0.1,5,30
104,13,CLF,44,44,135,6,137,8,2,3,0.1,0.1,5,30
105,13,ORD,1,0,1,6,3,8,2,3,0.1,0.1,5,30
106,13,CLF,53,27,132,6,136,8,2,3,0.1,0.1,5,30
107,13,ORD,1,0,1,6,5,8,2,3,0.1,0.1,5,30
108,13,CLF,50,37,134,6,136,8,2,3,0.1,0.1,5,30
109,13,ORD,2,0,2,6,4,8,2,3,0.1,0.1,5,30
110,16,CLF,53,27,130,9,136,8,2,3,0.1,0.1,5,30
111,16,ORD,1,0,1,9,7,8,2,3,0.1,0.1,5,30
112,16,CLF,66,14,133,9,137,8,2,3,0.1,0.1,5,30
113,16,ORD,2,0,3,9,7,8,2,3,0.1,0.1,5,30
114,16,CLF,66,22,135,9,136,8,2,3,0.1,0.1,5,30
115,16,ORD,4,0,5,9,6,8,2,3,0.1,0.1,5,30
116,16,CLF,66,15,132,9,136,8,2,3,0.1,0.1,5,30
117,16,ORD,0,0,1,9,5,8,2,3,0.1,0.1,5,30
118,16,CLF,69,6,130,9,136,8,2,3,0.1,0.1,5,30
119,16,ORD,2,0,2,9,8,8,2,3,0.1,0.1,5,30
120,19,CLF,74,8,134,12,136,8,2,3,0.1,0.1,5,30
121,19,ORD,10,0,10,12,12,8,2,3,0.1,0.1,5,30
122,19,CLF,57,28,134,12,136,8,2,3,0.1,0.1,5,30
123,19,ORD,5,0,5,12,7,8,2,3,0.1,0.1,5,30
124,19,CLF,69,12,134,12,136,8,2,3,0.1,0.1,5,30
125,19,ORD,6,0,8,12,10,8,2,3,0.1,0.1,5,30
126,19,CLF,57,26,132,12,136,8,2,3,0.1,0.1,5,30
127,19,ORD,5,0,5,12,9,8,2,3,0.1,0.1,5,30
128,19,CLF,54,23,130,12,136,8,2,3,0.1,0.1,5,30
129,19,ORD,5,0,7,12,13,8,2,3,0.1,0.1,5,30
130,22,CLF,71,9,133,15,136,8,2,3,0.1,0.1,5,30
131,22,ORD,9,0,11,15,14,8,2,3,0.1,0.1,5,30
132,22,CLF,59,24,136,15,136,8,2,3,0.1,0.1,5,30
133,22,ORD,8,3,11,15,11,8,2,3,0.1,0.1,5,30
134,22,CLF,73,11,136,15,136,8,2,3,0.1,0.1,5,30
135,22,ORD,12,0,16,15,16,8,2,3,0.1,0.1,5,30
136,22,CLF,66,11,128,15,136,8,2,3,0.1,0.1,5,30
137,22,ORD,9,0,10,15,18,8,2,3,0.1,0.1,5,30
138,22,CLF,57,26,130,15,136,8,2,3,0.1,0.1,5,30
139,22,ORD,6,2,10,15,16,8,2,3,0.1,0.1,5,30
140,25,CLF,54,11,126,20,136,8,2,3,0.1,0.1,5,30
141,25,ORD,11,0,12,20,22,8,2,3,0.1,0.1,5,30
142,25,CLF,60,11,124,20,136,8,2,3,0.1,0.1,5,30
143,25,ORD,6,0,7,20,19,8,2,3,0.1,0.1,5,30
144,25,CLF,67,7,127,20,136,8,2,3,0.1,0.1,5,30
145,25,ORD,15,0,17,20,26,8,2,3,0.1,0.1,5,30
146,25,CLF,67,12,132,20,136,8,2,3,0.1,0.1,5,30
147,25,ORD,11,0,17,20,21,8,2,3,0.1,0.1,5,30
148,25,CLF,69,9,130,20,136,8,2,3,0.1,0.1,5,30
149,25,ORD,11,0,12,20,18,8,2,3,0.1,0.1,5,30
150,28,CLF,67,3,125,29,136,8,2,3,0.1,0.1,5,30
151,28,ORD,14,0,16,29,27,8,2,3,0.1,0.1,5,30
152,28,CLF,52,14,127,29,136,8,2,3,0.1,0.1,5,30
153,28,ORD,10,0,13,29,22,8,2,3,0.1,0.1,5,30
154,28,CLF,62,18,130,29,136,8,2,3,0.1,0.1,5,30
155,28,ORD,8,4,16,29,22,8,2,3,0.1,0.1,5,30
156,28,CLF,63,4,122,29,136,8,2,3,0.1,0.1,5,30
157,28,ORD,10,0,11,29,25,8,2,3,0.1,0.1,5,30
158,28,CLF,64,17,133,29,136,8,2,3,0.1,0.1,5,30
159,28,ORD,16,0,18,29,21,8,2,3,0.1,0.1,5,30
160,4,CLF,60,29,156,1,156,8,2,3,0.1,0.1,5,30
161,4,ORD,0,0,0,1,0,8,2,3,0.1,0.1,5,30
162,4,CLF,54,29,155,1,156,8,2,3,0.1,0.1,5,30
163,4,ORD,0,0,0,1,1,8,2,3,0.1,0.1,5,30
164,4,CLF,57,35,162,1,162,8,2,3,0.1,0.1,5,30
165,4,ORD,0,0,0,1,0,8,2,3,0.1,0.1,5,30
166,4,CLF,38,37,157,1,157,8,2,3,0.1,0.1,5,30
167,4,ORD,0,0,0,1,0,8,2,3,0.1,0.1,5,30
168,4,CLF,63,43,158,1,159,8,2,3,0.1,0.1,5,30
169,4,ORD,0,0,0,1,1,8,2,3,0.1,0.1,5,30
170,7,CLF,47,40,144,2,144,8,2,3,0.1,0.1,5,30
171,7,ORD,0,0,1,2,1,8,2,3,0.1,0.1,5,30
172,7,CLF,50,35,139,2,139,8,2,3,0.1,0.1,5,30
173,7,ORD,0,0,1,2,1,8,2,3,0.1,0.1,5,30
174,7,CLF,48,28,139,2,141,8,2,3,0.1,0.1,5,30
175,7,ORD,0,0,0,2,2,8,2,3,0.1,0.1,5,30
176,7,CLF,54,28,144,2,145,8,2,3,0.1,0.1,5,30
177,7,ORD,0,0,0,2,1,8,2,3,0.1,0.1,5,30
178,7,CLF,55,26,143,2,143,8,2,3,0.1,0.1,5,30
179,7,ORD,0,0,1,2,1,8,2,3,0.1,0.1,5,30
180,10,CLF,60,14,137,3,138,8,2,3,0.1,0.1,5,30
181,10,ORD,0,0,1,3,2,8,2,3,0.1,0.1,5,30
182,10,CLF,58,27,144,3,144,8,2,3,0.1,0.1,5,30
183,10,ORD,1,0,2,3,2,8,2,3,0.1,0.1,5,30
184,10,CLF,62,16,138,3,140,8,2,3,0.1,0.1,5,30
185,10,ORD,0,0,0,3,2,8,2,3,0.1,0.1,5,30
186,10,CLF,53,27,138,3,139,8,2,3,0.1,0.1,5,30
187,10,ORD,0,0,0,3,1,8,2,3,0.1,0.1,5,30
188,10,CLF,56,24,140,3,140,8,2,3,0.1,0.1,5,30
189,10,ORD,1,0,1,3,1,8,2,3,0.1,0.1,5,30
190,13,CLF,43,28,139,4,139,8,2,3,0.1,0.1,5,30
191,13,ORD,0,0,0,4,0,8,2,3,0.1,0.1,5,30
192,13,CLF,53,23,139,4,139,8,2,3,0.1,0.1,5,30
193,13,ORD,0,0,1,4,1,8,2,3,0.1,0.1,5,30
194,13,CLF,55,25,135,4,138,8,2,3,0.1,0.1,5,30
195,13,ORD,0,0,0,4,3,8,2,3,0.1,0.1,5,30
196,13,CLF,44,26,138,4,138,8,2,3,0.1,0.1,5,30
197,13,ORD,0,0,0,4,0,8,2,3,0.1,0.1,5,30
198,13,CLF,47,30,139,4,139,8,2,3,0.1,0.1,5,30
199,13,ORD,0,0,0,4,0,8,2,3,0.1,0.1,5,30
200,16,CLF,54,28,135,9,136,8,2,3,0.1,0.1,5,30
201,16,ORD,5,0,6,9,7,8,2,3,0.1,0.1,5,30
202,16,CLF,37,25,136,9,136,8,2,3,0.1,0.1,5,30
203,16,ORD,1,1,3,9,3,8,2,3,0.1,0.1,5,30
204,16,CLF,42,16,133,9,136,8,2,3,0.1,0.1,5,30
205,16,ORD,3,0,4,9,7,8,2,3,0.1,0.1,5,30
206,16,CLF,32,24,133,9,136,8,2,3,0.1,0.1,5,30
207,16,ORD,2,0,3,9,6,8,2,3,0.1,0.1,5,30
208,16,CLF,47,29,134,9,136,8,2,3,0.1,0.1,5,30
209,16,ORD,2,2,4,9,6,8,2,3,0.1,0.1,5,30
210,19,CLF,41,35,135,14,136,8,2,3,0.1,0.1,5,30
211,19,ORD,9,0,10,14,11,8,2,3,0.1,0.1,5,30
212,19,CLF,32,43,134,14,136,8,2,3,0.1,0.1,5,30
213,19,ORD,9,4,14,14,16,8,2,3,0.1,0.1,5,30
214,19,CLF,48,26,134,14,136,8,2,3,0.1,0.1,5,30
215,19,ORD,2,0,3,14,5,8,2,3,0.1,0.1,5,30
216,19,CLF,28,37,136,14,136,8,2,3,0.1,0.1,5,30
217,19,ORD,3,3,7,14,7,8,2,3,0.1,0.1,5,30
218,19,CLF,35,28,134,14,136,8,2,3,0.1,0.1,5,30
219,19,ORD,2,0,2,14,4,8,2,3,0.1,0.1,5,30
220,22,CLF,43,27,129,17,136,8,2,3,0.1,0.1,5,30
221,22,ORD,4,0,5,17,12,8,2,3,0.1,0.1,5,30
222,22,CLF,43,34,130,17,136,8,2,3,0.1,0.1,5,30
223,22,ORD,4,4,9,17,15,8,2,3,0.1,0.1,5,30
224,22,CLF,48,30,131,17,136,8,2,3,0.1,0.1,5,30
225,22,ORD,8,4,14,17,19,8,2,3,0.1,0.1,5,30
226,22,CLF,46,33,134,17,136,8,2,3,0.1,0.1,5,30
227,22,ORD,5,3,11,17,13,8,2,3,0.1,0.1,5,30
228,22,CLF,31,31,129,17,136,8,2,3,0.1,0.1,5,30
229,22,ORD,4,0,4,17,11,8,2,3,0.1,0.1,5,30
230,25,CLF,40,29,122,24,136,8,2,3,0.1,0.1,5,30
231,25,ORD,8,4,13,24,27,8,2,3,0.1,0.1,5,30
232,25,CLF,44,22,133,24,136,8,2,3,0.1,0.1,5,30
233,25,ORD,6,0,8,24,11,8,2,3,0.1,0.1,5,30
234,25,CLF,39,12,122,24,136,8,2,3,0.1,0.1,5,30
235,25,ORD,9,0,10,24,24,8,2,3,0.1,0.1,5,30
236,25,CLF,35,17,128,24,136,8,2,3,0.1,0.1,5,30
237,25,ORD,4,0,5,24,13,8,2,3,0.1,0.1,5,30
238,25,CLF,39,23,122,24,136,8,2,3,0.1,0.1,5,30
239,25,ORD,3,0,4,24,18,8,2,3,0.1,0.1,5,30
240,28,CLF,46,6,120,31,136,8,2,3,0.1,0.1,5,30
241,28,ORD,7,0,9,31,25,8,2,3,0.1,0.1,5,30
242,28,CLF,29,26,132,31,136,8,2,3,0.1,0.1,5,30
243,28,ORD,5,0,6,31,10,8,2,3,0.1,0.1,5,30
244,28,CLF,52,13,125,31,136,8,2,3,0.1,0.1,5,30
245,28,ORD,5,0,7,31,18,8,2,3,0.1,0.1,5,30
246,28,CLF,23,37,131,31,136,8,2,3,0.1,0.1,5,30
247,28,ORD,2,5,10,31,15,8,2,3,0.1,0.1,5,30
248,28,CLF,37,36,128,31,136,8,2,3,0.1,0.1,5,30
249,28,ORD,5,6,12,31,20,8,2,3,0.1,0.1,5,30
250,4,CLF,31,61,163,1,163,8,2,3,0.1,0.325,5,30
251,4,ORD,0,0,0,1,0,8,2,3,0.1,0.325,5,30
252,4,CLF,34,61,167,1,167,8,2,3,0.1,0.325,5,30
253,4,ORD,0,0,0,1,0,8,2,3,0.1,0.325,5,30
254,4,CLF,33,69,166,1,166,8,2,3,0.1,0.325,5,30
255,4,ORD,0,1,1,1,1,8,2,3,0.1,0.325,5,30
256,4,CLF,37,59,170,1,170,8,2,3,0.1,0.325,5,30
257,4,ORD,0,0,0,1,0,8,2,3,0.1,0.325,5,30
258,4,CLF,40,67,162,1,162,8,2,3,0.1,0.325,5,30
259,4,ORD,0,0,0,1,0,8,2,3,0.1,0.325,5,30
260,7,CLF,31,39,141,3,142,8,2,3,0.1,0.325,5,30
261,7,ORD,0,0,1,3,2,8,2,3,0.1,0.325,5,30
262,7,CLF,20,64,142,3,142,8,2,3,0.1,0.325,5,30
263,7,ORD,0,1,1,3,1,8,2,3,0.1,0.325,5,30
264,7,CLF,38,47,149,3,150,8,2,3,0.1,0.325,5,30
265,7,ORD,0,0,1,3,2,8,2,3,0.1,0.325,5,30
266,7,CLF,14,65,147,3,147,8,2,3,0.1,0.325,5,30
267,7,ORD,0,0,0,3,0,8,2,3,0.1,0.325,5,30
268,7,CLF,20,63,143,3,143,8,2,3,0.1,0.325,5,30
269,7,ORD,0,0,0,3,0,8,2,3,0.1,0.325,5,30
270,10,CLF,21,54,139,5,139,8,2,3,0.1,0.325,5,30
271,10,ORD,0,2,2,5,2,8,2,3,0.1,0.325,5,30
272,10,CLF,21,59,136,5,138,8,2,3,0.1,0.325,5,30
273,10,ORD,0,2,2,5,4,8,2,3,0.1,0.325,5,30
274,10,CLF,15,65,138,5,138,8,2,3,0.1,0.325,5,30
275,10,ORD,0,2,3,5,3,8,2,3,0.1,0.325,5,30
276,10,CLF,19,63,141,5,141,8,2,3,0.1,0.325,5,30
277,10,ORD,0,1,1,5,1,8,2,3,0.1,0.325,5,30
278,10,CLF,27,41,138,5,138,8,2,3,0.1,0.325,5,30
279,10,ORD,0,0,0,5,0,8,2,3,0.1,0.325,5,30
280,13,CLF,33,52,135,7,137,8,2,3,0.1,0.325,5,30
281,13,ORD,0,1,2,7,4,8,2,3,0.1,0.325,5,30
282,13,CLF,23,53,136,7,139,8,2,3,0.1,0.325,5,30
283,13,ORD,0,1,1,7,4,8,2,3,0.1,0.325,5,30
284,13,CLF,25,41,133,7,138,8,2,3,0.1,0.325,5,30
285,13,ORD,0,0,1,7,6,8,2,3,0.1,0.325,5,30
286,13,CLF,32,43,137,7,139,8,2,3,0.1,0.325,5,30
287,13,ORD,0,1,2,7,4,8,2,3,0.1,0.325,5,30
288,13,CLF,21,64,138,7,139,8,2,3,0.1,0.325,5,30
289,13,ORD,0,0,2,7,3,8,2,3,0.1,0.325,5,30
290,16,CLF,35,44,129,11,136,8,2,3,0.1,0.325,5,30
291,16,ORD,0,1,2,11,9,8,2,3,0.1,0.325,5,30
292,16,CLF,17,50,135,11,136,8,2,3,0.1,0.325,5,30
293,16,ORD,0,0,2,11,3,8,2,3,0.1,0.325,5,30
294,16,CLF,31,45,133,11,136,8,2,3,0.1,0.325,5,30
295,16,ORD,0,1,2,11,5,8,2,3,0.1,0.325,5,30
296,16,CLF,24,49,131,11,136,8,2,3,0.1,0.325,5,30
297,16,ORD,0,1,3,11,8,8,2,3,0.1,0.325,5,30
298,16,CLF,33,46,134,11,136,8,2,3,0.1,0.325,5,30
299,16,ORD,0,1,2,11,4,8,2,3,0.1,0.325,5,30
300,19,CLF,31,46,134,14,136,8,2,3,0.1,0.325,5,30
301,19,ORD,1,5,7,14,9,8,2,3,0.1,0.325,5,30
302,19,CLF,32,47,134,14,136,8,2,3,0.1,0.325,5,30
303,19,ORD,1,4,8,14,10,8,2,3,0.1,0.325,5,30
304,19,CLF,34,32,131,14,136,8,2,3,0.1,0.325,5,30
305,19,ORD,2,1,5,14,10,8,2,3,0.1,0.325,5,30
306,19,CLF,41,40,136,14,136,8,2,3,0.1,0.325,5,30
307,19,ORD,3,4,10,14,10,8,2,3,0.1,0.325,5,30
308,19,CLF,34,40,134,14,136,8,2,3,0.1,0.325,5,30
309,19,ORD,1,3,7,14,9,8,2,3,0.1,0.325,5,30
310,4,CLF,57,42,160,1,160,8,2,3,0.1,0.325,5,30
311,4,ORD,0,0,0,1,0,8,2,3,0.1,0.325,5,30
312,4,CLF,54,36,159,1,159,8,2,3,0.1,0.325,5,30
313,4,ORD,0,0,0,1,0,8,2,3,0.1,0.325,5,30
314,4,CLF,51,41,155,1,156,8,2,3,0.1,0.325,5,30
315,4,ORD,0,0,0,1,1,8,2,3,0.1,0.325,5,30
316,4,CLF,56,24,153,1,154,8,2,3,0.1,0.325,5,30
317,4,ORD,0,0,0,1,1,8,2,3,0.1,0.325,5,30
318,4,CLF,61,39,160,1,160,8,2,3,0.1,0.325,5,30
319,4,ORD,0,0,0,1,0,8,2,3,0.1,0.325,5,30
320,7,CLF,52,22,138,2,139,8,2,3,0.1,0.325,5,30
321,7,ORD,0,0,0,2,1,8,2,3,0.1,0.325,5,30
322,7,CLF,50,36,140,2,141,8,2,3,0.1,0.325,5,30
323,7,ORD,0,0,0,2,1,8,2,3,0.1,0.325,5,30
324,7,CLF,58,25,136,2,138,8,2,3,0.1,0.325,5,30
325,7,ORD,0,0,0,2,2,8,2,3,0.1,0.325,5,30
326,7,CLF,51,34,138,2,138,8,2,3,0.1,0.325,5,30
327,7,ORD,0,0,0,2,0,8,2,3,0.1,0.325,5,30
328,7,CLF,41,21,138,2,140,8,2,3,0.1,0.325,5,30
329,7,ORD,0,0,0,2,2,8,2,3,0.1,0.325,5,30
330,10,CLF,47,43,137,3,137,8,2,3,0.1,0.325,5,30
331,10,ORD,0,0,0,3,0,8,2,3,0.1,0.325,5,30
332,10,CLF,48,38,135,3,137,8,2,3,0.1,0.325,5,30
333,10,ORD,0,0,0,3,2,8,2,3,0.1,0.325,5,30
334,10,CLF,49,24,134,3,137,8,2,3,0.1,0.325,5,30
335,10,ORD,0,0,0,3,3,8,2,3,0.1,0.325,5,30
336,10,CLF,49,35,137,3,137,8,2,3,0.1,0.325,5,30
337,10,ORD,0,0,0,3,0,8,2,3,0.1,0.325,5,30
338,10,CLF,52,21,136,3,137,8,2,3,0.1,0.325,5,30
339,10,ORD,0,0,0,3,1,8,2,3,0.1,0.325,5,30
340,13,CLF,46,25,136,7,136,8,2,3,0.1,0.325,5,30
341,13,ORD,0,0,0,7,0,8,2,3,0.1,0.325,5,30
342,13,CLF,67,13,133,7,136,8,2,3,0.1,0.325,5,30
343,13,ORD,1,0,1,7,4,8,2,3,0.1,0.325,5,30
344,13,CLF,64,9,136,7,136,8,2,3,0.1,0.325,5,30
345,13,ORD,0,0,0,7,0,8,2,3,0.1,0.325,5,30
346,13,CLF,67,9,129,7,136,8,2,3,0.1,0.325,5,30
347,13,ORD,0,0,0,7,7,8,2,3,0.1,0.325,5,30
348,13,CLF,71,6,133,7,136,8,2,3,0.1,0.325,5,30
349,13,ORD,4,0,4,7,7,8,2,3,0.1,0.325,5,30
350,16,CLF,69,2,128,9,137,8,2,3,0.1,0.325,5,30
351,16,ORD,1,0,1,9,10,8,2,3,0.1,0.325,5,30
352,16,CLF,68,16,133,9,136,8,2,3,0.1,0.325,5,30
353,16,ORD,1,0,1,9,4,8,2,3,0.1,0.325,5,30
354,16,CLF,66,6,133,9,136,8,2,3,0.1,0.325,5,30
355,16,ORD,4,0,4,9,7,8,2,3,0.1,0.325,5,30
356,16,CLF,64,4,130,9,137,8,2,3,0.1,0.325,5,30
357,16,ORD,0,0,0,9,7,8,2,3,0.1,0.325,5,30
358,16,CLF,53,16,128,9,137,8,2,3,0.1,0.325,5,30
359,16,ORD,3,0,3,9,12,8,2,3,0.1,0.325,5,30
360,19,CLF,55,16,129,11,136,8,2,3,0.1,0.325,5,30
361,19,ORD,1,1,2,11,9,8,2,3,0.1,0.325,5,30
362,19,CLF,64,5,137,11,137,8,2,3,0.1,0.325,5,30
363,19,ORD,3,0,3,11,3,8,2,3,0.1,0.325,5,30
364,19,CLF,62,18,130,11,137,8,2,3,0.1,0.325,5,30
365,19,ORD,1,1,2,11,9,8,2,3,0.1,0.325,5,30
366,19,CLF,63,2,137,11,137,8,2,3,0.1,0.325,5,30
367,19,ORD,1,0,1,11,1,8,2,3,0.1,0.325,5,30
368,19,CLF,63,6,126,11,137,8,2,3,0.1,0.325,5,30
369,19,ORD,1,0,1,11,12,8,2,3,0.1,0.325,5,30
370,22,CLF,68,2,127,17,136,8,2,3,0.1,0.325,5,30
371,22,ORD,3,0,5,17,14,8,2,3,0.1,0.325,5,30
372,22,CLF,64,1,128,17,136,8,2,3,0.1,0.325,5,30
373,22,ORD,5,0,6,17,14,8,2,3,0.1,0.325,5,30
374,22,CLF,64,17,128,17,136,8,2,3,0.1,0.325,5,30
375,22,ORD,2,2,5,17,13,8,2,3,0.1,0.325,5,30
376,22,CLF,69,4,129,17,136,8,2,3,0.1,0.325,5,30
377,22,ORD,4,0,6,17,13,8,2,3,0.1,0.325,5,30
378,22,CLF,78,2,133,17,136,8,2,3,0.1,0.325,5,30
379,22,ORD,4,0,5,17,8,8,2,3,0.1,0.325,5,30
380,25,CLF,77,2,132,20,136,8,2,3,0.1,0.325,5,30
381,25,ORD,4,0,4,20,8,8,2,3,0.1,0.325,5,30
382,25,CLF,74,1,128,20,136,8,2,3,0.1,0.325,5,30
383,25,ORD,7,0,7,20,15,8,2,3,0.1,0.325,5,30
384,25,CLF,73,2,132,20,136,8,2,3,0.1,0.325,5,30
385,25,ORD,3,0,4,20,8,8,2,3,0.1,0.325,5,30
386,25,CLF,79,0,132,20,136,8,2,3,0.1,0.325,5,30
387,25,ORD,1,0,1,20,5,8,2,3,0.1,0.325,5,30
388,25,CLF,67,16,132,20,136,8,2,3,0.1,0.325,5,30
389,25,ORD,3,2,7,20,11,8,2,3,0.1,0.325,5,30
390,28,CLF,54,2,123,23,136,8,2,3,0.1,0.325,5,30
391,28,ORD,9,0,10,23,23,8,2,3,0.1,0.325,5,30
392,28,CLF,68,4,129,23,136,8,2,3,0.1,0.325,5,30
393,28,ORD,6,0,8,23,15,8,2,3,0.1,0.325,5,30
394,28,CLF,64,2,119,23,136,8,2,3,0.1,0.325,5,30
395,28,ORD,4,0,5,23,22,8,2,3,0.1,0.325,5,30
396,28,CLF,64,3,132,23,136,8,2,3,0.1,0.325,5,30
397,28,ORD,6,0,9,23,13,8,2,3,0.1,0.325,5,30
398,28,CLF,59,4,131,23,136,8,2,3,0.1,0.325,5,30
399,28,ORD,7,0,9,23,14,8,2,3,0.1,0.325,5,30
400,7,CLF,76,8,146,2,147,8,4,3,0.1,0.325,5,30
401,7,ORD,0,0,0,2,1,8,4,3,0.1,0.325,5,30
402,7,CLF,76,14,146,2,146,8,4,3,0.1,0.325,5,30
403,7,ORD,2,0,2,2,2,8,4,3,0.1,0.325,5,30
404,7,CLF,72,9,146,2,147,8,4,3,0.1,0.325,5,30
405,7,ORD,2,0,2,2,3,8,4,3,0.1,0.325,5,30
406,7,CLF,73,9,145,2,145,8,4,3,0.1,0.325,5,30
407,7,ORD,0,0,0,2,0,8,4,3,0.1,0.325,5,30
408,7,CLF,73,17,146,2,146,8,4,3,0.1,0.325,5,30
409,7,ORD,1,0,1,2,1,8,4,3,0.1,0.325,5,30
410,10,CLF,72,14,141,3,141,8,4,3,0.1,0.325,5,30
411,10,ORD,4,0,4,3,4,8,4,3,0.1,0.325,5,30
412,10,CLF,76,12,142,3,142,8,4,3,0.1,0.325,5,30
413,10,ORD,4,0,4,3,4,8,4,3,0.1,0.325,5,30
414,10,CLF,73,11,140,3,141,8,4,3,0.1,0.325,5,30
415,10,ORD,4,0,4,3,5,8,4,3,0.1,0.325,5,30
416,10,CLF,78,8,139,3,141,8,4,3,0.1,0.325,5,30
417,10,ORD,3,0,3,3,5,8,4,3,0.1,0.325,5,30
418,10,CLF,70,17,142,3,144,8,4,3,0.1,0.325,5,30
419,10,ORD,2,0,2,3,4,8,4,3,0.1,0.325,5,30
420,13,CLF,66,15,136,6,142,8,4,3,0.1,0.325,5,30
421,13,ORD,6,0,6,6,12,8,4,3,0.1,0.325,5,30
422,13,CLF,76,8,140,6,141,8,4,3,0.1,0.325,5,30
423,13,ORD,5,0,5,6,6,8,4,3,0.1,0.325,5,30
424,13,CLF,72,7,139,6,141,8,4,3,0.1,0.325,5,30
425,13,ORD,8,0,8,6,10,8,4,3,0.1,0.325,5,30
426,13,CLF,64,14,142,6,142,8,4,3,0.1,0.325,5,30
427,13,ORD,4,0,4,6,4,8,4,3,0.1,0.325,5,30
428,13,CLF,62,17,139,6,142,8,4,3,0.1,0.325,5,30
429,13,ORD,7,0,7,6,10,8,4,3,0.1,0.325,5,30
430,16,CLF,69,9,131,11,136,8,4,3,0.1,0.325,5,30
431,16,ORD,13,0,15,11,20,8,4,3,0.1,0.325,5,30
432,16,CLF,65,6,132,11,137,8,4,3,0.1,0.325,5,30
433,16,ORD,20,0,21,11,26,8,4,3,0.1,0.325,5,30
434,16,CLF,69,0,132,11,136,8,4,3,0.1,0.325,5,30
435,16,ORD,17,0,17,11,21,8,4,3,0.1,0.325,5,30
436,16,CLF,61,7,125,11,136,8,4,3,0.1,0.325,5,30
437,16,ORD,17,0,19,11,30,8,4,3,0.1,0.325,5,30
438,16,CLF,65,7,131,11,136,8,4,3,0.1,0.325,5,30
439,16,ORD,13,0,14,11,19,8,4,3,0.1,0.325,5,30
440,19,CLF,66,11,128,16,136,8,4,3,0.1,0.325,5,30
441,19,ORD,14,0,15,16,23,8,4,3,0.1,0.325,5,30
442,19,CLF,67,2,120,16,136,8,4,3,0.1,0.325,5,30
443,19,ORD,14,0,14,16,30,8,4,3,0.1,0.325,5,30
444,19,CLF,68,13,134,16,136,8,4,3,0.1,0.325,5,30
445,19,ORD,19,0,20,16,22,8,4,3,0.1,0.325,5,30
446,19,CLF,63,2,120,16,136,8,4,3,0.1,0.325,5,30
447,19,ORD,14,0,14,16,30,8,4,3,0.1,0.325,5,30
448,19,CLF,62,10,124,16,136,8,4,3,0.1,0.325,5,30
449,19,ORD,14,0,17,16,29,8,4,3,0.1,0.325,5,30
450,22,CLF,74,5,134,21,136,8,4,3,0.1,0.325,5,30
451,22,ORD,20,0,21,21,23,8,4,3,0.1,0.325,5,30
452,22,CLF,77,3,133,21,136,8,4,3,0.1,0.325,5,30
453,22,ORD,22,0,22,21,25,8,4,3,0.1,0.325,5,30
454,22,CLF,78,1,134,21,136,8,4,3,0.1,0.325,5,30
455,22,ORD,19,0,22,21,24,8,4,3,0.1,0.325,5,30
456,22,CLF,76,3,132,21,136,8,4,3,0.1,0.325,5,30
457,22,ORD,19,0,19,21,23,8,4,3,0.1,0.325,5,30
458,22,CLF,71,1,133,21,136,8,4,3,0.1,0.325,5,30
459,22,ORD,21,0,24,21,27,8,4,3,0.1,0.325,5,30
460,25,CLF,73,5,133,26,136,8,4,3,0.1,0.325,5,30
461,25,ORD,20,0,21,26,24,8,4,3,0.1,0.325,5,30
462,25,CLF,75,7,134,26,136,8,4,3,0.1,0.325,5,30
463,25,ORD,21,0,21,26,23,8,4,3,0.1,0.325,5,30
464,25,CLF,67,2,124,26,136,8,4,3,0.1,0.325,5,30
465,25,ORD,25,0,28,26,40,8,4,3,0.1,0.325,5,30
466,25,CLF,65,1,127,26,136,8,4,3,0.1,0.325,5,30
467,25,ORD,24,0,26,26,35,8,4,3,0.1,0.325,5,30
468,25,CLF,73,3,128,26,136,8,4,3,0.1,0.325,5,30
469,25,ORD,21,0,21,26,29,8,4,3,0.1,0.325,5,30
470,28,CLF,52,1,110,32,136,8,4,3,0.1,0.325,5,30
471,28,ORD,27,0,30,32,56,8,4,3,0.1,0.325,5,30
472,28,CLF,61,9,130,32,136,8,4,3,0.1,0.325,5,30
473,28,ORD,19,0,22,32,28,8,4,3,0.1,0.325,5,30
474,28,CLF,68,5,125,32,136,8,4,3,0.1,0.325,5,30
475,28,ORD,26,0,27,32,38,8,4,3,0.1,0.325,5,30
476,28,CLF,51,3,110,32,136,8,4,3,0.1,0.325,5,30
477,28,ORD,35,0,35,32,61,8,4,3,0.1,0.325,5,30
478,28,CLF,68,7,128,32,136,8,4,3,0.1,0.325,5,30
479,28,ORD,35,0,36,32,44,8,4,3,0.1,0.325,5,30
480,10,CLF,56,32,148,3,148,8,5,3,0.1,0.55,5,30
481,10,ORD,5,0,5,3,5,8,5,3,0.1,0.55,5,30
482,10,CLF,62,31,146,3,149,8,5,3,0.1,0.55,5,30
483,10,ORD,3,0,3,3,6,8,5,3,0.1,0.55,5,30
484,10,CLF,54,34,145,3,146,8,5,3,0.1,0.55,5,30
485,10,ORD,3,1,4,3,5,8,5,3,0.1,0.55,5,30
486,10,CLF,64,22,143,3,145,8,5,3,0.1,0.55,5,30
487,10,ORD,6,0,7,3,9,8,5,3,0.1,0.55,5,30
488,10,CLF,49,34,147,3,147,8,5,3,0.1,0.55,5,30
489,10,ORD,3,0,4,3,4,8,5,3,0.1,0.55,5,30
490,13,CLF,62,22,138,4,141,8,5,3,0.1,0.55,5,30
491,13,ORD,4,0,5,4,8,8,5,3,0.1,0.55,5,30
492,13,CLF,53,30,138,4,139,8,5,3,0.1,0.55,5,30
493,13,ORD,7,0,7,4,8,8,5,3,0.1,0.55,5,30
494,13,CLF,55,34,142,4,143,8,5,3,0.1,0.55,5,30
495,13,ORD,3,1,5,4,6,8,5,3,0.1,0.55,5,30
496,13,CLF,63,29,142,4,142,8,5,3,0.1,0.55,5,30
497,13,ORD,3,1,4,4,4,8,5,3,0.1,0.55,5,30
498,13,CLF,54,34,137,4,140,8,5,3,0.1,0.55,5,30
499,13,ORD,4,0,4,4,7,8,5,3,0.1,0.55,5,30
500,16,CLF,51,35,133,8,136,8,5,3,0.1,0.55,5,30
501,16,ORD,4,1,5,8,8,8,5,3,0.1,0.55,5,30
502,16,CLF,61,18,132,8,136,8,5,3,0.1,0.55,5,30
503,16,ORD,12,0,12,8,16,8,5,3,0.1,0.55,5,30
504,16,CLF,56,25,134,8,136,8,5,3,0.1,0.55,5,30
505,16,ORD,11,0,12,8,14,8,5,3,0.1,0.55,5,30
506,16,CLF,60,25,132,8,136,8,5,3,0.1,0.55,5,30
507,16,ORD,4,1,5,8,9,8,5,3,0.1,0.55,5,30
508,16,CLF,39,35,136,8,136,8,5,3,0.1,0.55,5,30
509,16,ORD,7,1,9,8,9,8,5,3,0.1,0.55,5,30
510,19,CLF,55,17,127,14,136,8,5,3,0.1,0.55,5,30
511,19,ORD,9,0,10,14,19,8,5,3,0.1,0.55,5,30
512,19,CLF,56,25,131,14,136,8,5,3,0.1,0.55,5,30
513,19,ORD,8,0,9,14,14,8,5,3,0.1,0.55,5,30
514,19,CLF,56,17,128,14,136,8,5,3,0.1,0.55,5,30
515,19,ORD,14,0,15,14,23,8,5,3,0.1,0.55,5,30
516,19,CLF,63,19,131,14,136,8,5,3,0.1,0.55,5,30
517,19,ORD,6,1,7,14,12,8,5,3,0.1,0.55,5,30
518,19,CLF,71,7,131,14,136,8,5,3,0.1,0.55,5,30
519,19,ORD,10,0,11,14,16,8,5,3,0.1,0.55,5,30
520,22,CLF,65,17,129,17,136,8,5,3,0.1,0.55,5,30
521,22,ORD,15,0,15,17,22,8,5,3,0.1,0.55,5,30
522,22,CLF,65,14,136,17,138,8,5,3,0.1,0.55,5,30
523,22,ORD,10,0,11,17,13,8,5,3,0.1,0.55,5,30
524,22,CLF,68,10,131,17,137,8,5,3,0.1,0.55,5,30
525,22,ORD,11,0,11,17,17,8,5,3,0.1,0.55,5,30
526,22,CLF,66,17,130,17,137,8,5,3,0.1,0.55,5,30
527,22,ORD,16,0,16,17,23,8,5,3,0.1,0.55,5,30
528,22,CLF,55,20,123,17,137,8,5,3,0.1,0.55,5,30
529,22,ORD,9,0,10,17,24,8,5,3,0.1,0.55,5,30
530,25,CLF,68,14,129,23,136,8,5,3,0.1,0.55,5,30
531,25,ORD,28,2,31,23,38,8,5,3,0.1,0.55,5,30
532,25,CLF,65,15,133,23,136,8,5,3,0.1,0.55,5,30
533,25,ORD,24,1,27,23,30,8,5,3,0.1,0.55,5,30
534,25,CLF,53,20,128,23,136,8,5,3,0.1,0.55,5,30
535,25,ORD,17,1,20,23,28,8,5,3,0.1,0.55,5,30
536,25,CLF,59,24,130,23,136,8,5,3,0.1,0.55,5,30
537,25,ORD,17,1,18,23,24,8,5,3,0.1,0.55,5,30
538,25,CLF,82,0,134,23,136,8,5,3,0.1,0.55,5,30
539,25,ORD,26,0,26,23,28,8,5,3,0.1,0.55,5,30
540,28,CLF,58,17,125,32,136,8,5,3,0.1,0.55,5,30
541,28,ORD,32,0,32,32,43,8,5,3,0.1,0.55,5,30
542,28,CLF,69,12,131,32,136,8,5,3,0.1,0.55,5,30
543,28,ORD,39,4,50,32,55,8,5,3,0.1,0.55,5,30
544,28,CLF,47,23,125,32,136,8,5,3,0.1,0.55,5,30
545,28,ORD,25,10,44,32,55,8,5,3,0.1,0.55,5,30
546,28,CLF,58,20,127,32,136,8,5,3,0.1,0.55,5,30
547,28,ORD,35,5,46,32,55,8,5,3,0.1,0.55,5,30
548,28,CLF,56,12,125,32,136,8,5,3,0.1,0.55,5,30
549,28,ORD,20,0,23,32,34,8,5,3,0.1,0.55,5,30
550,4,CLF,55,27,168,1,168,8,5,3,0.1,0.55,5,30
551,4,ORD,1,0,1,1,1,8,5,3,0.1,0.55,5,30
552,4,CLF,51,30,170,1,170,8,5,3,0.1,0.55,5,30
553,4,ORD,1,0,1,1,1,8,5,3,0.1,0.55,5,30
554,4,CLF,59,16,163,1,164,8,5,3,0.1,0.55,5,30
555,4,ORD,1,0,1,1,2,8,5,3,0.1,0.55,5,30
556,4,CLF,51,32,173,1,173,8,5,3,0.1,0.55,5,30
557,4,ORD,1,0,1,1,1,8,5,3,0.1,0.55,5,30
558,4,CLF,50,32,172,1,173,8,5,3,0.1,0.55,5,30
559,4,ORD,0,0,0,1,1,8,5,3,0.1,0.55,5,30
560,7,CLF,50,20,148,2,148,8,5,3,0.1,0.55,5,30
561,7,ORD,0,0,0,2,0,8,5,3,0.1,0.55,5,30
562,7,CLF,51,23,154,2,154,8,5,3,0.1,0.55,5,30
563,7,ORD,0,0,0,2,0,8,5,3,0.1,0.55,5,30
564,7,CLF,40,33,152,2,152,8,5,3,0.1,0.55,5,30
565,7,ORD,0,0,0,2,0,8,5,3,0.1,0.55,5,30
566,7,CLF,46,17,146,2,148,8,5,3,0.1,0.55,5,30
567,7,ORD,0,0,0,2,2,8,5,3,0.1,0.55,5,30
568,7,CLF,44,26,148,2,149,8,5,3,0.1,0.55,5,30
569,7,ORD,0,0,0,2,1,8,5,3,0.1,0.55,5,30
570,10,CLF,46,20,143,3,143,8,5,3,0.1,0.55,5,30
571,10,ORD,2,0,2,3,2,8,5,3,0.1,0.55,5,30
572,10,CLF,51,12,139,3,141,8,5,3,0.1,0.55,5,30
573,10,ORD,0,0,0,3,2,8,5,3,0.1,0.55,5,30
574,10,CLF,54,12,142,3,142,8,5,3,0.1,0.55,5,30
575,10,ORD,3,0,3,3,3,8,5,3,0.1,0.55,5,30
576,10,CLF,40,22,142,3,144,8,5,3,0.1,0.55,5,30
577,10,ORD,1,0,1,3,3,8,5,3,0.1,0.55,5,30
578,10,CLF,47,21,146,3,146,8,5,3,0.1,0.55,5,30
579,10,ORD,0,0,0,3,0,8,5,3,0.1,0.55,5,30
580,13,CLF,35,28,137,4,139,8,5,3,0.1,0.55,5,30
581,13,ORD,0,0,0,4,2,8,5,3,0.1,0.55,5,30
582,13,CLF,43,16,137,4,138,8,5,3,0.1,0.55,5,30
583,13,ORD,0,0,0,4,1,8,5,3,0.1,0.55,5,30
584,13,CLF,45,16,134,4,137,8,5,3,0.1,0.55,5,30
585,13,ORD,1,0,1,4,4,8,5,3,0.1,0.55,5,30
586,13,CLF,50,13,136,4,138,8,5,3,0.1,0.55,5,30
587,13,ORD,1,0,1,4,3,8,5,3,0.1,0.55,5,30
588,13,CLF,49,12,135,4,137,8,5,3,0.1,0.55,5,30
589,13,ORD,2,0,2,4,4,8,5,3,0.1,0.55,5,30
590,16,CLF,51,9,134,8,137,8,5,3,0.1,0.55,5,30
591,16,ORD,4,0,4,8,7,8,5,3,0.1,0.55,5,30
592,16,CLF,40,20,137,8,137,8,5,3,0.1,0.55,5,30
593,16,ORD,0,0,0,8,0,8,5,3,0.1,0.55,5,30
594,16,CLF,46,15,134,8,136,8,5,3,0.1,0.55,5,30
595,16,ORD,1,0,1,8,3,8,5,3,0.1,0.55,5,30
596,16,CLF,46,10,134,8,138,8,5,3,0.1,0.55,5,30
597,16,ORD,1,0,1,8,5,8,5,3,0.1,0.55,5,30
598,16,CLF,54,6,133,8,137,8,5,3,0.1,0.55,5,30
599,16,ORD,2,0,2,8,6,8,5,3,0.1,0.55,5,30
600,19,CLF,53,10,137,10,137,8,5,3,0.1,0.55,5,30
601,19,ORD,3,0,3,10,3,8,5,3,0.1,0.55,5,30
602,19,CLF,51,12,136,10,136,8,5,3,0.1,0.55,5,30
603,19,ORD,3,0,3,10,3,8,5,3,0.1,0.55,5,30
604,19,CLF,49,6,130,10,138,8,5,3,0.1,0.55,5,30
605,19,ORD,1,0,1,10,9,8,5,3,0.1,0.55,5,30
606,19,CLF,49,10,135,10,139,8,5,3,0.1,0.55,5,30
607,19,ORD,0,0,0,10,4,8,5,3,0.1,0.55,5,30
608,19,CLF,52,9,133,10,136,8,5,3,0.1,0.55,5,30
609,19,ORD,2,0,2,10,5,8,5,3,0.1,0.55,5,30
610,22,CLF,56,3,132,15,136,8,5,3,0.1,0.55,5,30
611,22,ORD,5,0,6,15,10,8,5,3,0.1,0.55,5,30
612,22,CLF,60,0,133,15,136,8,5,3,0.1,0.55,5,30
613,22,ORD,9,0,10,15,13,8,5,3,0.1,0.55,5,30
614,22,CLF,45,4,131,15,137,8,5,3,0.1,0.55,5,30
615,22,ORD,6,0,6,15,12,8,5,3,0.1,0.55,5,30
616,22,CLF,58,0,130,15,136,8,5,3,0.1,0.55,5,30
617,22,ORD,11,0,11,15,17,8,5,3,0.1,0.55,5,30
618,22,CLF,64,0,136,15,136,8,5,3,0.1,0.55,5,30
619,22,ORD,11,0,12,15,12,8,5,3,0.1,0.55,5,30
620,25,CLF,56,2,130,20,136,8,5,3,0.1,0.55,5,30
621,25,ORD,11,0,13,20,19,8,5,3,0.1,0.55,5,30
622,25,CLF,50,1,124,20,136,8,5,3,0.1,0.55,5,30
623,25,ORD,17,0,18,20,30,8,5,3,0.1,0.55,5,30
624,25,CLF,57,3,133,20,136,8,5,3,0.1,0.55,5,30
625,25,ORD,10,0,14,20,17,8,5,3,0.1,0.55,5,30
626,25,CLF,50,2,124,20,136,8,5,3,0.1,0.55,5,30
627,25,ORD,6,0,9,20,21,8,5,3,0.1,0.55,5,30
628,25,CLF,49,5,130,20,136,8,5,3,0.1,0.55,5,30
629,25,ORD,10,0,11,20,17,8,5,3,0.1,0.55,5,30
630,28,CLF,43,1,133,25,137,8,5,3,0.1,0.55,5,30
631,28,ORD,10,0,15,25,19,8,5,3,0.1,0.55,5,30
632,28,CLF,56,1,130,25,136,8,5,3,0.1,0.55,5,30
633,28,ORD,12,0,15,25,21,8,5,3,0.1,0.55,5,30
634,28,CLF,47,5,128,25,136,8,5,3,0.1,0.55,5,30
635,28,ORD,11,0,13,25,21,8,5,3,0.1,0.55,5,30
636,28,CLF,55,1,130,25,138,8,5,3,0.1,0.55,5,30
637,28,ORD,15,0,16,25,24,8,5,3,0.1,0.55,5,30
638,28,CLF,51,5,128,25,136,8,5,3,0.1,0.55,5,30
639,28,ORD,9,0,13,25,21,8,5,3,0.1,0.55,5,30
640,4,CLF,17,79,165,1,165,8,4,3,0.1,0.55,5,30
641,4,ORD,0,1,1,1,1,8,4,3,0.1,0.55,5,30
642,4,CLF,38,68,172,1,173,8,4,3,0.1,0.55,5,30
643,4,ORD,0,0,0,1,1,8,4,3,0.1,0.55,5,30
644,4,CLF,38,69,171,1,171,8,4,3,0.1,0.55,5,30
645,4,ORD,0,1,1,1,1,8,4,3,0.1,0.55,5,30
646,4,CLF,32,73,163,1,163,8,4,3,0.1,0.55,5,30
647,4,ORD,0,0,0,1,0,8,4,3,0.1,0.55,5,30
648,4,CLF,21,81,168,1,168,8,4,3,0.1,0.55,5,30
649,4,ORD,0,0,0,1,0,8,4,3,0.1,0.55,5,30
650,7,CLF,41,42,144,3,147,8,4,3,0.1,0.55,5,30
651,7,ORD,0,0,0,3,3,8,4,3,0.1,0.55,5,30
652,7,CLF,35,59,158,3,158,8,4,3,0.1,0.55,5,30
653,7,ORD,0,1,1,3,1,8,4,3,0.1,0.55,5,30
654,7,CLF,41,48,152,3,153,8,4,3,0.1,0.55,5,30
655,7,ORD,0,0,0,3,1,8,4,3,0.1,0.55,5,30
656,7,CLF,37,47,145,3,146,8,4,3,0.1,0.55,5,30
657,7,ORD,0,0,0,3,1,8,4,3,0.1,0.55,5,30
658,7,CLF,7,74,151,3,151,8,4,3,0.1,0.55,5,30
659,7,ORD,0,0,0,3,0,8,4,3,0.1,0.55,5,30
660,10,CLF,18,61,136,6,137,8,4,3,0.1,0.55,5,30
661,10,ORD,0,1,1,6,2,8,4,3,0.1,0.55,5,30
662,10,CLF,36,39,132,6,138,8,4,3,0.1,0.55,5,30
663,10,ORD,0,0,0,6,6,8,4,3,0.1,0.55,5,30
664,10,CLF,45,42,139,6,140,8,4,3,0.1,0.55,5,30
665,10,ORD,0,0,0,6,1,8,4,3,0.1,0.55,5,30
666,10,CLF,37,46,134,6,140,8,4,3,0.1,0.55,5,30
667,10,ORD,0,0,0,6,6,8,4,3,0.1,0.55,5,30
668,10,CLF,31,49,138,6,139,8,4,3,0.1,0.55,5,30
669,10,ORD,0,1,1,6,2,8,4,3,0.1,0.55,5,30
670,13,CLF,37,41,136,9,137,8,4,3,0.1,0.55,5,30
671,13,ORD,1,1,2,9,3,8,4,3,0.1,0.55,5,30
672,13,CLF,20,60,138,9,138,8,4,3,0.1,0.55,5,30
673,13,ORD,0,3,4,9,4,8,4,3,0.1,0.55,5,30
674,13,CLF,33,42,137,9,138,8,4,3,0.1,0.55,5,30
675,13,ORD,1,1,2,9,3,8,4,3,0.1,0.55,5,30
676,13,CLF,30,46,134,9,136,8,4,3,0.1,0.55,5,30
677,13,ORD,0,1,1,9,3,8,4,3,0.1,0.55,5,30
678,13,CLF,33,55,135,9,136,8,4,3,0.1,0.55,5,30
679,13,ORD,0,1,1,9,2,8,4,3,0.1,0.55,5,30
680,16,CLF,21,54,136,13,137,8,4,3,0.1,0.55,5,30
681,16,ORD,1,3,5,13,6,8,4,3,0.1,0.55,5,30
682,16,CLF,30,48,133,13,136,8,4,3,0.1,0.55,5,30
683,16,ORD,0,4,5,13,8,8,4,3,0.1,0.55,5,30
684,16,CLF,35,42,132,13,137,8,4,3,0.1,0.55,5,30
685,16,ORD,1,2,4,13,9,8,4,3,0.1,0.55,5,30
686,16,CLF,35,48,137,13,138,8,4,3,0.1,0.55,5,30
687,16,ORD,2,6,9,13,10,8,4,3,0.1,0.55,5,30
688,16,CLF,34,43,132,13,137,8,4,3,0.1,0.55,5,30
689,16,ORD,0,2,3,13,8,8,4,3,0.1,0.55,5,30
690,19,CLF,49,26,128,18,136,8,4,3,0.1,0.55,5,30
691,19,ORD,6,7,18,18,26,8,4,3,0.1,0.55,5,30
692,19,CLF,41,28,129,18,137,8,4,3,0.1,0.55,5,30
693,19,ORD,5,7,20,18,28,8,4,3,0.1,0.55,5,30
694,19,CLF,43,38,130,18,136,8,4,3,0.1,0.55,5,30
695,19,ORD,11,11,27,18,33,8,4,3,0.1,0.55,5,30
696,19,CLF,56,19,124,18,137,8,4,3,0.1,0.55,5,30
697,19,ORD,7,3,12,18,25,8,4,3,0.1,0.55,5,30
698,19,CLF,44,35,128,18,137,8,4,3,0.1,0.55,5,30
699,19,ORD,11,9,26,18,35,8,4,3,0.1,0.55,5,30
700,22,CLF,45,30,128,23,136,8,4,3,0.1,0.55,5,30
701,22,ORD,8,17,37,23,45,8,4,3,0.1,0.55,5,30
702,22,CLF,58,21,128,23,136,8,4,3,0.1,0.55,5,30
703,22,ORD,14,14,40,23,49,8,4,3,0.1,0.55,5,30
704,22,CLF,59,25,131,23,136,8,4,3,0.1,0.55,5,30
705,22,ORD,13,2,29,23,34,8,4,3,0.1,0.55,5,30
706,22,CLF,57,27,131,23,136,8,4,3,0.1,0.55,5,30
707,22,ORD,8,18,40,23,45,8,4,3,0.1,0.55,5,30
708,22,CLF,55,26,131,23,136,8,4,3,0.1,0.55,5,30
709,22,ORD,9,10,33,23,38,8,4,3,0.1,0.55,5,30
710,25,CLF,44,26,119,28,136,8,4,3,0.1,0.55,5,30
711,25,ORD,26,31,83,28,100,8,4,3,0.1,0.55,5,30
712,25,CLF,51,20,124,28,136,8,4,3,0.1,0.55,5,30
713,25,ORD,23,34,87,28,99,8,4,3,0.1,0.55,5,30
714,25,CLF,47,26,134,28,136,8,4,3,0.1,0.55,5,30
715,25,ORD,21,36,94,28,96,8,4,3,0.1,0.55,5,30
716,25,CLF,48,29,130,28,136,8,4,3,0.1,0.55,5,30
717,25,ORD,22,37,88,28,96,8,4,3,0.1,0.55,5,30
718,25,CLF,62,16,127,28,136,8,4,3,0.1,0.55,5,30
719,25,ORD,34,22,74,28,83,8,4,3,0.1,0.55,5,30
720,7,CLF,59,24,142,2,142,8,5,3,0.1,0.775,5,30
721,7,ORD,0,0,0,2,0,8,5,3,0.1,0.775,5,30
722,7,CLF,55,32,147,2,147,8,5,3,0.1,0.775,5,30
723,7,ORD,0,0,0,2,0,8,5,3,0.1,0.775,5,30
724,7,CLF,61,30,140,2,141,8,5,3,0.1,0.775,5,30
725,7,ORD,0,0,0,2,1,8,5,3,0.1,0.775,5,30
726,7,CLF,50,40,140,2,141,8,5,3,0.1,0.775,5,30
727,7,ORD,0,0,0,2,1,8,5,3,0.1,0.775,5,30
728,7,CLF,47,38,142,2,142,8,5,3,0.1,0.775,5,30
729,7,ORD,0,0,0,2,0,8,5,3,0.1,0.775,5,30
730,10,CLF,57,20,139,3,139,8,5,3,0.1,0.775,5,30
731,10,ORD,0,0,0,3,0,8,5,3,0.1,0.775,5,30
732,10,CLF,45,41,136,3,138,8,5,3,0.1,0.775,5,30
733,10,ORD,0,0,0,3,2,8,5,3,0.1,0.775,5,30
734,10,CLF,45,38,136,3,138,8,5,3,0.1,0.775,5,30
735,10,ORD,0,0,0,3,2,8,5,3,0.1,0.775,5,30
736,10,CLF,50,29,139,3,139,8,5,3,0.1,0.775,5,30
737,10,ORD,0,0,0,3,0,8,5,3,0.1,0.775,5,30
738,10,CLF,68,24,139,3,139,8,5,3,0.1,0.775,5,30
739,10,ORD,0,0,0,3,0,8,5,3,0.1,0.775,5,30
740,13,CLF,70,14,131,7,136,8,5,3,0.1,0.775,5,30
741,13,ORD,3,1,4,7,9,8,5,3,0.1,0.775,5,30
742,13,CLF,62,16,131,7,136,8,5,3,0.1,0.775,5,30
743,13,ORD,3,2,5,7,10,8,5,3,0.1,0.775,5,30
744,13,CLF,71,17,134,7,136,8,5,3,0.1,0.775,5,30
745,13,ORD,1,2,3,7,5,8,5,3,0.1,0.775,5,30
746,13,CLF,64,18,135,7,136,8,5,3,0.1,0.775,5,30
747,13,ORD,1,1,2,7,3,8,5,3,0.1,0.775,5,30
748,13,CLF,71,13,133,7,136,8,5,3,0.1,0.775,5,30
749,13,ORD,2,1,3,7,6,8,5,3,0.1,0.775,5,30
750,16,CLF,69,3,133,11,136,8,5,3,0.1,0.775,5,30
751,16,ORD,5,0,5,11,8,8,5,3,0.1,0.775,5,30
752,16,CLF,71,7,131,11,136,8,5,3,0.1,0.775,5,30
753,16,ORD,5,0,6,11,11,8,5,3,0.1,0.775,5,30
754,16,CLF,58,17,134,11,136,8,5,3,0.1,0.775,5,30
755,16,ORD,4,2,8,11,10,8,5,3,0.1,0.775,5,30
756,16,CLF,70,18,135,11,136,8,5,3,0.1,0.775,5,30
757,16,ORD,6,4,11,11,12,8,5,3,0.1,0.775,5,30
758,16,CLF,59,6,133,11,136,8,5,3,0.1,0.775,5,30
759,16,ORD,6,0,6,11,9,8,5,3,0.1,0.775,5,30
760,19,CLF,57,21,131,14,136,8,5,3,0.1,0.775,5,30
761,19,ORD,9,3,13,14,18,8,5,3,0.1,0.775,5,30
762,19,CLF,68,18,133,14,136,8,5,3,0.1,0.775,5,30
763,19,ORD,10,4,15,14,18,8,5,3,0.1,0.775,5,30
764,19,CLF,58,6,131,14,136,8,5,3,0.1,0.775,5,30
765,19,ORD,5,0,6,14,11,8,5,3,0.1,0.775,5,30
766,19,CLF,69,3,129,14,136,8,5,3,0.1,0.775,5,30
767,19,ORD,4,0,4,14,11,8,5,3,0.1,0.775,5,30
768,19,CLF,68,17,131,14,136,8,5,3,0.1,0.775,5,30
769,19,ORD,7,4,12,14,17,8,5,3,0.1,0.775,5,30
770,22,CLF,62,14,129,17,136,8,5,3,0.1,0.775,5,30
771,22,ORD,7,4,12,17,19,8,5,3,0.1,0.775,5,30
772,22,CLF,61,1,122,17,136,8,5,3,0.1,0.775,5,30
773,22,ORD,13,0,18,17,32,8,5,3,0.1,0.775,5,30
774,22,CLF,62,18,130,17,136,8,5,3,0.1,0.775,5,30
775,22,ORD,15,2,18,17,24,8,5,3,0.1,0.775,5,30
776,22,CLF,69,14,132,17,136,8,5,3,0.1,0.775,5,30
777,22,ORD,9,3,13,17,17,8,5,3,0.1,0.775,5,30
778,22,CLF,70,1,132,17,136,8,5,3,0.1,0.775,5,30
779,22,ORD,8,0,12,17,16,8,5,3,0.1,0.775,5,30
780,25,CLF,52,14,125,23,136,8,5,3,0.1,0.775,5,30
781,25,ORD,17,2,20,23,31,8,5,3,0.1,0.775,5,30
782,25,CLF,52,0,127,23,136,8,5,3,0.1,0.775,5,30
783,25,ORD,12,0,14,23,23,8,5,3,0.1,0.775,5,30
784,25,CLF,63,19,131,23,136,8,5,3,0.1,0.775,5,30
785,25,ORD,25,5,32,23,37,8,5,3,0.1,0.775,5,30
786,25,CLF,62,5,122,23,136,8,5,3,0.1,0.775,5,30
787,25,ORD,22,0,23,23,37,8,5,3,0.1,0.775,5,30
788,25,CLF,54,0,129,23,136,8,5,3,0.1,0.775,5,30
789,25,ORD,20,0,21,23,28,8,5,3,0.1,0.775,5,30
790,4,CLF,57,36,162,1,162,8,5,3,0.1,0.775,5,30
791,4,ORD,1,0,1,1,1,8,5,3,0.1,0.775,5,30
792,4,CLF,57,41,179,1,179,8,5,3,0.1,0.775,5,30
793,4,ORD,0,0,0,1,0,8,5,3,0.1,0.775,5,30
794,4,CLF,52,53,178,1,178,8,5,3,0.1,0.775,5,30
795,4,ORD,0,0,0,1,0,8,5,3,0.1,0.775,5,30
796,4,CLF,60,49,175,1,175,8,5,3,0.1,0.775,5,30
797,4,ORD,0,0,0,1,0,8,5,3,0.1,0.775,5,30
798,4,CLF,67,34,177,1,177,8,5,3,0.1,0.775,5,30
799,4,ORD,1,0,1,1,1,8,5,3,0.1,0.775,5,30
800,7,CLF,54,29,156,2,156,8,5,3,0.1,0.775,5,30
801,7,ORD,0,0,0,2,0,8,5,3,0.1,0.775,5,30
802,7,CLF,52,37,152,2,152,8,5,3,0.1,0.775,5,30
803,7,ORD,0,0,0,2,0,8,5,3,0.1,0.775,5,30
804,7,CLF,52,36,146,2,148,8,5,3,0.1,0.775,5,30
805,7,ORD,0,0,0,2,2,8,5,3,0.1,0.775,5,30
806,7,CLF,49,42,154,2,154,8,5,3,0.1,0.775,5,30
807,7,ORD,0,0,0,2,0,8,5,3,0.1,0.775,5,30
808,7,CLF,57,43,158,2,158,8,5,3,0.1,0.775,5,30
809,7,ORD,0,0,0,2,0,8,5,3,0.1,0.775,5,30
810,10,CLF,57,22,141,3,143,8,5,3,0.1,0.775,5,30
811,10,ORD,1,0,1,3,3,8,5,3,0.1,0.775,5,30
812,10,CLF,53,32,148,3,148,8,5,3,0.1,0.775,5,30
813,10,ORD,0,0,0,3,0,8,5,3,0.1,0.775,5,30
814,10,CLF,56,26,145,3,146,8,5,3,0.1,0.775,5,30
815,10,ORD,0,0,0,3,1,8,5,3,0.1,0.775,5,30
816,10,CLF,53,34,150,3,150,8,5,3,0.1,0.775,5,30
817,10,ORD,1,0,1,3,1,8,5,3,0.1,0.775,5,30
818,10,CLF,59,32,148,3,148,8,5,3,0.1,0.775,5,30
819,10,ORD,1,0,1,3,1,8,5,3,0.1,0.775,5,30
820,13,CLF,60,17,133,6,139,8,5,3,0.1,0.775,5,30
821,13,ORD,4,0,4,6,10,8,5,3,0.1,0.775,5,30
822,13,CLF,59,24,140,6,140,8,5,3,0.1,0.775,5,30
823,13,ORD,7,0,7,6,7,8,5,3,0.1,0.775,5,30
824,13,CLF,40,20,140,6,140,8,5,3,0.1,0.775,5,30
825,13,ORD,6,0,6,6,6,8,5,3,0.1,0.775,5,30
826,13,CLF,64,12,138,6,139,8,5,3,0.1,0.775,5,30
827,13,ORD,10,0,10,6,11,8,5,3,0.1,0.775,5,30
828,13,CLF,59,11,137,6,138,8,5,3,0.1,0.775,5,30
829,13,ORD,8,0,8,6,9,8,5,3,0.1,0.775,5,30
830,16,CLF,61,12,134,11,139,8,5,3,0.1,0.775,5,30
831,16,ORD,9,0,9,11,14,8,5,3,0.1,0.775,5,30
832,16,CLF,48,29,139,11,139,8,5,3,0.1,0.775,5,30
833,16,ORD,6,0,6,11,6,8,5,3,0.1,0.775,5,30
834,16,CLF,58,12,131,11,138,8,5,3,0.1,0.775,5,30
835,16,ORD,5,0,5,11,12,8,5,3,0.1,0.775,5,30
836,16,CLF,49,18,133,11,140,8,5,3,0.1,0.775,5,30
837,16,ORD,9,0,9,11,16,8,5,3,0.1,0.775,5,30
838,16,CLF,59,15,134,11,139,8,5,3,0.1,0.775,5,30
839,16,ORD,8,0,8,11,13,8,5,3,0.1,0.775,5,30
840,19,CLF,53,8,128,15,136,8,5,3,0.1,0.775,5,30
841,19,ORD,13,0,13,15,21,8,5,3,0.1,0.775,5,30
842,19,CLF,50,26,131,15,136,8,5,3,0.1,0.775,5,30
843,19,ORD,12,0,12,15,17,8,5,3,0.1,0.775,5,30
844,19,CLF,54,15,136,15,136,8,5,3,0.1,0.775,5,30
845,19,ORD,12,0,12,15,12,8,5,3,0.1,0.775,5,30
846,19,CLF,66,0,131,15,136,8,5,3,0.1,0.775,5,30
847,19,ORD,13,0,13,15,18,8,5,3,0.1,0.775,5,30
848,19,CLF,54,17,133,15,136,8,5,3,0.1,0.775,5,30
849,19,ORD,9,0,9,15,12,8,5,3,0.1,0.775,5,30
850,22,CLF,43,28,134,19,136,8,5,3,0.1,0.775,5,30
851,22,ORD,12,0,12,19,14,8,5,3,0.1,0.775,5,30
852,22,CLF,49,27,131,19,136,8,5,3,0.1,0.775,5,30
853,22,ORD,10,0,10,19,15,8,5,3,0.1,0.775,5,30
854,22,CLF,52,12,122,19,136,8,5,3,0.1,0.775,5,30
855,22,ORD,6,0,6,19,20,8,5,3,0.1,0.775,5,30
856,22,CLF,45,27,132,19,136,8,5,3,0.1,0.775,5,30
857,22,ORD,11,0,11,19,15,8,5,3,0.1,0.775,5,30
858,22,CLF,49,18,134,19,136,8,5,3,0.1,0.775,5,30
859,22,ORD,9,0,9,19,11,8,5,3,0.1,0.775,5,30
860,25,CLF,52,22,134,24,136,8,5,3,0.1,0.775,5,30
861,25,ORD,19,0,19,24,21,8,5,3,0.1,0.775,5,30
862,25,CLF,49,16,130,24,136,8,5,3,0.1,0.775,5,30
863,25,ORD,16,0,16,24,22,8,5,3,0.1,0.775,5,30
864,25,CLF,53,17,129,24,136,8,5,3,0.1,0.775,5,30
865,25,ORD,13,0,13,24,20,8,5,3,0.1,0.775,5,30
866,25,CLF,46,19,130,24,136,8,5,3,0.1,0.775,5,30
867,25,ORD,12,0,12,24,18,8,5,3,0.1,0.775,5,30
868,25,CLF,50,24,130,24,137,8,5,3,0.1,0.775,5,30
869,25,ORD,16,0,16,24,23,8,5,3,0.1,0.775,5,30
870,28,CLF,46,20,125,29,136,8,5,3,0.1,0.775,5,30
871,28,ORD,11,0,11,29,22,8,5,3,0.1,0.775,5,30
872,28,CLF,49,21,130,29,137,8,5,3,0.1,0.775,5,30
873,28,ORD,15,0,15,29,22,8,5,3,0.1,0.775,5,30
874,28,CLF,53,21,129,29,136,8,5,3,0.1,0.775,5,30
875,28,ORD,12,0,12,29,19,8,5,3,0.1,0.775,5,30
876,28,CLF,49,0,130,29,136,8,5,3,0.1,0.775,5,30
877,28,ORD,15,0,15,29,21,8,5,3,0.1,0.775,5,30
878,28,CLF,49,21,126,29,137,8,5,3,0.1,0.775,5,30
879,28,ORD,12,0,12,29,23,8,5,3,0.1,0.775,5,30
880,4,CLF,72,32,183,1,183,8,5,3,0.1,0.775,5,30
881,4,ORD,0,0,0,1,0,8,5,3,0.1,0.775,5,30
882,4,CLF,80,40,188,1,188,8,5,3,0.1,0.775,5,30
883,4,ORD,0,0,0,1,0,8,5,3,0.1,0.775,5,30
884,4,CLF,73,34,180,1,180,8,5,3,0.1,0.775,5,30
885,4,ORD,0,0,0,1,0,8,5,3,0.1,0.775,5,30
886,4,CLF,74,41,181,1,181,8,5,3,0.1,0.775,5,30
887,4,ORD,0,0,0,1,0,8,5,3,0.1,0.775,5,30
888,4,CLF,64,43,173,1,173,8,5,3,0.1,0.775,5,30
889,4,ORD,1,0,1,1,1,8,5,3,0.1,0.775,5,30
890,7,CLF,82,18,177,3,177,8,5,3,0.1,0.775,5,30
891,7,ORD,4,0,6,3,6,8,5,3,0.1,0.775,5,30
892,7,CLF,77,20,170,3,171,8,5,3,0.1,0.775,5,30
893,7,ORD,2,0,2,3,3,8,5,3,0.1,0.775,5,30
894,7,CLF,74,24,172,3,173,8,5,3,0.1,0.775,5,30
895,7,ORD,1,0,2,3,3,8,5,3,0.1,0.775,5,30
896,7,CLF,67,32,188,3,188,8,5,3,0.1,0.775,5,30
897,7,ORD,5,0,6,3,6,8,5,3,0.1,0.775,5,30
898,7,CLF,81,20,180,3,183,8,5,3,0.1,0.775,5,30
899,7,ORD,2,0,2,3,5,8,5,3,0.1,0.775,5,30
900,10,CLF,80,7,161,5,163,8,5,3,0.1,0.775,5,30
901,10,ORD,3,0,3,5,5,8,5,3,0.1,0.775,5,30
902,10,CLF,68,15,159,5,160,8,5,3,0.1,0.775,5,30
903,10,ORD,3,0,3,5,4,8,5,3,0.1,0.775,5,30
904,10,CLF,73,28,169,5,169,8,5,3,0.1,0.775,5,30
905,10,ORD,4,0,4,5,4,8,5,3,0.1,0.775,5,30
906,10,CLF,65,30,163,5,168,8,5,3,0.1,0.775,5,30
907,10,ORD,2,0,2,5,7,8,5,3,0.1,0.775,5,30
908,10,CLF,72,19,155,5,157,8,5,3,0.1,0.775,5,30
909,10,ORD,3,1,4,5,6,8,5,3,0.1,0.775,5,30
910,13,CLF,65,25,148,7,153,8,5,3,0.1,0.775,5,30
911,13,ORD,1,0,2,7,7,8,5,3,0.1,0.775,5,30
912,13,CLF,63,21,156,7,158,8,5,3,0.1,0.775,5,30
913,13,ORD,3,0,5,7,7,8,5,3,0.1,0.775,5,30
914,13,CLF,70,15,144,7,147,8,5,3,0.1,0.775,5,30
915,13,ORD,6,0,7,7,10,8,5,3,0.1,0.775,5,30
916,13,CLF,68,18,145,7,148,8,5,3,0.1,0.775,5,30
917,13,ORD,4,0,5,7,8,8,5,3,0.1,0.775,5,30
918,13,CLF,73,7,149,7,151,8,5,3,0.1,0.775,5,30
919,13,ORD,8,0,9,7,11,8,5,3,0.1,0.775,5,30
920,16,CLF,61,18,129,11,136,8,5,3,0.1,0.775,5,30
921,16,ORD,4,1,5,11,12,8,5,3,0.1,0.775,5,30
922,16,CLF,75,4,131,11,136,8,5,3,0.1,0.775,5,30
923,16,ORD,2,0,4,11,9,8,5,3,0.1,0.775,5,30
924,16,CLF,75,3,133,11,136,8,5,3,0.1,0.775,5,30
925,16,ORD,2,0,2,11,5,8,5,3,0.1,0.775,5,30
926,16,CLF,74,14,135,11,136,8,5,3,0.1,0.775,5,30
927,16,ORD,13,0,13,11,14,8,5,3,0.1,0.775,5,30
928,16,CLF,66,19,134,11,136,8,5,3,0.1,0.775,5,30
929,16,ORD,7,1,8,11,10,8,5,3,0.1,0.775,5,30
930,19,CLF,63,16,129,15,136,8,5,3,0.1,0.775,5,30
931,19,ORD,8,1,10,15,17,8,5,3,0.1,0.775,5,30
932,19,CLF,57,15,121,15,136,8,5,3,0.1,0.775,5,30
933,19,ORD,4,0,5,15,20,8,5,3,0.1,0.775,5,30
934,19,CLF,72,2,130,15,136,8,5,3,0.1,0.775,5,30
935,19,ORD,8,0,8,15,14,8,5,3,0.1,0.775,5,30
936,19,CLF,71,17,134,15,136,8,5,3,0.1,0.775,5,30
937,19,ORD,9,0,10,15,12,8,5,3,0.1,0.775,5,30
938,19,CLF,78,2,131,15,136,8,5,3,0.1,0.775,5,30
939,19,ORD,12,0,13,15,18,8,5,3,0.1,0.775,5,30
940,22,CLF,79,0,134,21,136,8,5,3,0.1,0.775,5,30
941,22,ORD,14,0,14,21,16,8,5,3,0.1,0.775,5,30
942,22,CLF,56,20,125,21,136,8,5,3,0.1,0.775,5,30
943,22,ORD,5,2,7,21,18,8,5,3,0.1,0.775,5,30
944,22,CLF,64,21,134,21,136,8,5,3,0.1,0.775,5,30
945,22,ORD,13,2,16,21,18,8,5,3,0.1,0.775,5,30
946,22,CLF,65,17,132,21,136,8,5,3,0.1,0.775,5,30
947,22,ORD,7,0,9,21,13,8,5,3,0.1,0.775,5,30
948,22,CLF,71,13,133,21,136,8,5,3,0.1,0.775,5,30
949,22,ORD,16,0,16,21,19,8,5,3,0.1,0.775,5,30
950,25,CLF,59,5,120,26,136,8,5,3,0.1,0.775,5,30
951,25,ORD,13,0,14,26,30,8,5,3,0.1,0.775,5,30
952,25,CLF,70,16,133,26,136,8,5,3,0.1,0.775,5,30
953,25,ORD,17,2,20,26,23,8,5,3,0.1,0.775,5,30
954,25,CLF,72,4,127,26,136,8,5,3,0.1,0.775,5,30
955,25,ORD,20,0,22,26,31,8,5,3,0.1,0.775,5,30
956,25,CLF,56,19,125,26,136,8,5,3,0.1,0.775,5,30
957,25,ORD,14,3,19,26,30,8,5,3,0.1,0.775,5,30
958,25,CLF,66,19,131,26,136,8,5,3,0.1,0.775,5,30
959,25,ORD,9,3,14,26,19,8,5,3,0.1,0.775,5,30
960,28,CLF,56,17,120,32,136,8,5,3,0.1,0.775,5,30
961,28,ORD,13,2,16,32,32,8,5,3,0.1,0.775,5,30
962,28,CLF,72,16,135,32,136,8,5,3,0.1,0.775,5,30
963,28,ORD,18,3,23,32,24,8,5,3,0.1,0.775,5,30
964,28,CLF,53,15,121,32,136,8,5,3,0.1,0.775,5,30
965,28,ORD,14,1,17,32,32,8,5,3,0.1,0.775,5,30
966,28,CLF,48,6,122,32,136,8,5,3,0.1,0.775,5,30
967,28,ORD,11,0,12,32,26,8,5,3,0.1,0.775,5,30
968,28,CLF,62,13,125,32,136,8,5,3,0.1,0.775,5,30
969,28,ORD,16,1,17,32,28,8,5,3,0.1,0.775,5,30
