,budget,model,correct,wrong,total,n_pref_input,n_pref_output,theta_size,theta_additivity,n_items,n_test_subsets,n_tiers,alpha,p,real theta
0,1,CARD,12,10,25,1,65,9,5,5,10,18,0.1,0.7000000000000001,True
1,1,CLF_UNION,39,19,73,1,73,9,5,5,10,18,0.1,0.7000000000000001,True
2,1,ORD-UNION,0,0,0,1,0,9,5,5,10,18,0.1,0.7000000000000001,True
3,1,CARD,17,5,25,1,65,1,1,5,10,18,0.1,0.7000000000000001,False
4,1,CLF_UNION,37,25,75,1,75,1,1,5,10,18,0.1,0.7000000000000001,False
5,1,ORD-UNION,17,5,25,1,25,1,1,5,10,18,0.1,0.7000000000000001,False
6,1,CARD,19,0,21,1,69,1,1,5,10,18,0.1,0.7000000000000001,True
7,1,CLF_UNION,42,23,79,1,79,1,1,5,10,18,0.1,0.7000000000000001,True
8,1,ORD-UNION,19,0,21,1,21,1,1,5,10,18,0.1,0.7000000000000001,True
9,1,CARD,19,0,21,1,69,1,1,5,10,18,0.1,0.7000000000000001,False
10,1,CLF_UNION,42,23,79,1,79,1,1,5,10,18,0.1,0.7000000000000001,False
11,1,ORD-UNION,19,0,21,1,21,1,1,5,10,18,0.1,0.7000000000000001,False
12,1,CARD,15,5,21,1,69,1,1,5,10,18,0.1,0.7000000000000001,True
13,1,CLF_UNION,39,29,79,1,79,1,1,5,10,18,0.1,0.7000000000000001,True
14,1,ORD-UNION,15,5,21,1,21,1,1,5,10,18,0.1,0.7000000000000001,True
15,1,CARD,15,5,21,1,69,1,1,5,10,18,0.1,0.7000000000000001,False
16,1,CLF_UNION,39,29,79,1,79,1,1,5,10,18,0.1,0.7000000000000001,False
17,1,ORD-UNION,15,5,21,1,21,1,1,5,10,18,0.1,0.7000000000000001,False
18,1,CARD,13,5,21,1,69,1,1,5,10,18,0.1,0.7000000000000001,True
19,1,CLF_UNION,36,28,79,1,79,1,1,5,10,18,0.1,0.7000000000000001,True
20,1,ORD-UNION,13,5,21,1,21,1,1,5,10,18,0.1,0.7000000000000001,True
21,1,CARD,13,5,21,1,69,1,1,5,10,18,0.1,0.7000000000000001,False
22,1,CLF_UNION,36,28,79,1,79,1,1,5,10,18,0.1,0.7000000000000001,False
23,1,ORD-UNION,13,5,21,1,21,1,1,5,10,18,0.1,0.7000000000000001,False
24,1,CARD,15,6,21,1,69,1,1,5,10,18,0.1,0.7000000000000001,True
25,1,CLF_UNION,38,29,79,1,79,1,1,5,10,18,0.1,0.7000000000000001,True
26,1,ORD-UNION,15,6,21,1,21,1,1,5,10,18,0.1,0.7000000000000001,True
27,1,CARD,15,6,21,1,69,1,1,5,10,18,0.1,0.7000000000000001,False
28,1,CLF_UNION,38,29,79,1,79,1,1,5,10,18,0.1,0.7000000000000001,False
29,1,ORD-UNION,15,6,21,1,21,1,1,5,10,18,0.1,0.7000000000000001,False
30,2,CARD,19,13,36,3,54,9,5,5,10,18,0.1,0.7000000000000001,True
31,2,CLF_UNION,37,8,59,3,59,9,5,5,10,18,0.1,0.7000000000000001,True
32,2,ORD-UNION,2,0,2,3,2,9,5,5,10,18,0.1,0.7000000000000001,True
33,2,CARD,29,1,33,3,57,2,1,5,10,18,0.1,0.7000000000000001,False
34,2,CLF_UNION,41,22,79,3,79,2,1,5,10,18,0.1,0.7000000000000001,False
35,2,ORD-UNION,29,1,33,3,33,2,1,5,10,18,0.1,0.7000000000000001,False
36,2,CARD,28,5,37,3,53,2,1,5,10,18,0.1,0.7000000000000001,True
37,2,CLF_UNION,39,22,76,3,76,2,1,5,10,18,0.1,0.7000000000000001,True
38,2,ORD-UNION,28,5,37,3,37,2,1,5,10,18,0.1,0.7000000000000001,True
39,2,CARD,28,5,37,3,53,2,1,5,10,18,0.1,0.7000000000000001,False
40,2,CLF_UNION,39,22,76,3,76,2,1,5,10,18,0.1,0.7000000000000001,False
41,2,ORD-UNION,28,5,37,3,37,2,1,5,10,18,0.1,0.7000000000000001,False
42,2,CARD,26,8,35,3,55,2,1,5,10,18,0.1,0.7000000000000001,True
43,2,CLF_UNION,42,23,76,3,76,2,1,5,10,18,0.1,0.7000000000000001,True
44,2,ORD-UNION,26,8,35,3,35,2,1,5,10,18,0.1,0.7000000000000001,True
45,2,CARD,26,8,35,3,55,2,1,5,10,18,0.1,0.7000000000000001,False
46,2,CLF_UNION,42,23,76,3,76,2,1,5,10,18,0.1,0.7000000000000001,False
47,2,ORD-UNION,26,8,35,3,35,2,1,5,10,18,0.1,0.7000000000000001,False
48,2,CARD,27,8,37,3,53,2,1,5,10,18,0.1,0.7000000000000001,True
49,2,CLF_UNION,38,24,75,3,75,2,1,5,10,18,0.1,0.7000000000000001,True
50,2,ORD-UNION,27,8,37,3,37,2,1,5,10,18,0.1,0.7000000000000001,True
51,2,CARD,27,8,37,3,53,2,1,5,10,18,0.1,0.7000000000000001,False
52,2,CLF_UNION,38,24,75,3,75,2,1,5,10,18,0.1,0.7000000000000001,False
53,2,ORD-UNION,27,8,37,3,37,2,1,5,10,18,0.1,0.7000000000000001,False
54,2,CARD,22,10,35,3,54,2,1,5,10,18,0.1,0.7000000000000001,True
55,2,CLF_UNION,34,27,75,3,76,2,1,5,10,18,0.1,0.7000000000000001,True
56,2,ORD-UNION,22,10,35,3,36,2,1,5,10,18,0.1,0.7000000000000001,True
57,2,CARD,22,10,35,3,54,2,1,5,10,18,0.1,0.7000000000000001,False
58,2,CLF_UNION,34,27,75,3,76,2,1,5,10,18,0.1,0.7000000000000001,False
59,2,ORD-UNION,22,10,35,3,36,2,1,5,10,18,0.1,0.7000000000000001,False
60,3,CARD,25,10,36,6,51,9,5,5,10,18,0.1,0.7000000000000001,True
61,3,CLF_UNION,28,20,59,6,62,9,5,5,10,18,0.1,0.7000000000000001,True
62,3,ORD-UNION,4,0,4,6,7,9,5,5,10,18,0.1,0.7000000000000001,True
63,3,CARD,23,11,35,6,52,3,1,5,10,18,0.1,0.7000000000000001,False
64,3,CLF_UNION,36,26,74,6,77,3,1,5,10,18,0.1,0.7000000000000001,False
65,3,ORD-UNION,21,4,25,6,28,3,1,5,10,18,0.1,0.7000000000000001,False
66,3,CARD,33,5,39,6,51,3,1,5,10,18,0.1,0.7000000000000001,True
67,3,CLF_UNION,39,21,73,6,73,3,1,5,10,18,0.1,0.7000000000000001,True
68,3,ORD-UNION,27,4,31,6,31,3,1,5,10,18,0.1,0.7000000000000001,True
69,3,CARD,33,5,39,6,51,3,1,5,10,18,0.1,0.7000000000000001,False
70,3,CLF_UNION,39,21,73,6,73,3,1,5,10,18,0.1,0.7000000000000001,False
71,3,ORD-UNION,27,4,31,6,31,3,1,5,10,18,0.1,0.7000000000000001,False
72,3,CARD,24,12,39,6,51,3,1,5,10,18,0.1,0.7000000000000001,True
73,3,CLF_UNION,35,23,73,6,73,3,1,5,10,18,0.1,0.7000000000000001,True
74,3,ORD-UNION,22,6,30,6,30,3,1,5,10,18,0.1,0.7000000000000001,True
75,3,CARD,24,12,39,6,51,3,1,5,10,18,0.1,0.7000000000000001,False
76,3,CLF_UNION,35,23,73,6,73,3,1,5,10,18,0.1,0.7000000000000001,False
77,3,ORD-UNION,22,6,30,6,30,3,1,5,10,18,0.1,0.7000000000000001,False
78,3,CARD,35,5,40,6,50,3,1,5,10,18,0.1,0.7000000000000001,True
79,3,CLF_UNION,41,18,69,6,69,3,1,5,10,18,0.1,0.7000000000000001,True
80,3,ORD-UNION,32,4,36,6,36,3,1,5,10,18,0.1,0.7000000000000001,True
81,3,CARD,35,5,40,6,50,3,1,5,10,18,0.1,0.7000000000000001,False
82,3,CLF_UNION,41,18,69,6,69,3,1,5,10,18,0.1,0.7000000000000001,False
83,3,ORD-UNION,32,4,36,6,36,3,1,5,10,18,0.1,0.7000000000000001,False
84,3,CARD,26,7,35,6,55,3,1,5,10,18,0.1,0.7000000000000001,True
85,3,CLF_UNION,39,20,73,6,73,3,1,5,10,18,0.1,0.7000000000000001,True
86,3,ORD-UNION,21,5,27,6,27,3,1,5,10,18,0.1,0.7000000000000001,True
87,3,CARD,26,7,35,6,55,3,1,5,10,18,0.1,0.7000000000000001,False
88,3,CLF_UNION,39,20,73,6,73,3,1,5,10,18,0.1,0.7000000000000001,False
89,3,ORD-UNION,21,5,27,6,27,3,1,5,10,18,0.1,0.7000000000000001,False
90,4,CARD,26,9,37,10,53,9,5,5,10,18,0.1,0.7000000000000001,True
91,4,CLF_UNION,33,12,57,10,57,9,5,5,10,18,0.1,0.7000000000000001,True
92,4,ORD-UNION,1,0,1,10,1,9,5,5,10,18,0.1,0.7000000000000001,True
93,4,CARD,31,9,42,10,48,3,1,5,10,18,0.1,0.7000000000000001,False
94,4,CLF_UNION,35,12,59,10,59,3,1,5,10,18,0.1,0.7000000000000001,False
95,4,ORD-UNION,31,8,41,10,41,3,1,5,10,18,0.1,0.7000000000000001,False
96,4,CARD,22,17,41,10,49,3,1,5,10,18,0.1,0.7000000000000001,True
97,4,CLF_UNION,28,21,61,10,61,3,1,5,10,18,0.1,0.7000000000000001,True
98,4,ORD-UNION,22,15,39,10,39,3,1,5,10,18,0.1,0.7000000000000001,True
99,4,CARD,22,17,41,10,49,3,1,5,10,18,0.1,0.7000000000000001,False
100,4,CLF_UNION,28,21,61,10,61,3,1,5,10,18,0.1,0.7000000000000001,False
101,4,ORD-UNION,22,15,39,10,39,3,1,5,10,18,0.1,0.7000000000000001,False
102,4,CARD,25,11,39,10,50,3,1,5,10,18,0.1,0.7000000000000001,True
103,4,CLF_UNION,35,17,65,10,66,3,1,5,10,18,0.1,0.7000000000000001,True
104,4,ORD-UNION,24,6,33,10,34,3,1,5,10,18,0.1,0.7000000000000001,True
105,4,CARD,25,11,39,10,50,3,1,5,10,18,0.1,0.7000000000000001,False
106,4,CLF_UNION,35,17,65,10,66,3,1,5,10,18,0.1,0.7000000000000001,False
107,4,ORD-UNION,24,6,33,10,34,3,1,5,10,18,0.1,0.7000000000000001,False
108,4,CARD,24,12,40,10,49,3,1,5,10,18,0.1,0.7000000000000001,True
109,4,CLF_UNION,30,16,60,10,61,3,1,5,10,18,0.1,0.7000000000000001,True
110,4,ORD-UNION,24,10,38,10,39,3,1,5,10,18,0.1,0.7000000000000001,True
111,4,CARD,24,12,40,10,49,3,1,5,10,18,0.1,0.7000000000000001,False
112,4,CLF_UNION,30,16,60,10,61,3,1,5,10,18,0.1,0.7000000000000001,False
113,4,ORD-UNION,24,10,38,10,39,3,1,5,10,18,0.1,0.7000000000000001,False
114,4,CARD,28,13,42,10,48,3,1,5,10,18,0.1,0.7000000000000001,True
115,4,CLF_UNION,31,16,58,10,58,3,1,5,10,18,0.1,0.7000000000000001,True
116,4,ORD-UNION,28,13,42,10,42,3,1,5,10,18,0.1,0.7000000000000001,True
117,4,CARD,28,13,42,10,48,3,1,5,10,18,0.1,0.7000000000000001,False
118,4,CLF_UNION,31,16,58,10,58,3,1,5,10,18,0.1,0.7000000000000001,False
119,4,ORD-UNION,28,13,42,10,42,3,1,5,10,18,0.1,0.7000000000000001,False
120,5,CARD,33,3,38,15,49,9,5,5,10,18,0.1,0.7000000000000001,True
121,5,CLF_UNION,33,8,53,15,56,9,5,5,10,18,0.1,0.7000000000000001,True
122,5,ORD-UNION,2,0,2,15,5,9,5,5,10,18,0.1,0.7000000000000001,True
123,5,CARD,34,3,39,15,48,4,1,5,10,18,0.1,0.7000000000000001,False
124,5,CLF_UNION,39,5,56,15,59,4,1,5,10,18,0.1,0.7000000000000001,False
125,5,ORD-UNION,32,1,35,15,38,4,1,5,10,18,0.1,0.7000000000000001,False
126,5,CARD,37,3,42,15,47,4,1,5,10,18,0.1,0.7000000000000001,True
127,5,CLF_UNION,38,5,55,15,56,4,1,5,10,18,0.1,0.7000000000000001,True
128,5,ORD-UNION,29,1,30,15,31,4,1,5,10,18,0.1,0.7000000000000001,True
129,5,CARD,37,3,42,15,47,4,1,5,10,18,0.1,0.7000000000000001,False
130,5,CLF_UNION,38,5,55,15,56,4,1,5,10,18,0.1,0.7000000000000001,False
131,5,ORD-UNION,29,1,30,15,31,4,1,5,10,18,0.1,0.7000000000000001,False
132,5,CARD,37,4,43,15,46,4,1,5,10,18,0.1,0.7000000000000001,True
133,5,CLF_UNION,40,3,55,15,56,4,1,5,10,18,0.1,0.7000000000000001,True
134,5,ORD-UNION,23,1,24,15,25,4,1,5,10,18,0.1,0.7000000000000001,True
135,5,CARD,37,4,43,15,46,4,1,5,10,18,0.1,0.7000000000000001,False
136,5,CLF_UNION,40,3,55,15,56,4,1,5,10,18,0.1,0.7000000000000001,False
137,5,ORD-UNION,23,1,24,15,25,4,1,5,10,18,0.1,0.7000000000000001,False
138,5,CARD,39,2,44,15,46,4,1,5,10,18,0.1,0.7000000000000001,True
139,5,CLF_UNION,37,6,56,15,56,4,1,5,10,18,0.1,0.7000000000000001,True
140,5,ORD-UNION,31,0,32,15,32,4,1,5,10,18,0.1,0.7000000000000001,True
141,5,CARD,39,2,44,15,46,4,1,5,10,18,0.1,0.7000000000000001,False
142,5,CLF_UNION,37,6,56,15,56,4,1,5,10,18,0.1,0.7000000000000001,False
143,5,ORD-UNION,31,0,32,15,32,4,1,5,10,18,0.1,0.7000000000000001,False
144,5,CARD,37,4,43,15,46,4,1,5,10,18,0.1,0.7000000000000001,True
145,5,CLF_UNION,39,4,55,15,56,4,1,5,10,18,0.1,0.7000000000000001,True
146,5,ORD-UNION,27,0,28,15,29,4,1,5,10,18,0.1,0.7000000000000001,True
147,5,CARD,37,4,43,15,46,4,1,5,10,18,0.1,0.7000000000000001,False
148,5,CLF_UNION,39,4,55,15,56,4,1,5,10,18,0.1,0.7000000000000001,False
149,5,ORD-UNION,27,0,28,15,29,4,1,5,10,18,0.1,0.7000000000000001,False
150,6,CARD,34,7,44,21,46,9,5,5,10,18,0.1,0.7000000000000001,True
151,6,CLF_UNION,40,2,55,21,55,9,5,5,10,18,0.1,0.7000000000000001,True
152,6,ORD-UNION,5,0,5,21,5,9,5,5,10,18,0.1,0.7000000000000001,True
153,6,CARD,38,1,41,21,49,4,1,5,10,18,0.1,0.7000000000000001,False
154,6,CLF_UNION,40,4,57,21,57,4,1,5,10,18,0.1,0.7000000000000001,False
155,6,ORD-UNION,37,1,40,21,40,4,1,5,10,18,0.1,0.7000000000000001,False
156,6,CARD,33,5,41,21,48,4,1,5,10,18,0.1,0.7000000000000001,True
157,6,CLF_UNION,36,4,56,21,57,4,1,5,10,18,0.1,0.7000000000000001,True
158,6,ORD-UNION,33,0,34,21,35,4,1,5,10,18,0.1,0.7000000000000001,True
159,6,CARD,33,5,41,21,48,4,1,5,10,18,0.1,0.7000000000000001,False
160,6,CLF_UNION,36,4,56,21,57,4,1,5,10,18,0.1,0.7000000000000001,False
161,6,ORD-UNION,33,0,34,21,35,4,1,5,10,18,0.1,0.7000000000000001,False
162,6,CARD,37,4,41,21,46,4,1,5,10,18,0.1,0.7000000000000001,True
163,6,CLF_UNION,40,3,53,21,56,4,1,5,10,18,0.1,0.7000000000000001,True
164,6,ORD-UNION,36,0,36,21,39,4,1,5,10,18,0.1,0.7000000000000001,True
165,6,CARD,37,4,41,21,46,4,1,5,10,18,0.1,0.7000000000000001,False
166,6,CLF_UNION,40,3,53,21,56,4,1,5,10,18,0.1,0.7000000000000001,False
167,6,ORD-UNION,36,0,36,21,39,4,1,5,10,18,0.1,0.7000000000000001,False
168,6,CARD,35,3,40,21,49,4,1,5,10,18,0.1,0.7000000000000001,True
169,6,CLF_UNION,37,4,56,21,57,4,1,5,10,18,0.1,0.7000000000000001,True
170,6,ORD-UNION,35,1,38,21,39,4,1,5,10,18,0.1,0.7000000000000001,True
171,6,CARD,35,3,40,21,49,4,1,5,10,18,0.1,0.7000000000000001,False
172,6,CLF_UNION,37,4,56,21,57,4,1,5,10,18,0.1,0.7000000000000001,False
173,6,ORD-UNION,35,1,38,21,39,4,1,5,10,18,0.1,0.7000000000000001,False
174,6,CARD,35,1,38,21,49,4,1,5,10,18,0.1,0.7000000000000001,True
175,6,CLF_UNION,38,6,57,21,60,4,1,5,10,18,0.1,0.7000000000000001,True
176,6,ORD-UNION,33,1,36,21,39,4,1,5,10,18,0.1,0.7000000000000001,True
177,6,CARD,35,1,38,21,49,4,1,5,10,18,0.1,0.7000000000000001,False
178,6,CLF_UNION,38,6,57,21,60,4,1,5,10,18,0.1,0.7000000000000001,False
179,6,ORD-UNION,33,1,36,21,39,4,1,5,10,18,0.1,0.7000000000000001,False
180,7,CARD,26,12,40,28,50,9,5,5,10,18,0.1,0.7000000000000001,True
181,7,CLF_UNION,32,10,55,28,55,9,5,5,10,18,0.1,0.7000000000000001,True
182,7,ORD-UNION,13,0,13,28,13,9,5,5,10,18,0.1,0.7000000000000001,True
183,7,CARD,32,10,43,28,47,5,1,5,10,18,0.1,0.7000000000000001,False
184,7,CLF_UNION,33,10,56,28,56,5,1,5,10,18,0.1,0.7000000000000001,False
185,7,ORD-UNION,30,0,30,28,30,5,1,5,10,18,0.1,0.7000000000000001,False
186,7,CARD,37,1,38,28,49,5,1,5,10,18,0.1,0.7000000000000001,True
187,7,CLF_UNION,40,4,55,28,58,5,1,5,10,18,0.1,0.7000000000000001,True
188,7,ORD-UNION,37,0,37,28,40,5,1,5,10,18,0.1,0.7000000000000001,True
189,7,CARD,37,1,38,28,49,5,1,5,10,18,0.1,0.7000000000000001,False
190,7,CLF_UNION,40,4,55,28,58,5,1,5,10,18,0.1,0.7000000000000001,False
191,7,ORD-UNION,37,0,37,28,40,5,1,5,10,18,0.1,0.7000000000000001,False
192,7,CARD,34,5,40,28,47,5,1,5,10,18,0.1,0.7000000000000001,True
193,7,CLF_UNION,35,8,55,28,58,5,1,5,10,18,0.1,0.7000000000000001,True
194,7,ORD-UNION,32,0,33,28,36,5,1,5,10,18,0.1,0.7000000000000001,True
195,7,CARD,34,5,40,28,47,5,1,5,10,18,0.1,0.7000000000000001,False
196,7,CLF_UNION,35,8,55,28,58,5,1,5,10,18,0.1,0.7000000000000001,False
197,7,ORD-UNION,32,0,33,28,36,5,1,5,10,18,0.1,0.7000000000000001,False
198,7,CARD,32,4,38,28,46,5,1,5,10,18,0.1,0.7000000000000001,True
199,7,CLF_UNION,35,7,55,28,61,5,1,5,10,18,0.1,0.7000000000000001,True
200,7,ORD-UNION,32,1,34,28,40,5,1,5,10,18,0.1,0.7000000000000001,True
201,7,CARD,32,4,38,28,46,5,1,5,10,18,0.1,0.7000000000000001,False
202,7,CLF_UNION,35,7,55,28,61,5,1,5,10,18,0.1,0.7000000000000001,False
203,7,ORD-UNION,32,1,34,28,40,5,1,5,10,18,0.1,0.7000000000000001,False
204,7,CARD,37,2,41,28,46,5,1,5,10,18,0.1,0.7000000000000001,True
205,7,CLF_UNION,37,5,55,28,58,5,1,5,10,18,0.1,0.7000000000000001,True
206,7,ORD-UNION,35,2,37,28,40,5,1,5,10,18,0.1,0.7000000000000001,True
207,7,CARD,37,2,41,28,46,5,1,5,10,18,0.1,0.7000000000000001,False
208,7,CLF_UNION,37,5,55,28,58,5,1,5,10,18,0.1,0.7000000000000001,False
209,7,ORD-UNION,35,2,37,28,40,5,1,5,10,18,0.1,0.7000000000000001,False
210,8,CARD,39,1,42,35,47,9,5,5,10,18,0.1,0.7000000000000001,True
211,8,CLF_UNION,40,2,54,35,55,9,5,5,10,18,0.1,0.7000000000000001,True
212,8,ORD-UNION,24,0,24,35,25,9,5,5,10,18,0.1,0.7000000000000001,True
213,8,CARD,40,1,43,35,46,5,1,5,10,18,0.1,0.7000000000000001,False
214,8,CLF_UNION,41,1,54,35,55,5,1,5,10,18,0.1,0.7000000000000001,False
215,8,ORD-UNION,38,1,40,35,41,5,1,5,10,18,0.1,0.7000000000000001,False
216,8,CARD,43,1,45,35,45,5,1,5,10,18,0.1,0.7000000000000001,True
217,8,CLF_UNION,41,3,55,35,55,5,1,5,10,18,0.1,0.7000000000000001,True
218,8,ORD-UNION,37,1,38,35,38,5,1,5,10,18,0.1,0.7000000000000001,True
219,8,CARD,43,1,45,35,45,5,1,5,10,18,0.1,0.7000000000000001,False
220,8,CLF_UNION,41,3,55,35,55,5,1,5,10,18,0.1,0.7000000000000001,False
221,8,ORD-UNION,37,1,38,35,38,5,1,5,10,18,0.1,0.7000000000000001,False
222,8,CARD,27,1,31,35,45,5,1,5,10,18,0.1,0.7000000000000001,True
223,8,CLF_UNION,24,5,42,35,55,5,1,5,10,18,0.1,0.7000000000000001,True
224,8,ORD-UNION,26,1,28,35,42,5,1,5,10,18,0.1,0.7000000000000001,True
225,8,CARD,27,1,31,35,45,5,1,5,10,18,0.1,0.7000000000000001,False
226,8,CLF_UNION,24,5,42,35,55,5,1,5,10,18,0.1,0.7000000000000001,False
227,8,ORD-UNION,26,1,28,35,42,5,1,5,10,18,0.1,0.7000000000000001,False
228,8,CARD,34,0,35,35,46,5,1,5,10,18,0.1,0.7000000000000001,True
229,8,CLF_UNION,30,4,47,35,56,5,1,5,10,18,0.1,0.7000000000000001,True
230,8,ORD-UNION,31,0,31,35,40,5,1,5,10,18,0.1,0.7000000000000001,True
231,8,CARD,34,0,35,35,46,5,1,5,10,18,0.1,0.7000000000000001,False
232,8,CLF_UNION,30,4,47,35,56,5,1,5,10,18,0.1,0.7000000000000001,False
233,8,ORD-UNION,31,0,31,35,40,5,1,5,10,18,0.1,0.7000000000000001,False
234,8,CARD,36,2,40,35,47,5,1,5,10,18,0.1,0.7000000000000001,True
235,8,CLF_UNION,40,0,52,35,55,5,1,5,10,18,0.1,0.7000000000000001,True
236,8,ORD-UNION,31,1,34,35,37,5,1,5,10,18,0.1,0.7000000000000001,True
237,8,CARD,36,2,40,35,47,5,1,5,10,18,0.1,0.7000000000000001,False
238,8,CLF_UNION,40,0,52,35,55,5,1,5,10,18,0.1,0.7000000000000001,False
239,8,ORD-UNION,31,1,34,35,37,5,1,5,10,18,0.1,0.7000000000000001,False
240,9,CARD,34,6,42,43,47,9,5,5,10,18,0.1,0.7000000000000001,True
241,9,CLF_UNION,36,6,54,43,55,9,5,5,10,18,0.1,0.7000000000000001,True
242,9,ORD-UNION,21,0,21,43,22,9,5,5,10,18,0.1,0.7000000000000001,True
243,9,CARD,40,1,43,43,46,5,1,5,10,18,0.1,0.7000000000000001,False
244,9,CLF_UNION,38,5,55,43,56,5,1,5,10,18,0.1,0.7000000000000001,False
245,9,ORD-UNION,32,0,32,43,33,5,1,5,10,18,0.1,0.7000000000000001,False
246,9,CARD,33,3,40,43,45,5,1,5,10,18,0.1,0.7000000000000001,True
247,9,CLF_UNION,31,7,52,43,56,5,1,5,10,18,0.1,0.7000000000000001,True
248,9,ORD-UNION,32,3,37,43,42,5,1,5,10,18,0.1,0.7000000000000001,True
249,9,CARD,33,3,40,43,45,5,1,5,10,18,0.1,0.7000000000000001,False
250,9,CLF_UNION,31,7,52,43,56,5,1,5,10,18,0.1,0.7000000000000001,False
251,9,ORD-UNION,32,3,37,43,42,5,1,5,10,18,0.1,0.7000000000000001,False
252,9,CARD,28,2,31,43,45,5,1,5,10,18,0.1,0.7000000000000001,True
253,9,CLF_UNION,26,6,43,43,56,5,1,5,10,18,0.1,0.7000000000000001,True
254,9,ORD-UNION,25,2,28,43,42,5,1,5,10,18,0.1,0.7000000000000001,True
255,9,CARD,28,2,31,43,45,5,1,5,10,18,0.1,0.7000000000000001,False
256,9,CLF_UNION,26,6,43,43,56,5,1,5,10,18,0.1,0.7000000000000001,False
257,9,ORD-UNION,25,2,28,43,42,5,1,5,10,18,0.1,0.7000000000000001,False
258,9,CARD,41,0,44,43,45,5,1,5,10,18,0.1,0.7000000000000001,True
259,9,CLF_UNION,41,0,54,43,55,5,1,5,10,18,0.1,0.7000000000000001,True
260,9,ORD-UNION,37,0,38,43,39,5,1,5,10,18,0.1,0.7000000000000001,True
261,9,CARD,41,0,44,43,45,5,1,5,10,18,0.1,0.7000000000000001,False
262,9,CLF_UNION,41,0,54,43,55,5,1,5,10,18,0.1,0.7000000000000001,False
263,9,ORD-UNION,37,0,38,43,39,5,1,5,10,18,0.1,0.7000000000000001,False
264,9,CARD,37,0,39,43,46,5,1,5,10,18,0.1,0.7000000000000001,True
265,9,CLF_UNION,36,2,50,43,55,5,1,5,10,18,0.1,0.7000000000000001,True
266,9,ORD-UNION,34,0,35,43,40,5,1,5,10,18,0.1,0.7000000000000001,True
267,9,CARD,37,0,39,43,46,5,1,5,10,18,0.1,0.7000000000000001,False
268,9,CLF_UNION,36,2,50,43,55,5,1,5,10,18,0.1,0.7000000000000001,False
269,9,ORD-UNION,34,0,35,43,40,5,1,5,10,18,0.1,0.7000000000000001,False
270,10,CARD,34,3,37,53,47,9,5,5,10,18,0.1,0.7000000000000001,True
271,10,CLF_UNION,34,3,49,53,55,9,5,5,10,18,0.1,0.7000000000000001,True
272,10,ORD-UNION,29,0,29,53,35,9,5,5,10,18,0.1,0.7000000000000001,True
273,10,CARD,36,0,37,53,47,5,1,5,10,18,0.1,0.7000000000000001,False
274,10,CLF_UNION,35,3,51,53,57,5,1,5,10,18,0.1,0.7000000000000001,False
275,10,ORD-UNION,33,0,34,53,40,5,1,5,10,18,0.1,0.7000000000000001,False
276,10,CARD,37,1,39,53,46,5,1,5,10,18,0.1,0.7000000000000001,True
277,10,CLF_UNION,36,3,50,53,55,5,1,5,10,18,0.1,0.7000000000000001,True
278,10,ORD-UNION,35,1,37,53,42,5,1,5,10,18,0.1,0.7000000000000001,True
279,10,CARD,37,1,39,53,46,5,1,5,10,18,0.1,0.7000000000000001,False
280,10,CLF_UNION,36,3,50,53,55,5,1,5,10,18,0.1,0.7000000000000001,False
281,10,ORD-UNION,35,1,37,53,42,5,1,5,10,18,0.1,0.7000000000000001,False
282,10,CARD,39,2,41,53,46,5,1,5,10,18,0.1,0.7000000000000001,True
283,10,CLF_UNION,41,1,52,53,55,5,1,5,10,18,0.1,0.7000000000000001,True
284,10,ORD-UNION,37,1,38,53,41,5,1,5,10,18,0.1,0.7000000000000001,True
285,10,CARD,39,2,41,53,46,5,1,5,10,18,0.1,0.7000000000000001,False
286,10,CLF_UNION,41,1,52,53,55,5,1,5,10,18,0.1,0.7000000000000001,False
287,10,ORD-UNION,37,1,38,53,41,5,1,5,10,18,0.1,0.7000000000000001,False
288,10,CARD,29,0,31,53,45,5,1,5,10,18,0.1,0.7000000000000001,True
289,10,CLF_UNION,28,3,43,53,56,5,1,5,10,18,0.1,0.7000000000000001,True
290,10,ORD-UNION,27,0,28,53,42,5,1,5,10,18,0.1,0.7000000000000001,True
291,10,CARD,29,0,31,53,45,5,1,5,10,18,0.1,0.7000000000000001,False
292,10,CLF_UNION,28,3,43,53,56,5,1,5,10,18,0.1,0.7000000000000001,False
293,10,ORD-UNION,27,0,28,53,42,5,1,5,10,18,0.1,0.7000000000000001,False
294,10,CARD,26,1,29,53,47,5,1,5,10,18,0.1,0.7000000000000001,True
295,10,CLF_UNION,27,3,42,53,55,5,1,5,10,18,0.1,0.7000000000000001,True
296,10,ORD-UNION,26,1,28,53,42,5,1,5,10,18,0.1,0.7000000000000001,True
297,10,CARD,26,1,29,53,47,5,1,5,10,18,0.1,0.7000000000000001,False
298,10,CLF_UNION,27,3,42,53,55,5,1,5,10,18,0.1,0.7000000000000001,False
299,10,ORD-UNION,26,1,28,53,42,5,1,5,10,18,0.1,0.7000000000000001,False
300,11,CARD,37,2,41,64,46,9,5,5,10,18,0.1,0.7000000000000001,True
301,11,CLF_UNION,40,1,53,64,56,9,5,5,10,18,0.1,0.7000000000000001,True
302,11,ORD-UNION,28,0,29,64,32,9,5,5,10,18,0.1,0.7000000000000001,True
303,11,CARD,40,0,42,64,45,5,1,5,10,18,0.1,0.7000000000000001,False
304,11,CLF_UNION,39,1,52,64,55,5,1,5,10,18,0.1,0.7000000000000001,False
305,11,ORD-UNION,38,0,39,64,42,5,1,5,10,18,0.1,0.7000000000000001,False
306,11,CARD,22,0,24,64,46,5,1,5,10,18,0.1,0.7000000000000001,True
307,11,CLF_UNION,22,2,37,64,55,5,1,5,10,18,0.1,0.7000000000000001,True
308,11,ORD-UNION,19,0,21,64,41,5,1,5,10,18,0.1,0.7000000000000001,True
309,11,CARD,22,0,24,64,46,5,1,5,10,18,0.1,0.7000000000000001,False
310,11,CLF_UNION,22,2,37,64,55,5,1,5,10,18,0.1,0.7000000000000001,False
311,11,ORD-UNION,19,0,21,64,41,5,1,5,10,18,0.1,0.7000000000000001,False
312,11,CARD,29,0,30,64,46,5,1,5,10,18,0.1,0.7000000000000001,True
313,11,CLF_UNION,29,0,41,64,55,5,1,5,10,18,0.1,0.7000000000000001,True
314,11,ORD-UNION,28,0,28,64,42,5,1,5,10,18,0.1,0.7000000000000001,True
315,11,CARD,29,0,30,64,46,5,1,5,10,18,0.1,0.7000000000000001,False
316,11,CLF_UNION,29,0,41,64,55,5,1,5,10,18,0.1,0.7000000000000001,False
317,11,ORD-UNION,28,0,28,64,42,5,1,5,10,18,0.1,0.7000000000000001,False
318,11,CARD,35,0,36,64,45,5,1,5,10,18,0.1,0.7000000000000001,True
319,11,CLF_UNION,34,1,46,64,55,5,1,5,10,18,0.1,0.7000000000000001,True
320,11,ORD-UNION,34,0,35,64,44,5,1,5,10,18,0.1,0.7000000000000001,True
321,11,CARD,35,0,36,64,45,5,1,5,10,18,0.1,0.7000000000000001,False
322,11,CLF_UNION,34,1,46,64,55,5,1,5,10,18,0.1,0.7000000000000001,False
323,11,ORD-UNION,34,0,35,64,44,5,1,5,10,18,0.1,0.7000000000000001,False
324,11,CARD,38,0,39,64,45,5,1,5,10,18,0.1,0.7000000000000001,True
325,11,CLF_UNION,37,2,50,64,56,5,1,5,10,18,0.1,0.7000000000000001,True
326,11,ORD-UNION,37,0,38,64,44,5,1,5,10,18,0.1,0.7000000000000001,True
327,11,CARD,38,0,39,64,45,5,1,5,10,18,0.1,0.7000000000000001,False
328,11,CLF_UNION,37,2,50,64,56,5,1,5,10,18,0.1,0.7000000000000001,False
329,11,ORD-UNION,37,0,38,64,44,5,1,5,10,18,0.1,0.7000000000000001,False
330,12,CARD,33,0,33,75,47,9,5,5,10,18,0.1,0.7000000000000001,True
331,12,CLF_UNION,35,0,45,75,55,9,5,5,10,18,0.1,0.7000000000000001,True
332,12,ORD-UNION,29,0,29,75,39,9,5,5,10,18,0.1,0.7000000000000001,True
333,12,CARD,35,0,35,75,45,5,1,5,10,18,0.1,0.7000000000000001,False
334,12,CLF_UNION,33,6,49,75,56,5,1,5,10,18,0.1,0.7000000000000001,False
335,12,ORD-UNION,34,0,34,75,44,5,1,5,10,18,0.1,0.7000000000000001,False
336,12,CARD,38,0,38,75,47,5,1,5,10,18,0.1,0.7000000000000001,True
337,12,CLF_UNION,38,1,51,75,56,5,1,5,10,18,0.1,0.7000000000000001,True
338,12,ORD-UNION,37,0,37,75,42,5,1,5,10,18,0.1,0.7000000000000001,True
339,12,CARD,38,0,38,75,47,5,1,5,10,18,0.1,0.7000000000000001,False
340,12,CLF_UNION,38,1,51,75,56,5,1,5,10,18,0.1,0.7000000000000001,False
341,12,ORD-UNION,37,0,37,75,42,5,1,5,10,18,0.1,0.7000000000000001,False
342,12,CARD,36,0,39,75,46,5,1,5,10,18,0.1,0.7000000000000001,True
343,12,CLF_UNION,35,1,50,75,55,5,1,5,10,18,0.1,0.7000000000000001,True
344,12,ORD-UNION,36,0,37,75,42,5,1,5,10,18,0.1,0.7000000000000001,True
345,12,CARD,36,0,39,75,46,5,1,5,10,18,0.1,0.7000000000000001,False
346,12,CLF_UNION,35,1,50,75,55,5,1,5,10,18,0.1,0.7000000000000001,False
347,12,ORD-UNION,36,0,37,75,42,5,1,5,10,18,0.1,0.7000000000000001,False
348,12,CARD,33,1,36,75,45,5,1,5,10,18,0.1,0.7000000000000001,True
349,12,CLF_UNION,32,3,47,75,56,5,1,5,10,18,0.1,0.7000000000000001,True
350,12,ORD-UNION,32,1,34,75,43,5,1,5,10,18,0.1,0.7000000000000001,True
351,12,CARD,33,1,36,75,45,5,1,5,10,18,0.1,0.7000000000000001,False
352,12,CLF_UNION,32,3,47,75,56,5,1,5,10,18,0.1,0.7000000000000001,False
353,12,ORD-UNION,32,1,34,75,43,5,1,5,10,18,0.1,0.7000000000000001,False
354,12,CARD,32,1,35,75,47,5,1,5,10,18,0.1,0.7000000000000001,True
355,12,CLF_UNION,34,0,47,75,55,5,1,5,10,18,0.1,0.7000000000000001,True
356,12,ORD-UNION,31,1,34,75,42,5,1,5,10,18,0.1,0.7000000000000001,True
357,12,CARD,32,1,35,75,47,5,1,5,10,18,0.1,0.7000000000000001,False
358,12,CLF_UNION,34,0,47,75,55,5,1,5,10,18,0.1,0.7000000000000001,False
359,12,ORD-UNION,31,1,34,75,42,5,1,5,10,18,0.1,0.7000000000000001,False
360,13,CARD,37,0,39,88,45,9,5,5,10,18,0.1,0.7000000000000001,True
361,13,CLF_UNION,37,0,49,88,55,9,5,5,10,18,0.1,0.7000000000000001,True
362,13,ORD-UNION,33,0,34,88,40,9,5,5,10,18,0.1,0.7000000000000001,True
363,13,CARD,37,0,39,88,45,7,2,5,10,18,0.1,0.7000000000000001,False
364,13,CLF_UNION,37,0,49,88,55,7,2,5,10,18,0.1,0.7000000000000001,False
365,13,ORD-UNION,31,0,31,88,37,7,2,5,10,18,0.1,0.7000000000000001,False
366,13,CARD,31,3,35,88,46,7,2,5,10,18,0.1,0.7000000000000001,True
367,13,CLF_UNION,33,1,46,88,55,7,2,5,10,18,0.1,0.7000000000000001,True
368,13,ORD-UNION,30,1,31,88,40,7,2,5,10,18,0.1,0.7000000000000001,True
369,13,CARD,31,3,35,88,46,7,2,5,10,18,0.1,0.7000000000000001,False
370,13,CLF_UNION,33,1,46,88,55,7,2,5,10,18,0.1,0.7000000000000001,False
371,13,ORD-UNION,30,1,31,88,40,7,2,5,10,18,0.1,0.7000000000000001,False
372,13,CARD,29,1,31,88,45,7,2,5,10,18,0.1,0.7000000000000001,True
373,13,CLF_UNION,29,1,41,88,55,7,2,5,10,18,0.1,0.7000000000000001,True
374,13,ORD-UNION,23,1,24,88,38,7,2,5,10,18,0.1,0.7000000000000001,True
375,13,CARD,29,1,31,88,45,7,2,5,10,18,0.1,0.7000000000000001,False
376,13,CLF_UNION,29,1,41,88,55,7,2,5,10,18,0.1,0.7000000000000001,False
377,13,ORD-UNION,23,1,24,88,38,7,2,5,10,18,0.1,0.7000000000000001,False
378,13,CARD,30,2,33,88,47,7,2,5,10,18,0.1,0.7000000000000001,True
379,13,CLF_UNION,33,0,45,88,55,7,2,5,10,18,0.1,0.7000000000000001,True
380,13,ORD-UNION,25,0,25,88,35,7,2,5,10,18,0.1,0.7000000000000001,True
381,13,CARD,30,2,33,88,47,7,2,5,10,18,0.1,0.7000000000000001,False
382,13,CLF_UNION,33,0,45,88,55,7,2,5,10,18,0.1,0.7000000000000001,False
383,13,ORD-UNION,25,0,25,88,35,7,2,5,10,18,0.1,0.7000000000000001,False
384,13,CARD,29,0,30,88,47,7,2,5,10,18,0.1,0.7000000000000001,True
385,13,CLF_UNION,27,2,42,88,55,7,2,5,10,18,0.1,0.7000000000000001,True
386,13,ORD-UNION,24,0,24,88,37,7,2,5,10,18,0.1,0.7000000000000001,True
387,13,CARD,29,0,30,88,47,7,2,5,10,18,0.1,0.7000000000000001,False
388,13,CLF_UNION,27,2,42,88,55,7,2,5,10,18,0.1,0.7000000000000001,False
389,13,ORD-UNION,24,0,24,88,37,7,2,5,10,18,0.1,0.7000000000000001,False
390,14,CARD,29,0,30,100,46,9,5,5,10,18,0.1,0.7000000000000001,True
391,14,CLF_UNION,29,0,41,100,55,9,5,5,10,18,0.1,0.7000000000000001,True
392,14,ORD-UNION,25,0,25,100,39,9,5,5,10,18,0.1,0.7000000000000001,True
393,14,CARD,28,1,30,100,46,7,2,5,10,18,0.1,0.7000000000000001,False
394,14,CLF_UNION,28,1,41,100,55,7,2,5,10,18,0.1,0.7000000000000001,False
395,14,ORD-UNION,25,1,26,100,40,7,2,5,10,18,0.1,0.7000000000000001,False
396,14,CARD,37,2,40,100,45,7,2,5,10,18,0.1,0.7000000000000001,True
397,14,CLF_UNION,38,1,50,100,55,7,2,5,10,18,0.1,0.7000000000000001,True
398,14,ORD-UNION,28,1,29,100,34,7,2,5,10,18,0.1,0.7000000000000001,True
399,14,CARD,37,2,40,100,45,7,2,5,10,18,0.1,0.7000000000000001,False
400,14,CLF_UNION,38,1,50,100,55,7,2,5,10,18,0.1,0.7000000000000001,False
401,14,ORD-UNION,28,1,29,100,34,7,2,5,10,18,0.1,0.7000000000000001,False
402,14,CARD,29,0,31,100,46,7,2,5,10,18,0.1,0.7000000000000001,True
403,14,CLF_UNION,29,0,43,100,56,7,2,5,10,18,0.1,0.7000000000000001,True
404,14,ORD-UNION,26,0,27,100,40,7,2,5,10,18,0.1,0.7000000000000001,True
405,14,CARD,29,0,31,100,46,7,2,5,10,18,0.1,0.7000000000000001,False
406,14,CLF_UNION,29,0,43,100,56,7,2,5,10,18,0.1,0.7000000000000001,False
407,14,ORD-UNION,26,0,27,100,40,7,2,5,10,18,0.1,0.7000000000000001,False
408,14,CARD,35,1,38,100,46,7,2,5,10,18,0.1,0.7000000000000001,True
409,14,CLF_UNION,36,1,50,100,56,7,2,5,10,18,0.1,0.7000000000000001,True
410,14,ORD-UNION,34,1,35,100,41,7,2,5,10,18,0.1,0.7000000000000001,True
411,14,CARD,35,1,38,100,46,7,2,5,10,18,0.1,0.7000000000000001,False
412,14,CLF_UNION,36,1,50,100,56,7,2,5,10,18,0.1,0.7000000000000001,False
413,14,ORD-UNION,34,1,35,100,41,7,2,5,10,18,0.1,0.7000000000000001,False
414,14,CARD,33,0,36,100,45,7,2,5,10,18,0.1,0.7000000000000001,True
415,14,CLF_UNION,33,0,46,100,55,7,2,5,10,18,0.1,0.7000000000000001,True
416,14,ORD-UNION,30,0,30,100,39,7,2,5,10,18,0.1,0.7000000000000001,True
417,14,CARD,33,0,36,100,45,7,2,5,10,18,0.1,0.7000000000000001,False
418,14,CLF_UNION,33,0,46,100,55,7,2,5,10,18,0.1,0.7000000000000001,False
419,14,ORD-UNION,30,0,30,100,39,7,2,5,10,18,0.1,0.7000000000000001,False
420,15,CARD,33,1,37,115,45,9,5,5,10,18,0.1,0.7000000000000001,True
421,15,CLF_UNION,34,1,49,115,57,9,5,5,10,18,0.1,0.7000000000000001,True
422,15,ORD-UNION,31,0,32,115,40,9,5,5,10,18,0.1,0.7000000000000001,True
423,15,CARD,31,3,36,115,46,7,2,5,10,18,0.1,0.7000000000000001,False
424,15,CLF_UNION,31,3,47,115,55,7,2,5,10,18,0.1,0.7000000000000001,False
425,15,ORD-UNION,31,2,33,115,41,7,2,5,10,18,0.1,0.7000000000000001,False
426,15,CARD,28,2,32,115,45,7,2,5,10,18,0.1,0.7000000000000001,True
427,15,CLF_UNION,30,0,42,115,55,7,2,5,10,18,0.1,0.7000000000000001,True
428,15,ORD-UNION,27,0,27,115,40,7,2,5,10,18,0.1,0.7000000000000001,True
429,15,CARD,28,2,32,115,45,7,2,5,10,18,0.1,0.7000000000000001,False
430,15,CLF_UNION,30,0,42,115,55,7,2,5,10,18,0.1,0.7000000000000001,False
431,15,ORD-UNION,27,0,27,115,40,7,2,5,10,18,0.1,0.7000000000000001,False
432,15,CARD,32,1,35,115,45,7,2,5,10,18,0.1,0.7000000000000001,True
433,15,CLF_UNION,32,1,45,115,55,7,2,5,10,18,0.1,0.7000000000000001,True
434,15,ORD-UNION,32,1,34,115,44,7,2,5,10,18,0.1,0.7000000000000001,True
435,15,CARD,32,1,35,115,45,7,2,5,10,18,0.1,0.7000000000000001,False
436,15,CLF_UNION,32,1,45,115,55,7,2,5,10,18,0.1,0.7000000000000001,False
437,15,ORD-UNION,32,1,34,115,44,7,2,5,10,18,0.1,0.7000000000000001,False
438,15,CARD,21,1,24,115,45,7,2,5,10,18,0.1,0.7000000000000001,True
439,15,CLF_UNION,22,0,34,115,55,7,2,5,10,18,0.1,0.7000000000000001,True
440,15,ORD-UNION,19,0,20,115,41,7,2,5,10,18,0.1,0.7000000000000001,True
441,15,CARD,21,1,24,115,45,7,2,5,10,18,0.1,0.7000000000000001,False
442,15,CLF_UNION,22,0,34,115,55,7,2,5,10,18,0.1,0.7000000000000001,False
443,15,ORD-UNION,19,0,20,115,41,7,2,5,10,18,0.1,0.7000000000000001,False
444,15,CARD,29,1,31,115,45,7,2,5,10,18,0.1,0.7000000000000001,True
445,15,CLF_UNION,30,0,41,115,55,7,2,5,10,18,0.1,0.7000000000000001,True
446,15,ORD-UNION,28,0,28,115,42,7,2,5,10,18,0.1,0.7000000000000001,True
447,15,CARD,29,1,31,115,45,7,2,5,10,18,0.1,0.7000000000000001,False
448,15,CLF_UNION,30,0,41,115,55,7,2,5,10,18,0.1,0.7000000000000001,False
449,15,ORD-UNION,28,0,28,115,42,7,2,5,10,18,0.1,0.7000000000000001,False
450,16,CARD,33,1,37,130,47,9,5,5,10,18,0.1,0.7000000000000001,True
451,16,CLF_UNION,33,4,52,130,57,9,5,5,10,18,0.1,0.7000000000000001,True
452,16,ORD-UNION,28,0,29,130,35,9,5,5,10,18,0.1,0.7000000000000001,True
453,16,CARD,33,2,38,130,46,7,2,5,10,18,0.1,0.7000000000000001,False
454,16,CLF_UNION,32,3,50,130,56,7,2,5,10,18,0.1,0.7000000000000001,False
455,16,ORD-UNION,31,2,34,130,40,7,2,5,10,18,0.1,0.7000000000000001,False
456,16,CARD,22,1,25,130,45,7,2,5,10,18,0.1,0.7000000000000001,True
457,16,CLF_UNION,22,1,37,130,57,7,2,5,10,18,0.1,0.7000000000000001,True
458,16,ORD-UNION,21,0,21,130,41,7,2,5,10,18,0.1,0.7000000000000001,True
459,16,CARD,22,1,25,130,45,7,2,5,10,18,0.1,0.7000000000000001,False
460,16,CLF_UNION,22,1,37,130,57,7,2,5,10,18,0.1,0.7000000000000001,False
461,16,ORD-UNION,21,0,21,130,41,7,2,5,10,18,0.1,0.7000000000000001,False
462,16,CARD,33,1,36,130,45,7,2,5,10,18,0.1,0.7000000000000001,True
463,16,CLF_UNION,34,0,46,130,55,7,2,5,10,18,0.1,0.7000000000000001,True
464,16,ORD-UNION,32,0,32,130,41,7,2,5,10,18,0.1,0.7000000000000001,True
465,16,CARD,33,1,36,130,45,7,2,5,10,18,0.1,0.7000000000000001,False
466,16,CLF_UNION,34,0,46,130,55,7,2,5,10,18,0.1,0.7000000000000001,False
467,16,ORD-UNION,32,0,32,130,41,7,2,5,10,18,0.1,0.7000000000000001,False
468,16,CARD,29,4,36,130,45,7,2,5,10,18,0.1,0.7000000000000001,True
469,16,CLF_UNION,28,5,47,130,56,7,2,5,10,18,0.1,0.7000000000000001,True
470,16,ORD-UNION,26,1,29,130,38,7,2,5,10,18,0.1,0.7000000000000001,True
471,16,CARD,29,4,36,130,45,7,2,5,10,18,0.1,0.7000000000000001,False
472,16,CLF_UNION,28,5,47,130,56,7,2,5,10,18,0.1,0.7000000000000001,False
473,16,ORD-UNION,26,1,29,130,38,7,2,5,10,18,0.1,0.7000000000000001,False
474,16,CARD,23,0,24,130,46,7,2,5,10,18,0.1,0.7000000000000001,True
475,16,CLF_UNION,24,1,36,130,56,7,2,5,10,18,0.1,0.7000000000000001,True
476,16,ORD-UNION,23,0,23,130,43,7,2,5,10,18,0.1,0.7000000000000001,True
477,16,CARD,23,0,24,130,46,7,2,5,10,18,0.1,0.7000000000000001,False
478,16,CLF_UNION,24,1,36,130,56,7,2,5,10,18,0.1,0.7000000000000001,False
479,16,ORD-UNION,23,0,23,130,43,7,2,5,10,18,0.1,0.7000000000000001,False
480,17,CARD,27,1,32,146,45,9,5,5,10,18,0.1,0.7000000000000001,True
481,17,CLF_UNION,27,3,44,146,57,9,5,5,10,18,0.1,0.7000000000000001,True
482,17,ORD-UNION,24,0,25,146,38,9,5,5,10,18,0.1,0.7000000000000001,True
483,17,CARD,26,2,31,146,46,7,2,5,10,18,0.1,0.7000000000000001,False
484,17,CLF_UNION,26,2,42,146,55,7,2,5,10,18,0.1,0.7000000000000001,False
485,17,ORD-UNION,24,2,27,146,40,7,2,5,10,18,0.1,0.7000000000000001,False
486,17,CARD,33,2,35,146,45,7,2,5,10,18,0.1,0.7000000000000001,True
487,17,CLF_UNION,34,1,45,146,55,7,2,5,10,18,0.1,0.7000000000000001,True
488,17,ORD-UNION,32,0,32,146,42,7,2,5,10,18,0.1,0.7000000000000001,True
489,17,CARD,33,2,35,146,45,7,2,5,10,18,0.1,0.7000000000000001,False
490,17,CLF_UNION,34,1,45,146,55,7,2,5,10,18,0.1,0.7000000000000001,False
491,17,ORD-UNION,32,0,32,146,42,7,2,5,10,18,0.1,0.7000000000000001,False
492,17,CARD,34,3,39,146,46,7,2,5,10,18,0.1,0.7000000000000001,True
493,17,CLF_UNION,34,3,50,146,55,7,2,5,10,18,0.1,0.7000000000000001,True
494,17,ORD-UNION,33,2,36,146,41,7,2,5,10,18,0.1,0.7000000000000001,True
495,17,CARD,34,3,39,146,46,7,2,5,10,18,0.1,0.7000000000000001,False
496,17,CLF_UNION,34,3,50,146,55,7,2,5,10,18,0.1,0.7000000000000001,False
497,17,ORD-UNION,33,2,36,146,41,7,2,5,10,18,0.1,0.7000000000000001,False
498,17,CARD,22,1,24,146,46,7,2,5,10,18,0.1,0.7000000000000001,True
499,17,CLF_UNION,22,1,35,146,55,7,2,5,10,18,0.1,0.7000000000000001,True
500,17,ORD-UNION,20,1,21,146,41,7,2,5,10,18,0.1,0.7000000000000001,True
501,17,CARD,22,1,24,146,46,7,2,5,10,18,0.1,0.7000000000000001,False
502,17,CLF_UNION,22,1,35,146,55,7,2,5,10,18,0.1,0.7000000000000001,False
503,17,ORD-UNION,20,1,21,146,41,7,2,5,10,18,0.1,0.7000000000000001,False
504,17,CARD,17,0,18,146,46,7,2,5,10,18,0.1,0.7000000000000001,True
505,17,CLF_UNION,17,0,29,146,55,7,2,5,10,18,0.1,0.7000000000000001,True
506,17,ORD-UNION,17,0,17,146,43,7,2,5,10,18,0.1,0.7000000000000001,True
507,17,CARD,17,0,18,146,46,7,2,5,10,18,0.1,0.7000000000000001,False
508,17,CLF_UNION,17,0,29,146,55,7,2,5,10,18,0.1,0.7000000000000001,False
509,17,ORD-UNION,17,0,17,146,43,7,2,5,10,18,0.1,0.7000000000000001,False
510,18,CARD,17,5,23,164,46,9,5,5,10,18,0.1,0.7000000000000001,True
511,18,CLF_UNION,22,2,36,164,57,9,5,5,10,18,0.1,0.7000000000000001,True
512,18,ORD-UNION,12,0,12,164,33,9,5,5,10,18,0.1,0.7000000000000001,True
513,18,CARD,20,3,24,164,45,7,2,5,10,18,0.1,0.7000000000000001,False
514,18,CLF_UNION,22,1,34,164,55,7,2,5,10,18,0.1,0.7000000000000001,False
515,18,ORD-UNION,20,0,20,164,41,7,2,5,10,18,0.1,0.7000000000000001,False
516,18,CARD,34,4,38,164,46,7,2,5,10,18,0.1,0.7000000000000001,True
517,18,CLF_UNION,36,2,49,164,55,7,2,5,10,18,0.1,0.7000000000000001,True
518,18,ORD-UNION,34,2,36,164,42,7,2,5,10,18,0.1,0.7000000000000001,True
519,18,CARD,34,4,38,164,46,7,2,5,10,18,0.1,0.7000000000000001,False
520,18,CLF_UNION,36,2,49,164,55,7,2,5,10,18,0.1,0.7000000000000001,False
521,18,ORD-UNION,34,2,36,164,42,7,2,5,10,18,0.1,0.7000000000000001,False
522,18,CARD,22,0,23,164,47,7,2,5,10,18,0.1,0.7000000000000001,True
523,18,CLF_UNION,22,0,35,164,55,7,2,5,10,18,0.1,0.7000000000000001,True
524,18,ORD-UNION,21,0,22,164,42,7,2,5,10,18,0.1,0.7000000000000001,True
525,18,CARD,22,0,23,164,47,7,2,5,10,18,0.1,0.7000000000000001,False
526,18,CLF_UNION,22,0,35,164,55,7,2,5,10,18,0.1,0.7000000000000001,False
527,18,ORD-UNION,21,0,22,164,42,7,2,5,10,18,0.1,0.7000000000000001,False
528,18,CARD,26,1,29,164,46,7,2,5,10,18,0.1,0.7000000000000001,True
529,18,CLF_UNION,26,1,41,164,56,7,2,5,10,18,0.1,0.7000000000000001,True
530,18,ORD-UNION,24,0,24,164,39,7,2,5,10,18,0.1,0.7000000000000001,True
531,18,CARD,26,1,29,164,46,7,2,5,10,18,0.1,0.7000000000000001,False
532,18,CLF_UNION,26,1,41,164,56,7,2,5,10,18,0.1,0.7000000000000001,False
533,18,ORD-UNION,24,0,24,164,39,7,2,5,10,18,0.1,0.7000000000000001,False
534,18,CARD,33,1,35,164,46,7,2,5,10,18,0.1,0.7000000000000001,True
535,18,CLF_UNION,33,1,47,164,56,7,2,5,10,18,0.1,0.7000000000000001,True
536,18,ORD-UNION,33,0,33,164,42,7,2,5,10,18,0.1,0.7000000000000001,True
537,18,CARD,33,1,35,164,46,7,2,5,10,18,0.1,0.7000000000000001,False
538,18,CLF_UNION,33,1,47,164,56,7,2,5,10,18,0.1,0.7000000000000001,False
539,18,ORD-UNION,33,0,33,164,42,7,2,5,10,18,0.1,0.7000000000000001,False
540,19,CARD,0,0,2,182,45,9,5,5,10,18,0.1,0.7000000000000001,True
541,19,CLF_UNION,0,1,13,182,55,9,5,5,10,18,0.1,0.7000000000000001,True
542,19,ORD-UNION,0,0,1,182,44,9,5,5,10,18,0.1,0.7000000000000001,True
543,19,CARD,0,0,2,182,45,6,2,5,10,18,0.1,0.7000000000000001,False
544,19,CLF_UNION,0,0,12,182,55,6,2,5,10,18,0.1,0.7000000000000001,False
545,19,ORD-UNION,0,0,2,182,45,6,2,5,10,18,0.1,0.7000000000000001,False
546,19,CARD,23,0,25,182,45,6,2,5,10,18,0.1,0.7000000000000001,True
547,19,CLF_UNION,23,0,36,182,56,6,2,5,10,18,0.1,0.7000000000000001,True
548,19,ORD-UNION,23,0,24,182,44,6,2,5,10,18,0.1,0.7000000000000001,True
549,19,CARD,23,0,25,182,45,6,2,5,10,18,0.1,0.7000000000000001,False
550,19,CLF_UNION,23,0,36,182,56,6,2,5,10,18,0.1,0.7000000000000001,False
551,19,ORD-UNION,23,0,24,182,44,6,2,5,10,18,0.1,0.7000000000000001,False
552,19,CARD,23,0,25,182,46,6,2,5,10,18,0.1,0.7000000000000001,True
553,19,CLF_UNION,23,1,37,182,55,6,2,5,10,18,0.1,0.7000000000000001,True
554,19,ORD-UNION,23,0,24,182,43,6,2,5,10,18,0.1,0.7000000000000001,True
555,19,CARD,23,0,25,182,46,6,2,5,10,18,0.1,0.7000000000000001,False
556,19,CLF_UNION,23,1,37,182,55,6,2,5,10,18,0.1,0.7000000000000001,False
557,19,ORD-UNION,23,0,24,182,43,6,2,5,10,18,0.1,0.7000000000000001,False
558,19,CARD,31,1,34,182,46,6,2,5,10,18,0.1,0.7000000000000001,True
559,19,CLF_UNION,31,2,45,182,55,6,2,5,10,18,0.1,0.7000000000000001,True
560,19,ORD-UNION,31,1,33,182,43,6,2,5,10,18,0.1,0.7000000000000001,True
561,19,CARD,31,1,34,182,46,6,2,5,10,18,0.1,0.7000000000000001,False
562,19,CLF_UNION,31,2,45,182,55,6,2,5,10,18,0.1,0.7000000000000001,False
563,19,ORD-UNION,31,1,33,182,43,6,2,5,10,18,0.1,0.7000000000000001,False
564,19,CARD,27,2,30,182,45,6,2,5,10,18,0.1,0.7000000000000001,True
565,19,CLF_UNION,27,3,41,182,56,6,2,5,10,18,0.1,0.7000000000000001,True
566,19,ORD-UNION,27,2,30,182,45,6,2,5,10,18,0.1,0.7000000000000001,True
567,19,CARD,27,2,30,182,45,6,2,5,10,18,0.1,0.7000000000000001,False
568,19,CLF_UNION,27,3,41,182,56,6,2,5,10,18,0.1,0.7000000000000001,False
569,19,ORD-UNION,27,2,30,182,45,6,2,5,10,18,0.1,0.7000000000000001,False
570,20,CARD,31,4,35,201,45,9,5,5,10,18,0.1,0.7000000000000001,True
571,20,CLF_UNION,35,0,45,201,55,9,5,5,10,18,0.1,0.7000000000000001,True
572,20,ORD-UNION,30,0,30,201,40,9,5,5,10,18,0.1,0.7000000000000001,True
573,20,CARD,34,1,35,201,45,8,2,5,10,18,0.1,0.7000000000000001,False
574,20,CLF_UNION,34,1,45,201,55,8,2,5,10,18,0.1,0.7000000000000001,False
575,20,ORD-UNION,33,1,34,201,44,8,2,5,10,18,0.1,0.7000000000000001,False
576,20,CARD,23,0,25,201,45,8,2,5,10,18,0.1,0.7000000000000001,True
577,20,CLF_UNION,23,0,35,201,55,8,2,5,10,18,0.1,0.7000000000000001,True
578,20,ORD-UNION,21,0,22,201,42,8,2,5,10,18,0.1,0.7000000000000001,True
579,20,CARD,23,0,25,201,45,8,2,5,10,18,0.1,0.7000000000000001,False
580,20,CLF_UNION,23,0,35,201,55,8,2,5,10,18,0.1,0.7000000000000001,False
581,20,ORD-UNION,21,0,22,201,42,8,2,5,10,18,0.1,0.7000000000000001,False
582,20,CARD,15,0,16,201,46,8,2,5,10,18,0.1,0.7000000000000001,True
583,20,CLF_UNION,15,0,28,201,56,8,2,5,10,18,0.1,0.7000000000000001,True
584,20,ORD-UNION,15,0,15,201,43,8,2,5,10,18,0.1,0.7000000000000001,True
585,20,CARD,15,0,16,201,46,8,2,5,10,18,0.1,0.7000000000000001,False
586,20,CLF_UNION,15,0,28,201,56,8,2,5,10,18,0.1,0.7000000000000001,False
587,20,ORD-UNION,15,0,15,201,43,8,2,5,10,18,0.1,0.7000000000000001,False
588,20,CARD,29,0,29,201,46,8,2,5,10,18,0.1,0.7000000000000001,True
589,20,CLF_UNION,28,3,43,201,57,8,2,5,10,18,0.1,0.7000000000000001,True
590,20,ORD-UNION,26,0,26,201,41,8,2,5,10,18,0.1,0.7000000000000001,True
591,20,CARD,29,0,29,201,46,8,2,5,10,18,0.1,0.7000000000000001,False
592,20,CLF_UNION,28,3,43,201,57,8,2,5,10,18,0.1,0.7000000000000001,False
593,20,ORD-UNION,26,0,26,201,41,8,2,5,10,18,0.1,0.7000000000000001,False
594,20,CARD,29,0,30,201,46,8,2,5,10,18,0.1,0.7000000000000001,True
595,20,CLF_UNION,29,4,44,201,58,8,2,5,10,18,0.1,0.7000000000000001,True
596,20,ORD-UNION,28,0,29,201,43,8,2,5,10,18,0.1,0.7000000000000001,True
597,20,CARD,29,0,30,201,46,8,2,5,10,18,0.1,0.7000000000000001,False
598,20,CLF_UNION,29,4,44,201,58,8,2,5,10,18,0.1,0.7000000000000001,False
599,20,ORD-UNION,28,0,29,201,43,8,2,5,10,18,0.1,0.7000000000000001,False
600,21,CARD,28,0,29,221,46,9,5,5,10,18,0.1,0.7000000000000001,True
601,21,CLF_UNION,28,1,41,221,56,9,5,5,10,18,0.1,0.7000000000000001,True
602,21,ORD-UNION,27,0,28,221,43,9,5,5,10,18,0.1,0.7000000000000001,True
603,21,CARD,28,0,30,221,45,9,2,5,10,18,0.1,0.7000000000000001,False
604,21,CLF_UNION,27,2,41,221,55,9,2,5,10,18,0.1,0.7000000000000001,False
605,21,ORD-UNION,26,0,27,221,42,9,2,5,10,18,0.1,0.7000000000000001,False
606,21,CARD,23,0,26,221,45,9,2,5,10,18,0.1,0.7000000000000001,True
607,21,CLF_UNION,22,3,38,221,57,9,2,5,10,18,0.1,0.7000000000000001,True
608,21,ORD-UNION,23,0,25,221,44,9,2,5,10,18,0.1,0.7000000000000001,True
609,21,CARD,23,0,26,221,45,9,2,5,10,18,0.1,0.7000000000000001,False
610,21,CLF_UNION,22,3,38,221,57,9,2,5,10,18,0.1,0.7000000000000001,False
611,21,ORD-UNION,23,0,25,221,44,9,2,5,10,18,0.1,0.7000000000000001,False
612,21,CARD,23,0,23,221,46,9,2,5,10,18,0.1,0.7000000000000001,True
613,21,CLF_UNION,22,1,35,221,56,9,2,5,10,18,0.1,0.7000000000000001,True
614,21,ORD-UNION,23,0,23,221,44,9,2,5,10,18,0.1,0.7000000000000001,True
615,21,CARD,23,0,23,221,46,9,2,5,10,18,0.1,0.7000000000000001,False
616,21,CLF_UNION,22,1,35,221,56,9,2,5,10,18,0.1,0.7000000000000001,False
617,21,ORD-UNION,23,0,23,221,44,9,2,5,10,18,0.1,0.7000000000000001,False
618,21,CARD,34,0,39,221,45,9,2,5,10,18,0.1,0.7000000000000001,True
619,21,CLF_UNION,34,0,49,221,55,9,2,5,10,18,0.1,0.7000000000000001,True
620,21,ORD-UNION,34,0,37,221,43,9,2,5,10,18,0.1,0.7000000000000001,True
621,21,CARD,34,0,39,221,45,9,2,5,10,18,0.1,0.7000000000000001,False
622,21,CLF_UNION,34,0,49,221,55,9,2,5,10,18,0.1,0.7000000000000001,False
623,21,ORD-UNION,34,0,37,221,43,9,2,5,10,18,0.1,0.7000000000000001,False
624,21,CARD,28,1,29,221,46,9,2,5,10,18,0.1,0.7000000000000001,True
625,21,CLF_UNION,29,0,41,221,56,9,2,5,10,18,0.1,0.7000000000000001,True
626,21,ORD-UNION,27,0,27,221,42,9,2,5,10,18,0.1,0.7000000000000001,True
627,21,CARD,28,1,29,221,46,9,2,5,10,18,0.1,0.7000000000000001,False
628,21,CLF_UNION,29,0,41,221,56,9,2,5,10,18,0.1,0.7000000000000001,False
629,21,ORD-UNION,27,0,27,221,42,9,2,5,10,18,0.1,0.7000000000000001,False
630,22,CARD,9,0,9,243,48,9,5,5,10,18,0.1,0.7000000000000001,True
631,22,CLF_UNION,9,0,22,243,55,9,5,5,10,18,0.1,0.7000000000000001,True
632,22,ORD-UNION,8,0,8,243,41,9,5,5,10,18,0.1,0.7000000000000001,True
633,22,CARD,9,0,11,243,46,9,2,5,10,18,0.1,0.7000000000000001,False
634,22,CLF_UNION,9,0,24,243,57,9,2,5,10,18,0.1,0.7000000000000001,False
635,22,ORD-UNION,9,0,10,243,43,9,2,5,10,18,0.1,0.7000000000000001,False
636,22,CARD,22,0,24,243,46,9,2,5,10,18,0.1,0.7000000000000001,True
637,22,CLF_UNION,22,0,37,243,57,9,2,5,10,18,0.1,0.7000000000000001,True
638,22,ORD-UNION,21,0,23,243,43,9,2,5,10,18,0.1,0.7000000000000001,True
639,22,CARD,22,0,24,243,46,9,2,5,10,18,0.1,0.7000000000000001,False
640,22,CLF_UNION,22,0,37,243,57,9,2,5,10,18,0.1,0.7000000000000001,False
641,22,ORD-UNION,21,0,23,243,43,9,2,5,10,18,0.1,0.7000000000000001,False
642,22,CARD,15,0,18,243,46,9,2,5,10,18,0.1,0.7000000000000001,True
643,22,CLF_UNION,16,3,33,243,59,9,2,5,10,18,0.1,0.7000000000000001,True
644,22,ORD-UNION,13,0,15,243,41,9,2,5,10,18,0.1,0.7000000000000001,True
645,22,CARD,15,0,18,243,46,9,2,5,10,18,0.1,0.7000000000000001,False
646,22,CLF_UNION,16,3,33,243,59,9,2,5,10,18,0.1,0.7000000000000001,False
647,22,ORD-UNION,13,0,15,243,41,9,2,5,10,18,0.1,0.7000000000000001,False
648,22,CARD,24,0,25,243,45,9,2,5,10,18,0.1,0.7000000000000001,True
649,22,CLF_UNION,24,1,37,243,57,9,2,5,10,18,0.1,0.7000000000000001,True
650,22,ORD-UNION,22,0,22,243,42,9,2,5,10,18,0.1,0.7000000000000001,True
651,22,CARD,24,0,25,243,45,9,2,5,10,18,0.1,0.7000000000000001,False
652,22,CLF_UNION,24,1,37,243,57,9,2,5,10,18,0.1,0.7000000000000001,False
653,22,ORD-UNION,22,0,22,243,42,9,2,5,10,18,0.1,0.7000000000000001,False
654,22,CARD,21,0,25,243,47,9,2,5,10,18,0.1,0.7000000000000001,True
655,22,CLF_UNION,22,3,39,243,57,9,2,5,10,18,0.1,0.7000000000000001,True
656,22,ORD-UNION,21,0,25,243,43,9,2,5,10,18,0.1,0.7000000000000001,True
657,22,CARD,21,0,25,243,47,9,2,5,10,18,0.1,0.7000000000000001,False
658,22,CLF_UNION,22,3,39,243,57,9,2,5,10,18,0.1,0.7000000000000001,False
659,22,ORD-UNION,21,0,25,243,43,9,2,5,10,18,0.1,0.7000000000000001,False
660,23,CARD,14,0,17,266,46,9,5,5,10,18,0.1,0.7000000000000001,True
661,23,CLF_UNION,14,0,29,266,56,9,5,5,10,18,0.1,0.7000000000000001,True
662,23,ORD-UNION,12,0,12,266,39,9,5,5,10,18,0.1,0.7000000000000001,True
663,23,CARD,14,0,17,266,46,9,2,5,10,18,0.1,0.7000000000000001,False
664,23,CLF_UNION,14,0,28,266,55,9,2,5,10,18,0.1,0.7000000000000001,False
665,23,ORD-UNION,14,0,15,266,42,9,2,5,10,18,0.1,0.7000000000000001,False
666,23,CARD,28,0,30,266,46,9,2,5,10,18,0.1,0.7000000000000001,True
667,23,CLF_UNION,28,0,42,266,56,9,2,5,10,18,0.1,0.7000000000000001,True
668,23,ORD-UNION,24,0,25,266,39,9,2,5,10,18,0.1,0.7000000000000001,True
669,23,CARD,28,0,30,266,46,9,2,5,10,18,0.1,0.7000000000000001,False
670,23,CLF_UNION,28,0,42,266,56,9,2,5,10,18,0.1,0.7000000000000001,False
671,23,ORD-UNION,24,0,25,266,39,9,2,5,10,18,0.1,0.7000000000000001,False
672,23,CARD,8,0,10,266,46,9,2,5,10,18,0.1,0.7000000000000001,True
673,23,CLF_UNION,8,0,21,266,55,9,2,5,10,18,0.1,0.7000000000000001,True
674,23,ORD-UNION,8,0,10,266,44,9,2,5,10,18,0.1,0.7000000000000001,True
675,23,CARD,8,0,10,266,46,9,2,5,10,18,0.1,0.7000000000000001,False
676,23,CLF_UNION,8,0,21,266,55,9,2,5,10,18,0.1,0.7000000000000001,False
677,23,ORD-UNION,8,0,10,266,44,9,2,5,10,18,0.1,0.7000000000000001,False
678,23,CARD,23,0,25,266,45,9,2,5,10,18,0.1,0.7000000000000001,True
679,23,CLF_UNION,23,1,36,266,56,9,2,5,10,18,0.1,0.7000000000000001,True
680,23,ORD-UNION,21,0,22,266,42,9,2,5,10,18,0.1,0.7000000000000001,True
681,23,CARD,23,0,25,266,45,9,2,5,10,18,0.1,0.7000000000000001,False
682,23,CLF_UNION,23,1,36,266,56,9,2,5,10,18,0.1,0.7000000000000001,False
683,23,ORD-UNION,21,0,22,266,42,9,2,5,10,18,0.1,0.7000000000000001,False
684,23,CARD,16,0,17,266,45,9,2,5,10,18,0.1,0.7000000000000001,True
685,23,CLF_UNION,16,1,28,266,56,9,2,5,10,18,0.1,0.7000000000000001,True
686,23,ORD-UNION,16,0,16,266,44,9,2,5,10,18,0.1,0.7000000000000001,True
687,23,CARD,16,0,17,266,45,9,2,5,10,18,0.1,0.7000000000000001,False
688,23,CLF_UNION,16,1,28,266,56,9,2,5,10,18,0.1,0.7000000000000001,False
689,23,ORD-UNION,16,0,16,266,44,9,2,5,10,18,0.1,0.7000000000000001,False
690,24,CARD,22,0,24,288,45,9,5,5,10,18,0.1,0.7000000000000001,True
691,24,CLF_UNION,22,0,34,288,55,9,5,5,10,18,0.1,0.7000000000000001,True
692,24,ORD-UNION,22,0,23,288,44,9,5,5,10,18,0.1,0.7000000000000001,True
693,24,CARD,22,0,24,288,45,9,2,5,10,18,0.1,0.7000000000000001,False
694,24,CLF_UNION,22,1,35,288,56,9,2,5,10,18,0.1,0.7000000000000001,False
695,24,ORD-UNION,21,0,22,288,43,9,2,5,10,18,0.1,0.7000000000000001,False
696,24,CARD,16,0,19,288,45,9,2,5,10,18,0.1,0.7000000000000001,True
697,24,CLF_UNION,16,2,32,288,58,9,2,5,10,18,0.1,0.7000000000000001,True
698,24,ORD-UNION,16,0,19,288,45,9,2,5,10,18,0.1,0.7000000000000001,True
699,24,CARD,16,0,19,288,45,9,2,5,10,18,0.1,0.7000000000000001,False
700,24,CLF_UNION,16,2,32,288,58,9,2,5,10,18,0.1,0.7000000000000001,False
701,24,ORD-UNION,16,0,19,288,45,9,2,5,10,18,0.1,0.7000000000000001,False
702,24,CARD,9,0,9,288,48,9,2,5,10,18,0.1,0.7000000000000001,True
703,24,CLF_UNION,9,1,24,288,57,9,2,5,10,18,0.1,0.7000000000000001,True
704,24,ORD-UNION,8,0,8,288,41,9,2,5,10,18,0.1,0.7000000000000001,True
705,24,CARD,9,0,9,288,48,9,2,5,10,18,0.1,0.7000000000000001,False
706,24,CLF_UNION,9,1,24,288,57,9,2,5,10,18,0.1,0.7000000000000001,False
707,24,ORD-UNION,8,0,8,288,41,9,2,5,10,18,0.1,0.7000000000000001,False
708,24,CARD,23,0,27,288,45,9,2,5,10,18,0.1,0.7000000000000001,True
709,24,CLF_UNION,23,0,38,288,56,9,2,5,10,18,0.1,0.7000000000000001,True
710,24,ORD-UNION,21,0,25,288,43,9,2,5,10,18,0.1,0.7000000000000001,True
711,24,CARD,23,0,27,288,45,9,2,5,10,18,0.1,0.7000000000000001,False
712,24,CLF_UNION,23,0,38,288,56,9,2,5,10,18,0.1,0.7000000000000001,False
713,24,ORD-UNION,21,0,25,288,43,9,2,5,10,18,0.1,0.7000000000000001,False
714,24,CARD,22,0,25,288,45,9,2,5,10,18,0.1,0.7000000000000001,True
715,24,CLF_UNION,21,2,36,288,56,9,2,5,10,18,0.1,0.7000000000000001,True
716,24,ORD-UNION,20,0,22,288,42,9,2,5,10,18,0.1,0.7000000000000001,True
717,24,CARD,22,0,25,288,45,9,2,5,10,18,0.1,0.7000000000000001,False
718,24,CLF_UNION,21,2,36,288,56,9,2,5,10,18,0.1,0.7000000000000001,False
719,24,ORD-UNION,20,0,22,288,42,9,2,5,10,18,0.1,0.7000000000000001,False
720,1,CARD,11,12,24,1,66,9,5,5,10,18,0.1,0.7000000000000001,True
721,1,CLF_UNION,34,21,71,1,71,9,5,5,10,18,0.1,0.7000000000000001,True
722,1,ORD-UNION,0,0,0,1,0,9,5,5,10,18,0.1,0.7000000000000001,True
723,1,CARD,19,1,21,1,69,1,1,5,10,18,0.1,0.7000000000000001,False
724,1,CLF_UNION,41,23,79,1,79,1,1,5,10,18,0.1,0.7000000000000001,False
725,1,ORD-UNION,19,1,21,1,21,1,1,5,10,18,0.1,0.7000000000000001,False
726,1,CARD,16,5,21,1,69,1,1,5,10,18,0.1,0.7000000000000001,True
727,1,CLF_UNION,38,27,79,1,79,1,1,5,10,18,0.1,0.7000000000000001,True
728,1,ORD-UNION,16,5,21,1,21,1,1,5,10,18,0.1,0.7000000000000001,True
729,1,CARD,16,5,21,1,69,1,1,5,10,18,0.1,0.7000000000000001,False
730,1,CLF_UNION,38,27,79,1,79,1,1,5,10,18,0.1,0.7000000000000001,False
731,1,ORD-UNION,16,5,21,1,21,1,1,5,10,18,0.1,0.7000000000000001,False
732,1,CARD,22,2,24,1,66,1,1,5,10,18,0.1,0.7000000000000001,True
733,1,CLF_UNION,42,22,76,1,76,1,1,5,10,18,0.1,0.7000000000000001,True
734,1,ORD-UNION,22,2,24,1,24,1,1,5,10,18,0.1,0.7000000000000001,True
735,1,CARD,22,2,24,1,66,1,1,5,10,18,0.1,0.7000000000000001,False
736,1,CLF_UNION,42,22,76,1,76,1,1,5,10,18,0.1,0.7000000000000001,False
737,1,ORD-UNION,22,2,24,1,24,1,1,5,10,18,0.1,0.7000000000000001,False
738,1,CARD,21,3,24,1,66,1,1,5,10,18,0.1,0.7000000000000001,True
739,1,CLF_UNION,41,23,76,1,76,1,1,5,10,18,0.1,0.7000000000000001,True
740,1,ORD-UNION,21,3,24,1,24,1,1,5,10,18,0.1,0.7000000000000001,True
741,1,CARD,21,3,24,1,66,1,1,5,10,18,0.1,0.7000000000000001,False
742,1,CLF_UNION,41,23,76,1,76,1,1,5,10,18,0.1,0.7000000000000001,False
743,1,ORD-UNION,21,3,24,1,24,1,1,5,10,18,0.1,0.7000000000000001,False
744,1,CARD,15,7,24,1,66,1,1,5,10,18,0.1,0.7000000000000001,True
745,1,CLF_UNION,36,28,76,1,76,1,1,5,10,18,0.1,0.7000000000000001,True
746,1,ORD-UNION,15,7,24,1,24,1,1,5,10,18,0.1,0.7000000000000001,True
747,1,CARD,15,7,24,1,66,1,1,5,10,18,0.1,0.7000000000000001,False
748,1,CLF_UNION,36,28,76,1,76,1,1,5,10,18,0.1,0.7000000000000001,False
749,1,ORD-UNION,15,7,24,1,24,1,1,5,10,18,0.1,0.7000000000000001,False
750,2,CARD,18,14,33,3,57,9,5,5,10,18,0.1,0.7000000000000001,True
751,2,CLF_UNION,33,28,73,3,73,9,5,5,10,18,0.1,0.7000000000000001,True
752,2,ORD-UNION,0,0,0,3,0,9,5,5,10,18,0.1,0.7000000000000001,True
753,2,CARD,22,13,36,3,54,2,1,5,10,18,0.1,0.7000000000000001,False
754,2,CLF_UNION,34,31,76,3,76,2,1,5,10,18,0.1,0.7000000000000001,False
755,2,ORD-UNION,22,13,36,3,36,2,1,5,10,18,0.1,0.7000000000000001,False
756,2,CARD,28,3,33,3,57,2,1,5,10,18,0.1,0.7000000000000001,True
757,2,CLF_UNION,40,23,75,3,75,2,1,5,10,18,0.1,0.7000000000000001,True
758,2,ORD-UNION,28,3,33,3,33,2,1,5,10,18,0.1,0.7000000000000001,True
759,2,CARD,28,3,33,3,57,2,1,5,10,18,0.1,0.7000000000000001,False
760,2,CLF_UNION,40,23,75,3,75,2,1,5,10,18,0.1,0.7000000000000001,False
761,2,ORD-UNION,28,3,33,3,33,2,1,5,10,18,0.1,0.7000000000000001,False
762,2,CARD,30,2,33,3,57,2,1,5,10,18,0.1,0.7000000000000001,True
763,2,CLF_UNION,41,25,79,3,79,2,1,5,10,18,0.1,0.7000000000000001,True
764,2,ORD-UNION,30,2,33,3,33,2,1,5,10,18,0.1,0.7000000000000001,True
765,2,CARD,30,2,33,3,57,2,1,5,10,18,0.1,0.7000000000000001,False
766,2,CLF_UNION,41,25,79,3,79,2,1,5,10,18,0.1,0.7000000000000001,False
767,2,ORD-UNION,30,2,33,3,33,2,1,5,10,18,0.1,0.7000000000000001,False
768,2,CARD,20,7,33,3,57,2,1,5,10,18,0.1,0.7000000000000001,True
769,2,CLF_UNION,30,27,79,3,79,2,1,5,10,18,0.1,0.7000000000000001,True
770,2,ORD-UNION,20,7,33,3,33,2,1,5,10,18,0.1,0.7000000000000001,True
771,2,CARD,20,7,33,3,57,2,1,5,10,18,0.1,0.7000000000000001,False
772,2,CLF_UNION,30,27,79,3,79,2,1,5,10,18,0.1,0.7000000000000001,False
773,2,ORD-UNION,20,7,33,3,33,2,1,5,10,18,0.1,0.7000000000000001,False
774,2,CARD,26,8,37,3,53,2,1,5,10,18,0.1,0.7000000000000001,True
775,2,CLF_UNION,35,26,75,3,75,2,1,5,10,18,0.1,0.7000000000000001,True
776,2,ORD-UNION,26,8,37,3,37,2,1,5,10,18,0.1,0.7000000000000001,True
777,2,CARD,26,8,37,3,53,2,1,5,10,18,0.1,0.7000000000000001,False
778,2,CLF_UNION,35,26,75,3,75,2,1,5,10,18,0.1,0.7000000000000001,False
779,2,ORD-UNION,26,8,37,3,37,2,1,5,10,18,0.1,0.7000000000000001,False
780,3,CARD,19,22,42,6,48,9,5,5,10,18,0.1,0.7000000000000001,True
781,3,CLF_UNION,24,23,58,6,58,9,5,5,10,18,0.1,0.7000000000000001,True
782,3,ORD-UNION,1,0,1,6,1,9,5,5,10,18,0.1,0.7000000000000001,True
783,3,CARD,19,22,42,6,48,4,1,5,10,18,0.1,0.7000000000000001,False
784,3,CLF_UNION,24,24,59,6,59,4,1,5,10,18,0.1,0.7000000000000001,False
785,3,ORD-UNION,4,5,10,6,10,4,1,5,10,18,0.1,0.7000000000000001,False
786,3,CARD,25,13,40,6,50,4,1,5,10,18,0.1,0.7000000000000001,True
787,3,CLF_UNION,23,25,60,6,60,4,1,5,10,18,0.1,0.7000000000000001,True
788,3,ORD-UNION,5,4,11,6,11,4,1,5,10,18,0.1,0.7000000000000001,True
789,3,CARD,25,13,40,6,50,4,1,5,10,18,0.1,0.7000000000000001,False
790,3,CLF_UNION,23,25,60,6,60,4,1,5,10,18,0.1,0.7000000000000001,False
791,3,ORD-UNION,5,4,11,6,11,4,1,5,10,18,0.1,0.7000000000000001,False
792,3,CARD,23,15,41,6,48,4,1,5,10,18,0.1,0.7000000000000001,True
793,3,CLF_UNION,25,18,56,6,57,4,1,5,10,18,0.1,0.7000000000000001,True
794,3,ORD-UNION,8,5,16,6,17,4,1,5,10,18,0.1,0.7000000000000001,True
795,3,CARD,23,15,41,6,48,4,1,5,10,18,0.1,0.7000000000000001,False
796,3,CLF_UNION,25,18,56,6,57,4,1,5,10,18,0.1,0.7000000000000001,False
797,3,ORD-UNION,8,5,16,6,17,4,1,5,10,18,0.1,0.7000000000000001,False
798,3,CARD,19,18,38,6,52,4,1,5,10,18,0.1,0.7000000000000001,True
799,3,CLF_UNION,23,25,59,6,59,4,1,5,10,18,0.1,0.7000000000000001,True
800,3,ORD-UNION,6,5,11,6,11,4,1,5,10,18,0.1,0.7000000000000001,True
801,3,CARD,19,18,38,6,52,4,1,5,10,18,0.1,0.7000000000000001,False
802,3,CLF_UNION,23,25,59,6,59,4,1,5,10,18,0.1,0.7000000000000001,False
803,3,ORD-UNION,6,5,11,6,11,4,1,5,10,18,0.1,0.7000000000000001,False
804,3,CARD,28,8,40,6,49,4,1,5,10,18,0.1,0.7000000000000001,True
805,3,CLF_UNION,32,10,56,6,57,4,1,5,10,18,0.1,0.7000000000000001,True
806,3,ORD-UNION,9,3,16,6,17,4,1,5,10,18,0.1,0.7000000000000001,True
807,3,CARD,28,8,40,6,49,4,1,5,10,18,0.1,0.7000000000000001,False
808,3,CLF_UNION,32,10,56,6,57,4,1,5,10,18,0.1,0.7000000000000001,False
809,3,ORD-UNION,9,3,16,6,17,4,1,5,10,18,0.1,0.7000000000000001,False
810,4,CARD,25,13,43,10,46,9,5,5,10,18,0.1,0.7000000000000001,True
811,4,CLF_UNION,29,11,55,10,56,9,5,5,10,18,0.1,0.7000000000000001,True
812,4,ORD-UNION,2,0,2,10,3,9,5,5,10,18,0.1,0.7000000000000001,True
813,4,CARD,27,9,41,10,48,3,1,5,10,18,0.1,0.7000000000000001,False
814,4,CLF_UNION,30,18,64,10,65,3,1,5,10,18,0.1,0.7000000000000001,False
815,4,ORD-UNION,27,9,41,10,42,3,1,5,10,18,0.1,0.7000000000000001,False
816,4,CARD,17,21,39,10,51,3,1,5,10,18,0.1,0.7000000000000001,True
817,4,CLF_UNION,23,29,63,10,63,3,1,5,10,18,0.1,0.7000000000000001,True
818,4,ORD-UNION,17,21,39,10,39,3,1,5,10,18,0.1,0.7000000000000001,True
819,4,CARD,17,21,39,10,51,3,1,5,10,18,0.1,0.7000000000000001,False
820,4,CLF_UNION,23,29,63,10,63,3,1,5,10,18,0.1,0.7000000000000001,False
821,4,ORD-UNION,17,21,39,10,39,3,1,5,10,18,0.1,0.7000000000000001,False
822,4,CARD,16,22,40,10,49,3,1,5,10,18,0.1,0.7000000000000001,True
823,4,CLF_UNION,21,33,66,10,67,3,1,5,10,18,0.1,0.7000000000000001,True
824,4,ORD-UNION,16,22,40,10,41,3,1,5,10,18,0.1,0.7000000000000001,True
825,4,CARD,16,22,40,10,49,3,1,5,10,18,0.1,0.7000000000000001,False
826,4,CLF_UNION,21,33,66,10,67,3,1,5,10,18,0.1,0.7000000000000001,False
827,4,ORD-UNION,16,22,40,10,41,3,1,5,10,18,0.1,0.7000000000000001,False
828,4,CARD,20,17,40,10,50,3,1,5,10,18,0.1,0.7000000000000001,True
829,4,CLF_UNION,25,26,64,10,64,3,1,5,10,18,0.1,0.7000000000000001,True
830,4,ORD-UNION,20,17,40,10,40,3,1,5,10,18,0.1,0.7000000000000001,True
831,4,CARD,20,17,40,10,50,3,1,5,10,18,0.1,0.7000000000000001,False
832,4,CLF_UNION,25,26,64,10,64,3,1,5,10,18,0.1,0.7000000000000001,False
833,4,ORD-UNION,20,17,40,10,40,3,1,5,10,18,0.1,0.7000000000000001,False
834,4,CARD,18,21,41,10,49,3,1,5,10,18,0.1,0.7000000000000001,True
835,4,CLF_UNION,24,27,63,10,63,3,1,5,10,18,0.1,0.7000000000000001,True
836,4,ORD-UNION,18,21,41,10,41,3,1,5,10,18,0.1,0.7000000000000001,True
837,4,CARD,18,21,41,10,49,3,1,5,10,18,0.1,0.7000000000000001,False
838,4,CLF_UNION,24,27,63,10,63,3,1,5,10,18,0.1,0.7000000000000001,False
839,4,ORD-UNION,18,21,41,10,41,3,1,5,10,18,0.1,0.7000000000000001,False
840,5,CARD,25,16,43,15,47,9,5,5,10,18,0.1,0.7000000000000001,True
841,5,CLF_UNION,28,15,55,15,55,9,5,5,10,18,0.1,0.7000000000000001,True
842,5,ORD-UNION,6,2,8,15,8,9,5,5,10,18,0.1,0.7000000000000001,True
843,5,CARD,23,17,42,15,48,4,1,5,10,18,0.1,0.7000000000000001,False
844,5,CLF_UNION,27,18,57,15,57,4,1,5,10,18,0.1,0.7000000000000001,False
845,5,ORD-UNION,21,16,39,15,39,4,1,5,10,18,0.1,0.7000000000000001,False
846,5,CARD,28,13,42,15,48,4,1,5,10,18,0.1,0.7000000000000001,True
847,5,CLF_UNION,31,15,57,15,57,4,1,5,10,18,0.1,0.7000000000000001,True
848,5,ORD-UNION,26,13,39,15,39,4,1,5,10,18,0.1,0.7000000000000001,True
849,5,CARD,28,13,42,15,48,4,1,5,10,18,0.1,0.7000000000000001,False
850,5,CLF_UNION,31,15,57,15,57,4,1,5,10,18,0.1,0.7000000000000001,False
851,5,ORD-UNION,26,13,39,15,39,4,1,5,10,18,0.1,0.7000000000000001,False
852,5,CARD,18,20,41,15,46,4,1,5,10,18,0.1,0.7000000000000001,True
853,5,CLF_UNION,21,19,53,15,56,4,1,5,10,18,0.1,0.7000000000000001,True
854,5,ORD-UNION,18,19,40,15,43,4,1,5,10,18,0.1,0.7000000000000001,True
855,5,CARD,18,20,41,15,46,4,1,5,10,18,0.1,0.7000000000000001,False
856,5,CLF_UNION,21,19,53,15,56,4,1,5,10,18,0.1,0.7000000000000001,False
857,5,ORD-UNION,18,19,40,15,43,4,1,5,10,18,0.1,0.7000000000000001,False
858,5,CARD,22,18,42,15,47,4,1,5,10,18,0.1,0.7000000000000001,True
859,5,CLF_UNION,29,15,56,15,57,4,1,5,10,18,0.1,0.7000000000000001,True
860,5,ORD-UNION,20,14,36,15,37,4,1,5,10,18,0.1,0.7000000000000001,True
861,5,CARD,22,18,42,15,47,4,1,5,10,18,0.1,0.7000000000000001,False
862,5,CLF_UNION,29,15,56,15,57,4,1,5,10,18,0.1,0.7000000000000001,False
863,5,ORD-UNION,20,14,36,15,37,4,1,5,10,18,0.1,0.7000000000000001,False
864,5,CARD,14,24,39,15,50,4,1,5,10,18,0.1,0.7000000000000001,True
865,5,CLF_UNION,20,25,56,15,57,4,1,5,10,18,0.1,0.7000000000000001,True
866,5,ORD-UNION,13,21,35,15,36,4,1,5,10,18,0.1,0.7000000000000001,True
867,5,CARD,14,24,39,15,50,4,1,5,10,18,0.1,0.7000000000000001,False
868,5,CLF_UNION,20,25,56,15,57,4,1,5,10,18,0.1,0.7000000000000001,False
869,5,ORD-UNION,13,21,35,15,36,4,1,5,10,18,0.1,0.7000000000000001,False
870,6,CARD,25,16,44,21,45,9,5,5,10,18,0.1,0.7000000000000001,True
871,6,CLF_UNION,27,17,57,21,58,9,5,5,10,18,0.1,0.7000000000000001,True
872,6,ORD-UNION,15,8,25,21,26,9,5,5,10,18,0.1,0.7000000000000001,True
873,6,CARD,25,16,44,21,45,5,1,5,10,18,0.1,0.7000000000000001,False
874,6,CLF_UNION,25,16,54,21,55,5,1,5,10,18,0.1,0.7000000000000001,False
875,6,ORD-UNION,23,12,38,21,39,5,1,5,10,18,0.1,0.7000000000000001,False
876,6,CARD,28,13,44,21,46,5,1,5,10,18,0.1,0.7000000000000001,True
877,6,CLF_UNION,29,13,55,21,55,5,1,5,10,18,0.1,0.7000000000000001,True
878,6,ORD-UNION,20,7,29,21,29,5,1,5,10,18,0.1,0.7000000000000001,True
879,6,CARD,28,13,44,21,46,5,1,5,10,18,0.1,0.7000000000000001,False
880,6,CLF_UNION,29,13,55,21,55,5,1,5,10,18,0.1,0.7000000000000001,False
881,6,ORD-UNION,20,7,29,21,29,5,1,5,10,18,0.1,0.7000000000000001,False
882,6,CARD,27,16,44,21,46,5,1,5,10,18,0.1,0.7000000000000001,True
883,6,CLF_UNION,33,12,56,21,56,5,1,5,10,18,0.1,0.7000000000000001,True
884,6,ORD-UNION,19,7,27,21,27,5,1,5,10,18,0.1,0.7000000000000001,True
885,6,CARD,27,16,44,21,46,5,1,5,10,18,0.1,0.7000000000000001,False
886,6,CLF_UNION,33,12,56,21,56,5,1,5,10,18,0.1,0.7000000000000001,False
887,6,ORD-UNION,19,7,27,21,27,5,1,5,10,18,0.1,0.7000000000000001,False
888,6,CARD,28,14,43,21,47,5,1,5,10,18,0.1,0.7000000000000001,True
889,6,CLF_UNION,30,15,56,21,56,5,1,5,10,18,0.1,0.7000000000000001,True
890,6,ORD-UNION,24,7,32,21,32,5,1,5,10,18,0.1,0.7000000000000001,True
891,6,CARD,28,14,43,21,47,5,1,5,10,18,0.1,0.7000000000000001,False
892,6,CLF_UNION,30,15,56,21,56,5,1,5,10,18,0.1,0.7000000000000001,False
893,6,ORD-UNION,24,7,32,21,32,5,1,5,10,18,0.1,0.7000000000000001,False
894,6,CARD,30,12,43,21,47,5,1,5,10,18,0.1,0.7000000000000001,True
895,6,CLF_UNION,32,12,55,21,55,5,1,5,10,18,0.1,0.7000000000000001,True
896,6,ORD-UNION,24,7,32,21,32,5,1,5,10,18,0.1,0.7000000000000001,True
897,6,CARD,30,12,43,21,47,5,1,5,10,18,0.1,0.7000000000000001,False
898,6,CLF_UNION,32,12,55,21,55,5,1,5,10,18,0.1,0.7000000000000001,False
899,6,ORD-UNION,24,7,32,21,32,5,1,5,10,18,0.1,0.7000000000000001,False
900,7,CARD,20,20,43,28,46,9,5,5,10,18,0.1,0.7000000000000001,True
901,7,CLF_UNION,21,20,54,28,55,9,5,5,10,18,0.1,0.7000000000000001,True
902,7,ORD-UNION,10,9,19,28,20,9,5,5,10,18,0.1,0.7000000000000001,True
903,7,CARD,20,21,44,28,45,5,1,5,10,18,0.1,0.7000000000000001,False
904,7,CLF_UNION,20,21,54,28,55,5,1,5,10,18,0.1,0.7000000000000001,False
905,7,ORD-UNION,15,13,30,28,31,5,1,5,10,18,0.1,0.7000000000000001,False
906,7,CARD,29,9,42,28,47,5,1,5,10,18,0.1,0.7000000000000001,True
907,7,CLF_UNION,27,13,54,28,55,5,1,5,10,18,0.1,0.7000000000000001,True
908,7,ORD-UNION,26,7,37,28,38,5,1,5,10,18,0.1,0.7000000000000001,True
909,7,CARD,29,9,42,28,47,5,1,5,10,18,0.1,0.7000000000000001,False
910,7,CLF_UNION,27,13,54,28,55,5,1,5,10,18,0.1,0.7000000000000001,False
911,7,ORD-UNION,26,7,37,28,38,5,1,5,10,18,0.1,0.7000000000000001,False
912,7,CARD,19,16,39,28,48,5,1,5,10,18,0.1,0.7000000000000001,True
913,7,CLF_UNION,18,20,52,28,55,5,1,5,10,18,0.1,0.7000000000000001,True
914,7,ORD-UNION,16,10,29,28,32,5,1,5,10,18,0.1,0.7000000000000001,True
915,7,CARD,19,16,39,28,48,5,1,5,10,18,0.1,0.7000000000000001,False
916,7,CLF_UNION,18,20,52,28,55,5,1,5,10,18,0.1,0.7000000000000001,False
917,7,ORD-UNION,16,10,29,28,32,5,1,5,10,18,0.1,0.7000000000000001,False
918,7,CARD,33,6,43,28,46,5,1,5,10,18,0.1,0.7000000000000001,True
919,7,CLF_UNION,34,7,55,28,56,5,1,5,10,18,0.1,0.7000000000000001,True
920,7,ORD-UNION,23,1,28,28,29,5,1,5,10,18,0.1,0.7000000000000001,True
921,7,CARD,33,6,43,28,46,5,1,5,10,18,0.1,0.7000000000000001,False
922,7,CLF_UNION,34,7,55,28,56,5,1,5,10,18,0.1,0.7000000000000001,False
923,7,ORD-UNION,23,1,28,28,29,5,1,5,10,18,0.1,0.7000000000000001,False
924,7,CARD,25,14,41,28,46,5,1,5,10,18,0.1,0.7000000000000001,True
925,7,CLF_UNION,25,15,52,28,55,5,1,5,10,18,0.1,0.7000000000000001,True
926,7,ORD-UNION,21,10,32,28,35,5,1,5,10,18,0.1,0.7000000000000001,True
927,7,CARD,25,14,41,28,46,5,1,5,10,18,0.1,0.7000000000000001,False
928,7,CLF_UNION,25,15,52,28,55,5,1,5,10,18,0.1,0.7000000000000001,False
929,7,ORD-UNION,21,10,32,28,35,5,1,5,10,18,0.1,0.7000000000000001,False
