,budget,model,correct,wrong,total,n_pref_input,n_pref_output,theta_size,theta_additivity,n_items,n_test_subsets,n_tiers,alpha,p,real theta
0,1,CARD,11,11,25,1,65,15,5,5,10,12,0.30000000000000004,0.7000000000000001,True
1,1,CLF_UNION,37,11,64,1,64,15,5,5,10,12,0.30000000000000004,0.7000000000000001,True
2,1,ORD-UNION,0,0,0,1,0,15,5,5,10,12,0.30000000000000004,0.7000000000000001,True
3,1,CARD,20,2,24,1,66,1,1,5,10,12,0.30000000000000004,0.7000000000000001,False
4,1,CLF_UNION,38,20,76,1,76,1,1,5,10,12,0.30000000000000004,0.7000000000000001,False
5,1,ORD-UNION,20,2,24,1,24,1,1,5,10,12,0.30000000000000004,0.7000000000000001,False
6,1,CARD,15,4,24,1,66,1,1,5,10,12,0.30000000000000004,0.7000000000000001,True
7,1,CLF_UNION,32,21,76,1,76,1,1,5,10,12,0.30000000000000004,0.7000000000000001,True
8,1,ORD-UNION,15,4,24,1,24,1,1,5,10,12,0.30000000000000004,0.7000000000000001,True
9,1,CARD,15,4,24,1,66,1,1,5,10,12,0.30000000000000004,0.7000000000000001,False
10,1,CLF_UNION,32,21,76,1,76,1,1,5,10,12,0.30000000000000004,0.7000000000000001,False
11,1,ORD-UNION,15,4,24,1,24,1,1,5,10,12,0.30000000000000004,0.7000000000000001,False
12,1,CARD,15,3,21,1,69,1,1,5,10,12,0.30000000000000004,0.7000000000000001,True
13,1,CLF_UNION,36,24,79,1,79,1,1,5,10,12,0.30000000000000004,0.7000000000000001,True
14,1,ORD-UNION,15,3,21,1,21,1,1,5,10,12,0.30000000000000004,0.7000000000000001,True
15,1,CARD,15,3,21,1,69,1,1,5,10,12,0.30000000000000004,0.7000000000000001,False
16,1,CLF_UNION,36,24,79,1,79,1,1,5,10,12,0.30000000000000004,0.7000000000000001,False
17,1,ORD-UNION,15,3,21,1,21,1,1,5,10,12,0.30000000000000004,0.7000000000000001,False
18,1,CARD,15,6,24,1,66,1,1,5,10,12,0.30000000000000004,0.7000000000000001,True
19,1,CLF_UNION,35,26,76,1,76,1,1,5,10,12,0.30000000000000004,0.7000000000000001,True
20,1,ORD-UNION,15,6,24,1,24,1,1,5,10,12,0.30000000000000004,0.7000000000000001,True
21,1,CARD,15,6,24,1,66,1,1,5,10,12,0.30000000000000004,0.7000000000000001,False
22,1,CLF_UNION,35,26,76,1,76,1,1,5,10,12,0.30000000000000004,0.7000000000000001,False
23,1,ORD-UNION,15,6,24,1,24,1,1,5,10,12,0.30000000000000004,0.7000000000000001,False
24,1,CARD,19,2,21,1,69,1,1,5,10,12,0.30000000000000004,0.7000000000000001,True
25,1,CLF_UNION,41,24,79,1,79,1,1,5,10,12,0.30000000000000004,0.7000000000000001,True
26,1,ORD-UNION,19,2,21,1,21,1,1,5,10,12,0.30000000000000004,0.7000000000000001,True
27,1,CARD,19,2,21,1,69,1,1,5,10,12,0.30000000000000004,0.7000000000000001,False
28,1,CLF_UNION,41,24,79,1,79,1,1,5,10,12,0.30000000000000004,0.7000000000000001,False
29,1,ORD-UNION,19,2,21,1,21,1,1,5,10,12,0.30000000000000004,0.7000000000000001,False
30,2,CARD,20,10,33,3,57,15,5,5,10,12,0.30000000000000004,0.7000000000000001,True
31,2,CLF_UNION,36,8,57,3,57,15,5,5,10,12,0.30000000000000004,0.7000000000000001,True
32,2,ORD-UNION,0,0,0,3,0,15,5,5,10,12,0.30000000000000004,0.7000000000000001,True
33,2,CARD,22,11,35,3,55,2,1,5,10,12,0.30000000000000004,0.7000000000000001,False
34,2,CLF_UNION,38,27,79,3,79,2,1,5,10,12,0.30000000000000004,0.7000000000000001,False
35,2,ORD-UNION,22,11,35,3,35,2,1,5,10,12,0.30000000000000004,0.7000000000000001,False
36,2,CARD,32,4,36,3,53,2,1,5,10,12,0.30000000000000004,0.7000000000000001,True
37,2,CLF_UNION,42,19,75,3,76,2,1,5,10,12,0.30000000000000004,0.7000000000000001,True
38,2,ORD-UNION,32,4,36,3,37,2,1,5,10,12,0.30000000000000004,0.7000000000000001,True
39,2,CARD,32,4,36,3,53,2,1,5,10,12,0.30000000000000004,0.7000000000000001,False
40,2,CLF_UNION,42,19,75,3,76,2,1,5,10,12,0.30000000000000004,0.7000000000000001,False
41,2,ORD-UNION,32,4,36,3,37,2,1,5,10,12,0.30000000000000004,0.7000000000000001,False
42,2,CARD,30,4,37,3,53,2,1,5,10,12,0.30000000000000004,0.7000000000000001,True
43,2,CLF_UNION,39,21,76,3,76,2,1,5,10,12,0.30000000000000004,0.7000000000000001,True
44,2,ORD-UNION,30,4,37,3,37,2,1,5,10,12,0.30000000000000004,0.7000000000000001,True
45,2,CARD,30,4,37,3,53,2,1,5,10,12,0.30000000000000004,0.7000000000000001,False
46,2,CLF_UNION,39,21,76,3,76,2,1,5,10,12,0.30000000000000004,0.7000000000000001,False
47,2,ORD-UNION,30,4,37,3,37,2,1,5,10,12,0.30000000000000004,0.7000000000000001,False
48,2,CARD,23,11,37,3,53,2,1,5,10,12,0.30000000000000004,0.7000000000000001,True
49,2,CLF_UNION,34,27,75,3,75,2,1,5,10,12,0.30000000000000004,0.7000000000000001,True
50,2,ORD-UNION,23,11,37,3,37,2,1,5,10,12,0.30000000000000004,0.7000000000000001,True
51,2,CARD,23,11,37,3,53,2,1,5,10,12,0.30000000000000004,0.7000000000000001,False
52,2,CLF_UNION,34,27,75,3,75,2,1,5,10,12,0.30000000000000004,0.7000000000000001,False
53,2,ORD-UNION,23,11,37,3,37,2,1,5,10,12,0.30000000000000004,0.7000000000000001,False
54,2,CARD,28,6,35,3,55,2,1,5,10,12,0.30000000000000004,0.7000000000000001,True
55,2,CLF_UNION,41,23,79,3,79,2,1,5,10,12,0.30000000000000004,0.7000000000000001,True
56,2,ORD-UNION,28,6,35,3,35,2,1,5,10,12,0.30000000000000004,0.7000000000000001,True
57,2,CARD,28,6,35,3,55,2,1,5,10,12,0.30000000000000004,0.7000000000000001,False
58,2,CLF_UNION,41,23,79,3,79,2,1,5,10,12,0.30000000000000004,0.7000000000000001,False
59,2,ORD-UNION,28,6,35,3,35,2,1,5,10,12,0.30000000000000004,0.7000000000000001,False
60,3,CARD,26,5,35,6,55,15,5,5,10,12,0.30000000000000004,0.7000000000000001,True
61,3,CLF_UNION,35,8,59,6,59,15,5,5,10,12,0.30000000000000004,0.7000000000000001,True
62,3,ORD-UNION,0,0,0,6,0,15,5,5,10,12,0.30000000000000004,0.7000000000000001,True
63,3,CARD,26,5,35,6,55,2,1,5,10,12,0.30000000000000004,0.7000000000000001,False
64,3,CLF_UNION,37,15,68,6,68,2,1,5,10,12,0.30000000000000004,0.7000000000000001,False
65,3,ORD-UNION,26,5,35,6,35,2,1,5,10,12,0.30000000000000004,0.7000000000000001,False
66,3,CARD,21,8,33,6,57,2,1,5,10,12,0.30000000000000004,0.7000000000000001,True
67,3,CLF_UNION,34,21,71,6,71,2,1,5,10,12,0.30000000000000004,0.7000000000000001,True
68,3,ORD-UNION,21,8,33,6,33,2,1,5,10,12,0.30000000000000004,0.7000000000000001,True
69,3,CARD,21,8,33,6,57,2,1,5,10,12,0.30000000000000004,0.7000000000000001,False
70,3,CLF_UNION,34,21,71,6,71,2,1,5,10,12,0.30000000000000004,0.7000000000000001,False
71,3,ORD-UNION,21,8,33,6,33,2,1,5,10,12,0.30000000000000004,0.7000000000000001,False
72,3,CARD,25,7,35,6,55,2,1,5,10,12,0.30000000000000004,0.7000000000000001,True
73,3,CLF_UNION,35,20,71,6,71,2,1,5,10,12,0.30000000000000004,0.7000000000000001,True
74,3,ORD-UNION,25,7,35,6,35,2,1,5,10,12,0.30000000000000004,0.7000000000000001,True
75,3,CARD,25,7,35,6,55,2,1,5,10,12,0.30000000000000004,0.7000000000000001,False
76,3,CLF_UNION,35,20,71,6,71,2,1,5,10,12,0.30000000000000004,0.7000000000000001,False
77,3,ORD-UNION,25,7,35,6,35,2,1,5,10,12,0.30000000000000004,0.7000000000000001,False
78,3,CARD,23,8,35,6,55,2,1,5,10,12,0.30000000000000004,0.7000000000000001,True
79,3,CLF_UNION,34,19,71,6,71,2,1,5,10,12,0.30000000000000004,0.7000000000000001,True
80,3,ORD-UNION,23,8,35,6,35,2,1,5,10,12,0.30000000000000004,0.7000000000000001,True
81,3,CARD,23,8,35,6,55,2,1,5,10,12,0.30000000000000004,0.7000000000000001,False
82,3,CLF_UNION,34,19,71,6,71,2,1,5,10,12,0.30000000000000004,0.7000000000000001,False
83,3,ORD-UNION,23,8,35,6,35,2,1,5,10,12,0.30000000000000004,0.7000000000000001,False
84,3,CARD,26,3,32,6,57,2,1,5,10,12,0.30000000000000004,0.7000000000000001,True
85,3,CLF_UNION,36,13,66,6,67,2,1,5,10,12,0.30000000000000004,0.7000000000000001,True
86,3,ORD-UNION,26,3,32,6,33,2,1,5,10,12,0.30000000000000004,0.7000000000000001,True
87,3,CARD,26,3,32,6,57,2,1,5,10,12,0.30000000000000004,0.7000000000000001,False
88,3,CLF_UNION,36,13,66,6,67,2,1,5,10,12,0.30000000000000004,0.7000000000000001,False
89,3,ORD-UNION,26,3,32,6,33,2,1,5,10,12,0.30000000000000004,0.7000000000000001,False
90,4,CARD,28,8,41,10,49,15,5,5,10,12,0.30000000000000004,0.7000000000000001,True
91,4,CLF_UNION,38,4,58,10,58,15,5,5,10,12,0.30000000000000004,0.7000000000000001,True
92,4,ORD-UNION,1,0,1,10,1,15,5,5,10,12,0.30000000000000004,0.7000000000000001,True
93,4,CARD,28,8,41,10,49,3,1,5,10,12,0.30000000000000004,0.7000000000000001,False
94,4,CLF_UNION,32,12,60,10,60,3,1,5,10,12,0.30000000000000004,0.7000000000000001,False
95,4,ORD-UNION,28,8,40,10,40,3,1,5,10,12,0.30000000000000004,0.7000000000000001,False
96,4,CARD,31,5,39,10,50,3,1,5,10,12,0.30000000000000004,0.7000000000000001,True
97,4,CLF_UNION,38,9,63,10,64,3,1,5,10,12,0.30000000000000004,0.7000000000000001,True
98,4,ORD-UNION,31,2,35,10,36,3,1,5,10,12,0.30000000000000004,0.7000000000000001,True
99,4,CARD,31,5,39,10,50,3,1,5,10,12,0.30000000000000004,0.7000000000000001,False
100,4,CLF_UNION,38,9,63,10,64,3,1,5,10,12,0.30000000000000004,0.7000000000000001,False
101,4,ORD-UNION,31,2,35,10,36,3,1,5,10,12,0.30000000000000004,0.7000000000000001,False
102,4,CARD,24,13,42,10,48,3,1,5,10,12,0.30000000000000004,0.7000000000000001,True
103,4,CLF_UNION,29,16,60,10,60,3,1,5,10,12,0.30000000000000004,0.7000000000000001,True
104,4,ORD-UNION,24,11,40,10,40,3,1,5,10,12,0.30000000000000004,0.7000000000000001,True
105,4,CARD,24,13,42,10,48,3,1,5,10,12,0.30000000000000004,0.7000000000000001,False
106,4,CLF_UNION,29,16,60,10,60,3,1,5,10,12,0.30000000000000004,0.7000000000000001,False
107,4,ORD-UNION,24,11,40,10,40,3,1,5,10,12,0.30000000000000004,0.7000000000000001,False
108,4,CARD,32,5,40,10,49,3,1,5,10,12,0.30000000000000004,0.7000000000000001,True
109,4,CLF_UNION,36,9,58,10,59,3,1,5,10,12,0.30000000000000004,0.7000000000000001,True
110,4,ORD-UNION,32,5,40,10,41,3,1,5,10,12,0.30000000000000004,0.7000000000000001,True
111,4,CARD,32,5,40,10,49,3,1,5,10,12,0.30000000000000004,0.7000000000000001,False
112,4,CLF_UNION,36,9,58,10,59,3,1,5,10,12,0.30000000000000004,0.7000000000000001,False
113,4,ORD-UNION,32,5,40,10,41,3,1,5,10,12,0.30000000000000004,0.7000000000000001,False
114,4,CARD,32,5,41,10,48,3,1,5,10,12,0.30000000000000004,0.7000000000000001,True
115,4,CLF_UNION,38,7,61,10,62,3,1,5,10,12,0.30000000000000004,0.7000000000000001,True
116,4,ORD-UNION,32,1,37,10,38,3,1,5,10,12,0.30000000000000004,0.7000000000000001,True
117,4,CARD,32,5,41,10,48,3,1,5,10,12,0.30000000000000004,0.7000000000000001,False
118,4,CLF_UNION,38,7,61,10,62,3,1,5,10,12,0.30000000000000004,0.7000000000000001,False
119,4,ORD-UNION,32,1,37,10,38,3,1,5,10,12,0.30000000000000004,0.7000000000000001,False
120,5,CARD,31,7,41,15,48,15,5,5,10,12,0.30000000000000004,0.7000000000000001,True
121,5,CLF_UNION,40,2,55,15,56,15,5,5,10,12,0.30000000000000004,0.7000000000000001,True
122,5,ORD-UNION,1,0,1,15,2,15,5,5,10,12,0.30000000000000004,0.7000000000000001,True
123,5,CARD,29,9,41,15,48,4,1,5,10,12,0.30000000000000004,0.7000000000000001,False
124,5,CLF_UNION,35,9,57,15,58,4,1,5,10,12,0.30000000000000004,0.7000000000000001,False
125,5,ORD-UNION,29,7,39,15,40,4,1,5,10,12,0.30000000000000004,0.7000000000000001,False
126,5,CARD,28,13,44,15,46,4,1,5,10,12,0.30000000000000004,0.7000000000000001,True
127,5,CLF_UNION,35,8,56,15,56,4,1,5,10,12,0.30000000000000004,0.7000000000000001,True
128,5,ORD-UNION,28,8,39,15,39,4,1,5,10,12,0.30000000000000004,0.7000000000000001,True
129,5,CARD,28,13,44,15,46,4,1,5,10,12,0.30000000000000004,0.7000000000000001,False
130,5,CLF_UNION,35,8,56,15,56,4,1,5,10,12,0.30000000000000004,0.7000000000000001,False
131,5,ORD-UNION,28,8,39,15,39,4,1,5,10,12,0.30000000000000004,0.7000000000000001,False
132,5,CARD,25,16,44,15,46,4,1,5,10,12,0.30000000000000004,0.7000000000000001,True
133,5,CLF_UNION,34,9,56,15,56,4,1,5,10,12,0.30000000000000004,0.7000000000000001,True
134,5,ORD-UNION,25,13,41,15,41,4,1,5,10,12,0.30000000000000004,0.7000000000000001,True
135,5,CARD,25,16,44,15,46,4,1,5,10,12,0.30000000000000004,0.7000000000000001,False
136,5,CLF_UNION,34,9,56,15,56,4,1,5,10,12,0.30000000000000004,0.7000000000000001,False
137,5,ORD-UNION,25,13,41,15,41,4,1,5,10,12,0.30000000000000004,0.7000000000000001,False
138,5,CARD,22,16,44,15,46,4,1,5,10,12,0.30000000000000004,0.7000000000000001,True
139,5,CLF_UNION,29,11,56,15,56,4,1,5,10,12,0.30000000000000004,0.7000000000000001,True
140,5,ORD-UNION,22,12,40,15,40,4,1,5,10,12,0.30000000000000004,0.7000000000000001,True
141,5,CARD,22,16,44,15,46,4,1,5,10,12,0.30000000000000004,0.7000000000000001,False
142,5,CLF_UNION,29,11,56,15,56,4,1,5,10,12,0.30000000000000004,0.7000000000000001,False
143,5,ORD-UNION,22,12,40,15,40,4,1,5,10,12,0.30000000000000004,0.7000000000000001,False
144,5,CARD,22,14,43,15,46,4,1,5,10,12,0.30000000000000004,0.7000000000000001,True
145,5,CLF_UNION,30,8,55,15,56,4,1,5,10,12,0.30000000000000004,0.7000000000000001,True
146,5,ORD-UNION,22,9,38,15,39,4,1,5,10,12,0.30000000000000004,0.7000000000000001,True
147,5,CARD,22,14,43,15,46,4,1,5,10,12,0.30000000000000004,0.7000000000000001,False
148,5,CLF_UNION,30,8,55,15,56,4,1,5,10,12,0.30000000000000004,0.7000000000000001,False
149,5,ORD-UNION,22,9,38,15,39,4,1,5,10,12,0.30000000000000004,0.7000000000000001,False
150,6,CARD,32,6,42,20,48,15,5,5,10,12,0.30000000000000004,0.7000000000000001,True
151,6,CLF_UNION,39,1,55,20,55,15,5,5,10,12,0.30000000000000004,0.7000000000000001,True
152,6,ORD-UNION,1,0,1,20,1,15,5,5,10,12,0.30000000000000004,0.7000000000000001,True
153,6,CARD,27,11,43,20,47,4,1,5,10,12,0.30000000000000004,0.7000000000000001,False
154,6,CLF_UNION,32,12,60,20,60,4,1,5,10,12,0.30000000000000004,0.7000000000000001,False
155,6,ORD-UNION,27,8,40,20,40,4,1,5,10,12,0.30000000000000004,0.7000000000000001,False
156,6,CARD,31,8,42,20,48,4,1,5,10,12,0.30000000000000004,0.7000000000000001,True
157,6,CLF_UNION,36,10,60,20,60,4,1,5,10,12,0.30000000000000004,0.7000000000000001,True
158,6,ORD-UNION,31,7,41,20,41,4,1,5,10,12,0.30000000000000004,0.7000000000000001,True
159,6,CARD,31,8,42,20,48,4,1,5,10,12,0.30000000000000004,0.7000000000000001,False
160,6,CLF_UNION,36,10,60,20,60,4,1,5,10,12,0.30000000000000004,0.7000000000000001,False
161,6,ORD-UNION,31,7,41,20,41,4,1,5,10,12,0.30000000000000004,0.7000000000000001,False
162,6,CARD,24,8,36,20,49,4,1,5,10,12,0.30000000000000004,0.7000000000000001,True
163,6,CLF_UNION,34,12,61,20,66,4,1,5,10,12,0.30000000000000004,0.7000000000000001,True
164,6,ORD-UNION,24,8,36,20,41,4,1,5,10,12,0.30000000000000004,0.7000000000000001,True
165,6,CARD,24,8,36,20,49,4,1,5,10,12,0.30000000000000004,0.7000000000000001,False
166,6,CLF_UNION,34,12,61,20,66,4,1,5,10,12,0.30000000000000004,0.7000000000000001,False
167,6,ORD-UNION,24,8,36,20,41,4,1,5,10,12,0.30000000000000004,0.7000000000000001,False
168,6,CARD,30,7,42,20,48,4,1,5,10,12,0.30000000000000004,0.7000000000000001,True
169,6,CLF_UNION,36,9,60,20,60,4,1,5,10,12,0.30000000000000004,0.7000000000000001,True
170,6,ORD-UNION,30,6,41,20,41,4,1,5,10,12,0.30000000000000004,0.7000000000000001,True
171,6,CARD,30,7,42,20,48,4,1,5,10,12,0.30000000000000004,0.7000000000000001,False
172,6,CLF_UNION,36,9,60,20,60,4,1,5,10,12,0.30000000000000004,0.7000000000000001,False
173,6,ORD-UNION,30,6,41,20,41,4,1,5,10,12,0.30000000000000004,0.7000000000000001,False
174,6,CARD,22,15,40,20,49,4,1,5,10,12,0.30000000000000004,0.7000000000000001,True
175,6,CLF_UNION,34,17,65,20,66,4,1,5,10,12,0.30000000000000004,0.7000000000000001,True
176,6,ORD-UNION,21,14,38,20,39,4,1,5,10,12,0.30000000000000004,0.7000000000000001,True
177,6,CARD,22,15,40,20,49,4,1,5,10,12,0.30000000000000004,0.7000000000000001,False
178,6,CLF_UNION,34,17,65,20,66,4,1,5,10,12,0.30000000000000004,0.7000000000000001,False
179,6,ORD-UNION,21,14,38,20,39,4,1,5,10,12,0.30000000000000004,0.7000000000000001,False
180,7,CARD,26,2,33,27,47,15,5,5,10,12,0.30000000000000004,0.7000000000000001,True
181,7,CLF_UNION,27,3,45,27,55,15,5,5,10,12,0.30000000000000004,0.7000000000000001,True
182,7,ORD-UNION,3,0,4,27,14,15,5,5,10,12,0.30000000000000004,0.7000000000000001,True
183,7,CARD,26,4,35,27,45,5,1,5,10,12,0.30000000000000004,0.7000000000000001,False
184,7,CLF_UNION,26,4,46,27,56,5,1,5,10,12,0.30000000000000004,0.7000000000000001,False
185,7,ORD-UNION,25,1,29,27,39,5,1,5,10,12,0.30000000000000004,0.7000000000000001,False
186,7,CARD,34,7,44,27,45,5,1,5,10,12,0.30000000000000004,0.7000000000000001,True
187,7,CLF_UNION,36,6,55,27,56,5,1,5,10,12,0.30000000000000004,0.7000000000000001,True
188,7,ORD-UNION,27,0,28,27,29,5,1,5,10,12,0.30000000000000004,0.7000000000000001,True
189,7,CARD,34,7,44,27,45,5,1,5,10,12,0.30000000000000004,0.7000000000000001,False
190,7,CLF_UNION,36,6,55,27,56,5,1,5,10,12,0.30000000000000004,0.7000000000000001,False
191,7,ORD-UNION,27,0,28,27,29,5,1,5,10,12,0.30000000000000004,0.7000000000000001,False
192,7,CARD,35,6,45,27,45,5,1,5,10,12,0.30000000000000004,0.7000000000000001,True
193,7,CLF_UNION,37,6,57,27,57,5,1,5,10,12,0.30000000000000004,0.7000000000000001,True
194,7,ORD-UNION,32,0,34,27,34,5,1,5,10,12,0.30000000000000004,0.7000000000000001,True
195,7,CARD,35,6,45,27,45,5,1,5,10,12,0.30000000000000004,0.7000000000000001,False
196,7,CLF_UNION,37,6,57,27,57,5,1,5,10,12,0.30000000000000004,0.7000000000000001,False
197,7,ORD-UNION,32,0,34,27,34,5,1,5,10,12,0.30000000000000004,0.7000000000000001,False
198,7,CARD,31,7,44,27,45,5,1,5,10,12,0.30000000000000004,0.7000000000000001,True
199,7,CLF_UNION,32,8,56,27,57,5,1,5,10,12,0.30000000000000004,0.7000000000000001,True
200,7,ORD-UNION,26,1,29,27,30,5,1,5,10,12,0.30000000000000004,0.7000000000000001,True
201,7,CARD,31,7,44,27,45,5,1,5,10,12,0.30000000000000004,0.7000000000000001,False
202,7,CLF_UNION,32,8,56,27,57,5,1,5,10,12,0.30000000000000004,0.7000000000000001,False
203,7,ORD-UNION,26,1,29,27,30,5,1,5,10,12,0.30000000000000004,0.7000000000000001,False
204,7,CARD,38,2,42,27,45,5,1,5,10,12,0.30000000000000004,0.7000000000000001,True
205,7,CLF_UNION,34,7,54,27,57,5,1,5,10,12,0.30000000000000004,0.7000000000000001,True
206,7,ORD-UNION,30,0,31,27,34,5,1,5,10,12,0.30000000000000004,0.7000000000000001,True
207,7,CARD,38,2,42,27,45,5,1,5,10,12,0.30000000000000004,0.7000000000000001,False
208,7,CLF_UNION,34,7,54,27,57,5,1,5,10,12,0.30000000000000004,0.7000000000000001,False
209,7,ORD-UNION,30,0,31,27,34,5,1,5,10,12,0.30000000000000004,0.7000000000000001,False
210,8,CARD,38,3,43,34,46,15,5,5,10,12,0.30000000000000004,0.7000000000000001,True
211,8,CLF_UNION,42,0,54,34,55,15,5,5,10,12,0.30000000000000004,0.7000000000000001,True
212,8,ORD-UNION,9,0,9,34,10,15,5,5,10,12,0.30000000000000004,0.7000000000000001,True
213,8,CARD,36,5,43,34,46,5,2,5,10,12,0.30000000000000004,0.7000000000000001,False
214,8,CLF_UNION,39,4,55,34,56,5,2,5,10,12,0.30000000000000004,0.7000000000000001,False
215,8,ORD-UNION,35,2,38,34,39,5,2,5,10,12,0.30000000000000004,0.7000000000000001,False
216,8,CARD,30,8,41,34,46,5,2,5,10,12,0.30000000000000004,0.7000000000000001,True
217,8,CLF_UNION,36,4,53,34,56,5,2,5,10,12,0.30000000000000004,0.7000000000000001,True
218,8,ORD-UNION,25,3,30,34,33,5,2,5,10,12,0.30000000000000004,0.7000000000000001,True
219,8,CARD,30,8,41,34,46,5,2,5,10,12,0.30000000000000004,0.7000000000000001,False
220,8,CLF_UNION,36,4,53,34,56,5,2,5,10,12,0.30000000000000004,0.7000000000000001,False
221,8,ORD-UNION,25,3,30,34,33,5,2,5,10,12,0.30000000000000004,0.7000000000000001,False
222,8,CARD,29,5,38,34,46,5,2,5,10,12,0.30000000000000004,0.7000000000000001,True
223,8,CLF_UNION,32,4,50,34,56,5,2,5,10,12,0.30000000000000004,0.7000000000000001,True
224,8,ORD-UNION,23,2,28,34,34,5,2,5,10,12,0.30000000000000004,0.7000000000000001,True
225,8,CARD,29,5,38,34,46,5,2,5,10,12,0.30000000000000004,0.7000000000000001,False
226,8,CLF_UNION,32,4,50,34,56,5,2,5,10,12,0.30000000000000004,0.7000000000000001,False
227,8,ORD-UNION,23,2,28,34,34,5,2,5,10,12,0.30000000000000004,0.7000000000000001,False
228,8,CARD,28,9,42,34,45,5,2,5,10,12,0.30000000000000004,0.7000000000000001,True
229,8,CLF_UNION,31,6,52,34,55,5,2,5,10,12,0.30000000000000004,0.7000000000000001,True
230,8,ORD-UNION,23,5,30,34,33,5,2,5,10,12,0.30000000000000004,0.7000000000000001,True
231,8,CARD,28,9,42,34,45,5,2,5,10,12,0.30000000000000004,0.7000000000000001,False
232,8,CLF_UNION,31,6,52,34,55,5,2,5,10,12,0.30000000000000004,0.7000000000000001,False
233,8,ORD-UNION,23,5,30,34,33,5,2,5,10,12,0.30000000000000004,0.7000000000000001,False
234,8,CARD,27,14,43,34,46,5,2,5,10,12,0.30000000000000004,0.7000000000000001,True
235,8,CLF_UNION,36,7,55,34,56,5,2,5,10,12,0.30000000000000004,0.7000000000000001,True
236,8,ORD-UNION,22,3,26,34,27,5,2,5,10,12,0.30000000000000004,0.7000000000000001,True
237,8,CARD,27,14,43,34,46,5,2,5,10,12,0.30000000000000004,0.7000000000000001,False
238,8,CLF_UNION,36,7,55,34,56,5,2,5,10,12,0.30000000000000004,0.7000000000000001,False
239,8,ORD-UNION,22,3,26,34,27,5,2,5,10,12,0.30000000000000004,0.7000000000000001,False
240,9,CARD,33,3,43,41,46,15,5,5,10,12,0.30000000000000004,0.7000000000000001,True
241,9,CLF_UNION,35,2,54,41,55,15,5,5,10,12,0.30000000000000004,0.7000000000000001,True
242,9,ORD-UNION,6,0,7,41,8,15,5,5,10,12,0.30000000000000004,0.7000000000000001,True
243,9,CARD,33,3,43,41,46,5,2,5,10,12,0.30000000000000004,0.7000000000000001,False
244,9,CLF_UNION,35,3,55,41,56,5,2,5,10,12,0.30000000000000004,0.7000000000000001,False
245,9,ORD-UNION,32,1,40,41,41,5,2,5,10,12,0.30000000000000004,0.7000000000000001,False
246,9,CARD,31,10,44,41,45,5,2,5,10,12,0.30000000000000004,0.7000000000000001,True
247,9,CLF_UNION,35,7,55,41,56,5,2,5,10,12,0.30000000000000004,0.7000000000000001,True
248,9,ORD-UNION,30,5,36,41,37,5,2,5,10,12,0.30000000000000004,0.7000000000000001,True
249,9,CARD,31,10,44,41,45,5,2,5,10,12,0.30000000000000004,0.7000000000000001,False
250,9,CLF_UNION,35,7,55,41,56,5,2,5,10,12,0.30000000000000004,0.7000000000000001,False
251,9,ORD-UNION,30,5,36,41,37,5,2,5,10,12,0.30000000000000004,0.7000000000000001,False
252,9,CARD,32,4,39,41,49,5,2,5,10,12,0.30000000000000004,0.7000000000000001,True
253,9,CLF_UNION,35,7,57,41,59,5,2,5,10,12,0.30000000000000004,0.7000000000000001,True
254,9,ORD-UNION,32,2,37,41,39,5,2,5,10,12,0.30000000000000004,0.7000000000000001,True
255,9,CARD,32,4,39,41,49,5,2,5,10,12,0.30000000000000004,0.7000000000000001,False
256,9,CLF_UNION,35,7,57,41,59,5,2,5,10,12,0.30000000000000004,0.7000000000000001,False
257,9,ORD-UNION,32,2,37,41,39,5,2,5,10,12,0.30000000000000004,0.7000000000000001,False
258,9,CARD,30,7,41,41,46,5,2,5,10,12,0.30000000000000004,0.7000000000000001,True
259,9,CLF_UNION,35,5,54,41,57,5,2,5,10,12,0.30000000000000004,0.7000000000000001,True
260,9,ORD-UNION,30,4,37,41,40,5,2,5,10,12,0.30000000000000004,0.7000000000000001,True
261,9,CARD,30,7,41,41,46,5,2,5,10,12,0.30000000000000004,0.7000000000000001,False
262,9,CLF_UNION,35,5,54,41,57,5,2,5,10,12,0.30000000000000004,0.7000000000000001,False
263,9,ORD-UNION,30,4,37,41,40,5,2,5,10,12,0.30000000000000004,0.7000000000000001,False
264,9,CARD,29,2,34,41,47,5,2,5,10,12,0.30000000000000004,0.7000000000000001,True
265,9,CLF_UNION,32,5,50,41,59,5,2,5,10,12,0.30000000000000004,0.7000000000000001,True
266,9,ORD-UNION,28,2,33,41,42,5,2,5,10,12,0.30000000000000004,0.7000000000000001,True
267,9,CARD,29,2,34,41,47,5,2,5,10,12,0.30000000000000004,0.7000000000000001,False
268,9,CLF_UNION,32,5,50,41,59,5,2,5,10,12,0.30000000000000004,0.7000000000000001,False
269,9,ORD-UNION,28,2,33,41,42,5,2,5,10,12,0.30000000000000004,0.7000000000000001,False
270,10,CARD,32,3,37,51,48,15,5,5,10,12,0.30000000000000004,0.7000000000000001,True
271,10,CLF_UNION,34,1,51,51,56,15,5,5,10,12,0.30000000000000004,0.7000000000000001,True
272,10,ORD-UNION,3,0,3,51,8,15,5,5,10,12,0.30000000000000004,0.7000000000000001,True
273,10,CARD,31,1,36,51,49,5,2,5,10,12,0.30000000000000004,0.7000000000000001,False
274,10,CLF_UNION,35,4,56,51,61,5,2,5,10,12,0.30000000000000004,0.7000000000000001,False
275,10,ORD-UNION,30,1,34,51,39,5,2,5,10,12,0.30000000000000004,0.7000000000000001,False
276,10,CARD,27,8,39,51,46,5,2,5,10,12,0.30000000000000004,0.7000000000000001,True
277,10,CLF_UNION,34,7,55,51,60,5,2,5,10,12,0.30000000000000004,0.7000000000000001,True
278,10,ORD-UNION,26,2,30,51,35,5,2,5,10,12,0.30000000000000004,0.7000000000000001,True
279,10,CARD,27,8,39,51,46,5,2,5,10,12,0.30000000000000004,0.7000000000000001,False
280,10,CLF_UNION,34,7,55,51,60,5,2,5,10,12,0.30000000000000004,0.7000000000000001,False
281,10,ORD-UNION,26,2,30,51,35,5,2,5,10,12,0.30000000000000004,0.7000000000000001,False
282,10,CARD,33,3,43,51,46,5,2,5,10,12,0.30000000000000004,0.7000000000000001,True
283,10,CLF_UNION,36,6,59,51,60,5,2,5,10,12,0.30000000000000004,0.7000000000000001,True
284,10,ORD-UNION,33,3,43,51,44,5,2,5,10,12,0.30000000000000004,0.7000000000000001,True
285,10,CARD,33,3,43,51,46,5,2,5,10,12,0.30000000000000004,0.7000000000000001,False
286,10,CLF_UNION,36,6,59,51,60,5,2,5,10,12,0.30000000000000004,0.7000000000000001,False
287,10,ORD-UNION,33,3,43,51,44,5,2,5,10,12,0.30000000000000004,0.7000000000000001,False
288,10,CARD,23,9,35,51,45,5,2,5,10,12,0.30000000000000004,0.7000000000000001,True
289,10,CLF_UNION,30,5,49,51,59,5,2,5,10,12,0.30000000000000004,0.7000000000000001,True
290,10,ORD-UNION,22,3,28,51,38,5,2,5,10,12,0.30000000000000004,0.7000000000000001,True
291,10,CARD,23,9,35,51,45,5,2,5,10,12,0.30000000000000004,0.7000000000000001,False
292,10,CLF_UNION,30,5,49,51,59,5,2,5,10,12,0.30000000000000004,0.7000000000000001,False
293,10,ORD-UNION,22,3,28,51,38,5,2,5,10,12,0.30000000000000004,0.7000000000000001,False
294,10,CARD,35,5,41,51,46,5,2,5,10,12,0.30000000000000004,0.7000000000000001,True
295,10,CLF_UNION,38,8,57,51,60,5,2,5,10,12,0.30000000000000004,0.7000000000000001,True
296,10,ORD-UNION,35,5,41,51,44,5,2,5,10,12,0.30000000000000004,0.7000000000000001,True
297,10,CARD,35,5,41,51,46,5,2,5,10,12,0.30000000000000004,0.7000000000000001,False
298,10,CLF_UNION,38,8,57,51,60,5,2,5,10,12,0.30000000000000004,0.7000000000000001,False
299,10,ORD-UNION,35,5,41,51,44,5,2,5,10,12,0.30000000000000004,0.7000000000000001,False
300,11,CARD,37,0,39,62,48,15,5,5,10,12,0.30000000000000004,0.7000000000000001,True
301,11,CLF_UNION,34,3,52,62,55,15,5,5,10,12,0.30000000000000004,0.7000000000000001,True
302,11,ORD-UNION,5,0,6,62,9,15,5,5,10,12,0.30000000000000004,0.7000000000000001,True
303,11,CARD,37,0,40,62,47,9,2,5,10,12,0.30000000000000004,0.7000000000000001,False
304,11,CLF_UNION,36,1,52,62,55,9,2,5,10,12,0.30000000000000004,0.7000000000000001,False
305,11,ORD-UNION,28,0,29,62,32,9,2,5,10,12,0.30000000000000004,0.7000000000000001,False
306,11,CARD,40,0,41,62,48,9,2,5,10,12,0.30000000000000004,0.7000000000000001,True
307,11,CLF_UNION,40,2,54,62,55,9,2,5,10,12,0.30000000000000004,0.7000000000000001,True
308,11,ORD-UNION,31,0,32,62,33,9,2,5,10,12,0.30000000000000004,0.7000000000000001,True
309,11,CARD,40,0,41,62,48,9,2,5,10,12,0.30000000000000004,0.7000000000000001,False
310,11,CLF_UNION,40,2,54,62,55,9,2,5,10,12,0.30000000000000004,0.7000000000000001,False
311,11,ORD-UNION,31,0,32,62,33,9,2,5,10,12,0.30000000000000004,0.7000000000000001,False
312,11,CARD,35,0,37,62,47,9,2,5,10,12,0.30000000000000004,0.7000000000000001,True
313,11,CLF_UNION,35,1,49,62,55,9,2,5,10,12,0.30000000000000004,0.7000000000000001,True
314,11,ORD-UNION,29,0,30,62,36,9,2,5,10,12,0.30000000000000004,0.7000000000000001,True
315,11,CARD,35,0,37,62,47,9,2,5,10,12,0.30000000000000004,0.7000000000000001,False
316,11,CLF_UNION,35,1,49,62,55,9,2,5,10,12,0.30000000000000004,0.7000000000000001,False
317,11,ORD-UNION,29,0,30,62,36,9,2,5,10,12,0.30000000000000004,0.7000000000000001,False
318,11,CARD,36,0,40,62,48,9,2,5,10,12,0.30000000000000004,0.7000000000000001,True
319,11,CLF_UNION,36,2,54,62,56,9,2,5,10,12,0.30000000000000004,0.7000000000000001,True
320,11,ORD-UNION,28,0,29,62,31,9,2,5,10,12,0.30000000000000004,0.7000000000000001,True
321,11,CARD,36,0,40,62,48,9,2,5,10,12,0.30000000000000004,0.7000000000000001,False
322,11,CLF_UNION,36,2,54,62,56,9,2,5,10,12,0.30000000000000004,0.7000000000000001,False
323,11,ORD-UNION,28,0,29,62,31,9,2,5,10,12,0.30000000000000004,0.7000000000000001,False
324,11,CARD,36,0,39,62,48,9,2,5,10,12,0.30000000000000004,0.7000000000000001,True
325,11,CLF_UNION,38,0,52,62,55,9,2,5,10,12,0.30000000000000004,0.7000000000000001,True
326,11,ORD-UNION,19,0,20,62,23,9,2,5,10,12,0.30000000000000004,0.7000000000000001,True
327,11,CARD,36,0,39,62,48,9,2,5,10,12,0.30000000000000004,0.7000000000000001,False
328,11,CLF_UNION,38,0,52,62,55,9,2,5,10,12,0.30000000000000004,0.7000000000000001,False
329,11,ORD-UNION,19,0,20,62,23,9,2,5,10,12,0.30000000000000004,0.7000000000000001,False
330,12,CARD,35,1,41,73,47,15,5,5,10,12,0.30000000000000004,0.7000000000000001,True
331,12,CLF_UNION,35,1,54,73,56,15,5,5,10,12,0.30000000000000004,0.7000000000000001,True
332,12,ORD-UNION,13,0,13,73,15,15,5,5,10,12,0.30000000000000004,0.7000000000000001,True
333,12,CARD,36,0,42,73,46,9,2,5,10,12,0.30000000000000004,0.7000000000000001,False
334,12,CLF_UNION,36,0,54,73,56,9,2,5,10,12,0.30000000000000004,0.7000000000000001,False
335,12,ORD-UNION,23,0,23,73,25,9,2,5,10,12,0.30000000000000004,0.7000000000000001,False
336,12,CARD,33,0,38,73,49,9,2,5,10,12,0.30000000000000004,0.7000000000000001,True
337,12,CLF_UNION,33,3,53,73,56,9,2,5,10,12,0.30000000000000004,0.7000000000000001,True
338,12,ORD-UNION,17,0,18,73,21,9,2,5,10,12,0.30000000000000004,0.7000000000000001,True
339,12,CARD,33,0,38,73,49,9,2,5,10,12,0.30000000000000004,0.7000000000000001,False
340,12,CLF_UNION,33,3,53,73,56,9,2,5,10,12,0.30000000000000004,0.7000000000000001,False
341,12,ORD-UNION,17,0,18,73,21,9,2,5,10,12,0.30000000000000004,0.7000000000000001,False
342,12,CARD,31,0,32,73,49,9,2,5,10,12,0.30000000000000004,0.7000000000000001,True
343,12,CLF_UNION,31,1,48,73,57,9,2,5,10,12,0.30000000000000004,0.7000000000000001,True
344,12,ORD-UNION,26,0,26,73,35,9,2,5,10,12,0.30000000000000004,0.7000000000000001,True
345,12,CARD,31,0,32,73,49,9,2,5,10,12,0.30000000000000004,0.7000000000000001,False
346,12,CLF_UNION,31,1,48,73,57,9,2,5,10,12,0.30000000000000004,0.7000000000000001,False
347,12,ORD-UNION,26,0,26,73,35,9,2,5,10,12,0.30000000000000004,0.7000000000000001,False
348,12,CARD,36,0,37,73,47,9,2,5,10,12,0.30000000000000004,0.7000000000000001,True
349,12,CLF_UNION,37,3,53,73,59,9,2,5,10,12,0.30000000000000004,0.7000000000000001,True
350,12,ORD-UNION,23,0,23,73,29,9,2,5,10,12,0.30000000000000004,0.7000000000000001,True
351,12,CARD,36,0,37,73,47,9,2,5,10,12,0.30000000000000004,0.7000000000000001,False
352,12,CLF_UNION,37,3,53,73,59,9,2,5,10,12,0.30000000000000004,0.7000000000000001,False
353,12,ORD-UNION,23,0,23,73,29,9,2,5,10,12,0.30000000000000004,0.7000000000000001,False
354,12,CARD,36,0,41,73,49,9,2,5,10,12,0.30000000000000004,0.7000000000000001,True
355,12,CLF_UNION,37,2,56,73,56,9,2,5,10,12,0.30000000000000004,0.7000000000000001,True
356,12,ORD-UNION,26,0,28,73,28,9,2,5,10,12,0.30000000000000004,0.7000000000000001,True
357,12,CARD,36,0,41,73,49,9,2,5,10,12,0.30000000000000004,0.7000000000000001,False
358,12,CLF_UNION,37,2,56,73,56,9,2,5,10,12,0.30000000000000004,0.7000000000000001,False
359,12,ORD-UNION,26,0,28,73,28,9,2,5,10,12,0.30000000000000004,0.7000000000000001,False
360,13,CARD,36,2,40,85,47,15,5,5,10,12,0.30000000000000004,0.7000000000000001,True
361,13,CLF_UNION,36,2,52,85,55,15,5,5,10,12,0.30000000000000004,0.7000000000000001,True
362,13,ORD-UNION,10,0,11,85,14,15,5,5,10,12,0.30000000000000004,0.7000000000000001,True
363,13,CARD,37,0,40,85,47,9,2,5,10,12,0.30000000000000004,0.7000000000000001,False
364,13,CLF_UNION,36,2,52,85,55,9,2,5,10,12,0.30000000000000004,0.7000000000000001,False
365,13,ORD-UNION,31,0,32,85,35,9,2,5,10,12,0.30000000000000004,0.7000000000000001,False
366,13,CARD,42,0,44,85,46,9,2,5,10,12,0.30000000000000004,0.7000000000000001,True
367,13,CLF_UNION,41,1,55,85,55,9,2,5,10,12,0.30000000000000004,0.7000000000000001,True
368,13,ORD-UNION,29,0,29,85,29,9,2,5,10,12,0.30000000000000004,0.7000000000000001,True
369,13,CARD,42,0,44,85,46,9,2,5,10,12,0.30000000000000004,0.7000000000000001,False
370,13,CLF_UNION,41,1,55,85,55,9,2,5,10,12,0.30000000000000004,0.7000000000000001,False
371,13,ORD-UNION,29,0,29,85,29,9,2,5,10,12,0.30000000000000004,0.7000000000000001,False
372,13,CARD,31,0,33,85,47,9,2,5,10,12,0.30000000000000004,0.7000000000000001,True
373,13,CLF_UNION,30,3,45,85,55,9,2,5,10,12,0.30000000000000004,0.7000000000000001,True
374,13,ORD-UNION,24,0,25,85,35,9,2,5,10,12,0.30000000000000004,0.7000000000000001,True
375,13,CARD,31,0,33,85,47,9,2,5,10,12,0.30000000000000004,0.7000000000000001,False
376,13,CLF_UNION,30,3,45,85,55,9,2,5,10,12,0.30000000000000004,0.7000000000000001,False
377,13,ORD-UNION,24,0,25,85,35,9,2,5,10,12,0.30000000000000004,0.7000000000000001,False
378,13,CARD,32,2,37,85,47,9,2,5,10,12,0.30000000000000004,0.7000000000000001,True
379,13,CLF_UNION,33,2,49,85,55,9,2,5,10,12,0.30000000000000004,0.7000000000000001,True
380,13,ORD-UNION,23,0,24,85,30,9,2,5,10,12,0.30000000000000004,0.7000000000000001,True
381,13,CARD,32,2,37,85,47,9,2,5,10,12,0.30000000000000004,0.7000000000000001,False
382,13,CLF_UNION,33,2,49,85,55,9,2,5,10,12,0.30000000000000004,0.7000000000000001,False
383,13,ORD-UNION,23,0,24,85,30,9,2,5,10,12,0.30000000000000004,0.7000000000000001,False
384,13,CARD,30,1,33,85,48,9,2,5,10,12,0.30000000000000004,0.7000000000000001,True
385,13,CLF_UNION,29,3,46,85,55,9,2,5,10,12,0.30000000000000004,0.7000000000000001,True
386,13,ORD-UNION,21,1,23,85,32,9,2,5,10,12,0.30000000000000004,0.7000000000000001,True
387,13,CARD,30,1,33,85,48,9,2,5,10,12,0.30000000000000004,0.7000000000000001,False
388,13,CLF_UNION,29,3,46,85,55,9,2,5,10,12,0.30000000000000004,0.7000000000000001,False
389,13,ORD-UNION,21,1,23,85,32,9,2,5,10,12,0.30000000000000004,0.7000000000000001,False
390,14,CARD,26,7,38,99,46,15,5,5,10,12,0.30000000000000004,0.7000000000000001,True
391,14,CLF_UNION,33,1,51,99,57,15,5,5,10,12,0.30000000000000004,0.7000000000000001,True
392,14,ORD-UNION,8,0,8,99,14,15,5,5,10,12,0.30000000000000004,0.7000000000000001,True
393,14,CARD,31,0,36,99,48,9,2,5,10,12,0.30000000000000004,0.7000000000000001,False
394,14,CLF_UNION,34,1,50,99,56,9,2,5,10,12,0.30000000000000004,0.7000000000000001,False
395,14,ORD-UNION,23,0,23,99,29,9,2,5,10,12,0.30000000000000004,0.7000000000000001,False
396,14,CARD,26,0,30,99,45,9,2,5,10,12,0.30000000000000004,0.7000000000000001,True
397,14,CLF_UNION,25,2,41,99,56,9,2,5,10,12,0.30000000000000004,0.7000000000000001,True
398,14,ORD-UNION,19,0,20,99,35,9,2,5,10,12,0.30000000000000004,0.7000000000000001,True
399,14,CARD,26,0,30,99,45,9,2,5,10,12,0.30000000000000004,0.7000000000000001,False
400,14,CLF_UNION,25,2,41,99,56,9,2,5,10,12,0.30000000000000004,0.7000000000000001,False
401,14,ORD-UNION,19,0,20,99,35,9,2,5,10,12,0.30000000000000004,0.7000000000000001,False
402,14,CARD,28,0,29,99,47,9,2,5,10,12,0.30000000000000004,0.7000000000000001,True
403,14,CLF_UNION,28,0,41,99,55,9,2,5,10,12,0.30000000000000004,0.7000000000000001,True
404,14,ORD-UNION,26,0,26,99,40,9,2,5,10,12,0.30000000000000004,0.7000000000000001,True
405,14,CARD,28,0,29,99,47,9,2,5,10,12,0.30000000000000004,0.7000000000000001,False
406,14,CLF_UNION,28,0,41,99,55,9,2,5,10,12,0.30000000000000004,0.7000000000000001,False
407,14,ORD-UNION,26,0,26,99,40,9,2,5,10,12,0.30000000000000004,0.7000000000000001,False
408,14,CARD,36,2,40,99,47,9,2,5,10,12,0.30000000000000004,0.7000000000000001,True
409,14,CLF_UNION,37,1,53,99,56,9,2,5,10,12,0.30000000000000004,0.7000000000000001,True
410,14,ORD-UNION,26,0,26,99,29,9,2,5,10,12,0.30000000000000004,0.7000000000000001,True
411,14,CARD,36,2,40,99,47,9,2,5,10,12,0.30000000000000004,0.7000000000000001,False
412,14,CLF_UNION,37,1,53,99,56,9,2,5,10,12,0.30000000000000004,0.7000000000000001,False
413,14,ORD-UNION,26,0,26,99,29,9,2,5,10,12,0.30000000000000004,0.7000000000000001,False
414,14,CARD,36,0,41,99,46,9,2,5,10,12,0.30000000000000004,0.7000000000000001,True
415,14,CLF_UNION,36,0,52,99,55,9,2,5,10,12,0.30000000000000004,0.7000000000000001,True
416,14,ORD-UNION,21,0,21,99,24,9,2,5,10,12,0.30000000000000004,0.7000000000000001,True
417,14,CARD,36,0,41,99,46,9,2,5,10,12,0.30000000000000004,0.7000000000000001,False
418,14,CLF_UNION,36,0,52,99,55,9,2,5,10,12,0.30000000000000004,0.7000000000000001,False
419,14,ORD-UNION,21,0,21,99,24,9,2,5,10,12,0.30000000000000004,0.7000000000000001,False
420,15,CARD,14,7,23,113,47,15,5,5,10,12,0.30000000000000004,0.7000000000000001,True
421,15,CLF_UNION,22,0,36,113,56,15,5,5,10,12,0.30000000000000004,0.7000000000000001,True
422,15,ORD-UNION,7,0,7,113,27,15,5,5,10,12,0.30000000000000004,0.7000000000000001,True
423,15,CARD,22,0,24,113,46,7,2,5,10,12,0.30000000000000004,0.7000000000000001,False
424,15,CLF_UNION,22,1,37,113,57,7,2,5,10,12,0.30000000000000004,0.7000000000000001,False
425,15,ORD-UNION,22,0,23,113,43,7,2,5,10,12,0.30000000000000004,0.7000000000000001,False
426,15,CARD,27,0,29,113,47,7,2,5,10,12,0.30000000000000004,0.7000000000000001,True
427,15,CLF_UNION,28,1,42,113,55,7,2,5,10,12,0.30000000000000004,0.7000000000000001,True
428,15,ORD-UNION,25,0,25,113,39,7,2,5,10,12,0.30000000000000004,0.7000000000000001,True
429,15,CARD,27,0,29,113,47,7,2,5,10,12,0.30000000000000004,0.7000000000000001,False
430,15,CLF_UNION,28,1,42,113,55,7,2,5,10,12,0.30000000000000004,0.7000000000000001,False
431,15,ORD-UNION,25,0,25,113,39,7,2,5,10,12,0.30000000000000004,0.7000000000000001,False
432,15,CARD,25,0,29,113,46,7,2,5,10,12,0.30000000000000004,0.7000000000000001,True
433,15,CLF_UNION,25,0,41,113,56,7,2,5,10,12,0.30000000000000004,0.7000000000000001,True
434,15,ORD-UNION,25,0,25,113,40,7,2,5,10,12,0.30000000000000004,0.7000000000000001,True
435,15,CARD,25,0,29,113,46,7,2,5,10,12,0.30000000000000004,0.7000000000000001,False
436,15,CLF_UNION,25,0,41,113,56,7,2,5,10,12,0.30000000000000004,0.7000000000000001,False
437,15,ORD-UNION,25,0,25,113,40,7,2,5,10,12,0.30000000000000004,0.7000000000000001,False
438,15,CARD,26,0,29,113,46,7,2,5,10,12,0.30000000000000004,0.7000000000000001,True
439,15,CLF_UNION,26,0,42,113,57,7,2,5,10,12,0.30000000000000004,0.7000000000000001,True
440,15,ORD-UNION,22,0,25,113,40,7,2,5,10,12,0.30000000000000004,0.7000000000000001,True
441,15,CARD,26,0,29,113,46,7,2,5,10,12,0.30000000000000004,0.7000000000000001,False
442,15,CLF_UNION,26,0,42,113,57,7,2,5,10,12,0.30000000000000004,0.7000000000000001,False
443,15,ORD-UNION,22,0,25,113,40,7,2,5,10,12,0.30000000000000004,0.7000000000000001,False
444,15,CARD,28,0,31,113,46,7,2,5,10,12,0.30000000000000004,0.7000000000000001,True
445,15,CLF_UNION,29,0,42,113,55,7,2,5,10,12,0.30000000000000004,0.7000000000000001,True
446,15,ORD-UNION,27,0,29,113,42,7,2,5,10,12,0.30000000000000004,0.7000000000000001,True
447,15,CARD,28,0,31,113,46,7,2,5,10,12,0.30000000000000004,0.7000000000000001,False
448,15,CLF_UNION,29,0,42,113,55,7,2,5,10,12,0.30000000000000004,0.7000000000000001,False
449,15,ORD-UNION,27,0,29,113,42,7,2,5,10,12,0.30000000000000004,0.7000000000000001,False
450,16,CARD,30,0,34,126,46,15,5,5,10,12,0.30000000000000004,0.7000000000000001,True
451,16,CLF_UNION,29,2,45,126,55,15,5,5,10,12,0.30000000000000004,0.7000000000000001,True
452,16,ORD-UNION,9,0,9,126,19,15,5,5,10,12,0.30000000000000004,0.7000000000000001,True
453,16,CARD,29,2,35,126,45,12,2,5,10,12,0.30000000000000004,0.7000000000000001,False
454,16,CLF_UNION,28,3,46,126,56,12,2,5,10,12,0.30000000000000004,0.7000000000000001,False
455,16,ORD-UNION,14,0,14,126,24,12,2,5,10,12,0.30000000000000004,0.7000000000000001,False
456,16,CARD,22,9,34,126,47,12,2,5,10,12,0.30000000000000004,0.7000000000000001,True
457,16,CLF_UNION,29,3,46,126,55,12,2,5,10,12,0.30000000000000004,0.7000000000000001,True
458,16,ORD-UNION,5,0,6,126,15,12,2,5,10,12,0.30000000000000004,0.7000000000000001,True
459,16,CARD,22,9,34,126,47,12,2,5,10,12,0.30000000000000004,0.7000000000000001,False
460,16,CLF_UNION,29,3,46,126,55,12,2,5,10,12,0.30000000000000004,0.7000000000000001,False
461,16,ORD-UNION,5,0,6,126,15,12,2,5,10,12,0.30000000000000004,0.7000000000000001,False
462,16,CARD,20,1,24,126,46,12,2,5,10,12,0.30000000000000004,0.7000000000000001,True
463,16,CLF_UNION,20,1,35,126,55,12,2,5,10,12,0.30000000000000004,0.7000000000000001,True
464,16,ORD-UNION,9,0,9,126,29,12,2,5,10,12,0.30000000000000004,0.7000000000000001,True
465,16,CARD,20,1,24,126,46,12,2,5,10,12,0.30000000000000004,0.7000000000000001,False
466,16,CLF_UNION,20,1,35,126,55,12,2,5,10,12,0.30000000000000004,0.7000000000000001,False
467,16,ORD-UNION,9,0,9,126,29,12,2,5,10,12,0.30000000000000004,0.7000000000000001,False
468,16,CARD,27,1,30,126,46,12,2,5,10,12,0.30000000000000004,0.7000000000000001,True
469,16,CLF_UNION,26,2,41,126,55,12,2,5,10,12,0.30000000000000004,0.7000000000000001,True
470,16,ORD-UNION,20,0,20,126,34,12,2,5,10,12,0.30000000000000004,0.7000000000000001,True
471,16,CARD,27,1,30,126,46,12,2,5,10,12,0.30000000000000004,0.7000000000000001,False
472,16,CLF_UNION,26,2,41,126,55,12,2,5,10,12,0.30000000000000004,0.7000000000000001,False
473,16,ORD-UNION,20,0,20,126,34,12,2,5,10,12,0.30000000000000004,0.7000000000000001,False
474,16,CARD,29,3,35,126,46,12,2,5,10,12,0.30000000000000004,0.7000000000000001,True
475,16,CLF_UNION,32,0,46,126,55,12,2,5,10,12,0.30000000000000004,0.7000000000000001,True
476,16,ORD-UNION,16,0,16,126,25,12,2,5,10,12,0.30000000000000004,0.7000000000000001,True
477,16,CARD,29,3,35,126,46,12,2,5,10,12,0.30000000000000004,0.7000000000000001,False
478,16,CLF_UNION,32,0,46,126,55,12,2,5,10,12,0.30000000000000004,0.7000000000000001,False
479,16,ORD-UNION,16,0,16,126,25,12,2,5,10,12,0.30000000000000004,0.7000000000000001,False
480,17,CARD,19,1,24,142,46,15,5,5,10,12,0.30000000000000004,0.7000000000000001,True
481,17,CLF_UNION,20,0,35,142,55,15,5,5,10,12,0.30000000000000004,0.7000000000000001,True
482,17,ORD-UNION,6,0,6,142,26,15,5,5,10,12,0.30000000000000004,0.7000000000000001,True
483,17,CARD,19,1,25,142,45,10,2,5,10,12,0.30000000000000004,0.7000000000000001,False
484,17,CLF_UNION,20,0,37,142,57,10,2,5,10,12,0.30000000000000004,0.7000000000000001,False
485,17,ORD-UNION,16,0,17,142,37,10,2,5,10,12,0.30000000000000004,0.7000000000000001,False
486,17,CARD,33,1,39,142,46,10,2,5,10,12,0.30000000000000004,0.7000000000000001,True
487,17,CLF_UNION,35,0,52,142,57,10,2,5,10,12,0.30000000000000004,0.7000000000000001,True
488,17,ORD-UNION,24,0,24,142,29,10,2,5,10,12,0.30000000000000004,0.7000000000000001,True
489,17,CARD,33,1,39,142,46,10,2,5,10,12,0.30000000000000004,0.7000000000000001,False
490,17,CLF_UNION,35,0,52,142,57,10,2,5,10,12,0.30000000000000004,0.7000000000000001,False
491,17,ORD-UNION,24,0,24,142,29,10,2,5,10,12,0.30000000000000004,0.7000000000000001,False
492,17,CARD,30,3,34,142,46,10,2,5,10,12,0.30000000000000004,0.7000000000000001,True
493,17,CLF_UNION,34,0,45,142,55,10,2,5,10,12,0.30000000000000004,0.7000000000000001,True
494,17,ORD-UNION,25,0,26,142,36,10,2,5,10,12,0.30000000000000004,0.7000000000000001,True
495,17,CARD,30,3,34,142,46,10,2,5,10,12,0.30000000000000004,0.7000000000000001,False
496,17,CLF_UNION,34,0,45,142,55,10,2,5,10,12,0.30000000000000004,0.7000000000000001,False
497,17,ORD-UNION,25,0,26,142,36,10,2,5,10,12,0.30000000000000004,0.7000000000000001,False
498,17,CARD,22,1,25,142,45,10,2,5,10,12,0.30000000000000004,0.7000000000000001,True
499,17,CLF_UNION,23,0,37,142,57,10,2,5,10,12,0.30000000000000004,0.7000000000000001,True
500,17,ORD-UNION,18,0,18,142,38,10,2,5,10,12,0.30000000000000004,0.7000000000000001,True
501,17,CARD,22,1,25,142,45,10,2,5,10,12,0.30000000000000004,0.7000000000000001,False
502,17,CLF_UNION,23,0,37,142,57,10,2,5,10,12,0.30000000000000004,0.7000000000000001,False
503,17,ORD-UNION,18,0,18,142,38,10,2,5,10,12,0.30000000000000004,0.7000000000000001,False
504,17,CARD,19,1,25,142,45,10,2,5,10,12,0.30000000000000004,0.7000000000000001,True
505,17,CLF_UNION,20,0,36,142,56,10,2,5,10,12,0.30000000000000004,0.7000000000000001,True
506,17,ORD-UNION,15,0,16,142,36,10,2,5,10,12,0.30000000000000004,0.7000000000000001,True
507,17,CARD,19,1,25,142,45,10,2,5,10,12,0.30000000000000004,0.7000000000000001,False
508,17,CLF_UNION,20,0,36,142,56,10,2,5,10,12,0.30000000000000004,0.7000000000000001,False
509,17,ORD-UNION,15,0,16,142,36,10,2,5,10,12,0.30000000000000004,0.7000000000000001,False
510,18,CARD,14,0,15,158,48,15,5,5,10,12,0.30000000000000004,0.7000000000000001,True
511,18,CLF_UNION,16,0,29,158,56,15,5,5,10,12,0.30000000000000004,0.7000000000000001,True
512,18,ORD-UNION,13,0,13,158,40,15,5,5,10,12,0.30000000000000004,0.7000000000000001,True
513,18,CARD,16,0,18,158,45,10,2,5,10,12,0.30000000000000004,0.7000000000000001,False
514,18,CLF_UNION,15,1,28,158,55,10,2,5,10,12,0.30000000000000004,0.7000000000000001,False
515,18,ORD-UNION,13,0,14,158,41,10,2,5,10,12,0.30000000000000004,0.7000000000000001,False
516,18,CARD,31,0,35,158,45,10,2,5,10,12,0.30000000000000004,0.7000000000000001,True
517,18,CLF_UNION,31,0,45,158,55,10,2,5,10,12,0.30000000000000004,0.7000000000000001,True
518,18,ORD-UNION,23,0,23,158,33,10,2,5,10,12,0.30000000000000004,0.7000000000000001,True
519,18,CARD,31,0,35,158,45,10,2,5,10,12,0.30000000000000004,0.7000000000000001,False
520,18,CLF_UNION,31,0,45,158,55,10,2,5,10,12,0.30000000000000004,0.7000000000000001,False
521,18,ORD-UNION,23,0,23,158,33,10,2,5,10,12,0.30000000000000004,0.7000000000000001,False
522,18,CARD,28,1,35,158,46,10,2,5,10,12,0.30000000000000004,0.7000000000000001,True
523,18,CLF_UNION,30,0,46,158,55,10,2,5,10,12,0.30000000000000004,0.7000000000000001,True
524,18,ORD-UNION,20,0,21,158,30,10,2,5,10,12,0.30000000000000004,0.7000000000000001,True
525,18,CARD,28,1,35,158,46,10,2,5,10,12,0.30000000000000004,0.7000000000000001,False
526,18,CLF_UNION,30,0,46,158,55,10,2,5,10,12,0.30000000000000004,0.7000000000000001,False
527,18,ORD-UNION,20,0,21,158,30,10,2,5,10,12,0.30000000000000004,0.7000000000000001,False
528,18,CARD,35,0,38,158,47,10,2,5,10,12,0.30000000000000004,0.7000000000000001,True
529,18,CLF_UNION,35,1,50,158,55,10,2,5,10,12,0.30000000000000004,0.7000000000000001,True
530,18,ORD-UNION,25,0,27,158,32,10,2,5,10,12,0.30000000000000004,0.7000000000000001,True
531,18,CARD,35,0,38,158,47,10,2,5,10,12,0.30000000000000004,0.7000000000000001,False
532,18,CLF_UNION,35,1,50,158,55,10,2,5,10,12,0.30000000000000004,0.7000000000000001,False
533,18,ORD-UNION,25,0,27,158,32,10,2,5,10,12,0.30000000000000004,0.7000000000000001,False
534,18,CARD,31,1,34,158,46,10,2,5,10,12,0.30000000000000004,0.7000000000000001,True
535,18,CLF_UNION,30,2,46,158,56,10,2,5,10,12,0.30000000000000004,0.7000000000000001,True
536,18,ORD-UNION,25,0,25,158,35,10,2,5,10,12,0.30000000000000004,0.7000000000000001,True
537,18,CARD,31,1,34,158,46,10,2,5,10,12,0.30000000000000004,0.7000000000000001,False
538,18,CLF_UNION,30,2,46,158,56,10,2,5,10,12,0.30000000000000004,0.7000000000000001,False
539,18,ORD-UNION,25,0,25,158,35,10,2,5,10,12,0.30000000000000004,0.7000000000000001,False
540,19,CARD,13,2,19,176,46,15,5,5,10,12,0.30000000000000004,0.7000000000000001,True
541,19,CLF_UNION,14,1,31,176,56,15,5,5,10,12,0.30000000000000004,0.7000000000000001,True
542,19,ORD-UNION,5,0,5,176,30,15,5,5,10,12,0.30000000000000004,0.7000000000000001,True
543,19,CARD,14,1,18,176,47,10,2,5,10,12,0.30000000000000004,0.7000000000000001,False
544,19,CLF_UNION,14,1,30,176,55,10,2,5,10,12,0.30000000000000004,0.7000000000000001,False
545,19,ORD-UNION,9,0,10,176,35,10,2,5,10,12,0.30000000000000004,0.7000000000000001,False
546,19,CARD,15,1,20,176,45,10,2,5,10,12,0.30000000000000004,0.7000000000000001,True
547,19,CLF_UNION,15,1,30,176,55,10,2,5,10,12,0.30000000000000004,0.7000000000000001,True
548,19,ORD-UNION,11,0,13,176,38,10,2,5,10,12,0.30000000000000004,0.7000000000000001,True
549,19,CARD,15,1,20,176,45,10,2,5,10,12,0.30000000000000004,0.7000000000000001,False
550,19,CLF_UNION,15,1,30,176,55,10,2,5,10,12,0.30000000000000004,0.7000000000000001,False
551,19,ORD-UNION,11,0,13,176,38,10,2,5,10,12,0.30000000000000004,0.7000000000000001,False
552,19,CARD,24,0,31,176,45,10,2,5,10,12,0.30000000000000004,0.7000000000000001,True
553,19,CLF_UNION,24,0,41,176,55,10,2,5,10,12,0.30000000000000004,0.7000000000000001,True
554,19,ORD-UNION,19,0,20,176,34,10,2,5,10,12,0.30000000000000004,0.7000000000000001,True
555,19,CARD,24,0,31,176,45,10,2,5,10,12,0.30000000000000004,0.7000000000000001,False
556,19,CLF_UNION,24,0,41,176,55,10,2,5,10,12,0.30000000000000004,0.7000000000000001,False
557,19,ORD-UNION,19,0,20,176,34,10,2,5,10,12,0.30000000000000004,0.7000000000000001,False
558,19,CARD,22,0,25,176,46,10,2,5,10,12,0.30000000000000004,0.7000000000000001,True
559,19,CLF_UNION,22,0,36,176,55,10,2,5,10,12,0.30000000000000004,0.7000000000000001,True
560,19,ORD-UNION,13,0,15,176,34,10,2,5,10,12,0.30000000000000004,0.7000000000000001,True
561,19,CARD,22,0,25,176,46,10,2,5,10,12,0.30000000000000004,0.7000000000000001,False
562,19,CLF_UNION,22,0,36,176,55,10,2,5,10,12,0.30000000000000004,0.7000000000000001,False
563,19,ORD-UNION,13,0,15,176,34,10,2,5,10,12,0.30000000000000004,0.7000000000000001,False
564,19,CARD,33,0,35,176,46,10,2,5,10,12,0.30000000000000004,0.7000000000000001,True
565,19,CLF_UNION,32,1,47,176,56,10,2,5,10,12,0.30000000000000004,0.7000000000000001,True
566,19,ORD-UNION,26,0,26,176,35,10,2,5,10,12,0.30000000000000004,0.7000000000000001,True
567,19,CARD,33,0,35,176,46,10,2,5,10,12,0.30000000000000004,0.7000000000000001,False
568,19,CLF_UNION,32,1,47,176,56,10,2,5,10,12,0.30000000000000004,0.7000000000000001,False
569,19,ORD-UNION,26,0,26,176,35,10,2,5,10,12,0.30000000000000004,0.7000000000000001,False
570,20,CARD,21,2,24,194,48,15,5,5,10,12,0.30000000000000004,0.7000000000000001,True
571,20,CLF_UNION,23,1,39,194,57,15,5,5,10,12,0.30000000000000004,0.7000000000000001,True
572,20,ORD-UNION,15,0,16,194,34,15,5,5,10,12,0.30000000000000004,0.7000000000000001,True
573,20,CARD,23,0,27,194,45,9,2,5,10,12,0.30000000000000004,0.7000000000000001,False
574,20,CLF_UNION,23,0,37,194,55,9,2,5,10,12,0.30000000000000004,0.7000000000000001,False
575,20,ORD-UNION,22,0,25,194,43,9,2,5,10,12,0.30000000000000004,0.7000000000000001,False
576,20,CARD,17,0,21,194,45,9,2,5,10,12,0.30000000000000004,0.7000000000000001,True
577,20,CLF_UNION,16,1,31,194,55,9,2,5,10,12,0.30000000000000004,0.7000000000000001,True
578,20,ORD-UNION,16,0,19,194,43,9,2,5,10,12,0.30000000000000004,0.7000000000000001,True
579,20,CARD,17,0,21,194,45,9,2,5,10,12,0.30000000000000004,0.7000000000000001,False
580,20,CLF_UNION,16,1,31,194,55,9,2,5,10,12,0.30000000000000004,0.7000000000000001,False
581,20,ORD-UNION,16,0,19,194,43,9,2,5,10,12,0.30000000000000004,0.7000000000000001,False
582,20,CARD,18,0,24,194,47,9,2,5,10,12,0.30000000000000004,0.7000000000000001,True
583,20,CLF_UNION,18,0,36,194,55,9,2,5,10,12,0.30000000000000004,0.7000000000000001,True
584,20,ORD-UNION,16,0,19,194,38,9,2,5,10,12,0.30000000000000004,0.7000000000000001,True
585,20,CARD,18,0,24,194,47,9,2,5,10,12,0.30000000000000004,0.7000000000000001,False
586,20,CLF_UNION,18,0,36,194,55,9,2,5,10,12,0.30000000000000004,0.7000000000000001,False
587,20,ORD-UNION,16,0,19,194,38,9,2,5,10,12,0.30000000000000004,0.7000000000000001,False
588,20,CARD,12,2,19,194,45,9,2,5,10,12,0.30000000000000004,0.7000000000000001,True
589,20,CLF_UNION,14,1,30,194,56,9,2,5,10,12,0.30000000000000004,0.7000000000000001,True
590,20,ORD-UNION,10,0,12,194,38,9,2,5,10,12,0.30000000000000004,0.7000000000000001,True
591,20,CARD,12,2,19,194,45,9,2,5,10,12,0.30000000000000004,0.7000000000000001,False
592,20,CLF_UNION,14,1,30,194,56,9,2,5,10,12,0.30000000000000004,0.7000000000000001,False
593,20,ORD-UNION,10,0,12,194,38,9,2,5,10,12,0.30000000000000004,0.7000000000000001,False
594,20,CARD,14,1,18,194,45,9,2,5,10,12,0.30000000000000004,0.7000000000000001,True
595,20,CLF_UNION,13,2,29,194,56,9,2,5,10,12,0.30000000000000004,0.7000000000000001,True
596,20,ORD-UNION,12,0,13,194,40,9,2,5,10,12,0.30000000000000004,0.7000000000000001,True
597,20,CARD,14,1,18,194,45,9,2,5,10,12,0.30000000000000004,0.7000000000000001,False
598,20,CLF_UNION,13,2,29,194,56,9,2,5,10,12,0.30000000000000004,0.7000000000000001,False
599,20,ORD-UNION,12,0,13,194,40,9,2,5,10,12,0.30000000000000004,0.7000000000000001,False
600,21,CARD,20,0,21,213,49,15,5,5,10,12,0.30000000000000004,0.7000000000000001,True
601,21,CLF_UNION,20,0,35,213,55,15,5,5,10,12,0.30000000000000004,0.7000000000000001,True
602,21,ORD-UNION,18,0,18,213,38,15,5,5,10,12,0.30000000000000004,0.7000000000000001,True
603,21,CARD,20,0,24,213,46,9,2,5,10,12,0.30000000000000004,0.7000000000000001,False
604,21,CLF_UNION,20,0,36,213,56,9,2,5,10,12,0.30000000000000004,0.7000000000000001,False
605,21,ORD-UNION,18,0,20,213,40,9,2,5,10,12,0.30000000000000004,0.7000000000000001,False
606,21,CARD,15,0,18,213,45,9,2,5,10,12,0.30000000000000004,0.7000000000000001,True
607,21,CLF_UNION,15,0,29,213,56,9,2,5,10,12,0.30000000000000004,0.7000000000000001,True
608,21,ORD-UNION,13,0,13,213,40,9,2,5,10,12,0.30000000000000004,0.7000000000000001,True
609,21,CARD,15,0,18,213,45,9,2,5,10,12,0.30000000000000004,0.7000000000000001,False
610,21,CLF_UNION,15,0,29,213,56,9,2,5,10,12,0.30000000000000004,0.7000000000000001,False
611,21,ORD-UNION,13,0,13,213,40,9,2,5,10,12,0.30000000000000004,0.7000000000000001,False
612,21,CARD,18,1,23,213,47,9,2,5,10,12,0.30000000000000004,0.7000000000000001,True
613,21,CLF_UNION,18,2,37,213,57,9,2,5,10,12,0.30000000000000004,0.7000000000000001,True
614,21,ORD-UNION,17,0,18,213,38,9,2,5,10,12,0.30000000000000004,0.7000000000000001,True
615,21,CARD,18,1,23,213,47,9,2,5,10,12,0.30000000000000004,0.7000000000000001,False
616,21,CLF_UNION,18,2,37,213,57,9,2,5,10,12,0.30000000000000004,0.7000000000000001,False
617,21,ORD-UNION,17,0,18,213,38,9,2,5,10,12,0.30000000000000004,0.7000000000000001,False
618,21,CARD,16,0,18,213,46,9,2,5,10,12,0.30000000000000004,0.7000000000000001,True
619,21,CLF_UNION,16,0,30,213,56,9,2,5,10,12,0.30000000000000004,0.7000000000000001,True
620,21,ORD-UNION,16,0,18,213,44,9,2,5,10,12,0.30000000000000004,0.7000000000000001,True
621,21,CARD,16,0,18,213,46,9,2,5,10,12,0.30000000000000004,0.7000000000000001,False
622,21,CLF_UNION,16,0,30,213,56,9,2,5,10,12,0.30000000000000004,0.7000000000000001,False
623,21,ORD-UNION,16,0,18,213,44,9,2,5,10,12,0.30000000000000004,0.7000000000000001,False
624,21,CARD,25,0,30,213,47,9,2,5,10,12,0.30000000000000004,0.7000000000000001,True
625,21,CLF_UNION,25,0,43,213,56,9,2,5,10,12,0.30000000000000004,0.7000000000000001,True
626,21,ORD-UNION,22,0,23,213,36,9,2,5,10,12,0.30000000000000004,0.7000000000000001,True
627,21,CARD,25,0,30,213,47,9,2,5,10,12,0.30000000000000004,0.7000000000000001,False
628,21,CLF_UNION,25,0,43,213,56,9,2,5,10,12,0.30000000000000004,0.7000000000000001,False
629,21,ORD-UNION,22,0,23,213,36,9,2,5,10,12,0.30000000000000004,0.7000000000000001,False
630,22,CARD,26,1,30,233,47,15,5,5,10,12,0.30000000000000004,0.7000000000000001,True
631,22,CLF_UNION,27,0,42,233,55,15,5,5,10,12,0.30000000000000004,0.7000000000000001,True
632,22,ORD-UNION,23,0,23,233,36,15,5,5,10,12,0.30000000000000004,0.7000000000000001,True
633,22,CARD,26,0,30,233,47,8,2,5,10,12,0.30000000000000004,0.7000000000000001,False
634,22,CLF_UNION,27,1,44,233,57,8,2,5,10,12,0.30000000000000004,0.7000000000000001,False
635,22,ORD-UNION,26,0,29,233,42,8,2,5,10,12,0.30000000000000004,0.7000000000000001,False
636,22,CARD,15,0,18,233,46,8,2,5,10,12,0.30000000000000004,0.7000000000000001,True
637,22,CLF_UNION,15,0,29,233,55,8,2,5,10,12,0.30000000000000004,0.7000000000000001,True
638,22,ORD-UNION,13,0,15,233,41,8,2,5,10,12,0.30000000000000004,0.7000000000000001,True
639,22,CARD,15,0,18,233,46,8,2,5,10,12,0.30000000000000004,0.7000000000000001,False
640,22,CLF_UNION,15,0,29,233,55,8,2,5,10,12,0.30000000000000004,0.7000000000000001,False
641,22,ORD-UNION,13,0,15,233,41,8,2,5,10,12,0.30000000000000004,0.7000000000000001,False
642,22,CARD,15,0,19,233,45,8,2,5,10,12,0.30000000000000004,0.7000000000000001,True
643,22,CLF_UNION,15,0,29,233,55,8,2,5,10,12,0.30000000000000004,0.7000000000000001,True
644,22,ORD-UNION,14,0,15,233,41,8,2,5,10,12,0.30000000000000004,0.7000000000000001,True
645,22,CARD,15,0,19,233,45,8,2,5,10,12,0.30000000000000004,0.7000000000000001,False
646,22,CLF_UNION,15,0,29,233,55,8,2,5,10,12,0.30000000000000004,0.7000000000000001,False
647,22,ORD-UNION,14,0,15,233,41,8,2,5,10,12,0.30000000000000004,0.7000000000000001,False
648,22,CARD,21,1,23,233,46,8,2,5,10,12,0.30000000000000004,0.7000000000000001,True
649,22,CLF_UNION,22,1,35,233,56,8,2,5,10,12,0.30000000000000004,0.7000000000000001,True
650,22,ORD-UNION,21,0,22,233,43,8,2,5,10,12,0.30000000000000004,0.7000000000000001,True
651,22,CARD,21,1,23,233,46,8,2,5,10,12,0.30000000000000004,0.7000000000000001,False
652,22,CLF_UNION,22,1,35,233,56,8,2,5,10,12,0.30000000000000004,0.7000000000000001,False
653,22,ORD-UNION,21,0,22,233,43,8,2,5,10,12,0.30000000000000004,0.7000000000000001,False
654,22,CARD,7,1,16,233,45,8,2,5,10,12,0.30000000000000004,0.7000000000000001,True
655,22,CLF_UNION,8,0,26,233,55,8,2,5,10,12,0.30000000000000004,0.7000000000000001,True
656,22,ORD-UNION,6,0,10,233,39,8,2,5,10,12,0.30000000000000004,0.7000000000000001,True
657,22,CARD,7,1,16,233,45,8,2,5,10,12,0.30000000000000004,0.7000000000000001,False
658,22,CLF_UNION,8,0,26,233,55,8,2,5,10,12,0.30000000000000004,0.7000000000000001,False
659,22,ORD-UNION,6,0,10,233,39,8,2,5,10,12,0.30000000000000004,0.7000000000000001,False
660,23,CARD,18,0,22,252,49,15,5,5,10,12,0.30000000000000004,0.7000000000000001,True
661,23,CLF_UNION,20,0,37,252,56,15,5,5,10,12,0.30000000000000004,0.7000000000000001,True
662,23,ORD-UNION,17,0,18,252,37,15,5,5,10,12,0.30000000000000004,0.7000000000000001,True
663,23,CARD,19,1,26,252,45,8,2,5,10,12,0.30000000000000004,0.7000000000000001,False
664,23,CLF_UNION,18,2,36,252,55,8,2,5,10,12,0.30000000000000004,0.7000000000000001,False
665,23,ORD-UNION,18,0,20,252,39,8,2,5,10,12,0.30000000000000004,0.7000000000000001,False
666,23,CARD,22,0,26,252,45,8,2,5,10,12,0.30000000000000004,0.7000000000000001,True
667,23,CLF_UNION,22,0,36,252,55,8,2,5,10,12,0.30000000000000004,0.7000000000000001,True
668,23,ORD-UNION,22,0,26,252,45,8,2,5,10,12,0.30000000000000004,0.7000000000000001,True
669,23,CARD,22,0,26,252,45,8,2,5,10,12,0.30000000000000004,0.7000000000000001,False
670,23,CLF_UNION,22,0,36,252,55,8,2,5,10,12,0.30000000000000004,0.7000000000000001,False
671,23,ORD-UNION,22,0,26,252,45,8,2,5,10,12,0.30000000000000004,0.7000000000000001,False
672,23,CARD,16,0,20,252,45,8,2,5,10,12,0.30000000000000004,0.7000000000000001,True
673,23,CLF_UNION,16,0,31,252,56,8,2,5,10,12,0.30000000000000004,0.7000000000000001,True
674,23,ORD-UNION,16,0,16,252,41,8,2,5,10,12,0.30000000000000004,0.7000000000000001,True
675,23,CARD,16,0,20,252,45,8,2,5,10,12,0.30000000000000004,0.7000000000000001,False
676,23,CLF_UNION,16,0,31,252,56,8,2,5,10,12,0.30000000000000004,0.7000000000000001,False
677,23,ORD-UNION,16,0,16,252,41,8,2,5,10,12,0.30000000000000004,0.7000000000000001,False
678,23,CARD,15,0,19,252,45,8,2,5,10,12,0.30000000000000004,0.7000000000000001,True
679,23,CLF_UNION,15,0,29,252,55,8,2,5,10,12,0.30000000000000004,0.7000000000000001,True
680,23,ORD-UNION,15,0,18,252,44,8,2,5,10,12,0.30000000000000004,0.7000000000000001,True
681,23,CARD,15,0,19,252,45,8,2,5,10,12,0.30000000000000004,0.7000000000000001,False
682,23,CLF_UNION,15,0,29,252,55,8,2,5,10,12,0.30000000000000004,0.7000000000000001,False
683,23,ORD-UNION,15,0,18,252,44,8,2,5,10,12,0.30000000000000004,0.7000000000000001,False
684,23,CARD,27,1,31,252,45,8,2,5,10,12,0.30000000000000004,0.7000000000000001,True
685,23,CLF_UNION,28,0,41,252,55,8,2,5,10,12,0.30000000000000004,0.7000000000000001,True
686,23,ORD-UNION,26,0,27,252,41,8,2,5,10,12,0.30000000000000004,0.7000000000000001,True
687,23,CARD,27,1,31,252,45,8,2,5,10,12,0.30000000000000004,0.7000000000000001,False
688,23,CLF_UNION,28,0,41,252,55,8,2,5,10,12,0.30000000000000004,0.7000000000000001,False
689,23,ORD-UNION,26,0,27,252,41,8,2,5,10,12,0.30000000000000004,0.7000000000000001,False
690,24,CARD,7,1,14,274,47,15,5,5,10,12,0.30000000000000004,0.7000000000000001,True
691,24,CLF_UNION,8,1,30,274,58,15,5,5,10,12,0.30000000000000004,0.7000000000000001,True
692,24,ORD-UNION,4,0,7,274,36,15,5,5,10,12,0.30000000000000004,0.7000000000000001,True
693,24,CARD,8,0,15,274,46,8,2,5,10,12,0.30000000000000004,0.7000000000000001,False
694,24,CLF_UNION,8,0,26,274,55,8,2,5,10,12,0.30000000000000004,0.7000000000000001,False
695,24,ORD-UNION,8,0,12,274,41,8,2,5,10,12,0.30000000000000004,0.7000000000000001,False
696,24,CARD,15,1,21,274,45,8,2,5,10,12,0.30000000000000004,0.7000000000000001,True
697,24,CLF_UNION,14,2,31,274,55,8,2,5,10,12,0.30000000000000004,0.7000000000000001,True
698,24,ORD-UNION,14,1,17,274,41,8,2,5,10,12,0.30000000000000004,0.7000000000000001,True
699,24,CARD,15,1,21,274,45,8,2,5,10,12,0.30000000000000004,0.7000000000000001,False
700,24,CLF_UNION,14,2,31,274,55,8,2,5,10,12,0.30000000000000004,0.7000000000000001,False
701,24,ORD-UNION,14,1,17,274,41,8,2,5,10,12,0.30000000000000004,0.7000000000000001,False
702,24,CARD,0,0,3,274,45,8,2,5,10,12,0.30000000000000004,0.7000000000000001,True
703,24,CLF_UNION,0,0,13,274,55,8,2,5,10,12,0.30000000000000004,0.7000000000000001,True
704,24,ORD-UNION,0,0,2,274,44,8,2,5,10,12,0.30000000000000004,0.7000000000000001,True
705,24,CARD,0,0,3,274,45,8,2,5,10,12,0.30000000000000004,0.7000000000000001,False
706,24,CLF_UNION,0,0,13,274,55,8,2,5,10,12,0.30000000000000004,0.7000000000000001,False
707,24,ORD-UNION,0,0,2,274,44,8,2,5,10,12,0.30000000000000004,0.7000000000000001,False
708,24,CARD,8,0,11,274,45,8,2,5,10,12,0.30000000000000004,0.7000000000000001,True
709,24,CLF_UNION,7,1,21,274,55,8,2,5,10,12,0.30000000000000004,0.7000000000000001,True
710,24,ORD-UNION,7,0,8,274,42,8,2,5,10,12,0.30000000000000004,0.7000000000000001,True
711,24,CARD,8,0,11,274,45,8,2,5,10,12,0.30000000000000004,0.7000000000000001,False
712,24,CLF_UNION,7,1,21,274,55,8,2,5,10,12,0.30000000000000004,0.7000000000000001,False
713,24,ORD-UNION,7,0,8,274,42,8,2,5,10,12,0.30000000000000004,0.7000000000000001,False
714,24,CARD,16,1,20,274,45,8,2,5,10,12,0.30000000000000004,0.7000000000000001,True
715,24,CLF_UNION,15,2,30,274,55,8,2,5,10,12,0.30000000000000004,0.7000000000000001,True
716,24,ORD-UNION,15,1,18,274,43,8,2,5,10,12,0.30000000000000004,0.7000000000000001,True
717,24,CARD,16,1,20,274,45,8,2,5,10,12,0.30000000000000004,0.7000000000000001,False
718,24,CLF_UNION,15,2,30,274,55,8,2,5,10,12,0.30000000000000004,0.7000000000000001,False
719,24,ORD-UNION,15,1,18,274,43,8,2,5,10,12,0.30000000000000004,0.7000000000000001,False
720,1,CARD,11,13,25,1,65,15,5,5,10,12,0.30000000000000004,0.7000000000000001,True
721,1,CLF_UNION,25,22,61,1,61,15,5,5,10,12,0.30000000000000004,0.7000000000000001,True
722,1,ORD-UNION,0,0,0,1,0,15,5,5,10,12,0.30000000000000004,0.7000000000000001,True
723,1,CARD,25,0,25,1,65,1,1,5,10,12,0.30000000000000004,0.7000000000000001,False
724,1,CLF_UNION,42,17,75,1,75,1,1,5,10,12,0.30000000000000004,0.7000000000000001,False
725,1,ORD-UNION,25,0,25,1,25,1,1,5,10,12,0.30000000000000004,0.7000000000000001,False
726,1,CARD,21,1,24,1,66,1,1,5,10,12,0.30000000000000004,0.7000000000000001,True
727,1,CLF_UNION,41,21,76,1,76,1,1,5,10,12,0.30000000000000004,0.7000000000000001,True
728,1,ORD-UNION,21,1,24,1,24,1,1,5,10,12,0.30000000000000004,0.7000000000000001,True
729,1,CARD,21,1,24,1,66,1,1,5,10,12,0.30000000000000004,0.7000000000000001,False
730,1,CLF_UNION,41,21,76,1,76,1,1,5,10,12,0.30000000000000004,0.7000000000000001,False
731,1,ORD-UNION,21,1,24,1,24,1,1,5,10,12,0.30000000000000004,0.7000000000000001,False
732,1,CARD,16,4,21,1,69,1,1,5,10,12,0.30000000000000004,0.7000000000000001,True
733,1,CLF_UNION,38,26,79,1,79,1,1,5,10,12,0.30000000000000004,0.7000000000000001,True
734,1,ORD-UNION,16,4,21,1,21,1,1,5,10,12,0.30000000000000004,0.7000000000000001,True
735,1,CARD,16,4,21,1,69,1,1,5,10,12,0.30000000000000004,0.7000000000000001,False
736,1,CLF_UNION,38,26,79,1,79,1,1,5,10,12,0.30000000000000004,0.7000000000000001,False
737,1,ORD-UNION,16,4,21,1,21,1,1,5,10,12,0.30000000000000004,0.7000000000000001,False
738,1,CARD,22,1,25,1,65,1,1,5,10,12,0.30000000000000004,0.7000000000000001,True
739,1,CLF_UNION,41,20,75,1,75,1,1,5,10,12,0.30000000000000004,0.7000000000000001,True
740,1,ORD-UNION,22,1,25,1,25,1,1,5,10,12,0.30000000000000004,0.7000000000000001,True
741,1,CARD,22,1,25,1,65,1,1,5,10,12,0.30000000000000004,0.7000000000000001,False
742,1,CLF_UNION,41,20,75,1,75,1,1,5,10,12,0.30000000000000004,0.7000000000000001,False
743,1,ORD-UNION,22,1,25,1,25,1,1,5,10,12,0.30000000000000004,0.7000000000000001,False
744,1,CARD,19,3,25,1,65,1,1,5,10,12,0.30000000000000004,0.7000000000000001,True
745,1,CLF_UNION,37,21,75,1,75,1,1,5,10,12,0.30000000000000004,0.7000000000000001,True
746,1,ORD-UNION,19,3,25,1,25,1,1,5,10,12,0.30000000000000004,0.7000000000000001,True
747,1,CARD,19,3,25,1,65,1,1,5,10,12,0.30000000000000004,0.7000000000000001,False
748,1,CLF_UNION,37,21,75,1,75,1,1,5,10,12,0.30000000000000004,0.7000000000000001,False
749,1,ORD-UNION,19,3,25,1,25,1,1,5,10,12,0.30000000000000004,0.7000000000000001,False
750,2,CARD,19,9,37,3,53,15,5,5,10,12,0.30000000000000004,0.7000000000000001,True
751,2,CLF_UNION,17,19,56,3,56,15,5,5,10,12,0.30000000000000004,0.7000000000000001,True
752,2,ORD-UNION,0,1,1,3,1,15,5,5,10,12,0.30000000000000004,0.7000000000000001,True
753,2,CARD,18,9,35,3,55,2,1,5,10,12,0.30000000000000004,0.7000000000000001,False
754,2,CLF_UNION,34,20,79,3,79,2,1,5,10,12,0.30000000000000004,0.7000000000000001,False
755,2,ORD-UNION,18,9,35,3,35,2,1,5,10,12,0.30000000000000004,0.7000000000000001,False
756,2,CARD,23,9,35,3,54,2,1,5,10,12,0.30000000000000004,0.7000000000000001,True
757,2,CLF_UNION,36,22,75,3,76,2,1,5,10,12,0.30000000000000004,0.7000000000000001,True
758,2,ORD-UNION,23,9,35,3,36,2,1,5,10,12,0.30000000000000004,0.7000000000000001,True
759,2,CARD,23,9,35,3,54,2,1,5,10,12,0.30000000000000004,0.7000000000000001,False
760,2,CLF_UNION,36,22,75,3,76,2,1,5,10,12,0.30000000000000004,0.7000000000000001,False
761,2,ORD-UNION,23,9,35,3,36,2,1,5,10,12,0.30000000000000004,0.7000000000000001,False
762,2,CARD,26,7,36,3,54,2,1,5,10,12,0.30000000000000004,0.7000000000000001,True
763,2,CLF_UNION,41,17,76,3,76,2,1,5,10,12,0.30000000000000004,0.7000000000000001,True
764,2,ORD-UNION,26,7,36,3,36,2,1,5,10,12,0.30000000000000004,0.7000000000000001,True
765,2,CARD,26,7,36,3,54,2,1,5,10,12,0.30000000000000004,0.7000000000000001,False
766,2,CLF_UNION,41,17,76,3,76,2,1,5,10,12,0.30000000000000004,0.7000000000000001,False
767,2,ORD-UNION,26,7,36,3,36,2,1,5,10,12,0.30000000000000004,0.7000000000000001,False
768,2,CARD,21,10,33,3,57,2,1,5,10,12,0.30000000000000004,0.7000000000000001,True
769,2,CLF_UNION,41,25,79,3,79,2,1,5,10,12,0.30000000000000004,0.7000000000000001,True
770,2,ORD-UNION,21,10,33,3,33,2,1,5,10,12,0.30000000000000004,0.7000000000000001,True
771,2,CARD,21,10,33,3,57,2,1,5,10,12,0.30000000000000004,0.7000000000000001,False
772,2,CLF_UNION,41,25,79,3,79,2,1,5,10,12,0.30000000000000004,0.7000000000000001,False
773,2,ORD-UNION,21,10,33,3,33,2,1,5,10,12,0.30000000000000004,0.7000000000000001,False
774,2,CARD,24,6,32,3,58,2,1,5,10,12,0.30000000000000004,0.7000000000000001,True
775,2,CLF_UNION,37,20,76,3,76,2,1,5,10,12,0.30000000000000004,0.7000000000000001,True
776,2,ORD-UNION,24,6,32,3,32,2,1,5,10,12,0.30000000000000004,0.7000000000000001,True
777,2,CARD,24,6,32,3,58,2,1,5,10,12,0.30000000000000004,0.7000000000000001,False
778,2,CLF_UNION,37,20,76,3,76,2,1,5,10,12,0.30000000000000004,0.7000000000000001,False
779,2,ORD-UNION,24,6,32,3,32,2,1,5,10,12,0.30000000000000004,0.7000000000000001,False
780,3,CARD,21,15,40,6,49,15,5,5,10,12,0.30000000000000004,0.7000000000000001,True
781,3,CLF_UNION,20,22,56,6,57,15,5,5,10,12,0.30000000000000004,0.7000000000000001,True
782,3,ORD-UNION,0,0,0,6,1,15,5,5,10,12,0.30000000000000004,0.7000000000000001,True
783,3,CARD,21,15,40,6,49,4,1,5,10,12,0.30000000000000004,0.7000000000000001,False
784,3,CLF_UNION,24,27,66,6,67,4,1,5,10,12,0.30000000000000004,0.7000000000000001,False
785,3,ORD-UNION,10,4,15,6,16,4,1,5,10,12,0.30000000000000004,0.7000000000000001,False
786,3,CARD,17,16,40,6,50,4,1,5,10,12,0.30000000000000004,0.7000000000000001,True
787,3,CLF_UNION,29,25,72,6,72,4,1,5,10,12,0.30000000000000004,0.7000000000000001,True
788,3,ORD-UNION,3,2,6,6,6,4,1,5,10,12,0.30000000000000004,0.7000000000000001,True
789,3,CARD,17,16,40,6,50,4,1,5,10,12,0.30000000000000004,0.7000000000000001,False
790,3,CLF_UNION,29,25,72,6,72,4,1,5,10,12,0.30000000000000004,0.7000000000000001,False
791,3,ORD-UNION,3,2,6,6,6,4,1,5,10,12,0.30000000000000004,0.7000000000000001,False
792,3,CARD,13,18,39,6,50,4,1,5,10,12,0.30000000000000004,0.7000000000000001,True
793,3,CLF_UNION,19,30,70,6,71,4,1,5,10,12,0.30000000000000004,0.7000000000000001,True
794,3,ORD-UNION,4,5,10,6,11,4,1,5,10,12,0.30000000000000004,0.7000000000000001,True
795,3,CARD,13,18,39,6,50,4,1,5,10,12,0.30000000000000004,0.7000000000000001,False
796,3,CLF_UNION,19,30,70,6,71,4,1,5,10,12,0.30000000000000004,0.7000000000000001,False
797,3,ORD-UNION,4,5,10,6,11,4,1,5,10,12,0.30000000000000004,0.7000000000000001,False
798,3,CARD,12,17,35,6,55,4,1,5,10,12,0.30000000000000004,0.7000000000000001,True
799,3,CLF_UNION,20,30,69,6,69,4,1,5,10,12,0.30000000000000004,0.7000000000000001,True
800,3,ORD-UNION,6,2,9,6,9,4,1,5,10,12,0.30000000000000004,0.7000000000000001,True
801,3,CARD,12,17,35,6,55,4,1,5,10,12,0.30000000000000004,0.7000000000000001,False
802,3,CLF_UNION,20,30,69,6,69,4,1,5,10,12,0.30000000000000004,0.7000000000000001,False
803,3,ORD-UNION,6,2,9,6,9,4,1,5,10,12,0.30000000000000004,0.7000000000000001,False
804,3,CARD,18,17,39,6,50,4,1,5,10,12,0.30000000000000004,0.7000000000000001,True
805,3,CLF_UNION,29,25,68,6,69,4,1,5,10,12,0.30000000000000004,0.7000000000000001,True
806,3,ORD-UNION,8,4,12,6,13,4,1,5,10,12,0.30000000000000004,0.7000000000000001,True
807,3,CARD,18,17,39,6,50,4,1,5,10,12,0.30000000000000004,0.7000000000000001,False
808,3,CLF_UNION,29,25,68,6,69,4,1,5,10,12,0.30000000000000004,0.7000000000000001,False
809,3,ORD-UNION,8,4,12,6,13,4,1,5,10,12,0.30000000000000004,0.7000000000000001,False
810,4,CARD,34,7,43,10,47,15,5,5,10,12,0.30000000000000004,0.7000000000000001,True
811,4,CLF_UNION,37,6,55,10,55,15,5,5,10,12,0.30000000000000004,0.7000000000000001,True
812,4,ORD-UNION,1,0,1,10,1,15,5,5,10,12,0.30000000000000004,0.7000000000000001,True
813,4,CARD,36,6,44,10,46,4,1,5,10,12,0.30000000000000004,0.7000000000000001,False
814,4,CLF_UNION,41,11,64,10,64,4,1,5,10,12,0.30000000000000004,0.7000000000000001,False
815,4,ORD-UNION,36,6,44,10,44,4,1,5,10,12,0.30000000000000004,0.7000000000000001,False
816,4,CARD,24,10,39,10,48,4,1,5,10,12,0.30000000000000004,0.7000000000000001,True
817,4,CLF_UNION,28,16,60,10,63,4,1,5,10,12,0.30000000000000004,0.7000000000000001,True
818,4,ORD-UNION,23,10,38,10,41,4,1,5,10,12,0.30000000000000004,0.7000000000000001,True
819,4,CARD,24,10,39,10,48,4,1,5,10,12,0.30000000000000004,0.7000000000000001,False
820,4,CLF_UNION,28,16,60,10,63,4,1,5,10,12,0.30000000000000004,0.7000000000000001,False
821,4,ORD-UNION,23,10,38,10,41,4,1,5,10,12,0.30000000000000004,0.7000000000000001,False
822,4,CARD,29,11,44,10,46,4,1,5,10,12,0.30000000000000004,0.7000000000000001,True
823,4,CLF_UNION,31,16,62,10,62,4,1,5,10,12,0.30000000000000004,0.7000000000000001,True
824,4,ORD-UNION,29,10,43,10,43,4,1,5,10,12,0.30000000000000004,0.7000000000000001,True
825,4,CARD,29,11,44,10,46,4,1,5,10,12,0.30000000000000004,0.7000000000000001,False
826,4,CLF_UNION,31,16,62,10,62,4,1,5,10,12,0.30000000000000004,0.7000000000000001,False
827,4,ORD-UNION,29,10,43,10,43,4,1,5,10,12,0.30000000000000004,0.7000000000000001,False
828,4,CARD,23,13,42,10,48,4,1,5,10,12,0.30000000000000004,0.7000000000000001,True
829,4,CLF_UNION,28,16,61,10,61,4,1,5,10,12,0.30000000000000004,0.7000000000000001,True
830,4,ORD-UNION,22,13,41,10,41,4,1,5,10,12,0.30000000000000004,0.7000000000000001,True
831,4,CARD,23,13,42,10,48,4,1,5,10,12,0.30000000000000004,0.7000000000000001,False
832,4,CLF_UNION,28,16,61,10,61,4,1,5,10,12,0.30000000000000004,0.7000000000000001,False
833,4,ORD-UNION,22,13,41,10,41,4,1,5,10,12,0.30000000000000004,0.7000000000000001,False
834,4,CARD,29,12,44,10,46,4,1,5,10,12,0.30000000000000004,0.7000000000000001,True
835,4,CLF_UNION,35,11,61,10,61,4,1,5,10,12,0.30000000000000004,0.7000000000000001,True
836,4,ORD-UNION,28,12,43,10,43,4,1,5,10,12,0.30000000000000004,0.7000000000000001,True
837,4,CARD,29,12,44,10,46,4,1,5,10,12,0.30000000000000004,0.7000000000000001,False
838,4,CLF_UNION,35,11,61,10,61,4,1,5,10,12,0.30000000000000004,0.7000000000000001,False
839,4,ORD-UNION,28,12,43,10,43,4,1,5,10,12,0.30000000000000004,0.7000000000000001,False
840,5,CARD,29,7,39,15,48,15,5,5,10,12,0.30000000000000004,0.7000000000000001,True
841,5,CLF_UNION,36,5,54,15,57,15,5,5,10,12,0.30000000000000004,0.7000000000000001,True
842,5,ORD-UNION,1,0,1,15,4,15,5,5,10,12,0.30000000000000004,0.7000000000000001,True
843,5,CARD,31,3,37,15,50,5,2,5,10,12,0.30000000000000004,0.7000000000000001,False
844,5,CLF_UNION,36,7,56,15,58,5,2,5,10,12,0.30000000000000004,0.7000000000000001,False
845,5,ORD-UNION,30,3,36,15,39,5,2,5,10,12,0.30000000000000004,0.7000000000000001,False
846,5,CARD,29,7,41,15,48,5,2,5,10,12,0.30000000000000004,0.7000000000000001,True
847,5,CLF_UNION,26,14,55,15,56,5,2,5,10,12,0.30000000000000004,0.7000000000000001,True
848,5,ORD-UNION,27,7,39,15,40,5,2,5,10,12,0.30000000000000004,0.7000000000000001,True
849,5,CARD,29,7,41,15,48,5,2,5,10,12,0.30000000000000004,0.7000000000000001,False
850,5,CLF_UNION,26,14,55,15,56,5,2,5,10,12,0.30000000000000004,0.7000000000000001,False
851,5,ORD-UNION,27,7,39,15,40,5,2,5,10,12,0.30000000000000004,0.7000000000000001,False
852,5,CARD,22,17,44,15,46,5,2,5,10,12,0.30000000000000004,0.7000000000000001,True
853,5,CLF_UNION,26,14,55,15,55,5,2,5,10,12,0.30000000000000004,0.7000000000000001,True
854,5,ORD-UNION,19,17,41,15,41,5,2,5,10,12,0.30000000000000004,0.7000000000000001,True
855,5,CARD,22,17,44,15,46,5,2,5,10,12,0.30000000000000004,0.7000000000000001,False
856,5,CLF_UNION,26,14,55,15,55,5,2,5,10,12,0.30000000000000004,0.7000000000000001,False
857,5,ORD-UNION,19,17,41,15,41,5,2,5,10,12,0.30000000000000004,0.7000000000000001,False
858,5,CARD,32,8,42,15,47,5,2,5,10,12,0.30000000000000004,0.7000000000000001,True
859,5,CLF_UNION,33,11,56,15,57,5,2,5,10,12,0.30000000000000004,0.7000000000000001,True
860,5,ORD-UNION,29,8,39,15,40,5,2,5,10,12,0.30000000000000004,0.7000000000000001,True
861,5,CARD,32,8,42,15,47,5,2,5,10,12,0.30000000000000004,0.7000000000000001,False
862,5,CLF_UNION,33,11,56,15,57,5,2,5,10,12,0.30000000000000004,0.7000000000000001,False
863,5,ORD-UNION,29,8,39,15,40,5,2,5,10,12,0.30000000000000004,0.7000000000000001,False
864,5,CARD,26,14,41,15,46,5,2,5,10,12,0.30000000000000004,0.7000000000000001,True
865,5,CLF_UNION,32,10,53,15,55,5,2,5,10,12,0.30000000000000004,0.7000000000000001,True
866,5,ORD-UNION,26,14,41,15,44,5,2,5,10,12,0.30000000000000004,0.7000000000000001,True
867,5,CARD,26,14,41,15,46,5,2,5,10,12,0.30000000000000004,0.7000000000000001,False
868,5,CLF_UNION,32,10,53,15,55,5,2,5,10,12,0.30000000000000004,0.7000000000000001,False
869,5,ORD-UNION,26,14,41,15,44,5,2,5,10,12,0.30000000000000004,0.7000000000000001,False
870,6,CARD,32,2,36,21,51,15,5,5,10,12,0.30000000000000004,0.7000000000000001,True
871,6,CLF_UNION,34,4,52,21,55,15,5,5,10,12,0.30000000000000004,0.7000000000000001,True
872,6,ORD-UNION,2,0,2,21,5,15,5,5,10,12,0.30000000000000004,0.7000000000000001,True
873,6,CARD,32,6,42,21,45,5,2,5,10,12,0.30000000000000004,0.7000000000000001,False
874,6,CLF_UNION,35,5,55,21,58,5,2,5,10,12,0.30000000000000004,0.7000000000000001,False
875,6,ORD-UNION,30,6,40,21,43,5,2,5,10,12,0.30000000000000004,0.7000000000000001,False
876,6,CARD,36,3,42,21,48,5,2,5,10,12,0.30000000000000004,0.7000000000000001,True
877,6,CLF_UNION,36,7,59,21,59,5,2,5,10,12,0.30000000000000004,0.7000000000000001,True
878,6,ORD-UNION,34,2,39,21,39,5,2,5,10,12,0.30000000000000004,0.7000000000000001,True
879,6,CARD,36,3,42,21,48,5,2,5,10,12,0.30000000000000004,0.7000000000000001,False
880,6,CLF_UNION,36,7,59,21,59,5,2,5,10,12,0.30000000000000004,0.7000000000000001,False
881,6,ORD-UNION,34,2,39,21,39,5,2,5,10,12,0.30000000000000004,0.7000000000000001,False
882,6,CARD,24,13,42,21,48,5,2,5,10,12,0.30000000000000004,0.7000000000000001,True
883,6,CLF_UNION,32,11,62,21,62,5,2,5,10,12,0.30000000000000004,0.7000000000000001,True
884,6,ORD-UNION,24,13,42,21,42,5,2,5,10,12,0.30000000000000004,0.7000000000000001,True
885,6,CARD,24,13,42,21,48,5,2,5,10,12,0.30000000000000004,0.7000000000000001,False
886,6,CLF_UNION,32,11,62,21,62,5,2,5,10,12,0.30000000000000004,0.7000000000000001,False
887,6,ORD-UNION,24,13,42,21,42,5,2,5,10,12,0.30000000000000004,0.7000000000000001,False
888,6,CARD,26,15,45,21,45,5,2,5,10,12,0.30000000000000004,0.7000000000000001,True
889,6,CLF_UNION,31,11,56,21,56,5,2,5,10,12,0.30000000000000004,0.7000000000000001,True
890,6,ORD-UNION,24,15,43,21,43,5,2,5,10,12,0.30000000000000004,0.7000000000000001,True
891,6,CARD,26,15,45,21,45,5,2,5,10,12,0.30000000000000004,0.7000000000000001,False
892,6,CLF_UNION,31,11,56,21,56,5,2,5,10,12,0.30000000000000004,0.7000000000000001,False
893,6,ORD-UNION,24,15,43,21,43,5,2,5,10,12,0.30000000000000004,0.7000000000000001,False
894,6,CARD,30,7,39,21,50,5,2,5,10,12,0.30000000000000004,0.7000000000000001,True
895,6,CLF_UNION,36,12,62,21,63,5,2,5,10,12,0.30000000000000004,0.7000000000000001,True
896,6,ORD-UNION,30,7,39,21,40,5,2,5,10,12,0.30000000000000004,0.7000000000000001,True
897,6,CARD,30,7,39,21,50,5,2,5,10,12,0.30000000000000004,0.7000000000000001,False
898,6,CLF_UNION,36,12,62,21,63,5,2,5,10,12,0.30000000000000004,0.7000000000000001,False
899,6,ORD-UNION,30,7,39,21,40,5,2,5,10,12,0.30000000000000004,0.7000000000000001,False
900,7,CARD,31,6,44,27,46,15,5,5,10,12,0.30000000000000004,0.7000000000000001,True
901,7,CLF_UNION,33,5,55,27,55,15,5,5,10,12,0.30000000000000004,0.7000000000000001,True
902,7,ORD-UNION,0,0,2,27,2,15,5,5,10,12,0.30000000000000004,0.7000000000000001,True
903,7,CARD,30,7,43,27,47,5,2,5,10,12,0.30000000000000004,0.7000000000000001,False
904,7,CLF_UNION,35,8,62,27,62,5,2,5,10,12,0.30000000000000004,0.7000000000000001,False
905,7,ORD-UNION,29,7,42,27,42,5,2,5,10,12,0.30000000000000004,0.7000000000000001,False
906,7,CARD,31,7,43,27,46,5,2,5,10,12,0.30000000000000004,0.7000000000000001,True
907,7,CLF_UNION,35,11,63,27,64,5,2,5,10,12,0.30000000000000004,0.7000000000000001,True
908,7,ORD-UNION,31,6,42,27,43,5,2,5,10,12,0.30000000000000004,0.7000000000000001,True
909,7,CARD,31,7,43,27,46,5,2,5,10,12,0.30000000000000004,0.7000000000000001,False
910,7,CLF_UNION,35,11,63,27,64,5,2,5,10,12,0.30000000000000004,0.7000000000000001,False
911,7,ORD-UNION,31,6,42,27,43,5,2,5,10,12,0.30000000000000004,0.7000000000000001,False
912,7,CARD,28,12,44,27,45,5,2,5,10,12,0.30000000000000004,0.7000000000000001,True
913,7,CLF_UNION,33,10,58,27,59,5,2,5,10,12,0.30000000000000004,0.7000000000000001,True
914,7,ORD-UNION,28,9,41,27,42,5,2,5,10,12,0.30000000000000004,0.7000000000000001,True
915,7,CARD,28,12,44,27,45,5,2,5,10,12,0.30000000000000004,0.7000000000000001,False
916,7,CLF_UNION,33,10,58,27,59,5,2,5,10,12,0.30000000000000004,0.7000000000000001,False
917,7,ORD-UNION,28,9,41,27,42,5,2,5,10,12,0.30000000000000004,0.7000000000000001,False
918,7,CARD,27,13,44,27,45,5,2,5,10,12,0.30000000000000004,0.7000000000000001,True
919,7,CLF_UNION,32,15,62,27,63,5,2,5,10,12,0.30000000000000004,0.7000000000000001,True
920,7,ORD-UNION,25,11,38,27,39,5,2,5,10,12,0.30000000000000004,0.7000000000000001,True
921,7,CARD,27,13,44,27,45,5,2,5,10,12,0.30000000000000004,0.7000000000000001,False
922,7,CLF_UNION,32,15,62,27,63,5,2,5,10,12,0.30000000000000004,0.7000000000000001,False
923,7,ORD-UNION,25,11,38,27,39,5,2,5,10,12,0.30000000000000004,0.7000000000000001,False
924,7,CARD,33,6,41,27,46,5,2,5,10,12,0.30000000000000004,0.7000000000000001,True
925,7,CLF_UNION,38,7,57,27,60,5,2,5,10,12,0.30000000000000004,0.7000000000000001,True
926,7,ORD-UNION,32,6,40,27,43,5,2,5,10,12,0.30000000000000004,0.7000000000000001,True
927,7,CARD,33,6,41,27,46,5,2,5,10,12,0.30000000000000004,0.7000000000000001,False
928,7,CLF_UNION,38,7,57,27,60,5,2,5,10,12,0.30000000000000004,0.7000000000000001,False
929,7,ORD-UNION,32,6,40,27,43,5,2,5,10,12,0.30000000000000004,0.7000000000000001,False
930,8,CARD,35,6,43,35,47,15,5,5,10,12,0.30000000000000004,0.7000000000000001,True
931,8,CLF_UNION,31,11,56,35,56,15,5,5,10,12,0.30000000000000004,0.7000000000000001,True
932,8,ORD-UNION,1,0,1,35,1,15,5,5,10,12,0.30000000000000004,0.7000000000000001,True
933,8,CARD,34,7,44,35,46,5,2,5,10,12,0.30000000000000004,0.7000000000000001,False
934,8,CLF_UNION,37,15,65,35,65,5,2,5,10,12,0.30000000000000004,0.7000000000000001,False
935,8,ORD-UNION,31,7,40,35,40,5,2,5,10,12,0.30000000000000004,0.7000000000000001,False
936,8,CARD,32,5,42,35,46,5,2,5,10,12,0.30000000000000004,0.7000000000000001,True
937,8,CLF_UNION,32,9,59,35,59,5,2,5,10,12,0.30000000000000004,0.7000000000000001,True
938,8,ORD-UNION,30,5,38,35,40,5,2,5,10,12,0.30000000000000004,0.7000000000000001,True
939,8,CARD,32,5,42,35,46,5,2,5,10,12,0.30000000000000004,0.7000000000000001,False
940,8,CLF_UNION,32,9,59,35,59,5,2,5,10,12,0.30000000000000004,0.7000000000000001,False
941,8,ORD-UNION,30,5,38,35,40,5,2,5,10,12,0.30000000000000004,0.7000000000000001,False
942,8,CARD,36,0,42,35,47,5,2,5,10,12,0.30000000000000004,0.7000000000000001,True
943,8,CLF_UNION,38,5,61,35,62,5,2,5,10,12,0.30000000000000004,0.7000000000000001,True
944,8,ORD-UNION,35,0,40,35,41,5,2,5,10,12,0.30000000000000004,0.7000000000000001,True
945,8,CARD,36,0,42,35,47,5,2,5,10,12,0.30000000000000004,0.7000000000000001,False
946,8,CLF_UNION,38,5,61,35,62,5,2,5,10,12,0.30000000000000004,0.7000000000000001,False
947,8,ORD-UNION,35,0,40,35,41,5,2,5,10,12,0.30000000000000004,0.7000000000000001,False
948,8,CARD,34,2,41,35,46,5,2,5,10,12,0.30000000000000004,0.7000000000000001,True
949,8,CLF_UNION,33,9,57,35,59,5,2,5,10,12,0.30000000000000004,0.7000000000000001,True
950,8,ORD-UNION,33,1,39,35,42,5,2,5,10,12,0.30000000000000004,0.7000000000000001,True
951,8,CARD,34,2,41,35,46,5,2,5,10,12,0.30000000000000004,0.7000000000000001,False
952,8,CLF_UNION,33,9,57,35,59,5,2,5,10,12,0.30000000000000004,0.7000000000000001,False
953,8,ORD-UNION,33,1,39,35,42,5,2,5,10,12,0.30000000000000004,0.7000000000000001,False
954,8,CARD,29,4,37,35,47,5,2,5,10,12,0.30000000000000004,0.7000000000000001,True
955,8,CLF_UNION,30,9,53,35,59,5,2,5,10,12,0.30000000000000004,0.7000000000000001,True
956,8,ORD-UNION,27,4,34,35,40,5,2,5,10,12,0.30000000000000004,0.7000000000000001,True
957,8,CARD,29,4,37,35,47,5,2,5,10,12,0.30000000000000004,0.7000000000000001,False
958,8,CLF_UNION,30,9,53,35,59,5,2,5,10,12,0.30000000000000004,0.7000000000000001,False
959,8,ORD-UNION,27,4,34,35,40,5,2,5,10,12,0.30000000000000004,0.7000000000000001,False
960,9,CARD,25,9,40,44,49,15,5,5,10,12,0.30000000000000004,0.7000000000000001,True
961,9,CLF_UNION,37,0,55,44,56,15,5,5,10,12,0.30000000000000004,0.7000000000000001,True
962,9,ORD-UNION,2,0,2,44,3,15,5,5,10,12,0.30000000000000004,0.7000000000000001,True
963,9,CARD,34,1,42,44,47,6,2,5,10,12,0.30000000000000004,0.7000000000000001,False
964,9,CLF_UNION,36,3,58,44,59,6,2,5,10,12,0.30000000000000004,0.7000000000000001,False
965,9,ORD-UNION,34,1,42,44,43,6,2,5,10,12,0.30000000000000004,0.7000000000000001,False
966,9,CARD,27,6,38,44,46,6,2,5,10,12,0.30000000000000004,0.7000000000000001,True
967,9,CLF_UNION,31,4,51,44,57,6,2,5,10,12,0.30000000000000004,0.7000000000000001,True
968,9,ORD-UNION,26,6,37,44,43,6,2,5,10,12,0.30000000000000004,0.7000000000000001,True
969,9,CARD,27,6,38,44,46,6,2,5,10,12,0.30000000000000004,0.7000000000000001,False
970,9,CLF_UNION,31,4,51,44,57,6,2,5,10,12,0.30000000000000004,0.7000000000000001,False
971,9,ORD-UNION,26,6,37,44,43,6,2,5,10,12,0.30000000000000004,0.7000000000000001,False
972,9,CARD,18,15,38,44,46,6,2,5,10,12,0.30000000000000004,0.7000000000000001,True
973,9,CLF_UNION,23,13,51,44,57,6,2,5,10,12,0.30000000000000004,0.7000000000000001,True
974,9,ORD-UNION,17,15,37,44,43,6,2,5,10,12,0.30000000000000004,0.7000000000000001,True
975,9,CARD,18,15,38,44,46,6,2,5,10,12,0.30000000000000004,0.7000000000000001,False
976,9,CLF_UNION,23,13,51,44,57,6,2,5,10,12,0.30000000000000004,0.7000000000000001,False
977,9,ORD-UNION,17,15,37,44,43,6,2,5,10,12,0.30000000000000004,0.7000000000000001,False
978,9,CARD,30,5,41,44,46,6,2,5,10,12,0.30000000000000004,0.7000000000000001,True
979,9,CLF_UNION,35,3,55,44,58,6,2,5,10,12,0.30000000000000004,0.7000000000000001,True
980,9,ORD-UNION,30,5,41,44,44,6,2,5,10,12,0.30000000000000004,0.7000000000000001,True
981,9,CARD,30,5,41,44,46,6,2,5,10,12,0.30000000000000004,0.7000000000000001,False
982,9,CLF_UNION,35,3,55,44,58,6,2,5,10,12,0.30000000000000004,0.7000000000000001,False
983,9,ORD-UNION,30,5,41,44,44,6,2,5,10,12,0.30000000000000004,0.7000000000000001,False
984,9,CARD,27,6,42,44,45,6,2,5,10,12,0.30000000000000004,0.7000000000000001,True
985,9,CLF_UNION,29,5,54,44,56,6,2,5,10,12,0.30000000000000004,0.7000000000000001,True
986,9,ORD-UNION,27,6,42,44,45,6,2,5,10,12,0.30000000000000004,0.7000000000000001,True
987,9,CARD,27,6,42,44,45,6,2,5,10,12,0.30000000000000004,0.7000000000000001,False
988,9,CLF_UNION,29,5,54,44,56,6,2,5,10,12,0.30000000000000004,0.7000000000000001,False
989,9,ORD-UNION,27,6,42,44,45,6,2,5,10,12,0.30000000000000004,0.7000000000000001,False
990,10,CARD,22,14,40,54,50,15,5,5,10,12,0.30000000000000004,0.7000000000000001,True
991,10,CLF_UNION,27,13,55,54,55,15,5,5,10,12,0.30000000000000004,0.7000000000000001,True
992,10,ORD-UNION,4,1,5,54,5,15,5,5,10,12,0.30000000000000004,0.7000000000000001,True
993,10,CARD,22,14,40,54,50,11,2,5,10,12,0.30000000000000004,0.7000000000000001,False
994,10,CLF_UNION,28,12,55,54,55,11,2,5,10,12,0.30000000000000004,0.7000000000000001,False
995,10,ORD-UNION,5,0,5,54,5,11,2,5,10,12,0.30000000000000004,0.7000000000000001,False
996,10,CARD,34,5,41,54,46,11,2,5,10,12,0.30000000000000004,0.7000000000000001,True
997,10,CLF_UNION,34,6,52,54,55,11,2,5,10,12,0.30000000000000004,0.7000000000000001,True
998,10,ORD-UNION,8,1,9,54,12,11,2,5,10,12,0.30000000000000004,0.7000000000000001,True
999,10,CARD,34,5,41,54,46,11,2,5,10,12,0.30000000000000004,0.7000000000000001,False
1000,10,CLF_UNION,34,6,52,54,55,11,2,5,10,12,0.30000000000000004,0.7000000000000001,False
1001,10,ORD-UNION,8,1,9,54,12,11,2,5,10,12,0.30000000000000004,0.7000000000000001,False
1002,10,CARD,15,16,38,54,46,11,2,5,10,12,0.30000000000000004,0.7000000000000001,True
1003,10,CLF_UNION,18,14,49,54,55,11,2,5,10,12,0.30000000000000004,0.7000000000000001,True
1004,10,ORD-UNION,2,2,4,54,10,11,2,5,10,12,0.30000000000000004,0.7000000000000001,True
1005,10,CARD,15,16,38,54,46,11,2,5,10,12,0.30000000000000004,0.7000000000000001,False
1006,10,CLF_UNION,18,14,49,54,55,11,2,5,10,12,0.30000000000000004,0.7000000000000001,False
1007,10,ORD-UNION,2,2,4,54,10,11,2,5,10,12,0.30000000000000004,0.7000000000000001,False
1008,10,CARD,22,4,29,54,46,11,2,5,10,12,0.30000000000000004,0.7000000000000001,True
1009,10,CLF_UNION,24,3,40,54,55,11,2,5,10,12,0.30000000000000004,0.7000000000000001,True
1010,10,ORD-UNION,0,1,2,54,17,11,2,5,10,12,0.30000000000000004,0.7000000000000001,True
1011,10,CARD,22,4,29,54,46,11,2,5,10,12,0.30000000000000004,0.7000000000000001,False
1012,10,CLF_UNION,24,3,40,54,55,11,2,5,10,12,0.30000000000000004,0.7000000000000001,False
1013,10,ORD-UNION,0,1,2,54,17,11,2,5,10,12,0.30000000000000004,0.7000000000000001,False
1014,10,CARD,34,5,41,54,47,11,2,5,10,12,0.30000000000000004,0.7000000000000001,True
1015,10,CLF_UNION,34,5,53,54,55,11,2,5,10,12,0.30000000000000004,0.7000000000000001,True
1016,10,ORD-UNION,5,0,5,54,7,11,2,5,10,12,0.30000000000000004,0.7000000000000001,True
1017,10,CARD,34,5,41,54,47,11,2,5,10,12,0.30000000000000004,0.7000000000000001,False
1018,10,CLF_UNION,34,5,53,54,55,11,2,5,10,12,0.30000000000000004,0.7000000000000001,False
1019,10,ORD-UNION,5,0,5,54,7,11,2,5,10,12,0.30000000000000004,0.7000000000000001,False
1020,11,CARD,19,9,31,64,49,15,5,5,10,12,0.30000000000000004,0.7000000000000001,True
1021,11,CLF_UNION,23,9,45,64,55,15,5,5,10,12,0.30000000000000004,0.7000000000000001,True
1022,11,ORD-UNION,1,0,1,64,11,15,5,5,10,12,0.30000000000000004,0.7000000000000001,True
1023,11,CARD,19,11,33,64,47,8,2,5,10,12,0.30000000000000004,0.7000000000000001,False
1024,11,CLF_UNION,21,12,46,64,56,8,2,5,10,12,0.30000000000000004,0.7000000000000001,False
1025,11,ORD-UNION,14,11,27,64,37,8,2,5,10,12,0.30000000000000004,0.7000000000000001,False
1026,11,CARD,31,7,41,64,46,8,2,5,10,12,0.30000000000000004,0.7000000000000001,True
1027,11,CLF_UNION,28,11,52,64,55,8,2,5,10,12,0.30000000000000004,0.7000000000000001,True
1028,11,ORD-UNION,16,7,26,64,29,8,2,5,10,12,0.30000000000000004,0.7000000000000001,True
1029,11,CARD,31,7,41,64,46,8,2,5,10,12,0.30000000000000004,0.7000000000000001,False
1030,11,CLF_UNION,28,11,52,64,55,8,2,5,10,12,0.30000000000000004,0.7000000000000001,False
1031,11,ORD-UNION,16,7,26,64,29,8,2,5,10,12,0.30000000000000004,0.7000000000000001,False
1032,11,CARD,28,4,37,64,47,8,2,5,10,12,0.30000000000000004,0.7000000000000001,True
1033,11,CLF_UNION,30,4,49,64,55,8,2,5,10,12,0.30000000000000004,0.7000000000000001,True
1034,11,ORD-UNION,10,4,19,64,25,8,2,5,10,12,0.30000000000000004,0.7000000000000001,True
1035,11,CARD,28,4,37,64,47,8,2,5,10,12,0.30000000000000004,0.7000000000000001,False
1036,11,CLF_UNION,30,4,49,64,55,8,2,5,10,12,0.30000000000000004,0.7000000000000001,False
1037,11,ORD-UNION,10,4,19,64,25,8,2,5,10,12,0.30000000000000004,0.7000000000000001,False
1038,11,CARD,28,3,34,64,47,8,2,5,10,12,0.30000000000000004,0.7000000000000001,True
1039,11,CLF_UNION,30,1,46,64,55,8,2,5,10,12,0.30000000000000004,0.7000000000000001,True
1040,11,ORD-UNION,7,3,12,64,21,8,2,5,10,12,0.30000000000000004,0.7000000000000001,True
1041,11,CARD,28,3,34,64,47,8,2,5,10,12,0.30000000000000004,0.7000000000000001,False
1042,11,CLF_UNION,30,1,46,64,55,8,2,5,10,12,0.30000000000000004,0.7000000000000001,False
1043,11,ORD-UNION,7,3,12,64,21,8,2,5,10,12,0.30000000000000004,0.7000000000000001,False
1044,11,CARD,33,3,40,64,47,8,2,5,10,12,0.30000000000000004,0.7000000000000001,True
1045,11,CLF_UNION,34,4,52,64,55,8,2,5,10,12,0.30000000000000004,0.7000000000000001,True
1046,11,ORD-UNION,19,3,24,64,27,8,2,5,10,12,0.30000000000000004,0.7000000000000001,True
1047,11,CARD,33,3,40,64,47,8,2,5,10,12,0.30000000000000004,0.7000000000000001,False
1048,11,CLF_UNION,34,4,52,64,55,8,2,5,10,12,0.30000000000000004,0.7000000000000001,False
1049,11,ORD-UNION,19,3,24,64,27,8,2,5,10,12,0.30000000000000004,0.7000000000000001,False
1050,12,CARD,20,10,34,74,46,15,5,5,10,12,0.30000000000000004,0.7000000000000001,True
1051,12,CLF_UNION,22,9,45,74,55,15,5,5,10,12,0.30000000000000004,0.7000000000000001,True
1052,12,ORD-UNION,1,0,1,74,11,15,5,5,10,12,0.30000000000000004,0.7000000000000001,True
1053,12,CARD,18,11,33,74,47,10,2,5,10,12,0.30000000000000004,0.7000000000000001,False
1054,12,CLF_UNION,22,9,45,74,55,10,2,5,10,12,0.30000000000000004,0.7000000000000001,False
1055,12,ORD-UNION,1,2,3,74,13,10,2,5,10,12,0.30000000000000004,0.7000000000000001,False
1056,12,CARD,14,12,27,74,50,10,2,5,10,12,0.30000000000000004,0.7000000000000001,True
1057,12,CLF_UNION,26,3,43,74,56,10,2,5,10,12,0.30000000000000004,0.7000000000000001,True
1058,12,ORD-UNION,4,1,5,74,18,10,2,5,10,12,0.30000000000000004,0.7000000000000001,True
1059,12,CARD,14,12,27,74,50,10,2,5,10,12,0.30000000000000004,0.7000000000000001,False
1060,12,CLF_UNION,26,3,43,74,56,10,2,5,10,12,0.30000000000000004,0.7000000000000001,False
1061,12,ORD-UNION,4,1,5,74,18,10,2,5,10,12,0.30000000000000004,0.7000000000000001,False
1062,12,CARD,8,23,35,74,48,10,2,5,10,12,0.30000000000000004,0.7000000000000001,True
1063,12,CLF_UNION,21,10,49,74,56,10,2,5,10,12,0.30000000000000004,0.7000000000000001,True
1064,12,ORD-UNION,2,1,3,74,10,10,2,5,10,12,0.30000000000000004,0.7000000000000001,True
1065,12,CARD,8,23,35,74,48,10,2,5,10,12,0.30000000000000004,0.7000000000000001,False
1066,12,CLF_UNION,21,10,49,74,56,10,2,5,10,12,0.30000000000000004,0.7000000000000001,False
1067,12,ORD-UNION,2,1,3,74,10,10,2,5,10,12,0.30000000000000004,0.7000000000000001,False
1068,12,CARD,24,13,40,74,49,10,2,5,10,12,0.30000000000000004,0.7000000000000001,True
1069,12,CLF_UNION,37,4,54,74,55,10,2,5,10,12,0.30000000000000004,0.7000000000000001,True
1070,12,ORD-UNION,5,6,11,74,12,10,2,5,10,12,0.30000000000000004,0.7000000000000001,True
1071,12,CARD,24,13,40,74,49,10,2,5,10,12,0.30000000000000004,0.7000000000000001,False
1072,12,CLF_UNION,37,4,54,74,55,10,2,5,10,12,0.30000000000000004,0.7000000000000001,False
1073,12,ORD-UNION,5,6,11,74,12,10,2,5,10,12,0.30000000000000004,0.7000000000000001,False
1074,12,CARD,12,18,36,74,48,10,2,5,10,12,0.30000000000000004,0.7000000000000001,True
1075,12,CLF_UNION,22,11,49,74,55,10,2,5,10,12,0.30000000000000004,0.7000000000000001,True
1076,12,ORD-UNION,0,5,6,74,12,10,2,5,10,12,0.30000000000000004,0.7000000000000001,True
1077,12,CARD,12,18,36,74,48,10,2,5,10,12,0.30000000000000004,0.7000000000000001,False
1078,12,CLF_UNION,22,11,49,74,55,10,2,5,10,12,0.30000000000000004,0.7000000000000001,False
1079,12,ORD-UNION,0,5,6,74,12,10,2,5,10,12,0.30000000000000004,0.7000000000000001,False
1080,13,CARD,21,9,34,87,46,15,5,5,10,12,0.30000000000000004,0.7000000000000001,True
1081,13,CLF_UNION,26,5,45,87,55,15,5,5,10,12,0.30000000000000004,0.7000000000000001,True
1082,13,ORD-UNION,12,1,15,87,25,15,5,5,10,12,0.30000000000000004,0.7000000000000001,True
1083,13,CARD,25,4,33,87,47,12,2,5,10,12,0.30000000000000004,0.7000000000000001,False
1084,13,CLF_UNION,28,5,47,87,56,12,2,5,10,12,0.30000000000000004,0.7000000000000001,False
1085,13,ORD-UNION,4,1,7,87,17,12,2,5,10,12,0.30000000000000004,0.7000000000000001,False
1086,13,CARD,15,18,38,87,46,12,2,5,10,12,0.30000000000000004,0.7000000000000001,True
1087,13,CLF_UNION,21,14,50,87,55,12,2,5,10,12,0.30000000000000004,0.7000000000000001,True
1088,13,ORD-UNION,3,4,8,87,14,12,2,5,10,12,0.30000000000000004,0.7000000000000001,True
1089,13,CARD,15,18,38,87,46,12,2,5,10,12,0.30000000000000004,0.7000000000000001,False
1090,13,CLF_UNION,21,14,50,87,55,12,2,5,10,12,0.30000000000000004,0.7000000000000001,False
1091,13,ORD-UNION,3,4,8,87,14,12,2,5,10,12,0.30000000000000004,0.7000000000000001,False
1092,13,CARD,14,15,34,87,46,12,2,5,10,12,0.30000000000000004,0.7000000000000001,True
1093,13,CLF_UNION,18,13,46,87,56,12,2,5,10,12,0.30000000000000004,0.7000000000000001,True
1094,13,ORD-UNION,7,3,11,87,21,12,2,5,10,12,0.30000000000000004,0.7000000000000001,True
1095,13,CARD,14,15,34,87,46,12,2,5,10,12,0.30000000000000004,0.7000000000000001,False
1096,13,CLF_UNION,18,13,46,87,56,12,2,5,10,12,0.30000000000000004,0.7000000000000001,False
1097,13,ORD-UNION,7,3,11,87,21,12,2,5,10,12,0.30000000000000004,0.7000000000000001,False
1098,13,CARD,18,8,30,87,46,12,2,5,10,12,0.30000000000000004,0.7000000000000001,True
1099,13,CLF_UNION,20,7,41,87,55,12,2,5,10,12,0.30000000000000004,0.7000000000000001,True
1100,13,ORD-UNION,0,1,1,87,15,12,2,5,10,12,0.30000000000000004,0.7000000000000001,True
1101,13,CARD,18,8,30,87,46,12,2,5,10,12,0.30000000000000004,0.7000000000000001,False
1102,13,CLF_UNION,20,7,41,87,55,12,2,5,10,12,0.30000000000000004,0.7000000000000001,False
1103,13,ORD-UNION,0,1,1,87,15,12,2,5,10,12,0.30000000000000004,0.7000000000000001,False
1104,13,CARD,20,12,34,87,47,12,2,5,10,12,0.30000000000000004,0.7000000000000001,True
1105,13,CLF_UNION,23,11,47,87,56,12,2,5,10,12,0.30000000000000004,0.7000000000000001,True
1106,13,ORD-UNION,2,4,7,87,16,12,2,5,10,12,0.30000000000000004,0.7000000000000001,True
1107,13,CARD,20,12,34,87,47,12,2,5,10,12,0.30000000000000004,0.7000000000000001,False
1108,13,CLF_UNION,23,11,47,87,56,12,2,5,10,12,0.30000000000000004,0.7000000000000001,False
1109,13,ORD-UNION,2,4,7,87,16,12,2,5,10,12,0.30000000000000004,0.7000000000000001,False
