,budget,model,correct,wrong,total,n_pref_input,n_pref_output,theta_size,theta_additivity,n_items,n_test_subsets,n_tiers,alpha,p,real theta
0,1,CARD,14,11,25,1,65,9,3,5,10,15,0.1,0.7000000000000001,True
1,1,CLF_UNION,40,12,65,1,65,9,3,5,10,15,0.1,0.7000000000000001,True
2,1,ORD-UNION,0,0,0,1,0,9,3,5,10,15,0.1,0.7000000000000001,True
3,1,CARD,20,4,25,1,65,1,1,5,10,15,0.1,0.7000000000000001,False
4,1,CLF_UNION,39,23,75,1,75,1,1,5,10,15,0.1,0.7000000000000001,False
5,1,ORD-UNION,20,4,25,1,25,1,1,5,10,15,0.1,0.7000000000000001,False
6,1,CARD,19,2,21,1,69,1,1,5,10,15,0.1,0.7000000000000001,True
7,1,CLF_UNION,42,25,79,1,79,1,1,5,10,15,0.1,0.7000000000000001,True
8,1,ORD-UNION,19,2,21,1,21,1,1,5,10,15,0.1,0.7000000000000001,True
9,1,CARD,19,2,21,1,69,1,1,5,10,15,0.1,0.7000000000000001,False
10,1,CLF_UNION,42,25,79,1,79,1,1,5,10,15,0.1,0.7000000000000001,False
11,1,ORD-UNION,19,2,21,1,21,1,1,5,10,15,0.1,0.7000000000000001,False
12,1,CARD,17,4,21,1,69,1,1,5,10,15,0.1,0.7000000000000001,True
13,1,CLF_UNION,40,27,79,1,79,1,1,5,10,15,0.1,0.7000000000000001,True
14,1,ORD-UNION,17,4,21,1,21,1,1,5,10,15,0.1,0.7000000000000001,True
15,1,CARD,17,4,21,1,69,1,1,5,10,15,0.1,0.7000000000000001,False
16,1,CLF_UNION,40,27,79,1,79,1,1,5,10,15,0.1,0.7000000000000001,False
17,1,ORD-UNION,17,4,21,1,21,1,1,5,10,15,0.1,0.7000000000000001,False
18,1,CARD,16,3,21,1,69,1,1,5,10,15,0.1,0.7000000000000001,True
19,1,CLF_UNION,39,26,79,1,79,1,1,5,10,15,0.1,0.7000000000000001,True
20,1,ORD-UNION,16,3,21,1,21,1,1,5,10,15,0.1,0.7000000000000001,True
21,1,CARD,16,3,21,1,69,1,1,5,10,15,0.1,0.7000000000000001,False
22,1,CLF_UNION,39,26,79,1,79,1,1,5,10,15,0.1,0.7000000000000001,False
23,1,ORD-UNION,16,3,21,1,21,1,1,5,10,15,0.1,0.7000000000000001,False
24,1,CARD,17,4,21,1,69,1,1,5,10,15,0.1,0.7000000000000001,True
25,1,CLF_UNION,39,26,79,1,79,1,1,5,10,15,0.1,0.7000000000000001,True
26,1,ORD-UNION,17,4,21,1,21,1,1,5,10,15,0.1,0.7000000000000001,True
27,1,CARD,17,4,21,1,69,1,1,5,10,15,0.1,0.7000000000000001,False
28,1,CLF_UNION,39,26,79,1,79,1,1,5,10,15,0.1,0.7000000000000001,False
29,1,ORD-UNION,17,4,21,1,21,1,1,5,10,15,0.1,0.7000000000000001,False
30,2,CARD,22,12,36,3,54,9,3,5,10,15,0.1,0.7000000000000001,True
31,2,CLF_UNION,38,8,58,3,58,9,3,5,10,15,0.1,0.7000000000000001,True
32,2,ORD-UNION,1,0,1,3,1,9,3,5,10,15,0.1,0.7000000000000001,True
33,2,CARD,27,5,33,3,57,2,1,5,10,15,0.1,0.7000000000000001,False
34,2,CLF_UNION,41,24,79,3,79,2,1,5,10,15,0.1,0.7000000000000001,False
35,2,ORD-UNION,27,5,33,3,33,2,1,5,10,15,0.1,0.7000000000000001,False
36,2,CARD,30,6,37,3,53,2,1,5,10,15,0.1,0.7000000000000001,True
37,2,CLF_UNION,43,21,76,3,76,2,1,5,10,15,0.1,0.7000000000000001,True
38,2,ORD-UNION,30,6,37,3,37,2,1,5,10,15,0.1,0.7000000000000001,True
39,2,CARD,30,6,37,3,53,2,1,5,10,15,0.1,0.7000000000000001,False
40,2,CLF_UNION,43,21,76,3,76,2,1,5,10,15,0.1,0.7000000000000001,False
41,2,ORD-UNION,30,6,37,3,37,2,1,5,10,15,0.1,0.7000000000000001,False
42,2,CARD,25,9,35,3,55,2,1,5,10,15,0.1,0.7000000000000001,True
43,2,CLF_UNION,41,21,76,3,76,2,1,5,10,15,0.1,0.7000000000000001,True
44,2,ORD-UNION,25,9,35,3,35,2,1,5,10,15,0.1,0.7000000000000001,True
45,2,CARD,25,9,35,3,55,2,1,5,10,15,0.1,0.7000000000000001,False
46,2,CLF_UNION,41,21,76,3,76,2,1,5,10,15,0.1,0.7000000000000001,False
47,2,ORD-UNION,25,9,35,3,35,2,1,5,10,15,0.1,0.7000000000000001,False
48,2,CARD,29,6,37,3,53,2,1,5,10,15,0.1,0.7000000000000001,True
49,2,CLF_UNION,41,21,75,3,75,2,1,5,10,15,0.1,0.7000000000000001,True
50,2,ORD-UNION,29,6,37,3,37,2,1,5,10,15,0.1,0.7000000000000001,True
51,2,CARD,29,6,37,3,53,2,1,5,10,15,0.1,0.7000000000000001,False
52,2,CLF_UNION,41,21,75,3,75,2,1,5,10,15,0.1,0.7000000000000001,False
53,2,ORD-UNION,29,6,37,3,37,2,1,5,10,15,0.1,0.7000000000000001,False
54,2,CARD,22,11,35,3,54,2,1,5,10,15,0.1,0.7000000000000001,True
55,2,CLF_UNION,37,25,75,3,76,2,1,5,10,15,0.1,0.7000000000000001,True
56,2,ORD-UNION,22,11,35,3,36,2,1,5,10,15,0.1,0.7000000000000001,True
57,2,CARD,22,11,35,3,54,2,1,5,10,15,0.1,0.7000000000000001,False
58,2,CLF_UNION,37,25,75,3,76,2,1,5,10,15,0.1,0.7000000000000001,False
59,2,ORD-UNION,22,11,35,3,36,2,1,5,10,15,0.1,0.7000000000000001,False
60,3,CARD,21,12,36,6,51,9,3,5,10,15,0.1,0.7000000000000001,True
61,3,CLF_UNION,29,16,59,6,62,9,3,5,10,15,0.1,0.7000000000000001,True
62,3,ORD-UNION,5,0,5,6,8,9,3,5,10,15,0.1,0.7000000000000001,True
63,3,CARD,22,10,35,6,52,3,1,5,10,15,0.1,0.7000000000000001,False
64,3,CLF_UNION,38,20,74,6,77,3,1,5,10,15,0.1,0.7000000000000001,False
65,3,ORD-UNION,22,2,25,6,28,3,1,5,10,15,0.1,0.7000000000000001,False
66,3,CARD,33,5,39,6,51,3,1,5,10,15,0.1,0.7000000000000001,True
67,3,CLF_UNION,41,18,73,6,73,3,1,5,10,15,0.1,0.7000000000000001,True
68,3,ORD-UNION,27,3,31,6,31,3,1,5,10,15,0.1,0.7000000000000001,True
69,3,CARD,33,5,39,6,51,3,1,5,10,15,0.1,0.7000000000000001,False
70,3,CLF_UNION,41,18,73,6,73,3,1,5,10,15,0.1,0.7000000000000001,False
71,3,ORD-UNION,27,3,31,6,31,3,1,5,10,15,0.1,0.7000000000000001,False
72,3,CARD,29,9,39,6,51,3,1,5,10,15,0.1,0.7000000000000001,True
73,3,CLF_UNION,42,17,73,6,73,3,1,5,10,15,0.1,0.7000000000000001,True
74,3,ORD-UNION,27,3,30,6,30,3,1,5,10,15,0.1,0.7000000000000001,True
75,3,CARD,29,9,39,6,51,3,1,5,10,15,0.1,0.7000000000000001,False
76,3,CLF_UNION,42,17,73,6,73,3,1,5,10,15,0.1,0.7000000000000001,False
77,3,ORD-UNION,27,3,30,6,30,3,1,5,10,15,0.1,0.7000000000000001,False
78,3,CARD,34,4,40,6,50,3,1,5,10,15,0.1,0.7000000000000001,True
79,3,CLF_UNION,39,15,69,6,69,3,1,5,10,15,0.1,0.7000000000000001,True
80,3,ORD-UNION,32,3,36,6,36,3,1,5,10,15,0.1,0.7000000000000001,True
81,3,CARD,34,4,40,6,50,3,1,5,10,15,0.1,0.7000000000000001,False
82,3,CLF_UNION,39,15,69,6,69,3,1,5,10,15,0.1,0.7000000000000001,False
83,3,ORD-UNION,32,3,36,6,36,3,1,5,10,15,0.1,0.7000000000000001,False
84,3,CARD,28,6,35,6,55,3,1,5,10,15,0.1,0.7000000000000001,True
85,3,CLF_UNION,42,16,73,6,73,3,1,5,10,15,0.1,0.7000000000000001,True
86,3,ORD-UNION,23,4,27,6,27,3,1,5,10,15,0.1,0.7000000000000001,True
87,3,CARD,28,6,35,6,55,3,1,5,10,15,0.1,0.7000000000000001,False
88,3,CLF_UNION,42,16,73,6,73,3,1,5,10,15,0.1,0.7000000000000001,False
89,3,ORD-UNION,23,4,27,6,27,3,1,5,10,15,0.1,0.7000000000000001,False
90,4,CARD,31,6,42,10,48,9,3,5,10,15,0.1,0.7000000000000001,True
91,4,CLF_UNION,39,1,55,10,55,9,3,5,10,15,0.1,0.7000000000000001,True
92,4,ORD-UNION,0,0,0,10,0,9,3,5,10,15,0.1,0.7000000000000001,True
93,4,CARD,34,4,42,10,48,3,1,5,10,15,0.1,0.7000000000000001,False
94,4,CLF_UNION,39,10,68,10,68,3,1,5,10,15,0.1,0.7000000000000001,False
95,4,ORD-UNION,31,4,38,10,38,3,1,5,10,15,0.1,0.7000000000000001,False
96,4,CARD,29,10,41,10,49,3,1,5,10,15,0.1,0.7000000000000001,True
97,4,CLF_UNION,42,23,79,10,79,3,1,5,10,15,0.1,0.7000000000000001,True
98,4,ORD-UNION,25,4,29,10,29,3,1,5,10,15,0.1,0.7000000000000001,True
99,4,CARD,29,10,41,10,49,3,1,5,10,15,0.1,0.7000000000000001,False
100,4,CLF_UNION,42,23,79,10,79,3,1,5,10,15,0.1,0.7000000000000001,False
101,4,ORD-UNION,25,4,29,10,29,3,1,5,10,15,0.1,0.7000000000000001,False
102,4,CARD,28,9,39,10,50,3,1,5,10,15,0.1,0.7000000000000001,True
103,4,CLF_UNION,40,18,72,10,73,3,1,5,10,15,0.1,0.7000000000000001,True
104,4,ORD-UNION,27,3,30,10,31,3,1,5,10,15,0.1,0.7000000000000001,True
105,4,CARD,28,9,39,10,50,3,1,5,10,15,0.1,0.7000000000000001,False
106,4,CLF_UNION,40,18,72,10,73,3,1,5,10,15,0.1,0.7000000000000001,False
107,4,ORD-UNION,27,3,30,10,31,3,1,5,10,15,0.1,0.7000000000000001,False
108,4,CARD,28,10,40,10,49,3,1,5,10,15,0.1,0.7000000000000001,True
109,4,CLF_UNION,40,18,71,10,72,3,1,5,10,15,0.1,0.7000000000000001,True
110,4,ORD-UNION,27,4,32,10,33,3,1,5,10,15,0.1,0.7000000000000001,True
111,4,CARD,28,10,40,10,49,3,1,5,10,15,0.1,0.7000000000000001,False
112,4,CLF_UNION,40,18,71,10,72,3,1,5,10,15,0.1,0.7000000000000001,False
113,4,ORD-UNION,27,4,32,10,33,3,1,5,10,15,0.1,0.7000000000000001,False
114,4,CARD,31,9,42,10,48,3,1,5,10,15,0.1,0.7000000000000001,True
115,4,CLF_UNION,42,17,72,10,72,3,1,5,10,15,0.1,0.7000000000000001,True
116,4,ORD-UNION,29,3,34,10,34,3,1,5,10,15,0.1,0.7000000000000001,True
117,4,CARD,31,9,42,10,48,3,1,5,10,15,0.1,0.7000000000000001,False
118,4,CLF_UNION,42,17,72,10,72,3,1,5,10,15,0.1,0.7000000000000001,False
119,4,ORD-UNION,29,3,34,10,34,3,1,5,10,15,0.1,0.7000000000000001,False
120,5,CARD,26,10,38,15,49,9,3,5,10,15,0.1,0.7000000000000001,True
121,5,CLF_UNION,33,7,53,15,56,9,3,5,10,15,0.1,0.7000000000000001,True
122,5,ORD-UNION,3,0,3,15,6,9,3,5,10,15,0.1,0.7000000000000001,True
123,5,CARD,36,1,38,15,49,4,1,5,10,15,0.1,0.7000000000000001,False
124,5,CLF_UNION,38,3,56,15,59,4,1,5,10,15,0.1,0.7000000000000001,False
125,5,ORD-UNION,33,0,34,15,37,4,1,5,10,15,0.1,0.7000000000000001,False
126,5,CARD,39,2,44,15,45,4,1,5,10,15,0.1,0.7000000000000001,True
127,5,CLF_UNION,41,7,63,15,64,4,1,5,10,15,0.1,0.7000000000000001,True
128,5,ORD-UNION,34,2,39,15,40,4,1,5,10,15,0.1,0.7000000000000001,True
129,5,CARD,39,2,44,15,45,4,1,5,10,15,0.1,0.7000000000000001,False
130,5,CLF_UNION,41,7,63,15,64,4,1,5,10,15,0.1,0.7000000000000001,False
131,5,ORD-UNION,34,2,39,15,40,4,1,5,10,15,0.1,0.7000000000000001,False
132,5,CARD,39,3,43,15,46,4,1,5,10,15,0.1,0.7000000000000001,True
133,5,CLF_UNION,42,3,56,15,57,4,1,5,10,15,0.1,0.7000000000000001,True
134,5,ORD-UNION,33,0,34,15,35,4,1,5,10,15,0.1,0.7000000000000001,True
135,5,CARD,39,3,43,15,46,4,1,5,10,15,0.1,0.7000000000000001,False
136,5,CLF_UNION,42,3,56,15,57,4,1,5,10,15,0.1,0.7000000000000001,False
137,5,ORD-UNION,33,0,34,15,35,4,1,5,10,15,0.1,0.7000000000000001,False
138,5,CARD,35,0,44,15,46,4,1,5,10,15,0.1,0.7000000000000001,True
139,5,CLF_UNION,36,2,60,15,60,4,1,5,10,15,0.1,0.7000000000000001,True
140,5,ORD-UNION,32,0,39,15,39,4,1,5,10,15,0.1,0.7000000000000001,True
141,5,CARD,35,0,44,15,46,4,1,5,10,15,0.1,0.7000000000000001,False
142,5,CLF_UNION,36,2,60,15,60,4,1,5,10,15,0.1,0.7000000000000001,False
143,5,ORD-UNION,32,0,39,15,39,4,1,5,10,15,0.1,0.7000000000000001,False
144,5,CARD,33,4,43,15,46,4,1,5,10,15,0.1,0.7000000000000001,True
145,5,CLF_UNION,35,6,61,15,62,4,1,5,10,15,0.1,0.7000000000000001,True
146,5,ORD-UNION,31,0,36,15,37,4,1,5,10,15,0.1,0.7000000000000001,True
147,5,CARD,33,4,43,15,46,4,1,5,10,15,0.1,0.7000000000000001,False
148,5,CLF_UNION,35,6,61,15,62,4,1,5,10,15,0.1,0.7000000000000001,False
149,5,ORD-UNION,31,0,36,15,37,4,1,5,10,15,0.1,0.7000000000000001,False
150,6,CARD,37,3,42,21,48,9,3,5,10,15,0.1,0.7000000000000001,True
151,6,CLF_UNION,36,6,56,21,56,9,3,5,10,15,0.1,0.7000000000000001,True
152,6,ORD-UNION,7,0,7,21,7,9,3,5,10,15,0.1,0.7000000000000001,True
153,6,CARD,37,3,42,21,48,5,1,5,10,15,0.1,0.7000000000000001,False
154,6,CLF_UNION,35,8,58,21,58,5,1,5,10,15,0.1,0.7000000000000001,False
155,6,ORD-UNION,19,0,20,21,20,5,1,5,10,15,0.1,0.7000000000000001,False
156,6,CARD,39,1,42,21,45,5,1,5,10,15,0.1,0.7000000000000001,True
157,6,CLF_UNION,39,1,52,21,55,5,1,5,10,15,0.1,0.7000000000000001,True
158,6,ORD-UNION,28,0,30,21,33,5,1,5,10,15,0.1,0.7000000000000001,True
159,6,CARD,39,1,42,21,45,5,1,5,10,15,0.1,0.7000000000000001,False
160,6,CLF_UNION,39,1,52,21,55,5,1,5,10,15,0.1,0.7000000000000001,False
161,6,ORD-UNION,28,0,30,21,33,5,1,5,10,15,0.1,0.7000000000000001,False
162,6,CARD,41,0,43,21,46,5,1,5,10,15,0.1,0.7000000000000001,True
163,6,CLF_UNION,40,2,56,21,57,5,1,5,10,15,0.1,0.7000000000000001,True
164,6,ORD-UNION,28,0,29,21,30,5,1,5,10,15,0.1,0.7000000000000001,True
165,6,CARD,41,0,43,21,46,5,1,5,10,15,0.1,0.7000000000000001,False
166,6,CLF_UNION,40,2,56,21,57,5,1,5,10,15,0.1,0.7000000000000001,False
167,6,ORD-UNION,28,0,29,21,30,5,1,5,10,15,0.1,0.7000000000000001,False
168,6,CARD,36,2,39,21,48,5,1,5,10,15,0.1,0.7000000000000001,True
169,6,CLF_UNION,36,5,53,21,56,5,1,5,10,15,0.1,0.7000000000000001,True
170,6,ORD-UNION,21,0,21,21,24,5,1,5,10,15,0.1,0.7000000000000001,True
171,6,CARD,36,2,39,21,48,5,1,5,10,15,0.1,0.7000000000000001,False
172,6,CLF_UNION,36,5,53,21,56,5,1,5,10,15,0.1,0.7000000000000001,False
173,6,ORD-UNION,21,0,21,21,24,5,1,5,10,15,0.1,0.7000000000000001,False
174,6,CARD,37,3,41,21,46,5,1,5,10,15,0.1,0.7000000000000001,True
175,6,CLF_UNION,38,4,54,21,57,5,1,5,10,15,0.1,0.7000000000000001,True
176,6,ORD-UNION,25,0,25,21,28,5,1,5,10,15,0.1,0.7000000000000001,True
177,6,CARD,37,3,41,21,46,5,1,5,10,15,0.1,0.7000000000000001,False
178,6,CLF_UNION,38,4,54,21,57,5,1,5,10,15,0.1,0.7000000000000001,False
179,6,ORD-UNION,25,0,25,21,28,5,1,5,10,15,0.1,0.7000000000000001,False
180,7,CARD,35,3,39,27,49,9,3,5,10,15,0.1,0.7000000000000001,True
181,7,CLF_UNION,35,6,53,27,55,9,3,5,10,15,0.1,0.7000000000000001,True
182,7,ORD-UNION,5,0,5,27,7,9,3,5,10,15,0.1,0.7000000000000001,True
183,7,CARD,36,5,43,27,45,4,1,5,10,15,0.1,0.7000000000000001,False
184,7,CLF_UNION,35,10,59,27,61,4,1,5,10,15,0.1,0.7000000000000001,False
185,7,ORD-UNION,34,5,39,27,41,4,1,5,10,15,0.1,0.7000000000000001,False
186,7,CARD,30,7,39,27,48,4,1,5,10,15,0.1,0.7000000000000001,True
187,7,CLF_UNION,33,10,55,27,58,4,1,5,10,15,0.1,0.7000000000000001,True
188,7,ORD-UNION,29,6,36,27,39,4,1,5,10,15,0.1,0.7000000000000001,True
189,7,CARD,30,7,39,27,48,4,1,5,10,15,0.1,0.7000000000000001,False
190,7,CLF_UNION,33,10,55,27,58,4,1,5,10,15,0.1,0.7000000000000001,False
191,7,ORD-UNION,29,6,36,27,39,4,1,5,10,15,0.1,0.7000000000000001,False
192,7,CARD,35,4,40,27,47,4,1,5,10,15,0.1,0.7000000000000001,True
193,7,CLF_UNION,37,7,55,27,58,4,1,5,10,15,0.1,0.7000000000000001,True
194,7,ORD-UNION,33,2,36,27,39,4,1,5,10,15,0.1,0.7000000000000001,True
195,7,CARD,35,4,40,27,47,4,1,5,10,15,0.1,0.7000000000000001,False
196,7,CLF_UNION,37,7,55,27,58,4,1,5,10,15,0.1,0.7000000000000001,False
197,7,ORD-UNION,33,2,36,27,39,4,1,5,10,15,0.1,0.7000000000000001,False
198,7,CARD,29,7,38,27,47,4,1,5,10,15,0.1,0.7000000000000001,True
199,7,CLF_UNION,32,11,56,27,61,4,1,5,10,15,0.1,0.7000000000000001,True
200,7,ORD-UNION,28,7,36,27,41,4,1,5,10,15,0.1,0.7000000000000001,True
201,7,CARD,29,7,38,27,47,4,1,5,10,15,0.1,0.7000000000000001,False
202,7,CLF_UNION,32,11,56,27,61,4,1,5,10,15,0.1,0.7000000000000001,False
203,7,ORD-UNION,28,7,36,27,41,4,1,5,10,15,0.1,0.7000000000000001,False
204,7,CARD,34,3,41,27,46,4,1,5,10,15,0.1,0.7000000000000001,True
205,7,CLF_UNION,35,6,55,27,58,4,1,5,10,15,0.1,0.7000000000000001,True
206,7,ORD-UNION,33,2,39,27,42,4,1,5,10,15,0.1,0.7000000000000001,True
207,7,CARD,34,3,41,27,46,4,1,5,10,15,0.1,0.7000000000000001,False
208,7,CLF_UNION,35,6,55,27,58,4,1,5,10,15,0.1,0.7000000000000001,False
209,7,ORD-UNION,33,2,39,27,42,4,1,5,10,15,0.1,0.7000000000000001,False
210,8,CARD,35,3,42,35,47,9,3,5,10,15,0.1,0.7000000000000001,True
211,8,CLF_UNION,39,1,54,35,55,9,3,5,10,15,0.1,0.7000000000000001,True
212,8,ORD-UNION,6,0,6,35,7,9,3,5,10,15,0.1,0.7000000000000001,True
213,8,CARD,33,5,42,35,47,4,1,5,10,15,0.1,0.7000000000000001,False
214,8,CLF_UNION,35,12,61,35,62,4,1,5,10,15,0.1,0.7000000000000001,False
215,8,ORD-UNION,33,5,42,35,43,4,1,5,10,15,0.1,0.7000000000000001,False
216,8,CARD,35,5,42,35,47,4,1,5,10,15,0.1,0.7000000000000001,True
217,8,CLF_UNION,39,11,62,35,63,4,1,5,10,15,0.1,0.7000000000000001,True
218,8,ORD-UNION,34,2,38,35,39,4,1,5,10,15,0.1,0.7000000000000001,True
219,8,CARD,35,5,42,35,47,4,1,5,10,15,0.1,0.7000000000000001,False
220,8,CLF_UNION,39,11,62,35,63,4,1,5,10,15,0.1,0.7000000000000001,False
221,8,ORD-UNION,34,2,38,35,39,4,1,5,10,15,0.1,0.7000000000000001,False
222,8,CARD,30,3,36,35,53,4,1,5,10,15,0.1,0.7000000000000001,True
223,8,CLF_UNION,39,14,70,35,71,4,1,5,10,15,0.1,0.7000000000000001,True
224,8,ORD-UNION,26,1,28,35,29,4,1,5,10,15,0.1,0.7000000000000001,True
225,8,CARD,30,3,36,35,53,4,1,5,10,15,0.1,0.7000000000000001,False
226,8,CLF_UNION,39,14,70,35,71,4,1,5,10,15,0.1,0.7000000000000001,False
227,8,ORD-UNION,26,1,28,35,29,4,1,5,10,15,0.1,0.7000000000000001,False
228,8,CARD,29,3,32,35,49,4,1,5,10,15,0.1,0.7000000000000001,True
229,8,CLF_UNION,33,9,53,35,62,4,1,5,10,15,0.1,0.7000000000000001,True
230,8,ORD-UNION,29,3,32,35,41,4,1,5,10,15,0.1,0.7000000000000001,True
231,8,CARD,29,3,32,35,49,4,1,5,10,15,0.1,0.7000000000000001,False
232,8,CLF_UNION,33,9,53,35,62,4,1,5,10,15,0.1,0.7000000000000001,False
233,8,ORD-UNION,29,3,32,35,41,4,1,5,10,15,0.1,0.7000000000000001,False
234,8,CARD,33,7,42,35,45,4,1,5,10,15,0.1,0.7000000000000001,True
235,8,CLF_UNION,35,8,55,35,58,4,1,5,10,15,0.1,0.7000000000000001,True
236,8,ORD-UNION,33,6,41,35,44,4,1,5,10,15,0.1,0.7000000000000001,True
237,8,CARD,33,7,42,35,45,4,1,5,10,15,0.1,0.7000000000000001,False
238,8,CLF_UNION,35,8,55,35,58,4,1,5,10,15,0.1,0.7000000000000001,False
239,8,ORD-UNION,33,6,41,35,44,4,1,5,10,15,0.1,0.7000000000000001,False
240,9,CARD,35,5,42,44,45,9,3,5,10,15,0.1,0.7000000000000001,True
241,9,CLF_UNION,39,1,52,44,55,9,3,5,10,15,0.1,0.7000000000000001,True
242,9,ORD-UNION,17,0,17,44,20,9,3,5,10,15,0.1,0.7000000000000001,True
243,9,CARD,37,1,40,44,47,5,1,5,10,15,0.1,0.7000000000000001,False
244,9,CLF_UNION,37,3,52,44,55,5,1,5,10,15,0.1,0.7000000000000001,False
245,9,ORD-UNION,31,0,32,44,35,5,1,5,10,15,0.1,0.7000000000000001,False
246,9,CARD,39,1,42,44,47,5,1,5,10,15,0.1,0.7000000000000001,True
247,9,CLF_UNION,38,3,54,44,55,5,1,5,10,15,0.1,0.7000000000000001,True
248,9,ORD-UNION,34,0,36,44,37,5,1,5,10,15,0.1,0.7000000000000001,True
249,9,CARD,39,1,42,44,47,5,1,5,10,15,0.1,0.7000000000000001,False
250,9,CLF_UNION,38,3,54,44,55,5,1,5,10,15,0.1,0.7000000000000001,False
251,9,ORD-UNION,34,0,36,44,37,5,1,5,10,15,0.1,0.7000000000000001,False
252,9,CARD,36,3,40,44,47,5,1,5,10,15,0.1,0.7000000000000001,True
253,9,CLF_UNION,37,3,52,44,55,5,1,5,10,15,0.1,0.7000000000000001,True
254,9,ORD-UNION,32,0,33,44,36,5,1,5,10,15,0.1,0.7000000000000001,True
255,9,CARD,36,3,40,44,47,5,1,5,10,15,0.1,0.7000000000000001,False
256,9,CLF_UNION,37,3,52,44,55,5,1,5,10,15,0.1,0.7000000000000001,False
257,9,ORD-UNION,32,0,33,44,36,5,1,5,10,15,0.1,0.7000000000000001,False
258,9,CARD,30,1,33,44,48,5,1,5,10,15,0.1,0.7000000000000001,True
259,9,CLF_UNION,29,4,46,44,55,5,1,5,10,15,0.1,0.7000000000000001,True
260,9,ORD-UNION,25,0,27,44,36,5,1,5,10,15,0.1,0.7000000000000001,True
261,9,CARD,30,1,33,44,48,5,1,5,10,15,0.1,0.7000000000000001,False
262,9,CLF_UNION,29,4,46,44,55,5,1,5,10,15,0.1,0.7000000000000001,False
263,9,ORD-UNION,25,0,27,44,36,5,1,5,10,15,0.1,0.7000000000000001,False
264,9,CARD,40,1,42,44,47,5,1,5,10,15,0.1,0.7000000000000001,True
265,9,CLF_UNION,40,2,54,44,55,5,1,5,10,15,0.1,0.7000000000000001,True
266,9,ORD-UNION,35,0,35,44,36,5,1,5,10,15,0.1,0.7000000000000001,True
267,9,CARD,40,1,42,44,47,5,1,5,10,15,0.1,0.7000000000000001,False
268,9,CLF_UNION,40,2,54,44,55,5,1,5,10,15,0.1,0.7000000000000001,False
269,9,ORD-UNION,35,0,35,44,36,5,1,5,10,15,0.1,0.7000000000000001,False
270,10,CARD,36,0,38,53,49,9,3,5,10,15,0.1,0.7000000000000001,True
271,10,CLF_UNION,36,3,52,53,55,9,3,5,10,15,0.1,0.7000000000000001,True
272,10,ORD-UNION,10,0,10,53,13,9,3,5,10,15,0.1,0.7000000000000001,True
273,10,CARD,34,2,39,53,48,5,1,5,10,15,0.1,0.7000000000000001,False
274,10,CLF_UNION,35,5,53,53,56,5,1,5,10,15,0.1,0.7000000000000001,False
275,10,ORD-UNION,31,1,35,53,38,5,1,5,10,15,0.1,0.7000000000000001,False
276,10,CARD,37,0,42,53,46,5,1,5,10,15,0.1,0.7000000000000001,True
277,10,CLF_UNION,36,1,53,53,55,5,1,5,10,15,0.1,0.7000000000000001,True
278,10,ORD-UNION,34,0,38,53,40,5,1,5,10,15,0.1,0.7000000000000001,True
279,10,CARD,37,0,42,53,46,5,1,5,10,15,0.1,0.7000000000000001,False
280,10,CLF_UNION,36,1,53,53,55,5,1,5,10,15,0.1,0.7000000000000001,False
281,10,ORD-UNION,34,0,38,53,40,5,1,5,10,15,0.1,0.7000000000000001,False
282,10,CARD,26,2,31,53,45,5,1,5,10,15,0.1,0.7000000000000001,True
283,10,CLF_UNION,26,2,41,53,55,5,1,5,10,15,0.1,0.7000000000000001,True
284,10,ORD-UNION,25,0,27,53,41,5,1,5,10,15,0.1,0.7000000000000001,True
285,10,CARD,26,2,31,53,45,5,1,5,10,15,0.1,0.7000000000000001,False
286,10,CLF_UNION,26,2,41,53,55,5,1,5,10,15,0.1,0.7000000000000001,False
287,10,ORD-UNION,25,0,27,53,41,5,1,5,10,15,0.1,0.7000000000000001,False
288,10,CARD,35,0,36,53,49,5,1,5,10,15,0.1,0.7000000000000001,True
289,10,CLF_UNION,36,2,51,53,56,5,1,5,10,15,0.1,0.7000000000000001,True
290,10,ORD-UNION,32,0,33,53,38,5,1,5,10,15,0.1,0.7000000000000001,True
291,10,CARD,35,0,36,53,49,5,1,5,10,15,0.1,0.7000000000000001,False
292,10,CLF_UNION,36,2,51,53,56,5,1,5,10,15,0.1,0.7000000000000001,False
293,10,ORD-UNION,32,0,33,53,38,5,1,5,10,15,0.1,0.7000000000000001,False
294,10,CARD,35,1,39,53,45,5,1,5,10,15,0.1,0.7000000000000001,True
295,10,CLF_UNION,34,2,49,53,55,5,1,5,10,15,0.1,0.7000000000000001,True
296,10,ORD-UNION,32,0,35,53,41,5,1,5,10,15,0.1,0.7000000000000001,True
297,10,CARD,35,1,39,53,45,5,1,5,10,15,0.1,0.7000000000000001,False
298,10,CLF_UNION,34,2,49,53,55,5,1,5,10,15,0.1,0.7000000000000001,False
299,10,ORD-UNION,32,0,35,53,41,5,1,5,10,15,0.1,0.7000000000000001,False
300,11,CARD,36,0,37,64,47,9,3,5,10,15,0.1,0.7000000000000001,True
301,11,CLF_UNION,34,3,49,64,55,9,3,5,10,15,0.1,0.7000000000000001,True
302,11,ORD-UNION,11,0,11,64,17,9,3,5,10,15,0.1,0.7000000000000001,True
303,11,CARD,33,4,39,64,45,5,1,5,10,15,0.1,0.7000000000000001,False
304,11,CLF_UNION,33,6,51,64,57,5,1,5,10,15,0.1,0.7000000000000001,False
305,11,ORD-UNION,31,4,37,64,43,5,1,5,10,15,0.1,0.7000000000000001,False
306,11,CARD,28,1,30,64,46,5,1,5,10,15,0.1,0.7000000000000001,True
307,11,CLF_UNION,27,5,44,64,58,5,1,5,10,15,0.1,0.7000000000000001,True
308,11,ORD-UNION,25,1,27,64,41,5,1,5,10,15,0.1,0.7000000000000001,True
309,11,CARD,28,1,30,64,46,5,1,5,10,15,0.1,0.7000000000000001,False
310,11,CLF_UNION,27,5,44,64,58,5,1,5,10,15,0.1,0.7000000000000001,False
311,11,ORD-UNION,25,1,27,64,41,5,1,5,10,15,0.1,0.7000000000000001,False
312,11,CARD,37,0,38,64,46,5,1,5,10,15,0.1,0.7000000000000001,True
313,11,CLF_UNION,38,4,53,64,59,5,1,5,10,15,0.1,0.7000000000000001,True
314,11,ORD-UNION,33,0,34,64,40,5,1,5,10,15,0.1,0.7000000000000001,True
315,11,CARD,37,0,38,64,46,5,1,5,10,15,0.1,0.7000000000000001,False
316,11,CLF_UNION,38,4,53,64,59,5,1,5,10,15,0.1,0.7000000000000001,False
317,11,ORD-UNION,33,0,34,64,40,5,1,5,10,15,0.1,0.7000000000000001,False
318,11,CARD,41,1,44,64,45,5,1,5,10,15,0.1,0.7000000000000001,True
319,11,CLF_UNION,40,5,57,64,58,5,1,5,10,15,0.1,0.7000000000000001,True
320,11,ORD-UNION,36,1,39,64,40,5,1,5,10,15,0.1,0.7000000000000001,True
321,11,CARD,41,1,44,64,45,5,1,5,10,15,0.1,0.7000000000000001,False
322,11,CLF_UNION,40,5,57,64,58,5,1,5,10,15,0.1,0.7000000000000001,False
323,11,ORD-UNION,36,1,39,64,40,5,1,5,10,15,0.1,0.7000000000000001,False
324,11,CARD,32,1,34,64,46,5,1,5,10,15,0.1,0.7000000000000001,True
325,11,CLF_UNION,32,2,45,64,55,5,1,5,10,15,0.1,0.7000000000000001,True
326,11,ORD-UNION,32,1,34,64,44,5,1,5,10,15,0.1,0.7000000000000001,True
327,11,CARD,32,1,34,64,46,5,1,5,10,15,0.1,0.7000000000000001,False
328,11,CLF_UNION,32,2,45,64,55,5,1,5,10,15,0.1,0.7000000000000001,False
329,11,ORD-UNION,32,1,34,64,44,5,1,5,10,15,0.1,0.7000000000000001,False
330,12,CARD,37,0,38,75,47,9,3,5,10,15,0.1,0.7000000000000001,True
331,12,CLF_UNION,37,3,55,75,60,9,3,5,10,15,0.1,0.7000000000000001,True
332,12,ORD-UNION,20,0,20,75,25,9,3,5,10,15,0.1,0.7000000000000001,True
333,12,CARD,34,1,37,75,48,5,1,5,10,15,0.1,0.7000000000000001,False
334,12,CLF_UNION,36,3,52,75,57,5,1,5,10,15,0.1,0.7000000000000001,False
335,12,ORD-UNION,30,1,33,75,38,5,1,5,10,15,0.1,0.7000000000000001,False
336,12,CARD,40,1,44,75,45,5,1,5,10,15,0.1,0.7000000000000001,True
337,12,CLF_UNION,40,1,54,75,55,5,1,5,10,15,0.1,0.7000000000000001,True
338,12,ORD-UNION,40,1,43,75,44,5,1,5,10,15,0.1,0.7000000000000001,True
339,12,CARD,40,1,44,75,45,5,1,5,10,15,0.1,0.7000000000000001,False
340,12,CLF_UNION,40,1,54,75,55,5,1,5,10,15,0.1,0.7000000000000001,False
341,12,ORD-UNION,40,1,43,75,44,5,1,5,10,15,0.1,0.7000000000000001,False
342,12,CARD,26,2,30,75,46,5,1,5,10,15,0.1,0.7000000000000001,True
343,12,CLF_UNION,26,3,41,75,55,5,1,5,10,15,0.1,0.7000000000000001,True
344,12,ORD-UNION,23,2,27,75,41,5,1,5,10,15,0.1,0.7000000000000001,True
345,12,CARD,26,2,30,75,46,5,1,5,10,15,0.1,0.7000000000000001,False
346,12,CLF_UNION,26,3,41,75,55,5,1,5,10,15,0.1,0.7000000000000001,False
347,12,ORD-UNION,23,2,27,75,41,5,1,5,10,15,0.1,0.7000000000000001,False
348,12,CARD,22,1,25,75,45,5,1,5,10,15,0.1,0.7000000000000001,True
349,12,CLF_UNION,22,1,35,75,55,5,1,5,10,15,0.1,0.7000000000000001,True
350,12,ORD-UNION,20,1,23,75,43,5,1,5,10,15,0.1,0.7000000000000001,True
351,12,CARD,22,1,25,75,45,5,1,5,10,15,0.1,0.7000000000000001,False
352,12,CLF_UNION,22,1,35,75,55,5,1,5,10,15,0.1,0.7000000000000001,False
353,12,ORD-UNION,20,1,23,75,43,5,1,5,10,15,0.1,0.7000000000000001,False
354,12,CARD,34,1,38,75,46,5,1,5,10,15,0.1,0.7000000000000001,True
355,12,CLF_UNION,35,2,50,75,56,5,1,5,10,15,0.1,0.7000000000000001,True
356,12,ORD-UNION,32,1,36,75,42,5,1,5,10,15,0.1,0.7000000000000001,True
357,12,CARD,34,1,38,75,46,5,1,5,10,15,0.1,0.7000000000000001,False
358,12,CLF_UNION,35,2,50,75,56,5,1,5,10,15,0.1,0.7000000000000001,False
359,12,ORD-UNION,32,1,36,75,42,5,1,5,10,15,0.1,0.7000000000000001,False
360,13,CARD,30,3,34,88,46,9,3,5,10,15,0.1,0.7000000000000001,True
361,13,CLF_UNION,30,3,45,88,55,9,3,5,10,15,0.1,0.7000000000000001,True
362,13,ORD-UNION,15,0,15,88,25,9,3,5,10,15,0.1,0.7000000000000001,True
363,13,CARD,30,3,35,88,45,9,2,5,10,15,0.1,0.7000000000000001,False
364,13,CLF_UNION,29,4,45,88,55,9,2,5,10,15,0.1,0.7000000000000001,False
365,13,ORD-UNION,23,0,23,88,33,9,2,5,10,15,0.1,0.7000000000000001,False
366,13,CARD,26,2,29,88,46,9,2,5,10,15,0.1,0.7000000000000001,True
367,13,CLF_UNION,27,2,40,88,55,9,2,5,10,15,0.1,0.7000000000000001,True
368,13,ORD-UNION,19,0,19,88,34,9,2,5,10,15,0.1,0.7000000000000001,True
369,13,CARD,26,2,29,88,46,9,2,5,10,15,0.1,0.7000000000000001,False
370,13,CLF_UNION,27,2,40,88,55,9,2,5,10,15,0.1,0.7000000000000001,False
371,13,ORD-UNION,19,0,19,88,34,9,2,5,10,15,0.1,0.7000000000000001,False
372,13,CARD,25,8,35,88,45,9,2,5,10,15,0.1,0.7000000000000001,True
373,13,CLF_UNION,27,6,45,88,55,9,2,5,10,15,0.1,0.7000000000000001,True
374,13,ORD-UNION,18,1,19,88,29,9,2,5,10,15,0.1,0.7000000000000001,True
375,13,CARD,25,8,35,88,45,9,2,5,10,15,0.1,0.7000000000000001,False
376,13,CLF_UNION,27,6,45,88,55,9,2,5,10,15,0.1,0.7000000000000001,False
377,13,ORD-UNION,18,1,19,88,29,9,2,5,10,15,0.1,0.7000000000000001,False
378,13,CARD,31,1,35,88,45,9,2,5,10,15,0.1,0.7000000000000001,True
379,13,CLF_UNION,30,2,45,88,55,9,2,5,10,15,0.1,0.7000000000000001,True
380,13,ORD-UNION,16,0,17,88,27,9,2,5,10,15,0.1,0.7000000000000001,True
381,13,CARD,31,1,35,88,45,9,2,5,10,15,0.1,0.7000000000000001,False
382,13,CLF_UNION,30,2,45,88,55,9,2,5,10,15,0.1,0.7000000000000001,False
383,13,ORD-UNION,16,0,17,88,27,9,2,5,10,15,0.1,0.7000000000000001,False
384,13,CARD,31,5,39,88,45,9,2,5,10,15,0.1,0.7000000000000001,True
385,13,CLF_UNION,33,3,49,88,55,9,2,5,10,15,0.1,0.7000000000000001,True
386,13,ORD-UNION,19,0,20,88,26,9,2,5,10,15,0.1,0.7000000000000001,True
387,13,CARD,31,5,39,88,45,9,2,5,10,15,0.1,0.7000000000000001,False
388,13,CLF_UNION,33,3,49,88,55,9,2,5,10,15,0.1,0.7000000000000001,False
389,13,ORD-UNION,19,0,20,88,26,9,2,5,10,15,0.1,0.7000000000000001,False
390,14,CARD,34,0,35,101,46,9,3,5,10,15,0.1,0.7000000000000001,True
391,14,CLF_UNION,33,2,47,101,56,9,3,5,10,15,0.1,0.7000000000000001,True
392,14,ORD-UNION,14,0,15,101,24,9,3,5,10,15,0.1,0.7000000000000001,True
393,14,CARD,30,4,35,101,46,9,2,5,10,15,0.1,0.7000000000000001,False
394,14,CLF_UNION,32,2,46,101,55,9,2,5,10,15,0.1,0.7000000000000001,False
395,14,ORD-UNION,23,0,24,101,33,9,2,5,10,15,0.1,0.7000000000000001,False
396,14,CARD,25,3,31,101,45,9,2,5,10,15,0.1,0.7000000000000001,True
397,14,CLF_UNION,26,2,41,101,55,9,2,5,10,15,0.1,0.7000000000000001,True
398,14,ORD-UNION,19,0,20,101,34,9,2,5,10,15,0.1,0.7000000000000001,True
399,14,CARD,25,3,31,101,45,9,2,5,10,15,0.1,0.7000000000000001,False
400,14,CLF_UNION,26,2,41,101,55,9,2,5,10,15,0.1,0.7000000000000001,False
401,14,ORD-UNION,19,0,20,101,34,9,2,5,10,15,0.1,0.7000000000000001,False
402,14,CARD,28,0,31,101,45,9,2,5,10,15,0.1,0.7000000000000001,True
403,14,CLF_UNION,28,0,41,101,55,9,2,5,10,15,0.1,0.7000000000000001,True
404,14,ORD-UNION,18,0,18,101,32,9,2,5,10,15,0.1,0.7000000000000001,True
405,14,CARD,28,0,31,101,45,9,2,5,10,15,0.1,0.7000000000000001,False
406,14,CLF_UNION,28,0,41,101,55,9,2,5,10,15,0.1,0.7000000000000001,False
407,14,ORD-UNION,18,0,18,101,32,9,2,5,10,15,0.1,0.7000000000000001,False
408,14,CARD,28,2,33,101,47,9,2,5,10,15,0.1,0.7000000000000001,True
409,14,CLF_UNION,31,0,45,101,55,9,2,5,10,15,0.1,0.7000000000000001,True
410,14,ORD-UNION,21,0,22,101,32,9,2,5,10,15,0.1,0.7000000000000001,True
411,14,CARD,28,2,33,101,47,9,2,5,10,15,0.1,0.7000000000000001,False
412,14,CLF_UNION,31,0,45,101,55,9,2,5,10,15,0.1,0.7000000000000001,False
413,14,ORD-UNION,21,0,22,101,32,9,2,5,10,15,0.1,0.7000000000000001,False
414,14,CARD,32,3,39,101,45,9,2,5,10,15,0.1,0.7000000000000001,True
415,14,CLF_UNION,33,2,49,101,55,9,2,5,10,15,0.1,0.7000000000000001,True
416,14,ORD-UNION,25,0,25,101,31,9,2,5,10,15,0.1,0.7000000000000001,True
417,14,CARD,32,3,39,101,45,9,2,5,10,15,0.1,0.7000000000000001,False
418,14,CLF_UNION,33,2,49,101,55,9,2,5,10,15,0.1,0.7000000000000001,False
419,14,ORD-UNION,25,0,25,101,31,9,2,5,10,15,0.1,0.7000000000000001,False
420,15,CARD,32,1,36,114,48,9,3,5,10,15,0.1,0.7000000000000001,True
421,15,CLF_UNION,33,0,49,114,55,9,3,5,10,15,0.1,0.7000000000000001,True
422,15,ORD-UNION,13,0,13,114,19,9,3,5,10,15,0.1,0.7000000000000001,True
423,15,CARD,23,10,38,114,46,8,2,5,10,15,0.1,0.7000000000000001,False
424,15,CLF_UNION,31,2,49,114,55,8,2,5,10,15,0.1,0.7000000000000001,False
425,15,ORD-UNION,20,0,22,114,28,8,2,5,10,15,0.1,0.7000000000000001,False
426,15,CARD,21,11,34,114,46,8,2,5,10,15,0.1,0.7000000000000001,True
427,15,CLF_UNION,28,4,45,114,55,8,2,5,10,15,0.1,0.7000000000000001,True
428,15,ORD-UNION,17,0,17,114,27,8,2,5,10,15,0.1,0.7000000000000001,True
429,15,CARD,21,11,34,114,46,8,2,5,10,15,0.1,0.7000000000000001,False
430,15,CLF_UNION,28,4,45,114,55,8,2,5,10,15,0.1,0.7000000000000001,False
431,15,ORD-UNION,17,0,17,114,27,8,2,5,10,15,0.1,0.7000000000000001,False
432,15,CARD,27,6,36,114,45,8,2,5,10,15,0.1,0.7000000000000001,True
433,15,CLF_UNION,32,1,46,114,55,8,2,5,10,15,0.1,0.7000000000000001,True
434,15,ORD-UNION,20,0,21,114,30,8,2,5,10,15,0.1,0.7000000000000001,True
435,15,CARD,27,6,36,114,45,8,2,5,10,15,0.1,0.7000000000000001,False
436,15,CLF_UNION,32,1,46,114,55,8,2,5,10,15,0.1,0.7000000000000001,False
437,15,ORD-UNION,20,0,21,114,30,8,2,5,10,15,0.1,0.7000000000000001,False
438,15,CARD,20,4,24,114,46,8,2,5,10,15,0.1,0.7000000000000001,True
439,15,CLF_UNION,21,4,36,114,56,8,2,5,10,15,0.1,0.7000000000000001,True
440,15,ORD-UNION,15,0,15,114,35,8,2,5,10,15,0.1,0.7000000000000001,True
441,15,CARD,20,4,24,114,46,8,2,5,10,15,0.1,0.7000000000000001,False
442,15,CLF_UNION,21,4,36,114,56,8,2,5,10,15,0.1,0.7000000000000001,False
443,15,ORD-UNION,15,0,15,114,35,8,2,5,10,15,0.1,0.7000000000000001,False
444,15,CARD,35,3,43,114,46,8,2,5,10,15,0.1,0.7000000000000001,True
445,15,CLF_UNION,32,7,55,114,56,8,2,5,10,15,0.1,0.7000000000000001,True
446,15,ORD-UNION,19,0,21,114,22,8,2,5,10,15,0.1,0.7000000000000001,True
447,15,CARD,35,3,43,114,46,8,2,5,10,15,0.1,0.7000000000000001,False
448,15,CLF_UNION,32,7,55,114,56,8,2,5,10,15,0.1,0.7000000000000001,False
449,15,ORD-UNION,19,0,21,114,22,8,2,5,10,15,0.1,0.7000000000000001,False
450,16,CARD,30,1,33,130,47,9,3,5,10,15,0.1,0.7000000000000001,True
451,16,CLF_UNION,32,1,46,130,56,9,3,5,10,15,0.1,0.7000000000000001,True
452,16,ORD-UNION,25,0,25,130,35,9,3,5,10,15,0.1,0.7000000000000001,True
453,16,CARD,29,3,34,130,46,7,2,5,10,15,0.1,0.7000000000000001,False
454,16,CLF_UNION,30,3,46,130,56,7,2,5,10,15,0.1,0.7000000000000001,False
455,16,ORD-UNION,27,1,29,130,39,7,2,5,10,15,0.1,0.7000000000000001,False
456,16,CARD,27,0,30,130,45,7,2,5,10,15,0.1,0.7000000000000001,True
457,16,CLF_UNION,26,2,41,130,56,7,2,5,10,15,0.1,0.7000000000000001,True
458,16,ORD-UNION,23,0,24,130,39,7,2,5,10,15,0.1,0.7000000000000001,True
459,16,CARD,27,0,30,130,45,7,2,5,10,15,0.1,0.7000000000000001,False
460,16,CLF_UNION,26,2,41,130,56,7,2,5,10,15,0.1,0.7000000000000001,False
461,16,ORD-UNION,23,0,24,130,39,7,2,5,10,15,0.1,0.7000000000000001,False
462,16,CARD,20,0,23,130,46,7,2,5,10,15,0.1,0.7000000000000001,True
463,16,CLF_UNION,20,0,34,130,55,7,2,5,10,15,0.1,0.7000000000000001,True
464,16,ORD-UNION,17,0,18,130,39,7,2,5,10,15,0.1,0.7000000000000001,True
465,16,CARD,20,0,23,130,46,7,2,5,10,15,0.1,0.7000000000000001,False
466,16,CLF_UNION,20,0,34,130,55,7,2,5,10,15,0.1,0.7000000000000001,False
467,16,ORD-UNION,17,0,18,130,39,7,2,5,10,15,0.1,0.7000000000000001,False
468,16,CARD,21,0,23,130,47,7,2,5,10,15,0.1,0.7000000000000001,True
469,16,CLF_UNION,22,2,37,130,57,7,2,5,10,15,0.1,0.7000000000000001,True
470,16,ORD-UNION,19,0,20,130,40,7,2,5,10,15,0.1,0.7000000000000001,True
471,16,CARD,21,0,23,130,47,7,2,5,10,15,0.1,0.7000000000000001,False
472,16,CLF_UNION,22,2,37,130,57,7,2,5,10,15,0.1,0.7000000000000001,False
473,16,ORD-UNION,19,0,20,130,40,7,2,5,10,15,0.1,0.7000000000000001,False
474,16,CARD,31,0,33,130,47,7,2,5,10,15,0.1,0.7000000000000001,True
475,16,CLF_UNION,31,1,46,130,56,7,2,5,10,15,0.1,0.7000000000000001,True
476,16,ORD-UNION,30,0,32,130,42,7,2,5,10,15,0.1,0.7000000000000001,True
477,16,CARD,31,0,33,130,47,7,2,5,10,15,0.1,0.7000000000000001,False
478,16,CLF_UNION,31,1,46,130,56,7,2,5,10,15,0.1,0.7000000000000001,False
479,16,ORD-UNION,30,0,32,130,42,7,2,5,10,15,0.1,0.7000000000000001,False
480,17,CARD,26,2,30,145,45,9,3,5,10,15,0.1,0.7000000000000001,True
481,17,CLF_UNION,28,0,41,145,56,9,3,5,10,15,0.1,0.7000000000000001,True
482,17,ORD-UNION,24,0,24,145,39,9,3,5,10,15,0.1,0.7000000000000001,True
483,17,CARD,22,6,30,145,45,12,2,5,10,15,0.1,0.7000000000000001,False
484,17,CLF_UNION,28,0,40,145,55,12,2,5,10,15,0.1,0.7000000000000001,False
485,17,ORD-UNION,13,0,13,145,28,12,2,5,10,15,0.1,0.7000000000000001,False
486,17,CARD,20,14,35,145,45,12,2,5,10,15,0.1,0.7000000000000001,True
487,17,CLF_UNION,33,1,45,145,55,12,2,5,10,15,0.1,0.7000000000000001,True
488,17,ORD-UNION,11,0,11,145,21,12,2,5,10,15,0.1,0.7000000000000001,True
489,17,CARD,20,14,35,145,45,12,2,5,10,15,0.1,0.7000000000000001,False
490,17,CLF_UNION,33,1,45,145,55,12,2,5,10,15,0.1,0.7000000000000001,False
491,17,ORD-UNION,11,0,11,145,21,12,2,5,10,15,0.1,0.7000000000000001,False
492,17,CARD,17,5,24,145,46,12,2,5,10,15,0.1,0.7000000000000001,True
493,17,CLF_UNION,22,1,35,145,55,12,2,5,10,15,0.1,0.7000000000000001,True
494,17,ORD-UNION,11,0,11,145,31,12,2,5,10,15,0.1,0.7000000000000001,True
495,17,CARD,17,5,24,145,46,12,2,5,10,15,0.1,0.7000000000000001,False
496,17,CLF_UNION,22,1,35,145,55,12,2,5,10,15,0.1,0.7000000000000001,False
497,17,ORD-UNION,11,0,11,145,31,12,2,5,10,15,0.1,0.7000000000000001,False
498,17,CARD,27,1,28,145,47,12,2,5,10,15,0.1,0.7000000000000001,True
499,17,CLF_UNION,28,0,40,145,55,12,2,5,10,15,0.1,0.7000000000000001,True
500,17,ORD-UNION,15,0,15,145,30,12,2,5,10,15,0.1,0.7000000000000001,True
501,17,CARD,27,1,28,145,47,12,2,5,10,15,0.1,0.7000000000000001,False
502,17,CLF_UNION,28,0,40,145,55,12,2,5,10,15,0.1,0.7000000000000001,False
503,17,ORD-UNION,15,0,15,145,30,12,2,5,10,15,0.1,0.7000000000000001,False
504,17,CARD,25,13,38,145,47,12,2,5,10,15,0.1,0.7000000000000001,True
505,17,CLF_UNION,37,1,50,145,55,12,2,5,10,15,0.1,0.7000000000000001,True
506,17,ORD-UNION,15,0,15,145,20,12,2,5,10,15,0.1,0.7000000000000001,True
507,17,CARD,25,13,38,145,47,12,2,5,10,15,0.1,0.7000000000000001,False
508,17,CLF_UNION,37,1,50,145,55,12,2,5,10,15,0.1,0.7000000000000001,False
509,17,ORD-UNION,15,0,15,145,20,12,2,5,10,15,0.1,0.7000000000000001,False
510,18,CARD,16,0,17,163,45,9,3,5,10,15,0.1,0.7000000000000001,True
511,18,CLF_UNION,16,1,28,163,55,9,3,5,10,15,0.1,0.7000000000000001,True
512,18,ORD-UNION,14,0,14,163,42,9,3,5,10,15,0.1,0.7000000000000001,True
513,18,CARD,13,2,16,163,46,12,2,5,10,15,0.1,0.7000000000000001,False
514,18,CLF_UNION,16,0,27,163,55,12,2,5,10,15,0.1,0.7000000000000001,False
515,18,ORD-UNION,9,0,9,163,37,12,2,5,10,15,0.1,0.7000000000000001,False
516,18,CARD,19,9,29,163,46,12,2,5,10,15,0.1,0.7000000000000001,True
517,18,CLF_UNION,28,0,41,163,56,12,2,5,10,15,0.1,0.7000000000000001,True
518,18,ORD-UNION,9,0,9,163,24,12,2,5,10,15,0.1,0.7000000000000001,True
519,18,CARD,19,9,29,163,46,12,2,5,10,15,0.1,0.7000000000000001,False
520,18,CLF_UNION,28,0,41,163,56,12,2,5,10,15,0.1,0.7000000000000001,False
521,18,ORD-UNION,9,0,9,163,24,12,2,5,10,15,0.1,0.7000000000000001,False
522,18,CARD,8,9,18,163,45,12,2,5,10,15,0.1,0.7000000000000001,True
523,18,CLF_UNION,17,0,28,163,55,12,2,5,10,15,0.1,0.7000000000000001,True
524,18,ORD-UNION,6,0,6,163,33,12,2,5,10,15,0.1,0.7000000000000001,True
525,18,CARD,8,9,18,163,45,12,2,5,10,15,0.1,0.7000000000000001,False
526,18,CLF_UNION,17,0,28,163,55,12,2,5,10,15,0.1,0.7000000000000001,False
527,18,ORD-UNION,6,0,6,163,33,12,2,5,10,15,0.1,0.7000000000000001,False
528,18,CARD,21,12,34,163,46,12,2,5,10,15,0.1,0.7000000000000001,True
529,18,CLF_UNION,33,0,46,163,56,12,2,5,10,15,0.1,0.7000000000000001,True
530,18,ORD-UNION,14,0,14,163,24,12,2,5,10,15,0.1,0.7000000000000001,True
531,18,CARD,21,12,34,163,46,12,2,5,10,15,0.1,0.7000000000000001,False
532,18,CLF_UNION,33,0,46,163,56,12,2,5,10,15,0.1,0.7000000000000001,False
533,18,ORD-UNION,14,0,14,163,24,12,2,5,10,15,0.1,0.7000000000000001,False
534,18,CARD,16,7,24,163,45,12,2,5,10,15,0.1,0.7000000000000001,True
535,18,CLF_UNION,23,1,35,163,56,12,2,5,10,15,0.1,0.7000000000000001,True
536,18,ORD-UNION,10,0,10,163,31,12,2,5,10,15,0.1,0.7000000000000001,True
537,18,CARD,16,7,24,163,45,12,2,5,10,15,0.1,0.7000000000000001,False
538,18,CLF_UNION,23,1,35,163,56,12,2,5,10,15,0.1,0.7000000000000001,False
539,18,ORD-UNION,10,0,10,163,31,12,2,5,10,15,0.1,0.7000000000000001,False
540,19,CARD,32,0,34,181,47,9,3,5,10,15,0.1,0.7000000000000001,True
541,19,CLF_UNION,32,1,47,181,56,9,3,5,10,15,0.1,0.7000000000000001,True
542,19,ORD-UNION,26,0,26,181,35,9,3,5,10,15,0.1,0.7000000000000001,True
543,19,CARD,32,0,35,181,46,8,2,5,10,15,0.1,0.7000000000000001,False
544,19,CLF_UNION,32,0,46,181,55,8,2,5,10,15,0.1,0.7000000000000001,False
545,19,ORD-UNION,29,0,30,181,39,8,2,5,10,15,0.1,0.7000000000000001,False
546,19,CARD,27,0,28,181,48,8,2,5,10,15,0.1,0.7000000000000001,True
547,19,CLF_UNION,27,0,41,181,55,8,2,5,10,15,0.1,0.7000000000000001,True
548,19,ORD-UNION,27,0,27,181,41,8,2,5,10,15,0.1,0.7000000000000001,True
549,19,CARD,27,0,28,181,48,8,2,5,10,15,0.1,0.7000000000000001,False
550,19,CLF_UNION,27,0,41,181,55,8,2,5,10,15,0.1,0.7000000000000001,False
551,19,ORD-UNION,27,0,27,181,41,8,2,5,10,15,0.1,0.7000000000000001,False
552,19,CARD,34,0,35,181,46,8,2,5,10,15,0.1,0.7000000000000001,True
553,19,CLF_UNION,34,1,47,181,56,8,2,5,10,15,0.1,0.7000000000000001,True
554,19,ORD-UNION,31,0,31,181,40,8,2,5,10,15,0.1,0.7000000000000001,True
555,19,CARD,34,0,35,181,46,8,2,5,10,15,0.1,0.7000000000000001,False
556,19,CLF_UNION,34,1,47,181,56,8,2,5,10,15,0.1,0.7000000000000001,False
557,19,ORD-UNION,31,0,31,181,40,8,2,5,10,15,0.1,0.7000000000000001,False
558,19,CARD,13,0,16,181,48,8,2,5,10,15,0.1,0.7000000000000001,True
559,19,CLF_UNION,15,1,30,181,56,8,2,5,10,15,0.1,0.7000000000000001,True
560,19,ORD-UNION,13,0,14,181,40,8,2,5,10,15,0.1,0.7000000000000001,True
561,19,CARD,13,0,16,181,48,8,2,5,10,15,0.1,0.7000000000000001,False
562,19,CLF_UNION,15,1,30,181,56,8,2,5,10,15,0.1,0.7000000000000001,False
563,19,ORD-UNION,13,0,14,181,40,8,2,5,10,15,0.1,0.7000000000000001,False
564,19,CARD,23,0,26,181,45,8,2,5,10,15,0.1,0.7000000000000001,True
565,19,CLF_UNION,23,1,37,181,56,8,2,5,10,15,0.1,0.7000000000000001,True
566,19,ORD-UNION,22,0,22,181,41,8,2,5,10,15,0.1,0.7000000000000001,True
567,19,CARD,23,0,26,181,45,8,2,5,10,15,0.1,0.7000000000000001,False
568,19,CLF_UNION,23,1,37,181,56,8,2,5,10,15,0.1,0.7000000000000001,False
569,19,ORD-UNION,22,0,22,181,41,8,2,5,10,15,0.1,0.7000000000000001,False
570,20,CARD,22,1,24,199,46,9,3,5,10,15,0.1,0.7000000000000001,True
571,20,CLF_UNION,23,0,35,199,55,9,3,5,10,15,0.1,0.7000000000000001,True
572,20,ORD-UNION,20,0,20,199,40,9,3,5,10,15,0.1,0.7000000000000001,True
573,20,CARD,21,1,24,199,46,7,2,5,10,15,0.1,0.7000000000000001,False
574,20,CLF_UNION,23,2,37,199,57,7,2,5,10,15,0.1,0.7000000000000001,False
575,20,ORD-UNION,21,0,21,199,41,7,2,5,10,15,0.1,0.7000000000000001,False
576,20,CARD,15,0,17,199,47,7,2,5,10,15,0.1,0.7000000000000001,True
577,20,CLF_UNION,16,2,31,199,57,7,2,5,10,15,0.1,0.7000000000000001,True
578,20,ORD-UNION,15,0,17,199,43,7,2,5,10,15,0.1,0.7000000000000001,True
579,20,CARD,15,0,17,199,47,7,2,5,10,15,0.1,0.7000000000000001,False
580,20,CLF_UNION,16,2,31,199,57,7,2,5,10,15,0.1,0.7000000000000001,False
581,20,ORD-UNION,15,0,17,199,43,7,2,5,10,15,0.1,0.7000000000000001,False
582,20,CARD,15,0,18,199,45,7,2,5,10,15,0.1,0.7000000000000001,True
583,20,CLF_UNION,15,3,32,199,59,7,2,5,10,15,0.1,0.7000000000000001,True
584,20,ORD-UNION,14,0,14,199,41,7,2,5,10,15,0.1,0.7000000000000001,True
585,20,CARD,15,0,18,199,45,7,2,5,10,15,0.1,0.7000000000000001,False
586,20,CLF_UNION,15,3,32,199,59,7,2,5,10,15,0.1,0.7000000000000001,False
587,20,ORD-UNION,14,0,14,199,41,7,2,5,10,15,0.1,0.7000000000000001,False
588,20,CARD,30,0,32,199,49,7,2,5,10,15,0.1,0.7000000000000001,True
589,20,CLF_UNION,33,2,49,199,58,7,2,5,10,15,0.1,0.7000000000000001,True
590,20,ORD-UNION,30,0,31,199,40,7,2,5,10,15,0.1,0.7000000000000001,True
591,20,CARD,30,0,32,199,49,7,2,5,10,15,0.1,0.7000000000000001,False
592,20,CLF_UNION,33,2,49,199,58,7,2,5,10,15,0.1,0.7000000000000001,False
593,20,ORD-UNION,30,0,31,199,40,7,2,5,10,15,0.1,0.7000000000000001,False
594,20,CARD,32,0,35,199,45,7,2,5,10,15,0.1,0.7000000000000001,True
595,20,CLF_UNION,32,1,46,199,56,7,2,5,10,15,0.1,0.7000000000000001,True
596,20,ORD-UNION,32,0,33,199,43,7,2,5,10,15,0.1,0.7000000000000001,True
597,20,CARD,32,0,35,199,45,7,2,5,10,15,0.1,0.7000000000000001,False
598,20,CLF_UNION,32,1,46,199,56,7,2,5,10,15,0.1,0.7000000000000001,False
599,20,ORD-UNION,32,0,33,199,43,7,2,5,10,15,0.1,0.7000000000000001,False
600,21,CARD,21,2,23,219,48,9,3,5,10,15,0.1,0.7000000000000001,True
601,21,CLF_UNION,23,0,36,219,55,9,3,5,10,15,0.1,0.7000000000000001,True
602,21,ORD-UNION,19,0,19,219,38,9,3,5,10,15,0.1,0.7000000000000001,True
603,21,CARD,21,1,24,219,47,7,2,5,10,15,0.1,0.7000000000000001,False
604,21,CLF_UNION,23,0,36,219,55,7,2,5,10,15,0.1,0.7000000000000001,False
605,21,ORD-UNION,21,0,21,219,40,7,2,5,10,15,0.1,0.7000000000000001,False
606,21,CARD,8,0,10,219,45,7,2,5,10,15,0.1,0.7000000000000001,True
607,21,CLF_UNION,8,0,20,219,55,7,2,5,10,15,0.1,0.7000000000000001,True
608,21,ORD-UNION,8,0,9,219,44,7,2,5,10,15,0.1,0.7000000000000001,True
609,21,CARD,8,0,10,219,45,7,2,5,10,15,0.1,0.7000000000000001,False
610,21,CLF_UNION,8,0,20,219,55,7,2,5,10,15,0.1,0.7000000000000001,False
611,21,ORD-UNION,8,0,9,219,44,7,2,5,10,15,0.1,0.7000000000000001,False
612,21,CARD,15,0,17,219,46,7,2,5,10,15,0.1,0.7000000000000001,True
613,21,CLF_UNION,16,0,29,219,56,7,2,5,10,15,0.1,0.7000000000000001,True
614,21,ORD-UNION,15,0,15,219,42,7,2,5,10,15,0.1,0.7000000000000001,True
615,21,CARD,15,0,17,219,46,7,2,5,10,15,0.1,0.7000000000000001,False
616,21,CLF_UNION,16,0,29,219,56,7,2,5,10,15,0.1,0.7000000000000001,False
617,21,ORD-UNION,15,0,15,219,42,7,2,5,10,15,0.1,0.7000000000000001,False
618,21,CARD,9,0,13,219,45,7,2,5,10,15,0.1,0.7000000000000001,True
619,21,CLF_UNION,9,0,23,219,55,7,2,5,10,15,0.1,0.7000000000000001,True
620,21,ORD-UNION,9,0,11,219,43,7,2,5,10,15,0.1,0.7000000000000001,True
621,21,CARD,9,0,13,219,45,7,2,5,10,15,0.1,0.7000000000000001,False
622,21,CLF_UNION,9,0,23,219,55,7,2,5,10,15,0.1,0.7000000000000001,False
623,21,ORD-UNION,9,0,11,219,43,7,2,5,10,15,0.1,0.7000000000000001,False
624,21,CARD,22,1,24,219,45,7,2,5,10,15,0.1,0.7000000000000001,True
625,21,CLF_UNION,23,0,34,219,55,7,2,5,10,15,0.1,0.7000000000000001,True
626,21,ORD-UNION,20,0,20,219,41,7,2,5,10,15,0.1,0.7000000000000001,True
627,21,CARD,22,1,24,219,45,7,2,5,10,15,0.1,0.7000000000000001,False
628,21,CLF_UNION,23,0,34,219,55,7,2,5,10,15,0.1,0.7000000000000001,False
629,21,ORD-UNION,20,0,20,219,41,7,2,5,10,15,0.1,0.7000000000000001,False
630,22,CARD,22,0,24,239,46,9,3,5,10,15,0.1,0.7000000000000001,True
631,22,CLF_UNION,22,0,36,239,56,9,3,5,10,15,0.1,0.7000000000000001,True
632,22,ORD-UNION,22,0,22,239,42,9,3,5,10,15,0.1,0.7000000000000001,True
633,22,CARD,22,0,25,239,45,7,2,5,10,15,0.1,0.7000000000000001,False
634,22,CLF_UNION,22,0,35,239,55,7,2,5,10,15,0.1,0.7000000000000001,False
635,22,ORD-UNION,22,0,23,239,43,7,2,5,10,15,0.1,0.7000000000000001,False
636,22,CARD,15,0,16,239,46,7,2,5,10,15,0.1,0.7000000000000001,True
637,22,CLF_UNION,16,0,28,239,56,7,2,5,10,15,0.1,0.7000000000000001,True
638,22,ORD-UNION,14,0,14,239,42,7,2,5,10,15,0.1,0.7000000000000001,True
639,22,CARD,15,0,16,239,46,7,2,5,10,15,0.1,0.7000000000000001,False
640,22,CLF_UNION,16,0,28,239,56,7,2,5,10,15,0.1,0.7000000000000001,False
641,22,ORD-UNION,14,0,14,239,42,7,2,5,10,15,0.1,0.7000000000000001,False
642,22,CARD,8,0,12,239,46,7,2,5,10,15,0.1,0.7000000000000001,True
643,22,CLF_UNION,8,0,23,239,55,7,2,5,10,15,0.1,0.7000000000000001,True
644,22,ORD-UNION,8,0,10,239,42,7,2,5,10,15,0.1,0.7000000000000001,True
645,22,CARD,8,0,12,239,46,7,2,5,10,15,0.1,0.7000000000000001,False
646,22,CLF_UNION,8,0,23,239,55,7,2,5,10,15,0.1,0.7000000000000001,False
647,22,ORD-UNION,8,0,10,239,42,7,2,5,10,15,0.1,0.7000000000000001,False
648,22,CARD,29,0,32,239,45,7,2,5,10,15,0.1,0.7000000000000001,True
649,22,CLF_UNION,29,0,42,239,55,7,2,5,10,15,0.1,0.7000000000000001,True
650,22,ORD-UNION,28,0,29,239,42,7,2,5,10,15,0.1,0.7000000000000001,True
651,22,CARD,29,0,32,239,45,7,2,5,10,15,0.1,0.7000000000000001,False
652,22,CLF_UNION,29,0,42,239,55,7,2,5,10,15,0.1,0.7000000000000001,False
653,22,ORD-UNION,28,0,29,239,42,7,2,5,10,15,0.1,0.7000000000000001,False
654,22,CARD,16,0,18,239,46,7,2,5,10,15,0.1,0.7000000000000001,True
655,22,CLF_UNION,16,0,29,239,55,7,2,5,10,15,0.1,0.7000000000000001,True
656,22,ORD-UNION,16,0,17,239,43,7,2,5,10,15,0.1,0.7000000000000001,True
657,22,CARD,16,0,18,239,46,7,2,5,10,15,0.1,0.7000000000000001,False
658,22,CLF_UNION,16,0,29,239,55,7,2,5,10,15,0.1,0.7000000000000001,False
659,22,ORD-UNION,16,0,17,239,43,7,2,5,10,15,0.1,0.7000000000000001,False
660,23,CARD,23,0,24,259,46,9,3,5,10,15,0.1,0.7000000000000001,True
661,23,CLF_UNION,23,0,36,259,56,9,3,5,10,15,0.1,0.7000000000000001,True
662,23,ORD-UNION,23,0,23,259,43,9,3,5,10,15,0.1,0.7000000000000001,True
663,23,CARD,23,0,25,259,45,7,2,5,10,15,0.1,0.7000000000000001,False
664,23,CLF_UNION,23,0,35,259,55,7,2,5,10,15,0.1,0.7000000000000001,False
665,23,ORD-UNION,23,0,23,259,43,7,2,5,10,15,0.1,0.7000000000000001,False
666,23,CARD,15,0,16,259,46,7,2,5,10,15,0.1,0.7000000000000001,True
667,23,CLF_UNION,16,0,27,259,55,7,2,5,10,15,0.1,0.7000000000000001,True
668,23,ORD-UNION,14,0,14,259,42,7,2,5,10,15,0.1,0.7000000000000001,True
669,23,CARD,15,0,16,259,46,7,2,5,10,15,0.1,0.7000000000000001,False
670,23,CLF_UNION,16,0,27,259,55,7,2,5,10,15,0.1,0.7000000000000001,False
671,23,ORD-UNION,14,0,14,259,42,7,2,5,10,15,0.1,0.7000000000000001,False
672,23,CARD,12,0,18,259,47,7,2,5,10,15,0.1,0.7000000000000001,True
673,23,CLF_UNION,13,0,30,259,55,7,2,5,10,15,0.1,0.7000000000000001,True
674,23,ORD-UNION,12,0,14,259,39,7,2,5,10,15,0.1,0.7000000000000001,True
675,23,CARD,12,0,18,259,47,7,2,5,10,15,0.1,0.7000000000000001,False
676,23,CLF_UNION,13,0,30,259,55,7,2,5,10,15,0.1,0.7000000000000001,False
677,23,ORD-UNION,12,0,14,259,39,7,2,5,10,15,0.1,0.7000000000000001,False
678,23,CARD,16,0,18,259,46,7,2,5,10,15,0.1,0.7000000000000001,True
679,23,CLF_UNION,17,0,30,259,56,7,2,5,10,15,0.1,0.7000000000000001,True
680,23,ORD-UNION,16,0,16,259,42,7,2,5,10,15,0.1,0.7000000000000001,True
681,23,CARD,16,0,18,259,46,7,2,5,10,15,0.1,0.7000000000000001,False
682,23,CLF_UNION,17,0,30,259,56,7,2,5,10,15,0.1,0.7000000000000001,False
683,23,ORD-UNION,16,0,16,259,42,7,2,5,10,15,0.1,0.7000000000000001,False
684,23,CARD,26,0,28,259,47,7,2,5,10,15,0.1,0.7000000000000001,True
685,23,CLF_UNION,28,0,40,259,55,7,2,5,10,15,0.1,0.7000000000000001,True
686,23,ORD-UNION,26,0,26,259,41,7,2,5,10,15,0.1,0.7000000000000001,True
687,23,CARD,26,0,28,259,47,7,2,5,10,15,0.1,0.7000000000000001,False
688,23,CLF_UNION,28,0,40,259,55,7,2,5,10,15,0.1,0.7000000000000001,False
689,23,ORD-UNION,26,0,26,259,41,7,2,5,10,15,0.1,0.7000000000000001,False
690,24,CARD,16,0,17,282,46,9,3,5,10,15,0.1,0.7000000000000001,True
691,24,CLF_UNION,16,0,29,282,56,9,3,5,10,15,0.1,0.7000000000000001,True
692,24,ORD-UNION,16,0,16,282,43,9,3,5,10,15,0.1,0.7000000000000001,True
693,24,CARD,16,0,17,282,46,7,2,5,10,15,0.1,0.7000000000000001,False
694,24,CLF_UNION,16,0,28,282,55,7,2,5,10,15,0.1,0.7000000000000001,False
695,24,ORD-UNION,16,0,16,282,43,7,2,5,10,15,0.1,0.7000000000000001,False
696,24,CARD,8,0,10,282,48,7,2,5,10,15,0.1,0.7000000000000001,True
697,24,CLF_UNION,9,0,23,282,55,7,2,5,10,15,0.1,0.7000000000000001,True
698,24,ORD-UNION,8,0,9,282,41,7,2,5,10,15,0.1,0.7000000000000001,True
699,24,CARD,8,0,10,282,48,7,2,5,10,15,0.1,0.7000000000000001,False
700,24,CLF_UNION,9,0,23,282,55,7,2,5,10,15,0.1,0.7000000000000001,False
701,24,ORD-UNION,8,0,9,282,41,7,2,5,10,15,0.1,0.7000000000000001,False
702,24,CARD,22,0,24,282,46,7,2,5,10,15,0.1,0.7000000000000001,True
703,24,CLF_UNION,23,0,36,282,56,7,2,5,10,15,0.1,0.7000000000000001,True
704,24,ORD-UNION,21,0,21,282,41,7,2,5,10,15,0.1,0.7000000000000001,True
705,24,CARD,22,0,24,282,46,7,2,5,10,15,0.1,0.7000000000000001,False
706,24,CLF_UNION,23,0,36,282,56,7,2,5,10,15,0.1,0.7000000000000001,False
707,24,ORD-UNION,21,0,21,282,41,7,2,5,10,15,0.1,0.7000000000000001,False
708,24,CARD,19,1,23,282,47,7,2,5,10,15,0.1,0.7000000000000001,True
709,24,CLF_UNION,22,0,37,282,57,7,2,5,10,15,0.1,0.7000000000000001,True
710,24,ORD-UNION,18,0,18,282,38,7,2,5,10,15,0.1,0.7000000000000001,True
711,24,CARD,19,1,23,282,47,7,2,5,10,15,0.1,0.7000000000000001,False
712,24,CLF_UNION,22,0,37,282,57,7,2,5,10,15,0.1,0.7000000000000001,False
713,24,ORD-UNION,18,0,18,282,38,7,2,5,10,15,0.1,0.7000000000000001,False
714,24,CARD,15,0,17,282,47,7,2,5,10,15,0.1,0.7000000000000001,True
715,24,CLF_UNION,16,0,29,282,55,7,2,5,10,15,0.1,0.7000000000000001,True
716,24,ORD-UNION,15,0,16,282,42,7,2,5,10,15,0.1,0.7000000000000001,True
717,24,CARD,15,0,17,282,47,7,2,5,10,15,0.1,0.7000000000000001,False
718,24,CLF_UNION,16,0,29,282,55,7,2,5,10,15,0.1,0.7000000000000001,False
719,24,ORD-UNION,15,0,16,282,42,7,2,5,10,15,0.1,0.7000000000000001,False
720,1,CARD,9,11,21,1,69,9,5,5,10,15,0.1,0.7000000000000001,True
721,1,CLF_UNION,24,24,62,1,62,9,5,5,10,15,0.1,0.7000000000000001,True
722,1,ORD-UNION,0,0,0,1,0,9,5,5,10,15,0.1,0.7000000000000001,True
723,1,CARD,8,6,16,1,74,1,1,5,10,15,0.1,0.7000000000000001,False
724,1,CLF_UNION,36,34,84,1,84,1,1,5,10,15,0.1,0.7000000000000001,False
725,1,ORD-UNION,8,6,16,1,16,1,1,5,10,15,0.1,0.7000000000000001,False
726,1,CARD,8,12,24,1,66,1,1,5,10,15,0.1,0.7000000000000001,True
727,1,CLF_UNION,27,31,76,1,76,1,1,5,10,15,0.1,0.7000000000000001,True
728,1,ORD-UNION,8,12,24,1,24,1,1,5,10,15,0.1,0.7000000000000001,True
729,1,CARD,8,12,24,1,66,1,1,5,10,15,0.1,0.7000000000000001,False
730,1,CLF_UNION,27,31,76,1,76,1,1,5,10,15,0.1,0.7000000000000001,False
731,1,ORD-UNION,8,12,24,1,24,1,1,5,10,15,0.1,0.7000000000000001,False
732,1,CARD,7,14,24,1,66,1,1,5,10,15,0.1,0.7000000000000001,True
733,1,CLF_UNION,27,34,76,1,76,1,1,5,10,15,0.1,0.7000000000000001,True
734,1,ORD-UNION,7,14,24,1,24,1,1,5,10,15,0.1,0.7000000000000001,True
735,1,CARD,7,14,24,1,66,1,1,5,10,15,0.1,0.7000000000000001,False
736,1,CLF_UNION,27,34,76,1,76,1,1,5,10,15,0.1,0.7000000000000001,False
737,1,ORD-UNION,7,14,24,1,24,1,1,5,10,15,0.1,0.7000000000000001,False
738,1,CARD,0,21,21,1,69,1,1,5,10,15,0.1,0.7000000000000001,True
739,1,CLF_UNION,23,44,79,1,79,1,1,5,10,15,0.1,0.7000000000000001,True
740,1,ORD-UNION,0,21,21,1,21,1,1,5,10,15,0.1,0.7000000000000001,True
741,1,CARD,0,21,21,1,69,1,1,5,10,15,0.1,0.7000000000000001,False
742,1,CLF_UNION,23,44,79,1,79,1,1,5,10,15,0.1,0.7000000000000001,False
743,1,ORD-UNION,0,21,21,1,21,1,1,5,10,15,0.1,0.7000000000000001,False
744,1,CARD,8,14,25,1,65,1,1,5,10,15,0.1,0.7000000000000001,True
745,1,CLF_UNION,28,34,75,1,75,1,1,5,10,15,0.1,0.7000000000000001,True
746,1,ORD-UNION,8,14,25,1,25,1,1,5,10,15,0.1,0.7000000000000001,True
747,1,CARD,8,14,25,1,65,1,1,5,10,15,0.1,0.7000000000000001,False
748,1,CLF_UNION,28,34,75,1,75,1,1,5,10,15,0.1,0.7000000000000001,False
749,1,ORD-UNION,8,14,25,1,25,1,1,5,10,15,0.1,0.7000000000000001,False
750,2,CARD,25,9,36,3,54,9,5,5,10,15,0.1,0.7000000000000001,True
751,2,CLF_UNION,13,28,57,3,57,9,5,5,10,15,0.1,0.7000000000000001,True
752,2,ORD-UNION,0,0,0,3,0,9,5,5,10,15,0.1,0.7000000000000001,True
753,2,CARD,22,10,36,3,54,2,1,5,10,15,0.1,0.7000000000000001,False
754,2,CLF_UNION,29,29,76,3,76,2,1,5,10,15,0.1,0.7000000000000001,False
755,2,ORD-UNION,22,10,36,3,36,2,1,5,10,15,0.1,0.7000000000000001,False
756,2,CARD,11,19,33,3,57,2,1,5,10,15,0.1,0.7000000000000001,True
757,2,CLF_UNION,21,37,75,3,75,2,1,5,10,15,0.1,0.7000000000000001,True
758,2,ORD-UNION,11,19,33,3,33,2,1,5,10,15,0.1,0.7000000000000001,True
759,2,CARD,11,19,33,3,57,2,1,5,10,15,0.1,0.7000000000000001,False
760,2,CLF_UNION,21,37,75,3,75,2,1,5,10,15,0.1,0.7000000000000001,False
761,2,ORD-UNION,11,19,33,3,33,2,1,5,10,15,0.1,0.7000000000000001,False
762,2,CARD,24,6,32,3,58,2,1,5,10,15,0.1,0.7000000000000001,True
763,2,CLF_UNION,34,24,76,3,76,2,1,5,10,15,0.1,0.7000000000000001,True
764,2,ORD-UNION,24,6,32,3,32,2,1,5,10,15,0.1,0.7000000000000001,True
765,2,CARD,24,6,32,3,58,2,1,5,10,15,0.1,0.7000000000000001,False
766,2,CLF_UNION,34,24,76,3,76,2,1,5,10,15,0.1,0.7000000000000001,False
767,2,ORD-UNION,24,6,32,3,32,2,1,5,10,15,0.1,0.7000000000000001,False
768,2,CARD,23,10,37,3,53,2,1,5,10,15,0.1,0.7000000000000001,True
769,2,CLF_UNION,31,30,75,3,75,2,1,5,10,15,0.1,0.7000000000000001,True
770,2,ORD-UNION,23,10,37,3,37,2,1,5,10,15,0.1,0.7000000000000001,True
771,2,CARD,23,10,37,3,53,2,1,5,10,15,0.1,0.7000000000000001,False
772,2,CLF_UNION,31,30,75,3,75,2,1,5,10,15,0.1,0.7000000000000001,False
773,2,ORD-UNION,23,10,37,3,37,2,1,5,10,15,0.1,0.7000000000000001,False
774,2,CARD,23,12,37,3,53,2,1,5,10,15,0.1,0.7000000000000001,True
775,2,CLF_UNION,30,31,75,3,75,2,1,5,10,15,0.1,0.7000000000000001,True
776,2,ORD-UNION,23,12,37,3,37,2,1,5,10,15,0.1,0.7000000000000001,True
777,2,CARD,23,12,37,3,53,2,1,5,10,15,0.1,0.7000000000000001,False
778,2,CLF_UNION,30,31,75,3,75,2,1,5,10,15,0.1,0.7000000000000001,False
779,2,ORD-UNION,23,12,37,3,37,2,1,5,10,15,0.1,0.7000000000000001,False
780,3,CARD,30,4,36,5,54,9,5,5,10,15,0.1,0.7000000000000001,True
781,3,CLF_UNION,29,14,56,5,56,9,5,5,10,15,0.1,0.7000000000000001,True
782,3,ORD-UNION,0,0,0,5,0,9,5,5,10,15,0.1,0.7000000000000001,True
783,3,CARD,23,13,37,5,53,3,1,5,10,15,0.1,0.7000000000000001,False
784,3,CLF_UNION,27,22,62,5,62,3,1,5,10,15,0.1,0.7000000000000001,False
785,3,ORD-UNION,15,9,24,5,24,3,1,5,10,15,0.1,0.7000000000000001,False
786,3,CARD,22,10,35,5,55,3,1,5,10,15,0.1,0.7000000000000001,True
787,3,CLF_UNION,29,22,65,5,65,3,1,5,10,15,0.1,0.7000000000000001,True
788,3,ORD-UNION,14,5,21,5,21,3,1,5,10,15,0.1,0.7000000000000001,True
789,3,CARD,22,10,35,5,55,3,1,5,10,15,0.1,0.7000000000000001,False
790,3,CLF_UNION,29,22,65,5,65,3,1,5,10,15,0.1,0.7000000000000001,False
791,3,ORD-UNION,14,5,21,5,21,3,1,5,10,15,0.1,0.7000000000000001,False
792,3,CARD,24,6,35,5,55,3,1,5,10,15,0.1,0.7000000000000001,True
793,3,CLF_UNION,28,13,61,5,61,3,1,5,10,15,0.1,0.7000000000000001,True
794,3,ORD-UNION,19,5,27,5,27,3,1,5,10,15,0.1,0.7000000000000001,True
795,3,CARD,24,6,35,5,55,3,1,5,10,15,0.1,0.7000000000000001,False
796,3,CLF_UNION,28,13,61,5,61,3,1,5,10,15,0.1,0.7000000000000001,False
797,3,ORD-UNION,19,5,27,5,27,3,1,5,10,15,0.1,0.7000000000000001,False
798,3,CARD,25,8,37,5,53,3,1,5,10,15,0.1,0.7000000000000001,True
799,3,CLF_UNION,32,16,63,5,63,3,1,5,10,15,0.1,0.7000000000000001,True
800,3,ORD-UNION,17,4,24,5,24,3,1,5,10,15,0.1,0.7000000000000001,True
801,3,CARD,25,8,37,5,53,3,1,5,10,15,0.1,0.7000000000000001,False
802,3,CLF_UNION,32,16,63,5,63,3,1,5,10,15,0.1,0.7000000000000001,False
803,3,ORD-UNION,17,4,24,5,24,3,1,5,10,15,0.1,0.7000000000000001,False
804,3,CARD,21,9,35,5,55,3,1,5,10,15,0.1,0.7000000000000001,True
805,3,CLF_UNION,29,17,65,5,65,3,1,5,10,15,0.1,0.7000000000000001,True
806,3,ORD-UNION,19,5,28,5,28,3,1,5,10,15,0.1,0.7000000000000001,True
807,3,CARD,21,9,35,5,55,3,1,5,10,15,0.1,0.7000000000000001,False
808,3,CLF_UNION,29,17,65,5,65,3,1,5,10,15,0.1,0.7000000000000001,False
809,3,ORD-UNION,19,5,28,5,28,3,1,5,10,15,0.1,0.7000000000000001,False
