,budget,model,correct,wrong,total,n_pref_input,n_pref_output,theta_size,theta_additivity,n_items,n_test_subsets,n_tiers,alpha,p,real theta
0,1,CARD,9,15,25,1,65,9,3,5,10,15,0.1,0.30000000000000004,True
1,1,CLF_UNION,37,22,73,1,73,9,3,5,10,15,0.1,0.30000000000000004,True
2,1,ORD-UNION,0,0,0,1,0,9,3,5,10,15,0.1,0.30000000000000004,True
3,1,CARD,15,9,25,1,65,1,1,5,10,15,0.1,0.30000000000000004,False
4,1,CLF_UNION,34,28,75,1,75,1,1,5,10,15,0.1,0.30000000000000004,False
5,1,ORD-UNION,15,9,25,1,25,1,1,5,10,15,0.1,0.30000000000000004,False
6,1,CARD,21,0,21,1,69,1,1,5,10,15,0.1,0.30000000000000004,True
7,1,CLF_UNION,44,23,79,1,79,1,1,5,10,15,0.1,0.30000000000000004,True
8,1,ORD-UNION,21,0,21,1,21,1,1,5,10,15,0.1,0.30000000000000004,True
9,1,CARD,21,0,21,1,69,1,1,5,10,15,0.1,0.30000000000000004,False
10,1,CLF_UNION,44,23,79,1,79,1,1,5,10,15,0.1,0.30000000000000004,False
11,1,ORD-UNION,21,0,21,1,21,1,1,5,10,15,0.1,0.30000000000000004,False
12,1,CARD,15,4,21,1,69,1,1,5,10,15,0.1,0.30000000000000004,True
13,1,CLF_UNION,38,27,79,1,79,1,1,5,10,15,0.1,0.30000000000000004,True
14,1,ORD-UNION,15,4,21,1,21,1,1,5,10,15,0.1,0.30000000000000004,True
15,1,CARD,15,4,21,1,69,1,1,5,10,15,0.1,0.30000000000000004,False
16,1,CLF_UNION,38,27,79,1,79,1,1,5,10,15,0.1,0.30000000000000004,False
17,1,ORD-UNION,15,4,21,1,21,1,1,5,10,15,0.1,0.30000000000000004,False
18,1,CARD,13,7,21,1,69,1,1,5,10,15,0.1,0.30000000000000004,True
19,1,CLF_UNION,37,31,79,1,79,1,1,5,10,15,0.1,0.30000000000000004,True
20,1,ORD-UNION,13,7,21,1,21,1,1,5,10,15,0.1,0.30000000000000004,True
21,1,CARD,13,7,21,1,69,1,1,5,10,15,0.1,0.30000000000000004,False
22,1,CLF_UNION,37,31,79,1,79,1,1,5,10,15,0.1,0.30000000000000004,False
23,1,ORD-UNION,13,7,21,1,21,1,1,5,10,15,0.1,0.30000000000000004,False
24,1,CARD,12,9,21,1,69,1,1,5,10,15,0.1,0.30000000000000004,True
25,1,CLF_UNION,36,33,79,1,79,1,1,5,10,15,0.1,0.30000000000000004,True
26,1,ORD-UNION,12,9,21,1,21,1,1,5,10,15,0.1,0.30000000000000004,True
27,1,CARD,12,9,21,1,69,1,1,5,10,15,0.1,0.30000000000000004,False
28,1,CLF_UNION,36,33,79,1,79,1,1,5,10,15,0.1,0.30000000000000004,False
29,1,ORD-UNION,12,9,21,1,21,1,1,5,10,15,0.1,0.30000000000000004,False
30,2,CARD,21,14,36,3,54,9,3,5,10,15,0.1,0.30000000000000004,True
31,2,CLF_UNION,40,14,65,3,65,9,3,5,10,15,0.1,0.30000000000000004,True
32,2,ORD-UNION,2,0,2,3,2,9,3,5,10,15,0.1,0.30000000000000004,True
33,2,CARD,30,3,33,3,57,2,1,5,10,15,0.1,0.30000000000000004,False
34,2,CLF_UNION,44,23,79,3,79,2,1,5,10,15,0.1,0.30000000000000004,False
35,2,ORD-UNION,30,3,33,3,33,2,1,5,10,15,0.1,0.30000000000000004,False
36,2,CARD,32,4,37,3,53,2,1,5,10,15,0.1,0.30000000000000004,True
37,2,CLF_UNION,44,21,76,3,76,2,1,5,10,15,0.1,0.30000000000000004,True
38,2,ORD-UNION,32,4,37,3,37,2,1,5,10,15,0.1,0.30000000000000004,True
39,2,CARD,32,4,37,3,53,2,1,5,10,15,0.1,0.30000000000000004,False
40,2,CLF_UNION,44,21,76,3,76,2,1,5,10,15,0.1,0.30000000000000004,False
41,2,ORD-UNION,32,4,37,3,37,2,1,5,10,15,0.1,0.30000000000000004,False
42,2,CARD,17,16,35,3,55,2,1,5,10,15,0.1,0.30000000000000004,True
43,2,CLF_UNION,35,27,76,3,76,2,1,5,10,15,0.1,0.30000000000000004,True
44,2,ORD-UNION,17,16,35,3,35,2,1,5,10,15,0.1,0.30000000000000004,True
45,2,CARD,17,16,35,3,55,2,1,5,10,15,0.1,0.30000000000000004,False
46,2,CLF_UNION,35,27,76,3,76,2,1,5,10,15,0.1,0.30000000000000004,False
47,2,ORD-UNION,17,16,35,3,35,2,1,5,10,15,0.1,0.30000000000000004,False
48,2,CARD,27,8,37,3,53,2,1,5,10,15,0.1,0.30000000000000004,True
49,2,CLF_UNION,38,24,75,3,75,2,1,5,10,15,0.1,0.30000000000000004,True
50,2,ORD-UNION,27,8,37,3,37,2,1,5,10,15,0.1,0.30000000000000004,True
51,2,CARD,27,8,37,3,53,2,1,5,10,15,0.1,0.30000000000000004,False
52,2,CLF_UNION,38,24,75,3,75,2,1,5,10,15,0.1,0.30000000000000004,False
53,2,ORD-UNION,27,8,37,3,37,2,1,5,10,15,0.1,0.30000000000000004,False
54,2,CARD,25,8,35,3,54,2,1,5,10,15,0.1,0.30000000000000004,True
55,2,CLF_UNION,37,24,75,3,76,2,1,5,10,15,0.1,0.30000000000000004,True
56,2,ORD-UNION,25,8,35,3,36,2,1,5,10,15,0.1,0.30000000000000004,True
57,2,CARD,25,8,35,3,54,2,1,5,10,15,0.1,0.30000000000000004,False
58,2,CLF_UNION,37,24,75,3,76,2,1,5,10,15,0.1,0.30000000000000004,False
59,2,ORD-UNION,25,8,35,3,36,2,1,5,10,15,0.1,0.30000000000000004,False
60,3,CARD,23,9,36,6,51,9,3,5,10,15,0.1,0.30000000000000004,True
61,3,CLF_UNION,31,15,61,6,64,9,3,5,10,15,0.1,0.30000000000000004,True
62,3,ORD-UNION,6,0,6,6,9,9,3,5,10,15,0.1,0.30000000000000004,True
63,3,CARD,24,8,35,6,52,3,1,5,10,15,0.1,0.30000000000000004,False
64,3,CLF_UNION,37,20,74,6,77,3,1,5,10,15,0.1,0.30000000000000004,False
65,3,ORD-UNION,23,1,25,6,28,3,1,5,10,15,0.1,0.30000000000000004,False
66,3,CARD,26,11,39,6,51,3,1,5,10,15,0.1,0.30000000000000004,True
67,3,CLF_UNION,34,26,73,6,73,3,1,5,10,15,0.1,0.30000000000000004,True
68,3,ORD-UNION,20,10,31,6,31,3,1,5,10,15,0.1,0.30000000000000004,True
69,3,CARD,26,11,39,6,51,3,1,5,10,15,0.1,0.30000000000000004,False
70,3,CLF_UNION,34,26,73,6,73,3,1,5,10,15,0.1,0.30000000000000004,False
71,3,ORD-UNION,20,10,31,6,31,3,1,5,10,15,0.1,0.30000000000000004,False
72,3,CARD,19,19,39,6,51,3,1,5,10,15,0.1,0.30000000000000004,True
73,3,CLF_UNION,33,29,73,6,73,3,1,5,10,15,0.1,0.30000000000000004,True
74,3,ORD-UNION,17,12,30,6,30,3,1,5,10,15,0.1,0.30000000000000004,True
75,3,CARD,19,19,39,6,51,3,1,5,10,15,0.1,0.30000000000000004,False
76,3,CLF_UNION,33,29,73,6,73,3,1,5,10,15,0.1,0.30000000000000004,False
77,3,ORD-UNION,17,12,30,6,30,3,1,5,10,15,0.1,0.30000000000000004,False
78,3,CARD,27,12,40,6,50,3,1,5,10,15,0.1,0.30000000000000004,True
79,3,CLF_UNION,34,24,69,6,69,3,1,5,10,15,0.1,0.30000000000000004,True
80,3,ORD-UNION,24,11,36,6,36,3,1,5,10,15,0.1,0.30000000000000004,True
81,3,CARD,27,12,40,6,50,3,1,5,10,15,0.1,0.30000000000000004,False
82,3,CLF_UNION,34,24,69,6,69,3,1,5,10,15,0.1,0.30000000000000004,False
83,3,ORD-UNION,24,11,36,6,36,3,1,5,10,15,0.1,0.30000000000000004,False
84,3,CARD,17,17,35,6,55,3,1,5,10,15,0.1,0.30000000000000004,True
85,3,CLF_UNION,34,28,73,6,73,3,1,5,10,15,0.1,0.30000000000000004,True
86,3,ORD-UNION,13,13,27,6,27,3,1,5,10,15,0.1,0.30000000000000004,True
87,3,CARD,17,17,35,6,55,3,1,5,10,15,0.1,0.30000000000000004,False
88,3,CLF_UNION,34,28,73,6,73,3,1,5,10,15,0.1,0.30000000000000004,False
89,3,ORD-UNION,13,13,27,6,27,3,1,5,10,15,0.1,0.30000000000000004,False
90,4,CARD,24,18,44,9,46,9,3,5,10,15,0.1,0.30000000000000004,True
91,4,CLF_UNION,27,16,55,9,55,9,3,5,10,15,0.1,0.30000000000000004,True
92,4,ORD-UNION,0,0,0,9,0,9,3,5,10,15,0.1,0.30000000000000004,True
93,4,CARD,24,14,40,9,50,3,1,5,10,15,0.1,0.30000000000000004,False
94,4,CLF_UNION,31,21,64,9,64,3,1,5,10,15,0.1,0.30000000000000004,False
95,4,ORD-UNION,22,12,36,9,36,3,1,5,10,15,0.1,0.30000000000000004,False
96,4,CARD,24,13,37,9,53,3,1,5,10,15,0.1,0.30000000000000004,True
97,4,CLF_UNION,40,23,73,9,73,3,1,5,10,15,0.1,0.30000000000000004,True
98,4,ORD-UNION,18,7,25,9,25,3,1,5,10,15,0.1,0.30000000000000004,True
99,4,CARD,24,13,37,9,53,3,1,5,10,15,0.1,0.30000000000000004,False
100,4,CLF_UNION,40,23,73,9,73,3,1,5,10,15,0.1,0.30000000000000004,False
101,4,ORD-UNION,18,7,25,9,25,3,1,5,10,15,0.1,0.30000000000000004,False
102,4,CARD,28,10,38,9,51,3,1,5,10,15,0.1,0.30000000000000004,True
103,4,CLF_UNION,41,19,70,9,71,3,1,5,10,15,0.1,0.30000000000000004,True
104,4,ORD-UNION,26,3,29,9,30,3,1,5,10,15,0.1,0.30000000000000004,True
105,4,CARD,28,10,38,9,51,3,1,5,10,15,0.1,0.30000000000000004,False
106,4,CLF_UNION,41,19,70,9,71,3,1,5,10,15,0.1,0.30000000000000004,False
107,4,ORD-UNION,26,3,29,9,30,3,1,5,10,15,0.1,0.30000000000000004,False
108,4,CARD,25,9,37,9,53,3,1,5,10,15,0.1,0.30000000000000004,True
109,4,CLF_UNION,39,15,69,9,69,3,1,5,10,15,0.1,0.30000000000000004,True
110,4,ORD-UNION,25,2,29,9,29,3,1,5,10,15,0.1,0.30000000000000004,True
111,4,CARD,25,9,37,9,53,3,1,5,10,15,0.1,0.30000000000000004,False
112,4,CLF_UNION,39,15,69,9,69,3,1,5,10,15,0.1,0.30000000000000004,False
113,4,ORD-UNION,25,2,29,9,29,3,1,5,10,15,0.1,0.30000000000000004,False
114,4,CARD,21,15,38,9,52,3,1,5,10,15,0.1,0.30000000000000004,True
115,4,CLF_UNION,31,24,68,9,68,3,1,5,10,15,0.1,0.30000000000000004,True
116,4,ORD-UNION,19,10,30,9,30,3,1,5,10,15,0.1,0.30000000000000004,True
117,4,CARD,21,15,38,9,52,3,1,5,10,15,0.1,0.30000000000000004,False
118,4,CLF_UNION,31,24,68,9,68,3,1,5,10,15,0.1,0.30000000000000004,False
119,4,ORD-UNION,19,10,30,9,30,3,1,5,10,15,0.1,0.30000000000000004,False
120,5,CARD,23,11,35,14,53,9,3,5,10,15,0.1,0.30000000000000004,True
121,5,CLF_UNION,29,13,54,14,56,9,3,5,10,15,0.1,0.30000000000000004,True
122,5,ORD-UNION,4,0,4,14,6,9,3,5,10,15,0.1,0.30000000000000004,True
123,5,CARD,26,11,39,14,49,3,1,5,10,15,0.1,0.30000000000000004,False
124,5,CLF_UNION,34,19,66,14,68,3,1,5,10,15,0.1,0.30000000000000004,False
125,5,ORD-UNION,23,11,36,14,38,3,1,5,10,15,0.1,0.30000000000000004,False
126,5,CARD,26,12,41,14,48,3,1,5,10,15,0.1,0.30000000000000004,True
127,5,CLF_UNION,34,28,76,14,77,3,1,5,10,15,0.1,0.30000000000000004,True
128,5,ORD-UNION,19,8,29,14,30,3,1,5,10,15,0.1,0.30000000000000004,True
129,5,CARD,26,12,41,14,48,3,1,5,10,15,0.1,0.30000000000000004,False
130,5,CLF_UNION,34,28,76,14,77,3,1,5,10,15,0.1,0.30000000000000004,False
131,5,ORD-UNION,19,8,29,14,30,3,1,5,10,15,0.1,0.30000000000000004,False
132,5,CARD,19,16,36,14,49,3,1,5,10,15,0.1,0.30000000000000004,True
133,5,CLF_UNION,28,22,62,14,67,3,1,5,10,15,0.1,0.30000000000000004,True
134,5,ORD-UNION,19,16,36,14,41,3,1,5,10,15,0.1,0.30000000000000004,True
135,5,CARD,19,16,36,14,49,3,1,5,10,15,0.1,0.30000000000000004,False
136,5,CLF_UNION,28,22,62,14,67,3,1,5,10,15,0.1,0.30000000000000004,False
137,5,ORD-UNION,19,16,36,14,41,3,1,5,10,15,0.1,0.30000000000000004,False
138,5,CARD,20,15,39,14,50,3,1,5,10,15,0.1,0.30000000000000004,True
139,5,CLF_UNION,30,26,70,14,71,3,1,5,10,15,0.1,0.30000000000000004,True
140,5,ORD-UNION,18,10,32,14,33,3,1,5,10,15,0.1,0.30000000000000004,True
141,5,CARD,20,15,39,14,50,3,1,5,10,15,0.1,0.30000000000000004,False
142,5,CLF_UNION,30,26,70,14,71,3,1,5,10,15,0.1,0.30000000000000004,False
143,5,ORD-UNION,18,10,32,14,33,3,1,5,10,15,0.1,0.30000000000000004,False
144,5,CARD,14,23,41,14,49,3,1,5,10,15,0.1,0.30000000000000004,True
145,5,CLF_UNION,24,38,77,14,77,3,1,5,10,15,0.1,0.30000000000000004,True
146,5,ORD-UNION,9,13,25,14,25,3,1,5,10,15,0.1,0.30000000000000004,True
147,5,CARD,14,23,41,14,49,3,1,5,10,15,0.1,0.30000000000000004,False
148,5,CLF_UNION,24,38,77,14,77,3,1,5,10,15,0.1,0.30000000000000004,False
149,5,ORD-UNION,9,13,25,14,25,3,1,5,10,15,0.1,0.30000000000000004,False
150,6,CARD,21,14,38,20,49,9,3,5,10,15,0.1,0.30000000000000004,True
151,6,CLF_UNION,25,13,52,20,55,9,3,5,10,15,0.1,0.30000000000000004,True
152,6,ORD-UNION,5,0,5,20,8,9,3,5,10,15,0.1,0.30000000000000004,True
153,6,CARD,21,16,40,20,47,4,1,5,10,15,0.1,0.30000000000000004,False
154,6,CLF_UNION,21,17,52,20,55,4,1,5,10,15,0.1,0.30000000000000004,False
155,6,ORD-UNION,19,13,33,20,36,4,1,5,10,15,0.1,0.30000000000000004,False
156,6,CARD,27,7,38,20,46,4,1,5,10,15,0.1,0.30000000000000004,True
157,6,CLF_UNION,29,8,51,20,57,4,1,5,10,15,0.1,0.30000000000000004,True
158,6,ORD-UNION,19,5,27,20,33,4,1,5,10,15,0.1,0.30000000000000004,True
159,6,CARD,27,7,38,20,46,4,1,5,10,15,0.1,0.30000000000000004,False
160,6,CLF_UNION,29,8,51,20,57,4,1,5,10,15,0.1,0.30000000000000004,False
161,6,ORD-UNION,19,5,27,20,33,4,1,5,10,15,0.1,0.30000000000000004,False
162,6,CARD,22,19,41,20,49,4,1,5,10,15,0.1,0.30000000000000004,True
163,6,CLF_UNION,24,23,57,20,57,4,1,5,10,15,0.1,0.30000000000000004,True
164,6,ORD-UNION,18,13,31,20,31,4,1,5,10,15,0.1,0.30000000000000004,True
165,6,CARD,22,19,41,20,49,4,1,5,10,15,0.1,0.30000000000000004,False
166,6,CLF_UNION,24,23,57,20,57,4,1,5,10,15,0.1,0.30000000000000004,False
167,6,ORD-UNION,18,13,31,20,31,4,1,5,10,15,0.1,0.30000000000000004,False
168,6,CARD,17,23,40,20,49,4,1,5,10,15,0.1,0.30000000000000004,True
169,6,CLF_UNION,18,27,55,20,56,4,1,5,10,15,0.1,0.30000000000000004,True
170,6,ORD-UNION,15,21,36,20,37,4,1,5,10,15,0.1,0.30000000000000004,True
171,6,CARD,17,23,40,20,49,4,1,5,10,15,0.1,0.30000000000000004,False
172,6,CLF_UNION,18,27,55,20,56,4,1,5,10,15,0.1,0.30000000000000004,False
173,6,ORD-UNION,15,21,36,20,37,4,1,5,10,15,0.1,0.30000000000000004,False
174,6,CARD,25,10,38,20,50,4,1,5,10,15,0.1,0.30000000000000004,True
175,6,CLF_UNION,28,14,56,20,58,4,1,5,10,15,0.1,0.30000000000000004,True
176,6,ORD-UNION,16,7,26,20,28,4,1,5,10,15,0.1,0.30000000000000004,True
177,6,CARD,25,10,38,20,50,4,1,5,10,15,0.1,0.30000000000000004,False
178,6,CLF_UNION,28,14,56,20,58,4,1,5,10,15,0.1,0.30000000000000004,False
179,6,ORD-UNION,16,7,26,20,28,4,1,5,10,15,0.1,0.30000000000000004,False
180,7,CARD,22,18,41,26,46,9,3,5,10,15,0.1,0.30000000000000004,True
181,7,CLF_UNION,17,24,52,26,55,9,3,5,10,15,0.1,0.30000000000000004,True
182,7,ORD-UNION,3,4,7,26,10,9,3,5,10,15,0.1,0.30000000000000004,True
183,7,CARD,19,20,40,26,47,4,1,5,10,15,0.1,0.30000000000000004,False
184,7,CLF_UNION,21,23,55,26,58,4,1,5,10,15,0.1,0.30000000000000004,False
185,7,ORD-UNION,18,20,39,26,42,4,1,5,10,15,0.1,0.30000000000000004,False
186,7,CARD,22,16,40,26,45,4,1,5,10,15,0.1,0.30000000000000004,True
187,7,CLF_UNION,25,15,52,26,57,4,1,5,10,15,0.1,0.30000000000000004,True
188,7,ORD-UNION,22,15,39,26,44,4,1,5,10,15,0.1,0.30000000000000004,True
189,7,CARD,22,16,40,26,45,4,1,5,10,15,0.1,0.30000000000000004,False
190,7,CLF_UNION,25,15,52,26,57,4,1,5,10,15,0.1,0.30000000000000004,False
191,7,ORD-UNION,22,15,39,26,44,4,1,5,10,15,0.1,0.30000000000000004,False
192,7,CARD,17,21,39,26,45,4,1,5,10,15,0.1,0.30000000000000004,True
193,7,CLF_UNION,17,22,50,26,56,4,1,5,10,15,0.1,0.30000000000000004,True
194,7,ORD-UNION,14,21,36,26,42,4,1,5,10,15,0.1,0.30000000000000004,True
195,7,CARD,17,21,39,26,45,4,1,5,10,15,0.1,0.30000000000000004,False
196,7,CLF_UNION,17,22,50,26,56,4,1,5,10,15,0.1,0.30000000000000004,False
197,7,ORD-UNION,14,21,36,26,42,4,1,5,10,15,0.1,0.30000000000000004,False
198,7,CARD,10,25,39,26,48,4,1,5,10,15,0.1,0.30000000000000004,True
199,7,CLF_UNION,13,26,55,26,58,4,1,5,10,15,0.1,0.30000000000000004,True
200,7,ORD-UNION,10,22,36,26,39,4,1,5,10,15,0.1,0.30000000000000004,True
201,7,CARD,10,25,39,26,48,4,1,5,10,15,0.1,0.30000000000000004,False
202,7,CLF_UNION,13,26,55,26,58,4,1,5,10,15,0.1,0.30000000000000004,False
203,7,ORD-UNION,10,22,36,26,39,4,1,5,10,15,0.1,0.30000000000000004,False
204,7,CARD,13,25,38,26,46,4,1,5,10,15,0.1,0.30000000000000004,True
205,7,CLF_UNION,16,25,51,26,57,4,1,5,10,15,0.1,0.30000000000000004,True
206,7,ORD-UNION,13,24,37,26,43,4,1,5,10,15,0.1,0.30000000000000004,True
207,7,CARD,13,25,38,26,46,4,1,5,10,15,0.1,0.30000000000000004,False
208,7,CLF_UNION,16,25,51,26,57,4,1,5,10,15,0.1,0.30000000000000004,False
209,7,ORD-UNION,13,24,37,26,43,4,1,5,10,15,0.1,0.30000000000000004,False
