,budget,model,correct,wrong,total,n_pref_input,n_pref_output,theta_size,theta_additivity,n_items,n_test_subsets,n_tiers,alpha,p,real theta
0,1,CARD,9,8,25,1,65,9,4,5,10,6,0.1,0.7000000000000001,True
1,1,CLF_UNION,31,10,65,1,65,9,4,5,10,6,0.1,0.7000000000000001,True
2,1,ORD-UNION,0,0,0,1,0,9,4,5,10,6,0.1,0.7000000000000001,True
3,1,CARD,16,2,25,1,65,1,1,5,10,6,0.1,0.7000000000000001,False
4,1,CLF_UNION,31,17,75,1,75,1,1,5,10,6,0.1,0.7000000000000001,False
5,1,ORD-UNION,16,2,25,1,25,1,1,5,10,6,0.1,0.7000000000000001,False
6,1,CARD,21,0,21,1,69,1,1,5,10,6,0.1,0.7000000000000001,True
7,1,CLF_UNION,35,14,79,1,79,1,1,5,10,6,0.1,0.7000000000000001,True
8,1,ORD-UNION,21,0,21,1,21,1,1,5,10,6,0.1,0.7000000000000001,True
9,1,CARD,21,0,21,1,69,1,1,5,10,6,0.1,0.7000000000000001,False
10,1,CLF_UNION,35,14,79,1,79,1,1,5,10,6,0.1,0.7000000000000001,False
11,1,ORD-UNION,21,0,21,1,21,1,1,5,10,6,0.1,0.7000000000000001,False
12,1,CARD,13,3,21,1,69,1,1,5,10,6,0.1,0.7000000000000001,True
13,1,CLF_UNION,33,23,79,1,79,1,1,5,10,6,0.1,0.7000000000000001,True
14,1,ORD-UNION,13,3,21,1,21,1,1,5,10,6,0.1,0.7000000000000001,True
15,1,CARD,13,3,21,1,69,1,1,5,10,6,0.1,0.7000000000000001,False
16,1,CLF_UNION,33,23,79,1,79,1,1,5,10,6,0.1,0.7000000000000001,False
17,1,ORD-UNION,13,3,21,1,21,1,1,5,10,6,0.1,0.7000000000000001,False
18,1,CARD,15,2,21,1,69,1,1,5,10,6,0.1,0.7000000000000001,True
19,1,CLF_UNION,35,22,79,1,79,1,1,5,10,6,0.1,0.7000000000000001,True
20,1,ORD-UNION,15,2,21,1,21,1,1,5,10,6,0.1,0.7000000000000001,True
21,1,CARD,15,2,21,1,69,1,1,5,10,6,0.1,0.7000000000000001,False
22,1,CLF_UNION,35,22,79,1,79,1,1,5,10,6,0.1,0.7000000000000001,False
23,1,ORD-UNION,15,2,21,1,21,1,1,5,10,6,0.1,0.7000000000000001,False
24,1,CARD,13,6,21,1,69,1,1,5,10,6,0.1,0.7000000000000001,True
25,1,CLF_UNION,33,26,79,1,79,1,1,5,10,6,0.1,0.7000000000000001,True
26,1,ORD-UNION,13,6,21,1,21,1,1,5,10,6,0.1,0.7000000000000001,True
27,1,CARD,13,6,21,1,69,1,1,5,10,6,0.1,0.7000000000000001,False
28,1,CLF_UNION,33,26,79,1,79,1,1,5,10,6,0.1,0.7000000000000001,False
29,1,ORD-UNION,13,6,21,1,21,1,1,5,10,6,0.1,0.7000000000000001,False
30,2,CARD,17,13,36,3,54,9,4,5,10,6,0.1,0.7000000000000001,True
31,2,CLF_UNION,34,7,59,3,59,9,4,5,10,6,0.1,0.7000000000000001,True
32,2,ORD-UNION,1,0,1,3,1,9,4,5,10,6,0.1,0.7000000000000001,True
33,2,CARD,26,3,33,3,57,2,1,5,10,6,0.1,0.7000000000000001,False
34,2,CLF_UNION,37,16,79,3,79,2,1,5,10,6,0.1,0.7000000000000001,False
35,2,ORD-UNION,26,3,33,3,33,2,1,5,10,6,0.1,0.7000000000000001,False
36,2,CARD,28,4,37,3,53,2,1,5,10,6,0.1,0.7000000000000001,True
37,2,CLF_UNION,39,17,76,3,76,2,1,5,10,6,0.1,0.7000000000000001,True
38,2,ORD-UNION,28,4,37,3,37,2,1,5,10,6,0.1,0.7000000000000001,True
39,2,CARD,28,4,37,3,53,2,1,5,10,6,0.1,0.7000000000000001,False
40,2,CLF_UNION,39,17,76,3,76,2,1,5,10,6,0.1,0.7000000000000001,False
41,2,ORD-UNION,28,4,37,3,37,2,1,5,10,6,0.1,0.7000000000000001,False
42,2,CARD,23,7,35,3,55,2,1,5,10,6,0.1,0.7000000000000001,True
43,2,CLF_UNION,38,20,76,3,76,2,1,5,10,6,0.1,0.7000000000000001,True
44,2,ORD-UNION,23,7,35,3,35,2,1,5,10,6,0.1,0.7000000000000001,True
45,2,CARD,23,7,35,3,55,2,1,5,10,6,0.1,0.7000000000000001,False
46,2,CLF_UNION,38,20,76,3,76,2,1,5,10,6,0.1,0.7000000000000001,False
47,2,ORD-UNION,23,7,35,3,35,2,1,5,10,6,0.1,0.7000000000000001,False
48,2,CARD,26,5,37,3,53,2,1,5,10,6,0.1,0.7000000000000001,True
49,2,CLF_UNION,36,19,75,3,75,2,1,5,10,6,0.1,0.7000000000000001,True
50,2,ORD-UNION,26,5,37,3,37,2,1,5,10,6,0.1,0.7000000000000001,True
51,2,CARD,26,5,37,3,53,2,1,5,10,6,0.1,0.7000000000000001,False
52,2,CLF_UNION,36,19,75,3,75,2,1,5,10,6,0.1,0.7000000000000001,False
53,2,ORD-UNION,26,5,37,3,37,2,1,5,10,6,0.1,0.7000000000000001,False
54,2,CARD,18,7,35,3,54,2,1,5,10,6,0.1,0.7000000000000001,True
55,2,CLF_UNION,30,20,75,3,76,2,1,5,10,6,0.1,0.7000000000000001,True
56,2,ORD-UNION,18,7,35,3,36,2,1,5,10,6,0.1,0.7000000000000001,True
57,2,CARD,18,7,35,3,54,2,1,5,10,6,0.1,0.7000000000000001,False
58,2,CLF_UNION,30,20,75,3,76,2,1,5,10,6,0.1,0.7000000000000001,False
59,2,ORD-UNION,18,7,35,3,36,2,1,5,10,6,0.1,0.7000000000000001,False
60,3,CARD,20,11,36,6,51,9,4,5,10,6,0.1,0.7000000000000001,True
61,3,CLF_UNION,26,14,59,6,62,9,4,5,10,6,0.1,0.7000000000000001,True
62,3,ORD-UNION,1,0,1,6,4,9,4,5,10,6,0.1,0.7000000000000001,True
63,3,CARD,20,10,35,6,52,3,1,5,10,6,0.1,0.7000000000000001,False
64,3,CLF_UNION,34,18,74,6,77,3,1,5,10,6,0.1,0.7000000000000001,False
65,3,ORD-UNION,18,2,25,6,28,3,1,5,10,6,0.1,0.7000000000000001,False
66,3,CARD,24,4,39,6,51,3,1,5,10,6,0.1,0.7000000000000001,True
67,3,CLF_UNION,30,16,73,6,73,3,1,5,10,6,0.1,0.7000000000000001,True
68,3,ORD-UNION,18,3,31,6,31,3,1,5,10,6,0.1,0.7000000000000001,True
69,3,CARD,24,4,39,6,51,3,1,5,10,6,0.1,0.7000000000000001,False
70,3,CLF_UNION,30,16,73,6,73,3,1,5,10,6,0.1,0.7000000000000001,False
71,3,ORD-UNION,18,3,31,6,31,3,1,5,10,6,0.1,0.7000000000000001,False
72,3,CARD,23,11,39,6,51,3,1,5,10,6,0.1,0.7000000000000001,True
73,3,CLF_UNION,34,18,73,6,73,3,1,5,10,6,0.1,0.7000000000000001,True
74,3,ORD-UNION,22,5,30,6,30,3,1,5,10,6,0.1,0.7000000000000001,True
75,3,CARD,23,11,39,6,51,3,1,5,10,6,0.1,0.7000000000000001,False
76,3,CLF_UNION,34,18,73,6,73,3,1,5,10,6,0.1,0.7000000000000001,False
77,3,ORD-UNION,22,5,30,6,30,3,1,5,10,6,0.1,0.7000000000000001,False
78,3,CARD,33,3,40,6,50,3,1,5,10,6,0.1,0.7000000000000001,True
79,3,CLF_UNION,38,14,69,6,69,3,1,5,10,6,0.1,0.7000000000000001,True
80,3,ORD-UNION,30,2,36,6,36,3,1,5,10,6,0.1,0.7000000000000001,True
81,3,CARD,33,3,40,6,50,3,1,5,10,6,0.1,0.7000000000000001,False
82,3,CLF_UNION,38,14,69,6,69,3,1,5,10,6,0.1,0.7000000000000001,False
83,3,ORD-UNION,30,2,36,6,36,3,1,5,10,6,0.1,0.7000000000000001,False
84,3,CARD,19,7,35,6,55,3,1,5,10,6,0.1,0.7000000000000001,True
85,3,CLF_UNION,32,14,73,6,73,3,1,5,10,6,0.1,0.7000000000000001,True
86,3,ORD-UNION,17,5,27,6,27,3,1,5,10,6,0.1,0.7000000000000001,True
87,3,CARD,19,7,35,6,55,3,1,5,10,6,0.1,0.7000000000000001,False
88,3,CLF_UNION,32,14,73,6,73,3,1,5,10,6,0.1,0.7000000000000001,False
89,3,ORD-UNION,17,5,27,6,27,3,1,5,10,6,0.1,0.7000000000000001,False
90,4,CARD,26,12,44,9,46,9,4,5,10,6,0.1,0.7000000000000001,True
91,4,CLF_UNION,33,7,56,9,56,9,4,5,10,6,0.1,0.7000000000000001,True
92,4,ORD-UNION,2,0,2,9,2,9,4,5,10,6,0.1,0.7000000000000001,True
93,4,CARD,28,6,40,9,50,3,1,5,10,6,0.1,0.7000000000000001,False
94,4,CLF_UNION,35,12,64,9,64,3,1,5,10,6,0.1,0.7000000000000001,False
95,4,ORD-UNION,26,4,36,9,36,3,1,5,10,6,0.1,0.7000000000000001,False
96,4,CARD,17,13,37,9,53,3,1,5,10,6,0.1,0.7000000000000001,True
97,4,CLF_UNION,30,20,73,9,73,3,1,5,10,6,0.1,0.7000000000000001,True
98,4,ORD-UNION,15,7,25,9,25,3,1,5,10,6,0.1,0.7000000000000001,True
99,4,CARD,17,13,37,9,53,3,1,5,10,6,0.1,0.7000000000000001,False
100,4,CLF_UNION,30,20,73,9,73,3,1,5,10,6,0.1,0.7000000000000001,False
101,4,ORD-UNION,15,7,25,9,25,3,1,5,10,6,0.1,0.7000000000000001,False
102,4,CARD,23,9,38,9,51,3,1,5,10,6,0.1,0.7000000000000001,True
103,4,CLF_UNION,35,15,70,9,71,3,1,5,10,6,0.1,0.7000000000000001,True
104,4,ORD-UNION,21,2,29,9,30,3,1,5,10,6,0.1,0.7000000000000001,True
105,4,CARD,23,9,38,9,51,3,1,5,10,6,0.1,0.7000000000000001,False
106,4,CLF_UNION,35,15,70,9,71,3,1,5,10,6,0.1,0.7000000000000001,False
107,4,ORD-UNION,21,2,29,9,30,3,1,5,10,6,0.1,0.7000000000000001,False
108,4,CARD,19,10,37,9,53,3,1,5,10,6,0.1,0.7000000000000001,True
109,4,CLF_UNION,32,16,69,9,69,3,1,5,10,6,0.1,0.7000000000000001,True
110,4,ORD-UNION,19,4,29,9,29,3,1,5,10,6,0.1,0.7000000000000001,True
111,4,CARD,19,10,37,9,53,3,1,5,10,6,0.1,0.7000000000000001,False
112,4,CLF_UNION,32,16,69,9,69,3,1,5,10,6,0.1,0.7000000000000001,False
113,4,ORD-UNION,19,4,29,9,29,3,1,5,10,6,0.1,0.7000000000000001,False
114,4,CARD,25,10,38,9,52,3,1,5,10,6,0.1,0.7000000000000001,True
115,4,CLF_UNION,34,17,68,9,68,3,1,5,10,6,0.1,0.7000000000000001,True
116,4,ORD-UNION,25,4,30,9,30,3,1,5,10,6,0.1,0.7000000000000001,True
117,4,CARD,25,10,38,9,52,3,1,5,10,6,0.1,0.7000000000000001,False
118,4,CLF_UNION,34,17,68,9,68,3,1,5,10,6,0.1,0.7000000000000001,False
119,4,ORD-UNION,25,4,30,9,30,3,1,5,10,6,0.1,0.7000000000000001,False
120,5,CARD,22,9,37,12,51,9,4,5,10,6,0.1,0.7000000000000001,True
121,5,CLF_UNION,33,4,54,12,56,9,4,5,10,6,0.1,0.7000000000000001,True
122,5,ORD-UNION,3,0,3,12,5,9,4,5,10,6,0.1,0.7000000000000001,True
123,5,CARD,24,9,39,12,49,3,1,5,10,6,0.1,0.7000000000000001,False
124,5,CLF_UNION,30,17,65,12,67,3,1,5,10,6,0.1,0.7000000000000001,False
125,5,ORD-UNION,24,6,36,12,38,3,1,5,10,6,0.1,0.7000000000000001,False
126,5,CARD,23,11,41,12,48,3,1,5,10,6,0.1,0.7000000000000001,True
127,5,CLF_UNION,34,15,67,12,68,3,1,5,10,6,0.1,0.7000000000000001,True
128,5,ORD-UNION,20,4,29,12,30,3,1,5,10,6,0.1,0.7000000000000001,True
129,5,CARD,23,11,41,12,48,3,1,5,10,6,0.1,0.7000000000000001,False
130,5,CLF_UNION,34,15,67,12,68,3,1,5,10,6,0.1,0.7000000000000001,False
131,5,ORD-UNION,20,4,29,12,30,3,1,5,10,6,0.1,0.7000000000000001,False
132,5,CARD,18,10,36,12,49,3,1,5,10,6,0.1,0.7000000000000001,True
133,5,CLF_UNION,21,17,58,12,63,3,1,5,10,6,0.1,0.7000000000000001,True
134,5,ORD-UNION,18,10,36,12,41,3,1,5,10,6,0.1,0.7000000000000001,True
135,5,CARD,18,10,36,12,49,3,1,5,10,6,0.1,0.7000000000000001,False
136,5,CLF_UNION,21,17,58,12,63,3,1,5,10,6,0.1,0.7000000000000001,False
137,5,ORD-UNION,18,10,36,12,41,3,1,5,10,6,0.1,0.7000000000000001,False
138,5,CARD,15,14,39,12,50,3,1,5,10,6,0.1,0.7000000000000001,True
139,5,CLF_UNION,26,21,71,12,72,3,1,5,10,6,0.1,0.7000000000000001,True
140,5,ORD-UNION,14,9,32,12,33,3,1,5,10,6,0.1,0.7000000000000001,True
141,5,CARD,15,14,39,12,50,3,1,5,10,6,0.1,0.7000000000000001,False
142,5,CLF_UNION,26,21,71,12,72,3,1,5,10,6,0.1,0.7000000000000001,False
143,5,ORD-UNION,14,9,32,12,33,3,1,5,10,6,0.1,0.7000000000000001,False
144,5,CARD,10,18,41,12,49,3,1,5,10,6,0.1,0.7000000000000001,True
145,5,CLF_UNION,21,23,71,12,71,3,1,5,10,6,0.1,0.7000000000000001,True
146,5,ORD-UNION,6,11,25,12,25,3,1,5,10,6,0.1,0.7000000000000001,True
147,5,CARD,10,18,41,12,49,3,1,5,10,6,0.1,0.7000000000000001,False
148,5,CLF_UNION,21,23,71,12,71,3,1,5,10,6,0.1,0.7000000000000001,False
149,5,ORD-UNION,6,11,25,12,25,3,1,5,10,6,0.1,0.7000000000000001,False
150,6,CARD,19,7,36,15,52,9,4,5,10,6,0.1,0.7000000000000001,True
151,6,CLF_UNION,27,8,56,15,58,9,4,5,10,6,0.1,0.7000000000000001,True
152,6,ORD-UNION,1,0,1,15,3,9,4,5,10,6,0.1,0.7000000000000001,True
153,6,CARD,19,12,41,15,47,3,1,5,10,6,0.1,0.7000000000000001,False
154,6,CLF_UNION,20,13,55,15,57,3,1,5,10,6,0.1,0.7000000000000001,False
155,6,ORD-UNION,17,10,34,15,36,3,1,5,10,6,0.1,0.7000000000000001,False
156,6,CARD,23,14,41,15,48,3,1,5,10,6,0.1,0.7000000000000001,True
157,6,CLF_UNION,29,14,57,15,58,3,1,5,10,6,0.1,0.7000000000000001,True
158,6,ORD-UNION,20,8,30,15,31,3,1,5,10,6,0.1,0.7000000000000001,True
159,6,CARD,23,14,41,15,48,3,1,5,10,6,0.1,0.7000000000000001,False
160,6,CLF_UNION,29,14,57,15,58,3,1,5,10,6,0.1,0.7000000000000001,False
161,6,ORD-UNION,20,8,30,15,31,3,1,5,10,6,0.1,0.7000000000000001,False
162,6,CARD,25,10,39,15,50,3,1,5,10,6,0.1,0.7000000000000001,True
163,6,CLF_UNION,31,12,59,15,60,3,1,5,10,6,0.1,0.7000000000000001,True
164,6,ORD-UNION,24,4,30,15,31,3,1,5,10,6,0.1,0.7000000000000001,True
165,6,CARD,25,10,39,15,50,3,1,5,10,6,0.1,0.7000000000000001,False
166,6,CLF_UNION,31,12,59,15,60,3,1,5,10,6,0.1,0.7000000000000001,False
167,6,ORD-UNION,24,4,30,15,31,3,1,5,10,6,0.1,0.7000000000000001,False
168,6,CARD,15,13,39,15,50,3,1,5,10,6,0.1,0.7000000000000001,True
169,6,CLF_UNION,20,18,59,15,60,3,1,5,10,6,0.1,0.7000000000000001,True
170,6,ORD-UNION,14,11,35,15,36,3,1,5,10,6,0.1,0.7000000000000001,True
171,6,CARD,15,13,39,15,50,3,1,5,10,6,0.1,0.7000000000000001,False
172,6,CLF_UNION,20,18,59,15,60,3,1,5,10,6,0.1,0.7000000000000001,False
173,6,ORD-UNION,14,11,35,15,36,3,1,5,10,6,0.1,0.7000000000000001,False
174,6,CARD,22,8,39,15,49,3,1,5,10,6,0.1,0.7000000000000001,True
175,6,CLF_UNION,28,10,57,15,59,3,1,5,10,6,0.1,0.7000000000000001,True
176,6,ORD-UNION,18,3,28,15,30,3,1,5,10,6,0.1,0.7000000000000001,True
177,6,CARD,22,8,39,15,49,3,1,5,10,6,0.1,0.7000000000000001,False
178,6,CLF_UNION,28,10,57,15,59,3,1,5,10,6,0.1,0.7000000000000001,False
179,6,ORD-UNION,18,3,28,15,30,3,1,5,10,6,0.1,0.7000000000000001,False
180,7,CARD,27,6,42,22,48,9,4,5,10,6,0.1,0.7000000000000001,True
181,7,CLF_UNION,35,0,55,22,55,9,4,5,10,6,0.1,0.7000000000000001,True
182,7,ORD-UNION,6,0,6,22,6,9,4,5,10,6,0.1,0.7000000000000001,True
183,7,CARD,28,5,42,22,48,4,1,5,10,6,0.1,0.7000000000000001,False
184,7,CLF_UNION,35,2,59,22,59,4,1,5,10,6,0.1,0.7000000000000001,False
185,7,ORD-UNION,23,0,24,22,24,4,1,5,10,6,0.1,0.7000000000000001,False
186,7,CARD,29,3,41,22,47,4,1,5,10,6,0.1,0.7000000000000001,True
187,7,CLF_UNION,32,1,57,22,59,4,1,5,10,6,0.1,0.7000000000000001,True
188,7,ORD-UNION,24,0,27,22,29,4,1,5,10,6,0.1,0.7000000000000001,True
189,7,CARD,29,3,41,22,47,4,1,5,10,6,0.1,0.7000000000000001,False
190,7,CLF_UNION,32,1,57,22,59,4,1,5,10,6,0.1,0.7000000000000001,False
191,7,ORD-UNION,24,0,27,22,29,4,1,5,10,6,0.1,0.7000000000000001,False
192,7,CARD,35,1,41,22,48,4,1,5,10,6,0.1,0.7000000000000001,True
193,7,CLF_UNION,38,1,56,22,57,4,1,5,10,6,0.1,0.7000000000000001,True
194,7,ORD-UNION,27,0,29,22,30,4,1,5,10,6,0.1,0.7000000000000001,True
195,7,CARD,35,1,41,22,48,4,1,5,10,6,0.1,0.7000000000000001,False
196,7,CLF_UNION,38,1,56,22,57,4,1,5,10,6,0.1,0.7000000000000001,False
197,7,ORD-UNION,27,0,29,22,30,4,1,5,10,6,0.1,0.7000000000000001,False
198,7,CARD,30,1,38,22,47,4,1,5,10,6,0.1,0.7000000000000001,True
199,7,CLF_UNION,32,1,53,22,58,4,1,5,10,6,0.1,0.7000000000000001,True
200,7,ORD-UNION,30,0,32,22,37,4,1,5,10,6,0.1,0.7000000000000001,True
201,7,CARD,30,1,38,22,47,4,1,5,10,6,0.1,0.7000000000000001,False
202,7,CLF_UNION,32,1,53,22,58,4,1,5,10,6,0.1,0.7000000000000001,False
203,7,ORD-UNION,30,0,32,22,37,4,1,5,10,6,0.1,0.7000000000000001,False
204,7,CARD,33,1,40,22,48,4,1,5,10,6,0.1,0.7000000000000001,True
205,7,CLF_UNION,36,1,55,22,57,4,1,5,10,6,0.1,0.7000000000000001,True
206,7,ORD-UNION,28,0,30,22,32,4,1,5,10,6,0.1,0.7000000000000001,True
207,7,CARD,33,1,40,22,48,4,1,5,10,6,0.1,0.7000000000000001,False
208,7,CLF_UNION,36,1,55,22,57,4,1,5,10,6,0.1,0.7000000000000001,False
209,7,ORD-UNION,28,0,30,22,32,4,1,5,10,6,0.1,0.7000000000000001,False
210,8,CARD,34,4,43,29,46,9,4,5,10,6,0.1,0.7000000000000001,True
211,8,CLF_UNION,39,2,56,29,57,9,4,5,10,6,0.1,0.7000000000000001,True
212,8,ORD-UNION,12,0,12,29,13,9,4,5,10,6,0.1,0.7000000000000001,True
213,8,CARD,37,1,42,29,47,4,1,5,10,6,0.1,0.7000000000000001,False
214,8,CLF_UNION,39,1,56,29,57,4,1,5,10,6,0.1,0.7000000000000001,False
215,8,ORD-UNION,34,0,35,29,36,4,1,5,10,6,0.1,0.7000000000000001,False
216,8,CARD,32,3,41,29,48,4,1,5,10,6,0.1,0.7000000000000001,True
217,8,CLF_UNION,37,1,56,29,57,4,1,5,10,6,0.1,0.7000000000000001,True
218,8,ORD-UNION,29,0,33,29,34,4,1,5,10,6,0.1,0.7000000000000001,True
219,8,CARD,32,3,41,29,48,4,1,5,10,6,0.1,0.7000000000000001,False
220,8,CLF_UNION,37,1,56,29,57,4,1,5,10,6,0.1,0.7000000000000001,False
221,8,ORD-UNION,29,0,33,29,34,4,1,5,10,6,0.1,0.7000000000000001,False
222,8,CARD,25,1,34,29,47,4,1,5,10,6,0.1,0.7000000000000001,True
223,8,CLF_UNION,27,1,48,29,57,4,1,5,10,6,0.1,0.7000000000000001,True
224,8,ORD-UNION,24,0,29,29,38,4,1,5,10,6,0.1,0.7000000000000001,True
225,8,CARD,25,1,34,29,47,4,1,5,10,6,0.1,0.7000000000000001,False
226,8,CLF_UNION,27,1,48,29,57,4,1,5,10,6,0.1,0.7000000000000001,False
227,8,ORD-UNION,24,0,29,29,38,4,1,5,10,6,0.1,0.7000000000000001,False
228,8,CARD,34,1,42,29,48,4,1,5,10,6,0.1,0.7000000000000001,True
229,8,CLF_UNION,36,0,56,29,56,4,1,5,10,6,0.1,0.7000000000000001,True
230,8,ORD-UNION,32,0,33,29,33,4,1,5,10,6,0.1,0.7000000000000001,True
231,8,CARD,34,1,42,29,48,4,1,5,10,6,0.1,0.7000000000000001,False
232,8,CLF_UNION,36,0,56,29,56,4,1,5,10,6,0.1,0.7000000000000001,False
233,8,ORD-UNION,32,0,33,29,33,4,1,5,10,6,0.1,0.7000000000000001,False
234,8,CARD,27,3,37,29,48,4,1,5,10,6,0.1,0.7000000000000001,True
235,8,CLF_UNION,32,1,52,29,57,4,1,5,10,6,0.1,0.7000000000000001,True
236,8,ORD-UNION,24,0,29,29,34,4,1,5,10,6,0.1,0.7000000000000001,True
237,8,CARD,27,3,37,29,48,4,1,5,10,6,0.1,0.7000000000000001,False
238,8,CLF_UNION,32,1,52,29,57,4,1,5,10,6,0.1,0.7000000000000001,False
239,8,ORD-UNION,24,0,29,29,34,4,1,5,10,6,0.1,0.7000000000000001,False
240,9,CARD,32,5,41,38,49,9,4,5,10,6,0.1,0.7000000000000001,True
241,9,CLF_UNION,34,3,55,38,55,9,4,5,10,6,0.1,0.7000000000000001,True
242,9,ORD-UNION,12,0,13,38,13,9,4,5,10,6,0.1,0.7000000000000001,True
243,9,CARD,34,1,42,38,48,5,1,5,10,6,0.1,0.7000000000000001,False
244,9,CLF_UNION,36,4,58,38,58,5,1,5,10,6,0.1,0.7000000000000001,False
245,9,ORD-UNION,25,0,30,38,30,5,1,5,10,6,0.1,0.7000000000000001,False
246,9,CARD,29,2,41,38,47,5,1,5,10,6,0.1,0.7000000000000001,True
247,9,CLF_UNION,32,2,56,38,58,5,1,5,10,6,0.1,0.7000000000000001,True
248,9,ORD-UNION,21,0,24,38,26,5,1,5,10,6,0.1,0.7000000000000001,True
249,9,CARD,29,2,41,38,47,5,1,5,10,6,0.1,0.7000000000000001,False
250,9,CLF_UNION,32,2,56,38,58,5,1,5,10,6,0.1,0.7000000000000001,False
251,9,ORD-UNION,21,0,24,38,26,5,1,5,10,6,0.1,0.7000000000000001,False
252,9,CARD,31,2,43,38,46,5,1,5,10,6,0.1,0.7000000000000001,True
253,9,CLF_UNION,33,1,56,38,57,5,1,5,10,6,0.1,0.7000000000000001,True
254,9,ORD-UNION,30,0,34,38,35,5,1,5,10,6,0.1,0.7000000000000001,True
255,9,CARD,31,2,43,38,46,5,1,5,10,6,0.1,0.7000000000000001,False
256,9,CLF_UNION,33,1,56,38,57,5,1,5,10,6,0.1,0.7000000000000001,False
257,9,ORD-UNION,30,0,34,38,35,5,1,5,10,6,0.1,0.7000000000000001,False
258,9,CARD,32,2,43,38,45,5,1,5,10,6,0.1,0.7000000000000001,True
259,9,CLF_UNION,34,0,55,38,57,5,1,5,10,6,0.1,0.7000000000000001,True
260,9,ORD-UNION,32,0,34,38,36,5,1,5,10,6,0.1,0.7000000000000001,True
261,9,CARD,32,2,43,38,45,5,1,5,10,6,0.1,0.7000000000000001,False
262,9,CLF_UNION,34,0,55,38,57,5,1,5,10,6,0.1,0.7000000000000001,False
263,9,ORD-UNION,32,0,34,38,36,5,1,5,10,6,0.1,0.7000000000000001,False
264,9,CARD,27,1,35,38,47,5,1,5,10,6,0.1,0.7000000000000001,True
265,9,CLF_UNION,28,1,49,38,57,5,1,5,10,6,0.1,0.7000000000000001,True
266,9,ORD-UNION,26,0,30,38,38,5,1,5,10,6,0.1,0.7000000000000001,True
267,9,CARD,27,1,35,38,47,5,1,5,10,6,0.1,0.7000000000000001,False
268,9,CLF_UNION,28,1,49,38,57,5,1,5,10,6,0.1,0.7000000000000001,False
269,9,ORD-UNION,26,0,30,38,38,5,1,5,10,6,0.1,0.7000000000000001,False
270,10,CARD,29,4,41,48,46,9,4,5,10,6,0.1,0.7000000000000001,True
271,10,CLF_UNION,32,3,53,48,56,9,4,5,10,6,0.1,0.7000000000000001,True
272,10,ORD-UNION,10,0,12,48,15,9,4,5,10,6,0.1,0.7000000000000001,True
273,10,CARD,28,6,41,48,46,5,1,5,10,6,0.1,0.7000000000000001,False
274,10,CLF_UNION,32,6,58,48,61,5,1,5,10,6,0.1,0.7000000000000001,False
275,10,ORD-UNION,27,0,30,48,33,5,1,5,10,6,0.1,0.7000000000000001,False
276,10,CARD,32,0,44,48,46,5,1,5,10,6,0.1,0.7000000000000001,True
277,10,CLF_UNION,32,0,59,48,59,5,1,5,10,6,0.1,0.7000000000000001,True
278,10,ORD-UNION,25,0,29,48,29,5,1,5,10,6,0.1,0.7000000000000001,True
279,10,CARD,32,0,44,48,46,5,1,5,10,6,0.1,0.7000000000000001,False
280,10,CLF_UNION,32,0,59,48,59,5,1,5,10,6,0.1,0.7000000000000001,False
281,10,ORD-UNION,25,0,29,48,29,5,1,5,10,6,0.1,0.7000000000000001,False
282,10,CARD,22,0,31,48,45,5,1,5,10,6,0.1,0.7000000000000001,True
283,10,CLF_UNION,22,2,44,48,58,5,1,5,10,6,0.1,0.7000000000000001,True
284,10,ORD-UNION,21,0,24,48,38,5,1,5,10,6,0.1,0.7000000000000001,True
285,10,CARD,22,0,31,48,45,5,1,5,10,6,0.1,0.7000000000000001,False
286,10,CLF_UNION,22,2,44,48,58,5,1,5,10,6,0.1,0.7000000000000001,False
287,10,ORD-UNION,21,0,24,48,38,5,1,5,10,6,0.1,0.7000000000000001,False
288,10,CARD,33,2,44,48,46,5,1,5,10,6,0.1,0.7000000000000001,True
289,10,CLF_UNION,35,0,64,48,64,5,1,5,10,6,0.1,0.7000000000000001,True
290,10,ORD-UNION,25,0,27,48,27,5,1,5,10,6,0.1,0.7000000000000001,True
291,10,CARD,33,2,44,48,46,5,1,5,10,6,0.1,0.7000000000000001,False
292,10,CLF_UNION,35,0,64,48,64,5,1,5,10,6,0.1,0.7000000000000001,False
293,10,ORD-UNION,25,0,27,48,27,5,1,5,10,6,0.1,0.7000000000000001,False
294,10,CARD,31,0,37,48,47,5,1,5,10,6,0.1,0.7000000000000001,True
295,10,CLF_UNION,30,1,50,48,56,5,1,5,10,6,0.1,0.7000000000000001,True
296,10,ORD-UNION,19,0,22,48,28,5,1,5,10,6,0.1,0.7000000000000001,True
297,10,CARD,31,0,37,48,47,5,1,5,10,6,0.1,0.7000000000000001,False
298,10,CLF_UNION,30,1,50,48,56,5,1,5,10,6,0.1,0.7000000000000001,False
299,10,ORD-UNION,19,0,22,48,28,5,1,5,10,6,0.1,0.7000000000000001,False
300,11,CARD,28,1,37,57,46,9,4,5,10,6,0.1,0.7000000000000001,True
301,11,CLF_UNION,29,0,49,57,56,9,4,5,10,6,0.1,0.7000000000000001,True
302,11,ORD-UNION,15,0,16,57,23,9,4,5,10,6,0.1,0.7000000000000001,True
303,11,CARD,29,0,37,57,46,5,1,5,10,6,0.1,0.7000000000000001,False
304,11,CLF_UNION,29,0,49,57,56,5,1,5,10,6,0.1,0.7000000000000001,False
305,11,ORD-UNION,28,0,32,57,39,5,1,5,10,6,0.1,0.7000000000000001,False
306,11,CARD,25,0,39,57,47,5,1,5,10,6,0.1,0.7000000000000001,True
307,11,CLF_UNION,25,0,52,57,56,5,1,5,10,6,0.1,0.7000000000000001,True
308,11,ORD-UNION,23,0,29,57,33,5,1,5,10,6,0.1,0.7000000000000001,True
309,11,CARD,25,0,39,57,47,5,1,5,10,6,0.1,0.7000000000000001,False
310,11,CLF_UNION,25,0,52,57,56,5,1,5,10,6,0.1,0.7000000000000001,False
311,11,ORD-UNION,23,0,29,57,33,5,1,5,10,6,0.1,0.7000000000000001,False
312,11,CARD,24,0,29,57,47,5,1,5,10,6,0.1,0.7000000000000001,True
313,11,CLF_UNION,24,0,42,57,56,5,1,5,10,6,0.1,0.7000000000000001,True
314,11,ORD-UNION,23,0,26,57,40,5,1,5,10,6,0.1,0.7000000000000001,True
315,11,CARD,24,0,29,57,47,5,1,5,10,6,0.1,0.7000000000000001,False
316,11,CLF_UNION,24,0,42,57,56,5,1,5,10,6,0.1,0.7000000000000001,False
317,11,ORD-UNION,23,0,26,57,40,5,1,5,10,6,0.1,0.7000000000000001,False
318,11,CARD,36,0,42,57,47,5,1,5,10,6,0.1,0.7000000000000001,True
319,11,CLF_UNION,36,0,54,57,55,5,1,5,10,6,0.1,0.7000000000000001,True
320,11,ORD-UNION,33,0,38,57,39,5,1,5,10,6,0.1,0.7000000000000001,True
321,11,CARD,36,0,42,57,47,5,1,5,10,6,0.1,0.7000000000000001,False
322,11,CLF_UNION,36,0,54,57,55,5,1,5,10,6,0.1,0.7000000000000001,False
323,11,ORD-UNION,33,0,38,57,39,5,1,5,10,6,0.1,0.7000000000000001,False
324,11,CARD,27,0,31,57,47,5,1,5,10,6,0.1,0.7000000000000001,True
325,11,CLF_UNION,26,1,43,57,55,5,1,5,10,6,0.1,0.7000000000000001,True
326,11,ORD-UNION,23,0,24,57,36,5,1,5,10,6,0.1,0.7000000000000001,True
327,11,CARD,27,0,31,57,47,5,1,5,10,6,0.1,0.7000000000000001,False
328,11,CLF_UNION,26,1,43,57,55,5,1,5,10,6,0.1,0.7000000000000001,False
329,11,ORD-UNION,23,0,24,57,36,5,1,5,10,6,0.1,0.7000000000000001,False
330,12,CARD,33,0,37,66,47,9,4,5,10,6,0.1,0.7000000000000001,True
331,12,CLF_UNION,32,5,54,66,60,9,4,5,10,6,0.1,0.7000000000000001,True
332,12,ORD-UNION,14,0,15,66,21,9,4,5,10,6,0.1,0.7000000000000001,True
333,12,CARD,33,0,37,66,47,5,1,5,10,6,0.1,0.7000000000000001,False
334,12,CLF_UNION,33,1,51,66,57,5,1,5,10,6,0.1,0.7000000000000001,False
335,12,ORD-UNION,31,0,33,66,39,5,1,5,10,6,0.1,0.7000000000000001,False
336,12,CARD,32,0,38,66,49,5,1,5,10,6,0.1,0.7000000000000001,True
337,12,CLF_UNION,32,4,53,66,56,5,1,5,10,6,0.1,0.7000000000000001,True
338,12,ORD-UNION,23,0,25,66,28,5,1,5,10,6,0.1,0.7000000000000001,True
339,12,CARD,32,0,38,66,49,5,1,5,10,6,0.1,0.7000000000000001,False
340,12,CLF_UNION,32,4,53,66,56,5,1,5,10,6,0.1,0.7000000000000001,False
341,12,ORD-UNION,23,0,25,66,28,5,1,5,10,6,0.1,0.7000000000000001,False
342,12,CARD,26,0,34,66,47,5,1,5,10,6,0.1,0.7000000000000001,True
343,12,CLF_UNION,27,0,46,66,55,5,1,5,10,6,0.1,0.7000000000000001,True
344,12,ORD-UNION,26,0,31,66,40,5,1,5,10,6,0.1,0.7000000000000001,True
345,12,CARD,26,0,34,66,47,5,1,5,10,6,0.1,0.7000000000000001,False
346,12,CLF_UNION,27,0,46,66,55,5,1,5,10,6,0.1,0.7000000000000001,False
347,12,ORD-UNION,26,0,31,66,40,5,1,5,10,6,0.1,0.7000000000000001,False
348,12,CARD,23,0,31,66,46,5,1,5,10,6,0.1,0.7000000000000001,True
349,12,CLF_UNION,23,0,42,66,55,5,1,5,10,6,0.1,0.7000000000000001,True
350,12,ORD-UNION,22,0,26,66,39,5,1,5,10,6,0.1,0.7000000000000001,True
351,12,CARD,23,0,31,66,46,5,1,5,10,6,0.1,0.7000000000000001,False
352,12,CLF_UNION,23,0,42,66,55,5,1,5,10,6,0.1,0.7000000000000001,False
353,12,ORD-UNION,22,0,26,66,39,5,1,5,10,6,0.1,0.7000000000000001,False
354,12,CARD,25,0,28,66,48,5,1,5,10,6,0.1,0.7000000000000001,True
355,12,CLF_UNION,25,2,44,66,58,5,1,5,10,6,0.1,0.7000000000000001,True
356,12,ORD-UNION,22,0,24,66,38,5,1,5,10,6,0.1,0.7000000000000001,True
357,12,CARD,25,0,28,66,48,5,1,5,10,6,0.1,0.7000000000000001,False
358,12,CLF_UNION,25,2,44,66,58,5,1,5,10,6,0.1,0.7000000000000001,False
359,12,ORD-UNION,22,0,24,66,38,5,1,5,10,6,0.1,0.7000000000000001,False
360,13,CARD,20,0,31,78,47,9,4,5,10,6,0.1,0.7000000000000001,True
361,13,CLF_UNION,20,0,44,78,56,9,4,5,10,6,0.1,0.7000000000000001,True
362,13,ORD-UNION,16,0,18,78,30,9,4,5,10,6,0.1,0.7000000000000001,True
363,13,CARD,20,0,31,78,47,5,1,5,10,6,0.1,0.7000000000000001,False
364,13,CLF_UNION,20,0,45,78,57,5,1,5,10,6,0.1,0.7000000000000001,False
365,13,ORD-UNION,19,0,26,78,38,5,1,5,10,6,0.1,0.7000000000000001,False
366,13,CARD,28,1,40,78,45,5,1,5,10,6,0.1,0.7000000000000001,True
367,13,CLF_UNION,29,0,50,78,55,5,1,5,10,6,0.1,0.7000000000000001,True
368,13,ORD-UNION,28,0,35,78,40,5,1,5,10,6,0.1,0.7000000000000001,True
369,13,CARD,28,1,40,78,45,5,1,5,10,6,0.1,0.7000000000000001,False
370,13,CLF_UNION,29,0,50,78,55,5,1,5,10,6,0.1,0.7000000000000001,False
371,13,ORD-UNION,28,0,35,78,40,5,1,5,10,6,0.1,0.7000000000000001,False
372,13,CARD,25,0,29,78,47,5,1,5,10,6,0.1,0.7000000000000001,True
373,13,CLF_UNION,25,0,41,78,55,5,1,5,10,6,0.1,0.7000000000000001,True
374,13,ORD-UNION,23,0,25,78,39,5,1,5,10,6,0.1,0.7000000000000001,True
375,13,CARD,25,0,29,78,47,5,1,5,10,6,0.1,0.7000000000000001,False
376,13,CLF_UNION,25,0,41,78,55,5,1,5,10,6,0.1,0.7000000000000001,False
377,13,ORD-UNION,23,0,25,78,39,5,1,5,10,6,0.1,0.7000000000000001,False
378,13,CARD,24,2,31,78,46,5,1,5,10,6,0.1,0.7000000000000001,True
379,13,CLF_UNION,26,0,42,78,55,5,1,5,10,6,0.1,0.7000000000000001,True
380,13,ORD-UNION,24,0,28,78,41,5,1,5,10,6,0.1,0.7000000000000001,True
381,13,CARD,24,2,31,78,46,5,1,5,10,6,0.1,0.7000000000000001,False
382,13,CLF_UNION,26,0,42,78,55,5,1,5,10,6,0.1,0.7000000000000001,False
383,13,ORD-UNION,24,0,28,78,41,5,1,5,10,6,0.1,0.7000000000000001,False
384,13,CARD,28,6,41,78,46,5,1,5,10,6,0.1,0.7000000000000001,True
385,13,CLF_UNION,33,1,52,78,55,5,1,5,10,6,0.1,0.7000000000000001,True
386,13,ORD-UNION,25,0,30,78,33,5,1,5,10,6,0.1,0.7000000000000001,True
387,13,CARD,28,6,41,78,46,5,1,5,10,6,0.1,0.7000000000000001,False
388,13,CLF_UNION,33,1,52,78,55,5,1,5,10,6,0.1,0.7000000000000001,False
389,13,ORD-UNION,25,0,30,78,33,5,1,5,10,6,0.1,0.7000000000000001,False
390,14,CARD,12,0,20,91,47,9,4,5,10,6,0.1,0.7000000000000001,True
391,14,CLF_UNION,12,0,32,91,55,9,4,5,10,6,0.1,0.7000000000000001,True
392,14,ORD-UNION,10,0,11,91,34,9,4,5,10,6,0.1,0.7000000000000001,True
393,14,CARD,12,0,21,91,46,5,1,5,10,6,0.1,0.7000000000000001,False
394,14,CLF_UNION,12,0,32,91,55,5,1,5,10,6,0.1,0.7000000000000001,False
395,14,ORD-UNION,12,0,16,91,39,5,1,5,10,6,0.1,0.7000000000000001,False
396,14,CARD,28,0,32,91,48,5,1,5,10,6,0.1,0.7000000000000001,True
397,14,CLF_UNION,28,0,45,91,55,5,1,5,10,6,0.1,0.7000000000000001,True
398,14,ORD-UNION,26,0,28,91,38,5,1,5,10,6,0.1,0.7000000000000001,True
399,14,CARD,28,0,32,91,48,5,1,5,10,6,0.1,0.7000000000000001,False
400,14,CLF_UNION,28,0,45,91,55,5,1,5,10,6,0.1,0.7000000000000001,False
401,14,ORD-UNION,26,0,28,91,38,5,1,5,10,6,0.1,0.7000000000000001,False
402,14,CARD,24,0,29,91,48,5,1,5,10,6,0.1,0.7000000000000001,True
403,14,CLF_UNION,24,0,42,91,55,5,1,5,10,6,0.1,0.7000000000000001,True
404,14,ORD-UNION,24,0,27,91,40,5,1,5,10,6,0.1,0.7000000000000001,True
405,14,CARD,24,0,29,91,48,5,1,5,10,6,0.1,0.7000000000000001,False
406,14,CLF_UNION,24,0,42,91,55,5,1,5,10,6,0.1,0.7000000000000001,False
407,14,ORD-UNION,24,0,27,91,40,5,1,5,10,6,0.1,0.7000000000000001,False
408,14,CARD,20,0,30,91,46,5,1,5,10,6,0.1,0.7000000000000001,True
409,14,CLF_UNION,20,0,41,91,55,5,1,5,10,6,0.1,0.7000000000000001,True
410,14,ORD-UNION,20,0,27,91,41,5,1,5,10,6,0.1,0.7000000000000001,True
411,14,CARD,20,0,30,91,46,5,1,5,10,6,0.1,0.7000000000000001,False
412,14,CLF_UNION,20,0,41,91,55,5,1,5,10,6,0.1,0.7000000000000001,False
413,14,ORD-UNION,20,0,27,91,41,5,1,5,10,6,0.1,0.7000000000000001,False
414,14,CARD,28,0,35,91,47,5,1,5,10,6,0.1,0.7000000000000001,True
415,14,CLF_UNION,29,0,47,91,55,5,1,5,10,6,0.1,0.7000000000000001,True
416,14,ORD-UNION,26,0,31,91,39,5,1,5,10,6,0.1,0.7000000000000001,True
417,14,CARD,28,0,35,91,47,5,1,5,10,6,0.1,0.7000000000000001,False
418,14,CLF_UNION,29,0,47,91,55,5,1,5,10,6,0.1,0.7000000000000001,False
419,14,ORD-UNION,26,0,31,91,39,5,1,5,10,6,0.1,0.7000000000000001,False
420,15,CARD,27,2,34,102,48,9,4,5,10,6,0.1,0.7000000000000001,True
421,15,CLF_UNION,28,1,47,102,55,9,4,5,10,6,0.1,0.7000000000000001,True
422,15,ORD-UNION,13,0,14,102,22,9,4,5,10,6,0.1,0.7000000000000001,True
423,15,CARD,28,0,32,102,50,5,1,5,10,6,0.1,0.7000000000000001,False
424,15,CLF_UNION,28,1,47,102,55,5,1,5,10,6,0.1,0.7000000000000001,False
425,15,ORD-UNION,25,0,28,102,36,5,1,5,10,6,0.1,0.7000000000000001,False
426,15,CARD,17,0,28,102,47,5,1,5,10,6,0.1,0.7000000000000001,True
427,15,CLF_UNION,17,0,40,102,55,5,1,5,10,6,0.1,0.7000000000000001,True
428,15,ORD-UNION,17,0,26,102,41,5,1,5,10,6,0.1,0.7000000000000001,True
429,15,CARD,17,0,28,102,47,5,1,5,10,6,0.1,0.7000000000000001,False
430,15,CLF_UNION,17,0,40,102,55,5,1,5,10,6,0.1,0.7000000000000001,False
431,15,ORD-UNION,17,0,26,102,41,5,1,5,10,6,0.1,0.7000000000000001,False
432,15,CARD,22,0,30,102,46,5,1,5,10,6,0.1,0.7000000000000001,True
433,15,CLF_UNION,22,0,41,102,55,5,1,5,10,6,0.1,0.7000000000000001,True
434,15,ORD-UNION,21,0,23,102,37,5,1,5,10,6,0.1,0.7000000000000001,True
435,15,CARD,22,0,30,102,46,5,1,5,10,6,0.1,0.7000000000000001,False
436,15,CLF_UNION,22,0,41,102,55,5,1,5,10,6,0.1,0.7000000000000001,False
437,15,ORD-UNION,21,0,23,102,37,5,1,5,10,6,0.1,0.7000000000000001,False
438,15,CARD,23,0,28,102,48,5,1,5,10,6,0.1,0.7000000000000001,True
439,15,CLF_UNION,24,1,41,102,55,5,1,5,10,6,0.1,0.7000000000000001,True
440,15,ORD-UNION,21,0,25,102,39,5,1,5,10,6,0.1,0.7000000000000001,True
441,15,CARD,23,0,28,102,48,5,1,5,10,6,0.1,0.7000000000000001,False
442,15,CLF_UNION,24,1,41,102,55,5,1,5,10,6,0.1,0.7000000000000001,False
443,15,ORD-UNION,21,0,25,102,39,5,1,5,10,6,0.1,0.7000000000000001,False
444,15,CARD,10,0,18,102,49,5,1,5,10,6,0.1,0.7000000000000001,True
445,15,CLF_UNION,10,0,32,102,55,5,1,5,10,6,0.1,0.7000000000000001,True
446,15,ORD-UNION,10,0,17,102,40,5,1,5,10,6,0.1,0.7000000000000001,True
447,15,CARD,10,0,18,102,49,5,1,5,10,6,0.1,0.7000000000000001,False
448,15,CLF_UNION,10,0,32,102,55,5,1,5,10,6,0.1,0.7000000000000001,False
449,15,ORD-UNION,10,0,17,102,40,5,1,5,10,6,0.1,0.7000000000000001,False
450,16,CARD,27,0,36,114,46,9,4,5,10,6,0.1,0.7000000000000001,True
451,16,CLF_UNION,27,0,51,114,59,9,4,5,10,6,0.1,0.7000000000000001,True
452,16,ORD-UNION,13,0,13,114,21,9,4,5,10,6,0.1,0.7000000000000001,True
453,16,CARD,27,0,35,114,47,5,1,5,10,6,0.1,0.7000000000000001,False
454,16,CLF_UNION,27,0,47,114,55,5,1,5,10,6,0.1,0.7000000000000001,False
455,16,ORD-UNION,23,0,26,114,34,5,1,5,10,6,0.1,0.7000000000000001,False
456,16,CARD,29,0,33,114,47,5,1,5,10,6,0.1,0.7000000000000001,True
457,16,CLF_UNION,30,0,45,114,55,5,1,5,10,6,0.1,0.7000000000000001,True
458,16,ORD-UNION,29,0,32,114,42,5,1,5,10,6,0.1,0.7000000000000001,True
459,16,CARD,29,0,33,114,47,5,1,5,10,6,0.1,0.7000000000000001,False
460,16,CLF_UNION,30,0,45,114,55,5,1,5,10,6,0.1,0.7000000000000001,False
461,16,ORD-UNION,29,0,32,114,42,5,1,5,10,6,0.1,0.7000000000000001,False
462,16,CARD,21,0,27,114,46,5,1,5,10,6,0.1,0.7000000000000001,True
463,16,CLF_UNION,21,0,38,114,55,5,1,5,10,6,0.1,0.7000000000000001,True
464,16,ORD-UNION,18,0,21,114,38,5,1,5,10,6,0.1,0.7000000000000001,True
465,16,CARD,21,0,27,114,46,5,1,5,10,6,0.1,0.7000000000000001,False
466,16,CLF_UNION,21,0,38,114,55,5,1,5,10,6,0.1,0.7000000000000001,False
467,16,ORD-UNION,18,0,21,114,38,5,1,5,10,6,0.1,0.7000000000000001,False
468,16,CARD,24,0,33,114,45,5,1,5,10,6,0.1,0.7000000000000001,True
469,16,CLF_UNION,24,0,44,114,56,5,1,5,10,6,0.1,0.7000000000000001,True
470,16,ORD-UNION,21,0,27,114,39,5,1,5,10,6,0.1,0.7000000000000001,True
471,16,CARD,24,0,33,114,45,5,1,5,10,6,0.1,0.7000000000000001,False
472,16,CLF_UNION,24,0,44,114,56,5,1,5,10,6,0.1,0.7000000000000001,False
473,16,ORD-UNION,21,0,27,114,39,5,1,5,10,6,0.1,0.7000000000000001,False
474,16,CARD,25,0,28,114,48,5,1,5,10,6,0.1,0.7000000000000001,True
475,16,CLF_UNION,25,0,42,114,56,5,1,5,10,6,0.1,0.7000000000000001,True
476,16,ORD-UNION,23,0,24,114,38,5,1,5,10,6,0.1,0.7000000000000001,True
477,16,CARD,25,0,28,114,48,5,1,5,10,6,0.1,0.7000000000000001,False
478,16,CLF_UNION,25,0,42,114,56,5,1,5,10,6,0.1,0.7000000000000001,False
479,16,ORD-UNION,23,0,24,114,38,5,1,5,10,6,0.1,0.7000000000000001,False
480,17,CARD,21,0,26,126,47,9,4,5,10,6,0.1,0.7000000000000001,True
481,17,CLF_UNION,22,0,40,126,57,9,4,5,10,6,0.1,0.7000000000000001,True
482,17,ORD-UNION,17,0,19,126,36,9,4,5,10,6,0.1,0.7000000000000001,True
483,17,CARD,21,0,26,126,47,5,1,5,10,6,0.1,0.7000000000000001,False
484,17,CLF_UNION,22,0,38,126,55,5,1,5,10,6,0.1,0.7000000000000001,False
485,17,ORD-UNION,18,0,22,126,39,5,1,5,10,6,0.1,0.7000000000000001,False
486,17,CARD,22,0,32,126,46,5,1,5,10,6,0.1,0.7000000000000001,True
487,17,CLF_UNION,22,0,44,126,56,5,1,5,10,6,0.1,0.7000000000000001,True
488,17,ORD-UNION,22,0,26,126,38,5,1,5,10,6,0.1,0.7000000000000001,True
489,17,CARD,22,0,32,126,46,5,1,5,10,6,0.1,0.7000000000000001,False
490,17,CLF_UNION,22,0,44,126,56,5,1,5,10,6,0.1,0.7000000000000001,False
491,17,ORD-UNION,22,0,26,126,38,5,1,5,10,6,0.1,0.7000000000000001,False
492,17,CARD,22,0,33,126,49,5,1,5,10,6,0.1,0.7000000000000001,True
493,17,CLF_UNION,24,1,48,126,56,5,1,5,10,6,0.1,0.7000000000000001,True
494,17,ORD-UNION,16,0,23,126,31,5,1,5,10,6,0.1,0.7000000000000001,True
495,17,CARD,22,0,33,126,49,5,1,5,10,6,0.1,0.7000000000000001,False
496,17,CLF_UNION,24,1,48,126,56,5,1,5,10,6,0.1,0.7000000000000001,False
497,17,ORD-UNION,16,0,23,126,31,5,1,5,10,6,0.1,0.7000000000000001,False
498,17,CARD,28,0,35,126,46,5,1,5,10,6,0.1,0.7000000000000001,True
499,17,CLF_UNION,28,0,47,126,56,5,1,5,10,6,0.1,0.7000000000000001,True
500,17,ORD-UNION,25,0,30,126,39,5,1,5,10,6,0.1,0.7000000000000001,True
501,17,CARD,28,0,35,126,46,5,1,5,10,6,0.1,0.7000000000000001,False
502,17,CLF_UNION,28,0,47,126,56,5,1,5,10,6,0.1,0.7000000000000001,False
503,17,ORD-UNION,25,0,30,126,39,5,1,5,10,6,0.1,0.7000000000000001,False
504,17,CARD,30,0,33,126,48,5,1,5,10,6,0.1,0.7000000000000001,True
505,17,CLF_UNION,30,0,46,126,55,5,1,5,10,6,0.1,0.7000000000000001,True
506,17,ORD-UNION,27,0,30,126,39,5,1,5,10,6,0.1,0.7000000000000001,True
507,17,CARD,30,0,33,126,48,5,1,5,10,6,0.1,0.7000000000000001,False
508,17,CLF_UNION,30,0,46,126,55,5,1,5,10,6,0.1,0.7000000000000001,False
509,17,ORD-UNION,27,0,30,126,39,5,1,5,10,6,0.1,0.7000000000000001,False
510,18,CARD,6,0,15,139,46,9,4,5,10,6,0.1,0.7000000000000001,True
511,18,CLF_UNION,6,0,29,139,58,9,4,5,10,6,0.1,0.7000000000000001,True
512,18,ORD-UNION,5,0,7,139,36,9,4,5,10,6,0.1,0.7000000000000001,True
513,18,CARD,6,0,15,139,46,5,1,5,10,6,0.1,0.7000000000000001,False
514,18,CLF_UNION,6,0,26,139,55,5,1,5,10,6,0.1,0.7000000000000001,False
515,18,ORD-UNION,5,0,10,139,39,5,1,5,10,6,0.1,0.7000000000000001,False
516,18,CARD,31,0,36,139,49,5,1,5,10,6,0.1,0.7000000000000001,True
517,18,CLF_UNION,32,1,50,139,55,5,1,5,10,6,0.1,0.7000000000000001,True
518,18,ORD-UNION,28,0,32,139,37,5,1,5,10,6,0.1,0.7000000000000001,True
519,18,CARD,31,0,36,139,49,5,1,5,10,6,0.1,0.7000000000000001,False
520,18,CLF_UNION,32,1,50,139,55,5,1,5,10,6,0.1,0.7000000000000001,False
521,18,ORD-UNION,28,0,32,139,37,5,1,5,10,6,0.1,0.7000000000000001,False
522,18,CARD,30,0,32,139,48,5,1,5,10,6,0.1,0.7000000000000001,True
523,18,CLF_UNION,31,0,45,139,55,5,1,5,10,6,0.1,0.7000000000000001,True
524,18,ORD-UNION,27,0,28,139,38,5,1,5,10,6,0.1,0.7000000000000001,True
525,18,CARD,30,0,32,139,48,5,1,5,10,6,0.1,0.7000000000000001,False
526,18,CLF_UNION,31,0,45,139,55,5,1,5,10,6,0.1,0.7000000000000001,False
527,18,ORD-UNION,27,0,28,139,38,5,1,5,10,6,0.1,0.7000000000000001,False
528,18,CARD,13,0,17,139,48,5,1,5,10,6,0.1,0.7000000000000001,True
529,18,CLF_UNION,13,0,30,139,55,5,1,5,10,6,0.1,0.7000000000000001,True
530,18,ORD-UNION,12,0,16,139,41,5,1,5,10,6,0.1,0.7000000000000001,True
531,18,CARD,13,0,17,139,48,5,1,5,10,6,0.1,0.7000000000000001,False
532,18,CLF_UNION,13,0,30,139,55,5,1,5,10,6,0.1,0.7000000000000001,False
533,18,ORD-UNION,12,0,16,139,41,5,1,5,10,6,0.1,0.7000000000000001,False
534,18,CARD,7,0,11,139,47,5,1,5,10,6,0.1,0.7000000000000001,True
535,18,CLF_UNION,8,0,23,139,55,5,1,5,10,6,0.1,0.7000000000000001,True
536,18,ORD-UNION,6,0,7,139,39,5,1,5,10,6,0.1,0.7000000000000001,True
537,18,CARD,7,0,11,139,47,5,1,5,10,6,0.1,0.7000000000000001,False
538,18,CLF_UNION,8,0,23,139,55,5,1,5,10,6,0.1,0.7000000000000001,False
539,18,ORD-UNION,6,0,7,139,39,5,1,5,10,6,0.1,0.7000000000000001,False
540,19,CARD,22,0,32,152,46,9,4,5,10,6,0.1,0.7000000000000001,True
541,19,CLF_UNION,22,0,45,152,57,9,4,5,10,6,0.1,0.7000000000000001,True
542,19,ORD-UNION,7,0,8,152,20,9,4,5,10,6,0.1,0.7000000000000001,True
543,19,CARD,22,0,30,152,48,5,1,5,10,6,0.1,0.7000000000000001,False
544,19,CLF_UNION,22,0,43,152,55,5,1,5,10,6,0.1,0.7000000000000001,False
545,19,ORD-UNION,20,0,23,152,35,5,1,5,10,6,0.1,0.7000000000000001,False
546,19,CARD,18,0,23,152,48,5,1,5,10,6,0.1,0.7000000000000001,True
547,19,CLF_UNION,19,0,37,152,56,5,1,5,10,6,0.1,0.7000000000000001,True
548,19,ORD-UNION,13,0,14,152,33,5,1,5,10,6,0.1,0.7000000000000001,True
549,19,CARD,18,0,23,152,48,5,1,5,10,6,0.1,0.7000000000000001,False
550,19,CLF_UNION,19,0,37,152,56,5,1,5,10,6,0.1,0.7000000000000001,False
551,19,ORD-UNION,13,0,14,152,33,5,1,5,10,6,0.1,0.7000000000000001,False
552,19,CARD,15,0,22,152,46,5,1,5,10,6,0.1,0.7000000000000001,True
553,19,CLF_UNION,16,0,35,152,57,5,1,5,10,6,0.1,0.7000000000000001,True
554,19,ORD-UNION,14,0,18,152,40,5,1,5,10,6,0.1,0.7000000000000001,True
555,19,CARD,15,0,22,152,46,5,1,5,10,6,0.1,0.7000000000000001,False
556,19,CLF_UNION,16,0,35,152,57,5,1,5,10,6,0.1,0.7000000000000001,False
557,19,ORD-UNION,14,0,18,152,40,5,1,5,10,6,0.1,0.7000000000000001,False
558,19,CARD,13,0,20,152,47,5,1,5,10,6,0.1,0.7000000000000001,True
559,19,CLF_UNION,13,1,33,152,56,5,1,5,10,6,0.1,0.7000000000000001,True
560,19,ORD-UNION,11,0,15,152,38,5,1,5,10,6,0.1,0.7000000000000001,True
561,19,CARD,13,0,20,152,47,5,1,5,10,6,0.1,0.7000000000000001,False
562,19,CLF_UNION,13,1,33,152,56,5,1,5,10,6,0.1,0.7000000000000001,False
563,19,ORD-UNION,11,0,15,152,38,5,1,5,10,6,0.1,0.7000000000000001,False
564,19,CARD,15,0,30,152,46,5,1,5,10,6,0.1,0.7000000000000001,True
565,19,CLF_UNION,15,0,42,152,56,5,1,5,10,6,0.1,0.7000000000000001,True
566,19,ORD-UNION,13,0,22,152,36,5,1,5,10,6,0.1,0.7000000000000001,True
567,19,CARD,15,0,30,152,46,5,1,5,10,6,0.1,0.7000000000000001,False
568,19,CLF_UNION,15,0,42,152,56,5,1,5,10,6,0.1,0.7000000000000001,False
569,19,ORD-UNION,13,0,22,152,36,5,1,5,10,6,0.1,0.7000000000000001,False
570,20,CARD,31,0,36,166,47,9,4,5,10,6,0.1,0.7000000000000001,True
571,20,CLF_UNION,32,0,49,166,56,9,4,5,10,6,0.1,0.7000000000000001,True
572,20,ORD-UNION,16,0,16,166,23,9,4,5,10,6,0.1,0.7000000000000001,True
573,20,CARD,31,0,37,166,46,5,1,5,10,6,0.1,0.7000000000000001,False
574,20,CLF_UNION,32,1,49,166,56,5,1,5,10,6,0.1,0.7000000000000001,False
575,20,ORD-UNION,29,0,32,166,39,5,1,5,10,6,0.1,0.7000000000000001,False
576,20,CARD,20,0,29,166,46,5,1,5,10,6,0.1,0.7000000000000001,True
577,20,CLF_UNION,20,0,40,166,55,5,1,5,10,6,0.1,0.7000000000000001,True
578,20,ORD-UNION,20,0,26,166,41,5,1,5,10,6,0.1,0.7000000000000001,True
579,20,CARD,20,0,29,166,46,5,1,5,10,6,0.1,0.7000000000000001,False
580,20,CLF_UNION,20,0,40,166,55,5,1,5,10,6,0.1,0.7000000000000001,False
581,20,ORD-UNION,20,0,26,166,41,5,1,5,10,6,0.1,0.7000000000000001,False
582,20,CARD,13,0,30,166,46,5,1,5,10,6,0.1,0.7000000000000001,True
583,20,CLF_UNION,13,0,42,166,56,5,1,5,10,6,0.1,0.7000000000000001,True
584,20,ORD-UNION,13,0,25,166,39,5,1,5,10,6,0.1,0.7000000000000001,True
585,20,CARD,13,0,30,166,46,5,1,5,10,6,0.1,0.7000000000000001,False
586,20,CLF_UNION,13,0,42,166,56,5,1,5,10,6,0.1,0.7000000000000001,False
587,20,ORD-UNION,13,0,25,166,39,5,1,5,10,6,0.1,0.7000000000000001,False
588,20,CARD,17,0,23,166,48,5,1,5,10,6,0.1,0.7000000000000001,True
589,20,CLF_UNION,17,0,37,166,56,5,1,5,10,6,0.1,0.7000000000000001,True
590,20,ORD-UNION,17,0,21,166,40,5,1,5,10,6,0.1,0.7000000000000001,True
591,20,CARD,17,0,23,166,48,5,1,5,10,6,0.1,0.7000000000000001,False
592,20,CLF_UNION,17,0,37,166,56,5,1,5,10,6,0.1,0.7000000000000001,False
593,20,ORD-UNION,17,0,21,166,40,5,1,5,10,6,0.1,0.7000000000000001,False
594,20,CARD,21,0,28,166,47,5,1,5,10,6,0.1,0.7000000000000001,True
595,20,CLF_UNION,21,0,40,166,55,5,1,5,10,6,0.1,0.7000000000000001,True
596,20,ORD-UNION,15,0,19,166,34,5,1,5,10,6,0.1,0.7000000000000001,True
597,20,CARD,21,0,28,166,47,5,1,5,10,6,0.1,0.7000000000000001,False
598,20,CLF_UNION,21,0,40,166,55,5,1,5,10,6,0.1,0.7000000000000001,False
599,20,ORD-UNION,15,0,19,166,34,5,1,5,10,6,0.1,0.7000000000000001,False
600,21,CARD,13,0,20,180,48,9,4,5,10,6,0.1,0.7000000000000001,True
601,21,CLF_UNION,13,0,36,180,58,9,4,5,10,6,0.1,0.7000000000000001,True
602,21,ORD-UNION,5,0,7,180,29,9,4,5,10,6,0.1,0.7000000000000001,True
603,21,CARD,13,0,22,180,46,5,1,5,10,6,0.1,0.7000000000000001,False
604,21,CLF_UNION,13,0,33,180,55,5,1,5,10,6,0.1,0.7000000000000001,False
605,21,ORD-UNION,10,0,15,180,37,5,1,5,10,6,0.1,0.7000000000000001,False
606,21,CARD,22,0,30,180,46,5,1,5,10,6,0.1,0.7000000000000001,True
607,21,CLF_UNION,22,0,41,180,55,5,1,5,10,6,0.1,0.7000000000000001,True
608,21,ORD-UNION,20,0,23,180,37,5,1,5,10,6,0.1,0.7000000000000001,True
609,21,CARD,22,0,30,180,46,5,1,5,10,6,0.1,0.7000000000000001,False
610,21,CLF_UNION,22,0,41,180,55,5,1,5,10,6,0.1,0.7000000000000001,False
611,21,ORD-UNION,20,0,23,180,37,5,1,5,10,6,0.1,0.7000000000000001,False
612,21,CARD,11,0,24,180,46,5,1,5,10,6,0.1,0.7000000000000001,True
613,21,CLF_UNION,11,0,36,180,56,5,1,5,10,6,0.1,0.7000000000000001,True
614,21,ORD-UNION,11,0,21,180,41,5,1,5,10,6,0.1,0.7000000000000001,True
615,21,CARD,11,0,24,180,46,5,1,5,10,6,0.1,0.7000000000000001,False
616,21,CLF_UNION,11,0,36,180,56,5,1,5,10,6,0.1,0.7000000000000001,False
617,21,ORD-UNION,11,0,21,180,41,5,1,5,10,6,0.1,0.7000000000000001,False
618,21,CARD,25,0,33,180,45,5,1,5,10,6,0.1,0.7000000000000001,True
619,21,CLF_UNION,25,0,43,180,55,5,1,5,10,6,0.1,0.7000000000000001,True
620,21,ORD-UNION,21,0,25,180,37,5,1,5,10,6,0.1,0.7000000000000001,True
621,21,CARD,25,0,33,180,45,5,1,5,10,6,0.1,0.7000000000000001,False
622,21,CLF_UNION,25,0,43,180,55,5,1,5,10,6,0.1,0.7000000000000001,False
623,21,ORD-UNION,21,0,25,180,37,5,1,5,10,6,0.1,0.7000000000000001,False
624,21,CARD,14,0,22,180,47,5,1,5,10,6,0.1,0.7000000000000001,True
625,21,CLF_UNION,16,0,34,180,55,5,1,5,10,6,0.1,0.7000000000000001,True
626,21,ORD-UNION,13,0,19,180,40,5,1,5,10,6,0.1,0.7000000000000001,True
627,21,CARD,14,0,22,180,47,5,1,5,10,6,0.1,0.7000000000000001,False
628,21,CLF_UNION,16,0,34,180,55,5,1,5,10,6,0.1,0.7000000000000001,False
629,21,ORD-UNION,13,0,19,180,40,5,1,5,10,6,0.1,0.7000000000000001,False
630,22,CARD,19,0,25,194,46,9,4,5,10,6,0.1,0.7000000000000001,True
631,22,CLF_UNION,19,0,36,194,55,9,4,5,10,6,0.1,0.7000000000000001,True
632,22,ORD-UNION,10,0,12,194,31,9,4,5,10,6,0.1,0.7000000000000001,True
633,22,CARD,19,0,25,194,46,5,1,5,10,6,0.1,0.7000000000000001,False
634,22,CLF_UNION,19,0,36,194,55,5,1,5,10,6,0.1,0.7000000000000001,False
635,22,ORD-UNION,19,0,22,194,41,5,1,5,10,6,0.1,0.7000000000000001,False
636,22,CARD,24,0,29,194,47,5,1,5,10,6,0.1,0.7000000000000001,True
637,22,CLF_UNION,25,0,41,194,55,5,1,5,10,6,0.1,0.7000000000000001,True
638,22,ORD-UNION,24,0,25,194,39,5,1,5,10,6,0.1,0.7000000000000001,True
639,22,CARD,24,0,29,194,47,5,1,5,10,6,0.1,0.7000000000000001,False
640,22,CLF_UNION,25,0,41,194,55,5,1,5,10,6,0.1,0.7000000000000001,False
641,22,ORD-UNION,24,0,25,194,39,5,1,5,10,6,0.1,0.7000000000000001,False
642,22,CARD,26,0,31,194,45,5,1,5,10,6,0.1,0.7000000000000001,True
643,22,CLF_UNION,26,0,41,194,55,5,1,5,10,6,0.1,0.7000000000000001,True
644,22,ORD-UNION,23,0,25,194,39,5,1,5,10,6,0.1,0.7000000000000001,True
645,22,CARD,26,0,31,194,45,5,1,5,10,6,0.1,0.7000000000000001,False
646,22,CLF_UNION,26,0,41,194,55,5,1,5,10,6,0.1,0.7000000000000001,False
647,22,ORD-UNION,23,0,25,194,39,5,1,5,10,6,0.1,0.7000000000000001,False
648,22,CARD,22,0,30,194,46,5,1,5,10,6,0.1,0.7000000000000001,True
649,22,CLF_UNION,22,0,41,194,55,5,1,5,10,6,0.1,0.7000000000000001,True
650,22,ORD-UNION,22,0,29,194,43,5,1,5,10,6,0.1,0.7000000000000001,True
651,22,CARD,22,0,30,194,46,5,1,5,10,6,0.1,0.7000000000000001,False
652,22,CLF_UNION,22,0,41,194,55,5,1,5,10,6,0.1,0.7000000000000001,False
653,22,ORD-UNION,22,0,29,194,43,5,1,5,10,6,0.1,0.7000000000000001,False
654,22,CARD,15,0,22,194,46,5,1,5,10,6,0.1,0.7000000000000001,True
655,22,CLF_UNION,16,0,33,194,55,5,1,5,10,6,0.1,0.7000000000000001,True
656,22,ORD-UNION,12,0,17,194,39,5,1,5,10,6,0.1,0.7000000000000001,True
657,22,CARD,15,0,22,194,46,5,1,5,10,6,0.1,0.7000000000000001,False
658,22,CLF_UNION,16,0,33,194,55,5,1,5,10,6,0.1,0.7000000000000001,False
659,22,ORD-UNION,12,0,17,194,39,5,1,5,10,6,0.1,0.7000000000000001,False
660,23,CARD,11,0,24,216,48,9,4,5,10,6,0.1,0.7000000000000001,True
661,23,CLF_UNION,12,0,37,216,55,9,4,5,10,6,0.1,0.7000000000000001,True
662,23,ORD-UNION,7,0,8,216,26,9,4,5,10,6,0.1,0.7000000000000001,True
663,23,CARD,11,0,25,216,47,5,1,5,10,6,0.1,0.7000000000000001,False
664,23,CLF_UNION,12,0,38,216,56,5,1,5,10,6,0.1,0.7000000000000001,False
665,23,ORD-UNION,10,0,19,216,37,5,1,5,10,6,0.1,0.7000000000000001,False
666,23,CARD,14,0,23,216,45,5,1,5,10,6,0.1,0.7000000000000001,True
667,23,CLF_UNION,14,0,33,216,55,5,1,5,10,6,0.1,0.7000000000000001,True
668,23,ORD-UNION,13,0,19,216,41,5,1,5,10,6,0.1,0.7000000000000001,True
669,23,CARD,14,0,23,216,45,5,1,5,10,6,0.1,0.7000000000000001,False
670,23,CLF_UNION,14,0,33,216,55,5,1,5,10,6,0.1,0.7000000000000001,False
671,23,ORD-UNION,13,0,19,216,41,5,1,5,10,6,0.1,0.7000000000000001,False
672,23,CARD,20,0,25,216,46,5,1,5,10,6,0.1,0.7000000000000001,True
673,23,CLF_UNION,20,0,36,216,55,5,1,5,10,6,0.1,0.7000000000000001,True
674,23,ORD-UNION,20,0,24,216,43,5,1,5,10,6,0.1,0.7000000000000001,True
675,23,CARD,20,0,25,216,46,5,1,5,10,6,0.1,0.7000000000000001,False
676,23,CLF_UNION,20,0,36,216,55,5,1,5,10,6,0.1,0.7000000000000001,False
677,23,ORD-UNION,20,0,24,216,43,5,1,5,10,6,0.1,0.7000000000000001,False
678,23,CARD,15,0,19,216,46,5,1,5,10,6,0.1,0.7000000000000001,True
679,23,CLF_UNION,15,0,31,216,56,5,1,5,10,6,0.1,0.7000000000000001,True
680,23,ORD-UNION,15,0,18,216,43,5,1,5,10,6,0.1,0.7000000000000001,True
681,23,CARD,15,0,19,216,46,5,1,5,10,6,0.1,0.7000000000000001,False
682,23,CLF_UNION,15,0,31,216,56,5,1,5,10,6,0.1,0.7000000000000001,False
683,23,ORD-UNION,15,0,18,216,43,5,1,5,10,6,0.1,0.7000000000000001,False
684,23,CARD,16,0,23,216,45,5,1,5,10,6,0.1,0.7000000000000001,True
685,23,CLF_UNION,16,0,33,216,55,5,1,5,10,6,0.1,0.7000000000000001,True
686,23,ORD-UNION,14,0,18,216,40,5,1,5,10,6,0.1,0.7000000000000001,True
687,23,CARD,16,0,23,216,45,5,1,5,10,6,0.1,0.7000000000000001,False
688,23,CLF_UNION,16,0,33,216,55,5,1,5,10,6,0.1,0.7000000000000001,False
689,23,ORD-UNION,14,0,18,216,40,5,1,5,10,6,0.1,0.7000000000000001,False
690,24,CARD,13,0,19,231,45,9,4,5,10,6,0.1,0.7000000000000001,True
691,24,CLF_UNION,13,0,29,231,55,9,4,5,10,6,0.1,0.7000000000000001,True
692,24,ORD-UNION,10,0,10,231,36,9,4,5,10,6,0.1,0.7000000000000001,True
693,24,CARD,13,0,19,231,45,5,1,5,10,6,0.1,0.7000000000000001,False
694,24,CLF_UNION,13,0,29,231,55,5,1,5,10,6,0.1,0.7000000000000001,False
695,24,ORD-UNION,12,0,16,231,42,5,1,5,10,6,0.1,0.7000000000000001,False
696,24,CARD,22,0,30,231,46,5,1,5,10,6,0.1,0.7000000000000001,True
697,24,CLF_UNION,23,1,42,231,56,5,1,5,10,6,0.1,0.7000000000000001,True
698,24,ORD-UNION,22,0,26,231,40,5,1,5,10,6,0.1,0.7000000000000001,True
699,24,CARD,22,0,30,231,46,5,1,5,10,6,0.1,0.7000000000000001,False
700,24,CLF_UNION,23,1,42,231,56,5,1,5,10,6,0.1,0.7000000000000001,False
701,24,ORD-UNION,22,0,26,231,40,5,1,5,10,6,0.1,0.7000000000000001,False
702,24,CARD,20,0,26,231,47,5,1,5,10,6,0.1,0.7000000000000001,True
703,24,CLF_UNION,20,1,39,231,56,5,1,5,10,6,0.1,0.7000000000000001,True
704,24,ORD-UNION,20,0,25,231,42,5,1,5,10,6,0.1,0.7000000000000001,True
705,24,CARD,20,0,26,231,47,5,1,5,10,6,0.1,0.7000000000000001,False
706,24,CLF_UNION,20,1,39,231,56,5,1,5,10,6,0.1,0.7000000000000001,False
707,24,ORD-UNION,20,0,25,231,42,5,1,5,10,6,0.1,0.7000000000000001,False
708,24,CARD,15,0,21,231,45,5,1,5,10,6,0.1,0.7000000000000001,True
709,24,CLF_UNION,15,0,31,231,55,5,1,5,10,6,0.1,0.7000000000000001,True
710,24,ORD-UNION,14,0,19,231,43,5,1,5,10,6,0.1,0.7000000000000001,True
711,24,CARD,15,0,21,231,45,5,1,5,10,6,0.1,0.7000000000000001,False
712,24,CLF_UNION,15,0,31,231,55,5,1,5,10,6,0.1,0.7000000000000001,False
713,24,ORD-UNION,14,0,19,231,43,5,1,5,10,6,0.1,0.7000000000000001,False
714,24,CARD,8,0,12,231,46,5,1,5,10,6,0.1,0.7000000000000001,True
715,24,CLF_UNION,8,0,23,231,55,5,1,5,10,6,0.1,0.7000000000000001,True
716,24,ORD-UNION,8,0,11,231,43,5,1,5,10,6,0.1,0.7000000000000001,True
717,24,CARD,8,0,12,231,46,5,1,5,10,6,0.1,0.7000000000000001,False
718,24,CLF_UNION,8,0,23,231,55,5,1,5,10,6,0.1,0.7000000000000001,False
719,24,ORD-UNION,8,0,11,231,43,5,1,5,10,6,0.1,0.7000000000000001,False
720,1,CARD,9,8,21,1,69,9,5,5,10,6,0.1,0.7000000000000001,True
721,1,CLF_UNION,21,34,71,1,71,9,5,5,10,6,0.1,0.7000000000000001,True
722,1,ORD-UNION,0,0,0,1,0,9,5,5,10,6,0.1,0.7000000000000001,True
723,1,CARD,6,14,24,1,66,1,1,5,10,6,0.1,0.7000000000000001,False
724,1,CLF_UNION,25,33,76,1,76,1,1,5,10,6,0.1,0.7000000000000001,False
725,1,ORD-UNION,6,14,24,1,24,1,1,5,10,6,0.1,0.7000000000000001,False
726,1,CARD,9,7,21,1,69,1,1,5,10,6,0.1,0.7000000000000001,True
727,1,CLF_UNION,31,29,79,1,79,1,1,5,10,6,0.1,0.7000000000000001,True
728,1,ORD-UNION,9,7,21,1,21,1,1,5,10,6,0.1,0.7000000000000001,True
729,1,CARD,9,7,21,1,69,1,1,5,10,6,0.1,0.7000000000000001,False
730,1,CLF_UNION,31,29,79,1,79,1,1,5,10,6,0.1,0.7000000000000001,False
731,1,ORD-UNION,9,7,21,1,21,1,1,5,10,6,0.1,0.7000000000000001,False
732,1,CARD,7,11,25,1,65,1,1,5,10,6,0.1,0.7000000000000001,True
733,1,CLF_UNION,24,28,75,1,75,1,1,5,10,6,0.1,0.7000000000000001,True
734,1,ORD-UNION,7,11,25,1,25,1,1,5,10,6,0.1,0.7000000000000001,True
735,1,CARD,7,11,25,1,65,1,1,5,10,6,0.1,0.7000000000000001,False
736,1,CLF_UNION,24,28,75,1,75,1,1,5,10,6,0.1,0.7000000000000001,False
737,1,ORD-UNION,7,11,25,1,25,1,1,5,10,6,0.1,0.7000000000000001,False
738,1,CARD,5,8,16,1,74,1,1,5,10,6,0.1,0.7000000000000001,True
739,1,CLF_UNION,31,34,84,1,84,1,1,5,10,6,0.1,0.7000000000000001,True
740,1,ORD-UNION,5,8,16,1,16,1,1,5,10,6,0.1,0.7000000000000001,True
741,1,CARD,5,8,16,1,74,1,1,5,10,6,0.1,0.7000000000000001,False
742,1,CLF_UNION,31,34,84,1,84,1,1,5,10,6,0.1,0.7000000000000001,False
743,1,ORD-UNION,5,8,16,1,16,1,1,5,10,6,0.1,0.7000000000000001,False
744,1,CARD,3,16,25,1,65,1,1,5,10,6,0.1,0.7000000000000001,True
745,1,CLF_UNION,19,32,75,1,75,1,1,5,10,6,0.1,0.7000000000000001,True
746,1,ORD-UNION,3,16,25,1,25,1,1,5,10,6,0.1,0.7000000000000001,True
747,1,CARD,3,16,25,1,65,1,1,5,10,6,0.1,0.7000000000000001,False
748,1,CLF_UNION,19,32,75,1,75,1,1,5,10,6,0.1,0.7000000000000001,False
749,1,ORD-UNION,3,16,25,1,25,1,1,5,10,6,0.1,0.7000000000000001,False
750,2,CARD,10,22,37,3,53,9,5,5,10,6,0.1,0.7000000000000001,True
751,2,CLF_UNION,17,29,62,3,62,9,5,5,10,6,0.1,0.7000000000000001,True
752,2,ORD-UNION,0,0,0,3,0,9,5,5,10,6,0.1,0.7000000000000001,True
753,2,CARD,12,18,35,3,55,2,1,5,10,6,0.1,0.7000000000000001,False
754,2,CLF_UNION,24,35,75,3,75,2,1,5,10,6,0.1,0.7000000000000001,False
755,2,ORD-UNION,12,18,35,3,35,2,1,5,10,6,0.1,0.7000000000000001,False
756,2,CARD,14,18,37,3,53,2,1,5,10,6,0.1,0.7000000000000001,True
757,2,CLF_UNION,29,30,75,3,75,2,1,5,10,6,0.1,0.7000000000000001,True
758,2,ORD-UNION,14,18,37,3,37,2,1,5,10,6,0.1,0.7000000000000001,True
759,2,CARD,14,18,37,3,53,2,1,5,10,6,0.1,0.7000000000000001,False
760,2,CLF_UNION,29,30,75,3,75,2,1,5,10,6,0.1,0.7000000000000001,False
761,2,ORD-UNION,14,18,37,3,37,2,1,5,10,6,0.1,0.7000000000000001,False
762,2,CARD,8,24,36,3,54,2,1,5,10,6,0.1,0.7000000000000001,True
763,2,CLF_UNION,22,37,76,3,76,2,1,5,10,6,0.1,0.7000000000000001,True
764,2,ORD-UNION,8,24,36,3,36,2,1,5,10,6,0.1,0.7000000000000001,True
765,2,CARD,8,24,36,3,54,2,1,5,10,6,0.1,0.7000000000000001,False
766,2,CLF_UNION,22,37,76,3,76,2,1,5,10,6,0.1,0.7000000000000001,False
767,2,ORD-UNION,8,24,36,3,36,2,1,5,10,6,0.1,0.7000000000000001,False
768,2,CARD,4,19,27,3,63,2,1,5,10,6,0.1,0.7000000000000001,True
769,2,CLF_UNION,24,36,76,3,76,2,1,5,10,6,0.1,0.7000000000000001,True
770,2,ORD-UNION,4,19,27,3,27,2,1,5,10,6,0.1,0.7000000000000001,True
771,2,CARD,4,19,27,3,63,2,1,5,10,6,0.1,0.7000000000000001,False
772,2,CLF_UNION,24,36,76,3,76,2,1,5,10,6,0.1,0.7000000000000001,False
773,2,ORD-UNION,4,19,27,3,27,2,1,5,10,6,0.1,0.7000000000000001,False
774,2,CARD,12,16,33,3,57,2,1,5,10,6,0.1,0.7000000000000001,True
775,2,CLF_UNION,28,29,75,3,75,2,1,5,10,6,0.1,0.7000000000000001,True
776,2,ORD-UNION,12,16,33,3,33,2,1,5,10,6,0.1,0.7000000000000001,True
777,2,CARD,12,16,33,3,57,2,1,5,10,6,0.1,0.7000000000000001,False
778,2,CLF_UNION,28,29,75,3,75,2,1,5,10,6,0.1,0.7000000000000001,False
779,2,ORD-UNION,12,16,33,3,33,2,1,5,10,6,0.1,0.7000000000000001,False
780,3,CARD,12,24,41,6,49,9,5,5,10,6,0.1,0.7000000000000001,True
781,3,CLF_UNION,22,28,69,6,69,9,5,5,10,6,0.1,0.7000000000000001,True
782,3,ORD-UNION,1,1,3,6,3,9,5,5,10,6,0.1,0.7000000000000001,True
783,3,CARD,24,15,42,6,48,3,1,5,10,6,0.1,0.7000000000000001,False
784,3,CLF_UNION,19,26,64,6,64,3,1,5,10,6,0.1,0.7000000000000001,False
785,3,ORD-UNION,13,15,31,6,31,3,1,5,10,6,0.1,0.7000000000000001,False
786,3,CARD,14,22,40,6,50,3,1,5,10,6,0.1,0.7000000000000001,True
787,3,CLF_UNION,15,34,65,6,65,3,1,5,10,6,0.1,0.7000000000000001,True
788,3,ORD-UNION,8,22,34,6,34,3,1,5,10,6,0.1,0.7000000000000001,True
789,3,CARD,14,22,40,6,50,3,1,5,10,6,0.1,0.7000000000000001,False
790,3,CLF_UNION,15,34,65,6,65,3,1,5,10,6,0.1,0.7000000000000001,False
791,3,ORD-UNION,8,22,34,6,34,3,1,5,10,6,0.1,0.7000000000000001,False
792,3,CARD,19,15,39,6,51,3,1,5,10,6,0.1,0.7000000000000001,True
793,3,CLF_UNION,17,27,63,6,63,3,1,5,10,6,0.1,0.7000000000000001,True
794,3,ORD-UNION,11,15,31,6,31,3,1,5,10,6,0.1,0.7000000000000001,True
795,3,CARD,19,15,39,6,51,3,1,5,10,6,0.1,0.7000000000000001,False
796,3,CLF_UNION,17,27,63,6,63,3,1,5,10,6,0.1,0.7000000000000001,False
797,3,ORD-UNION,11,15,31,6,31,3,1,5,10,6,0.1,0.7000000000000001,False
798,3,CARD,11,23,39,6,50,3,1,5,10,6,0.1,0.7000000000000001,True
799,3,CLF_UNION,13,26,61,6,62,3,1,5,10,6,0.1,0.7000000000000001,True
800,3,ORD-UNION,7,18,30,6,31,3,1,5,10,6,0.1,0.7000000000000001,True
801,3,CARD,11,23,39,6,50,3,1,5,10,6,0.1,0.7000000000000001,False
802,3,CLF_UNION,13,26,61,6,62,3,1,5,10,6,0.1,0.7000000000000001,False
803,3,ORD-UNION,7,18,30,6,31,3,1,5,10,6,0.1,0.7000000000000001,False
804,3,CARD,15,18,37,6,52,3,1,5,10,6,0.1,0.7000000000000001,True
805,3,CLF_UNION,19,28,63,6,64,3,1,5,10,6,0.1,0.7000000000000001,True
806,3,ORD-UNION,9,15,28,6,29,3,1,5,10,6,0.1,0.7000000000000001,True
807,3,CARD,15,18,37,6,52,3,1,5,10,6,0.1,0.7000000000000001,False
808,3,CLF_UNION,19,28,63,6,64,3,1,5,10,6,0.1,0.7000000000000001,False
809,3,ORD-UNION,9,15,28,6,29,3,1,5,10,6,0.1,0.7000000000000001,False
810,4,CARD,4,27,40,9,50,9,5,5,10,6,0.1,0.7000000000000001,True
811,4,CLF_UNION,16,20,56,9,56,9,5,5,10,6,0.1,0.7000000000000001,True
812,4,ORD-UNION,2,0,2,9,2,9,5,5,10,6,0.1,0.7000000000000001,True
813,4,CARD,20,9,33,9,57,4,1,5,10,6,0.1,0.7000000000000001,False
814,4,CLF_UNION,24,18,64,9,64,4,1,5,10,6,0.1,0.7000000000000001,False
815,4,ORD-UNION,15,9,28,9,28,4,1,5,10,6,0.1,0.7000000000000001,False
816,4,CARD,12,19,41,9,49,4,1,5,10,6,0.1,0.7000000000000001,True
817,4,CLF_UNION,19,23,63,9,63,4,1,5,10,6,0.1,0.7000000000000001,True
818,4,ORD-UNION,10,18,37,9,37,4,1,5,10,6,0.1,0.7000000000000001,True
819,4,CARD,12,19,41,9,49,4,1,5,10,6,0.1,0.7000000000000001,False
820,4,CLF_UNION,19,23,63,9,63,4,1,5,10,6,0.1,0.7000000000000001,False
821,4,ORD-UNION,10,18,37,9,37,4,1,5,10,6,0.1,0.7000000000000001,False
822,4,CARD,27,3,35,9,55,4,1,5,10,6,0.1,0.7000000000000001,True
823,4,CLF_UNION,32,5,61,9,61,4,1,5,10,6,0.1,0.7000000000000001,True
824,4,ORD-UNION,25,2,31,9,31,4,1,5,10,6,0.1,0.7000000000000001,True
825,4,CARD,27,3,35,9,55,4,1,5,10,6,0.1,0.7000000000000001,False
826,4,CLF_UNION,32,5,61,9,61,4,1,5,10,6,0.1,0.7000000000000001,False
827,4,ORD-UNION,25,2,31,9,31,4,1,5,10,6,0.1,0.7000000000000001,False
828,4,CARD,7,31,43,9,47,4,1,5,10,6,0.1,0.7000000000000001,True
829,4,CLF_UNION,10,33,59,9,59,4,1,5,10,6,0.1,0.7000000000000001,True
830,4,ORD-UNION,5,28,37,9,37,4,1,5,10,6,0.1,0.7000000000000001,True
831,4,CARD,7,31,43,9,47,4,1,5,10,6,0.1,0.7000000000000001,False
832,4,CLF_UNION,10,33,59,9,59,4,1,5,10,6,0.1,0.7000000000000001,False
833,4,ORD-UNION,5,28,37,9,37,4,1,5,10,6,0.1,0.7000000000000001,False
834,4,CARD,18,11,33,9,56,4,1,5,10,6,0.1,0.7000000000000001,True
835,4,CLF_UNION,27,14,60,9,61,4,1,5,10,6,0.1,0.7000000000000001,True
836,4,ORD-UNION,16,7,27,9,28,4,1,5,10,6,0.1,0.7000000000000001,True
837,4,CARD,18,11,33,9,56,4,1,5,10,6,0.1,0.7000000000000001,False
838,4,CLF_UNION,27,14,60,9,61,4,1,5,10,6,0.1,0.7000000000000001,False
839,4,ORD-UNION,16,7,27,9,28,4,1,5,10,6,0.1,0.7000000000000001,False
840,5,CARD,20,19,44,14,46,9,5,5,10,6,0.1,0.7000000000000001,True
841,5,CLF_UNION,23,17,55,14,55,9,5,5,10,6,0.1,0.7000000000000001,True
842,5,ORD-UNION,18,7,29,14,29,9,5,5,10,6,0.1,0.7000000000000001,True
843,5,CARD,22,17,44,14,46,4,1,5,10,6,0.1,0.7000000000000001,False
844,5,CLF_UNION,22,18,55,14,55,4,1,5,10,6,0.1,0.7000000000000001,False
845,5,ORD-UNION,22,16,42,14,42,4,1,5,10,6,0.1,0.7000000000000001,False
846,5,CARD,22,16,42,14,48,4,1,5,10,6,0.1,0.7000000000000001,True
847,5,CLF_UNION,23,18,56,14,56,4,1,5,10,6,0.1,0.7000000000000001,True
848,5,ORD-UNION,21,13,37,14,37,4,1,5,10,6,0.1,0.7000000000000001,True
849,5,CARD,22,16,42,14,48,4,1,5,10,6,0.1,0.7000000000000001,False
850,5,CLF_UNION,23,18,56,14,56,4,1,5,10,6,0.1,0.7000000000000001,False
851,5,ORD-UNION,21,13,37,14,37,4,1,5,10,6,0.1,0.7000000000000001,False
852,5,CARD,17,20,41,14,46,4,1,5,10,6,0.1,0.7000000000000001,True
853,5,CLF_UNION,17,20,53,14,56,4,1,5,10,6,0.1,0.7000000000000001,True
854,5,ORD-UNION,17,19,40,14,43,4,1,5,10,6,0.1,0.7000000000000001,True
855,5,CARD,17,20,41,14,46,4,1,5,10,6,0.1,0.7000000000000001,False
856,5,CLF_UNION,17,20,53,14,56,4,1,5,10,6,0.1,0.7000000000000001,False
857,5,ORD-UNION,17,19,40,14,43,4,1,5,10,6,0.1,0.7000000000000001,False
858,5,CARD,9,24,40,14,50,4,1,5,10,6,0.1,0.7000000000000001,True
859,5,CLF_UNION,12,27,57,14,57,4,1,5,10,6,0.1,0.7000000000000001,True
860,5,ORD-UNION,9,23,39,14,39,4,1,5,10,6,0.1,0.7000000000000001,True
861,5,CARD,9,24,40,14,50,4,1,5,10,6,0.1,0.7000000000000001,False
862,5,CLF_UNION,12,27,57,14,57,4,1,5,10,6,0.1,0.7000000000000001,False
863,5,ORD-UNION,9,23,39,14,39,4,1,5,10,6,0.1,0.7000000000000001,False
864,5,CARD,14,16,41,14,48,4,1,5,10,6,0.1,0.7000000000000001,True
865,5,CLF_UNION,16,18,57,14,58,4,1,5,10,6,0.1,0.7000000000000001,True
866,5,ORD-UNION,14,12,37,14,38,4,1,5,10,6,0.1,0.7000000000000001,True
867,5,CARD,14,16,41,14,48,4,1,5,10,6,0.1,0.7000000000000001,False
868,5,CLF_UNION,16,18,57,14,58,4,1,5,10,6,0.1,0.7000000000000001,False
869,5,ORD-UNION,14,12,37,14,38,4,1,5,10,6,0.1,0.7000000000000001,False
870,6,CARD,28,7,40,18,45,9,5,5,10,6,0.1,0.7000000000000001,True
871,6,CLF_UNION,30,6,51,18,56,9,5,5,10,6,0.1,0.7000000000000001,True
872,6,ORD-UNION,17,4,22,18,27,9,5,5,10,6,0.1,0.7000000000000001,True
873,6,CARD,25,8,38,18,47,4,1,5,10,6,0.1,0.7000000000000001,False
874,6,CLF_UNION,29,13,59,18,64,4,1,5,10,6,0.1,0.7000000000000001,False
875,6,ORD-UNION,24,8,36,18,41,4,1,5,10,6,0.1,0.7000000000000001,False
876,6,CARD,15,20,41,18,47,4,1,5,10,6,0.1,0.7000000000000001,True
877,6,CLF_UNION,19,25,60,18,62,4,1,5,10,6,0.1,0.7000000000000001,True
878,6,ORD-UNION,15,20,41,18,43,4,1,5,10,6,0.1,0.7000000000000001,True
879,6,CARD,15,20,41,18,47,4,1,5,10,6,0.1,0.7000000000000001,False
880,6,CLF_UNION,19,25,60,18,62,4,1,5,10,6,0.1,0.7000000000000001,False
881,6,ORD-UNION,15,20,41,18,43,4,1,5,10,6,0.1,0.7000000000000001,False
882,6,CARD,20,12,41,18,49,4,1,5,10,6,0.1,0.7000000000000001,True
883,6,CLF_UNION,28,15,66,18,66,4,1,5,10,6,0.1,0.7000000000000001,True
884,6,ORD-UNION,20,10,38,18,38,4,1,5,10,6,0.1,0.7000000000000001,True
885,6,CARD,20,12,41,18,49,4,1,5,10,6,0.1,0.7000000000000001,False
886,6,CLF_UNION,28,15,66,18,66,4,1,5,10,6,0.1,0.7000000000000001,False
887,6,ORD-UNION,20,10,38,18,38,4,1,5,10,6,0.1,0.7000000000000001,False
888,6,CARD,19,16,43,18,47,4,1,5,10,6,0.1,0.7000000000000001,True
889,6,CLF_UNION,25,19,67,18,67,4,1,5,10,6,0.1,0.7000000000000001,True
890,6,ORD-UNION,19,16,43,18,43,4,1,5,10,6,0.1,0.7000000000000001,True
891,6,CARD,19,16,43,18,47,4,1,5,10,6,0.1,0.7000000000000001,False
892,6,CLF_UNION,25,19,67,18,67,4,1,5,10,6,0.1,0.7000000000000001,False
893,6,ORD-UNION,19,16,43,18,43,4,1,5,10,6,0.1,0.7000000000000001,False
894,6,CARD,21,12,40,18,48,4,1,5,10,6,0.1,0.7000000000000001,True
895,6,CLF_UNION,23,16,60,18,62,4,1,5,10,6,0.1,0.7000000000000001,True
896,6,ORD-UNION,21,12,40,18,42,4,1,5,10,6,0.1,0.7000000000000001,True
897,6,CARD,21,12,40,18,48,4,1,5,10,6,0.1,0.7000000000000001,False
898,6,CLF_UNION,23,16,60,18,62,4,1,5,10,6,0.1,0.7000000000000001,False
899,6,ORD-UNION,21,12,40,18,42,4,1,5,10,6,0.1,0.7000000000000001,False
900,7,CARD,21,12,43,22,45,9,5,5,10,6,0.1,0.7000000000000001,True
901,7,CLF_UNION,23,10,53,22,55,9,5,5,10,6,0.1,0.7000000000000001,True
902,7,ORD-UNION,10,3,15,22,17,9,5,5,10,6,0.1,0.7000000000000001,True
903,7,CARD,17,13,38,22,50,4,1,5,10,6,0.1,0.7000000000000001,False
904,7,CLF_UNION,23,11,55,22,57,4,1,5,10,6,0.1,0.7000000000000001,False
905,7,ORD-UNION,17,9,32,22,34,4,1,5,10,6,0.1,0.7000000000000001,False
906,7,CARD,25,13,44,22,46,4,1,5,10,6,0.1,0.7000000000000001,True
907,7,CLF_UNION,28,11,55,22,55,4,1,5,10,6,0.1,0.7000000000000001,True
908,7,ORD-UNION,25,13,44,22,44,4,1,5,10,6,0.1,0.7000000000000001,True
909,7,CARD,25,13,44,22,46,4,1,5,10,6,0.1,0.7000000000000001,False
910,7,CLF_UNION,28,11,55,22,55,4,1,5,10,6,0.1,0.7000000000000001,False
911,7,ORD-UNION,25,13,44,22,44,4,1,5,10,6,0.1,0.7000000000000001,False
912,7,CARD,7,29,40,22,48,4,1,5,10,6,0.1,0.7000000000000001,True
913,7,CLF_UNION,13,27,54,22,56,4,1,5,10,6,0.1,0.7000000000000001,True
914,7,ORD-UNION,7,27,38,22,40,4,1,5,10,6,0.1,0.7000000000000001,True
915,7,CARD,7,29,40,22,48,4,1,5,10,6,0.1,0.7000000000000001,False
916,7,CLF_UNION,13,27,54,22,56,4,1,5,10,6,0.1,0.7000000000000001,False
917,7,ORD-UNION,7,27,38,22,40,4,1,5,10,6,0.1,0.7000000000000001,False
918,7,CARD,18,19,43,22,47,4,1,5,10,6,0.1,0.7000000000000001,True
919,7,CLF_UNION,21,20,57,22,57,4,1,5,10,6,0.1,0.7000000000000001,True
920,7,ORD-UNION,18,18,42,22,42,4,1,5,10,6,0.1,0.7000000000000001,True
921,7,CARD,18,19,43,22,47,4,1,5,10,6,0.1,0.7000000000000001,False
922,7,CLF_UNION,21,20,57,22,57,4,1,5,10,6,0.1,0.7000000000000001,False
923,7,ORD-UNION,18,18,42,22,42,4,1,5,10,6,0.1,0.7000000000000001,False
924,7,CARD,18,22,43,22,47,4,1,5,10,6,0.1,0.7000000000000001,True
925,7,CLF_UNION,21,21,55,22,55,4,1,5,10,6,0.1,0.7000000000000001,True
926,7,ORD-UNION,18,21,42,22,42,4,1,5,10,6,0.1,0.7000000000000001,True
927,7,CARD,18,22,43,22,47,4,1,5,10,6,0.1,0.7000000000000001,False
928,7,CLF_UNION,21,21,55,22,55,4,1,5,10,6,0.1,0.7000000000000001,False
929,7,ORD-UNION,18,21,42,22,42,4,1,5,10,6,0.1,0.7000000000000001,False
