,budget,model,correct,wrong,total,n_pref_input,n_pref_output,theta_size,theta_additivity,n_items,n_test_subsets,n_tiers,alpha,p,real theta
0,1,CARD,13,7,25,1,65,9,5,5,10,12,0.1,0.7000000000000001,True
1,1,CLF_UNION,38,14,73,1,73,9,5,5,10,12,0.1,0.7000000000000001,True
2,1,ORD-UNION,0,0,0,1,0,9,5,5,10,12,0.1,0.7000000000000001,True
3,1,CARD,15,5,25,1,65,1,1,5,10,12,0.1,0.7000000000000001,False
4,1,CLF_UNION,33,23,75,1,75,1,1,5,10,12,0.1,0.7000000000000001,False
5,1,ORD-UNION,15,5,25,1,25,1,1,5,10,12,0.1,0.7000000000000001,False
6,1,CARD,18,2,21,1,69,1,1,5,10,12,0.1,0.7000000000000001,True
7,1,CLF_UNION,40,24,79,1,79,1,1,5,10,12,0.1,0.7000000000000001,True
8,1,ORD-UNION,18,2,21,1,21,1,1,5,10,12,0.1,0.7000000000000001,True
9,1,CARD,18,2,21,1,69,1,1,5,10,12,0.1,0.7000000000000001,False
10,1,CLF_UNION,40,24,79,1,79,1,1,5,10,12,0.1,0.7000000000000001,False
11,1,ORD-UNION,18,2,21,1,21,1,1,5,10,12,0.1,0.7000000000000001,False
12,1,CARD,14,5,21,1,69,1,1,5,10,12,0.1,0.7000000000000001,True
13,1,CLF_UNION,38,29,79,1,79,1,1,5,10,12,0.1,0.7000000000000001,True
14,1,ORD-UNION,14,5,21,1,21,1,1,5,10,12,0.1,0.7000000000000001,True
15,1,CARD,14,5,21,1,69,1,1,5,10,12,0.1,0.7000000000000001,False
16,1,CLF_UNION,38,29,79,1,79,1,1,5,10,12,0.1,0.7000000000000001,False
17,1,ORD-UNION,14,5,21,1,21,1,1,5,10,12,0.1,0.7000000000000001,False
18,1,CARD,12,7,21,1,69,1,1,5,10,12,0.1,0.7000000000000001,True
19,1,CLF_UNION,35,30,79,1,79,1,1,5,10,12,0.1,0.7000000000000001,True
20,1,ORD-UNION,12,7,21,1,21,1,1,5,10,12,0.1,0.7000000000000001,True
21,1,CARD,12,7,21,1,69,1,1,5,10,12,0.1,0.7000000000000001,False
22,1,CLF_UNION,35,30,79,1,79,1,1,5,10,12,0.1,0.7000000000000001,False
23,1,ORD-UNION,12,7,21,1,21,1,1,5,10,12,0.1,0.7000000000000001,False
24,1,CARD,15,6,21,1,69,1,1,5,10,12,0.1,0.7000000000000001,True
25,1,CLF_UNION,37,28,79,1,79,1,1,5,10,12,0.1,0.7000000000000001,True
26,1,ORD-UNION,15,6,21,1,21,1,1,5,10,12,0.1,0.7000000000000001,True
27,1,CARD,15,6,21,1,69,1,1,5,10,12,0.1,0.7000000000000001,False
28,1,CLF_UNION,37,28,79,1,79,1,1,5,10,12,0.1,0.7000000000000001,False
29,1,ORD-UNION,15,6,21,1,21,1,1,5,10,12,0.1,0.7000000000000001,False
30,2,CARD,23,10,36,3,54,9,5,5,10,12,0.1,0.7000000000000001,True
31,2,CLF_UNION,39,6,59,3,59,9,5,5,10,12,0.1,0.7000000000000001,True
32,2,ORD-UNION,2,0,2,3,2,9,5,5,10,12,0.1,0.7000000000000001,True
33,2,CARD,27,5,33,3,57,2,1,5,10,12,0.1,0.7000000000000001,False
34,2,CLF_UNION,39,23,79,3,79,2,1,5,10,12,0.1,0.7000000000000001,False
35,2,ORD-UNION,27,5,33,3,33,2,1,5,10,12,0.1,0.7000000000000001,False
36,2,CARD,28,7,37,3,53,2,1,5,10,12,0.1,0.7000000000000001,True
37,2,CLF_UNION,40,23,76,3,76,2,1,5,10,12,0.1,0.7000000000000001,True
38,2,ORD-UNION,28,7,37,3,37,2,1,5,10,12,0.1,0.7000000000000001,True
39,2,CARD,28,7,37,3,53,2,1,5,10,12,0.1,0.7000000000000001,False
40,2,CLF_UNION,40,23,76,3,76,2,1,5,10,12,0.1,0.7000000000000001,False
41,2,ORD-UNION,28,7,37,3,37,2,1,5,10,12,0.1,0.7000000000000001,False
42,2,CARD,26,8,35,3,55,2,1,5,10,12,0.1,0.7000000000000001,True
43,2,CLF_UNION,41,22,76,3,76,2,1,5,10,12,0.1,0.7000000000000001,True
44,2,ORD-UNION,26,8,35,3,35,2,1,5,10,12,0.1,0.7000000000000001,True
45,2,CARD,26,8,35,3,55,2,1,5,10,12,0.1,0.7000000000000001,False
46,2,CLF_UNION,41,22,76,3,76,2,1,5,10,12,0.1,0.7000000000000001,False
47,2,ORD-UNION,26,8,35,3,35,2,1,5,10,12,0.1,0.7000000000000001,False
48,2,CARD,27,7,37,3,53,2,1,5,10,12,0.1,0.7000000000000001,True
49,2,CLF_UNION,37,22,75,3,75,2,1,5,10,12,0.1,0.7000000000000001,True
50,2,ORD-UNION,27,7,37,3,37,2,1,5,10,12,0.1,0.7000000000000001,True
51,2,CARD,27,7,37,3,53,2,1,5,10,12,0.1,0.7000000000000001,False
52,2,CLF_UNION,37,22,75,3,75,2,1,5,10,12,0.1,0.7000000000000001,False
53,2,ORD-UNION,27,7,37,3,37,2,1,5,10,12,0.1,0.7000000000000001,False
54,2,CARD,21,12,35,3,54,2,1,5,10,12,0.1,0.7000000000000001,True
55,2,CLF_UNION,34,29,75,3,76,2,1,5,10,12,0.1,0.7000000000000001,True
56,2,ORD-UNION,21,12,35,3,36,2,1,5,10,12,0.1,0.7000000000000001,True
57,2,CARD,21,12,35,3,54,2,1,5,10,12,0.1,0.7000000000000001,False
58,2,CLF_UNION,34,29,75,3,76,2,1,5,10,12,0.1,0.7000000000000001,False
59,2,ORD-UNION,21,12,35,3,36,2,1,5,10,12,0.1,0.7000000000000001,False
60,3,CARD,27,7,36,6,51,9,5,5,10,12,0.1,0.7000000000000001,True
61,3,CLF_UNION,29,17,59,6,62,9,5,5,10,12,0.1,0.7000000000000001,True
62,3,ORD-UNION,1,0,1,6,4,9,5,5,10,12,0.1,0.7000000000000001,True
63,3,CARD,26,8,35,6,52,3,1,5,10,12,0.1,0.7000000000000001,False
64,3,CLF_UNION,36,24,74,6,77,3,1,5,10,12,0.1,0.7000000000000001,False
65,3,ORD-UNION,22,2,25,6,28,3,1,5,10,12,0.1,0.7000000000000001,False
66,3,CARD,32,5,39,6,51,3,1,5,10,12,0.1,0.7000000000000001,True
67,3,CLF_UNION,38,21,73,6,73,3,1,5,10,12,0.1,0.7000000000000001,True
68,3,ORD-UNION,26,4,31,6,31,3,1,5,10,12,0.1,0.7000000000000001,True
69,3,CARD,32,5,39,6,51,3,1,5,10,12,0.1,0.7000000000000001,False
70,3,CLF_UNION,38,21,73,6,73,3,1,5,10,12,0.1,0.7000000000000001,False
71,3,ORD-UNION,26,4,31,6,31,3,1,5,10,12,0.1,0.7000000000000001,False
72,3,CARD,30,7,39,6,51,3,1,5,10,12,0.1,0.7000000000000001,True
73,3,CLF_UNION,39,20,73,6,73,3,1,5,10,12,0.1,0.7000000000000001,True
74,3,ORD-UNION,26,3,30,6,30,3,1,5,10,12,0.1,0.7000000000000001,True
75,3,CARD,30,7,39,6,51,3,1,5,10,12,0.1,0.7000000000000001,False
76,3,CLF_UNION,39,20,73,6,73,3,1,5,10,12,0.1,0.7000000000000001,False
77,3,ORD-UNION,26,3,30,6,30,3,1,5,10,12,0.1,0.7000000000000001,False
78,3,CARD,36,2,40,6,50,3,1,5,10,12,0.1,0.7000000000000001,True
79,3,CLF_UNION,42,15,69,6,69,3,1,5,10,12,0.1,0.7000000000000001,True
80,3,ORD-UNION,33,1,36,6,36,3,1,5,10,12,0.1,0.7000000000000001,True
81,3,CARD,36,2,40,6,50,3,1,5,10,12,0.1,0.7000000000000001,False
82,3,CLF_UNION,42,15,69,6,69,3,1,5,10,12,0.1,0.7000000000000001,False
83,3,ORD-UNION,33,1,36,6,36,3,1,5,10,12,0.1,0.7000000000000001,False
84,3,CARD,28,6,35,6,55,3,1,5,10,12,0.1,0.7000000000000001,True
85,3,CLF_UNION,40,20,73,6,73,3,1,5,10,12,0.1,0.7000000000000001,True
86,3,ORD-UNION,23,4,27,6,27,3,1,5,10,12,0.1,0.7000000000000001,True
87,3,CARD,28,6,35,6,55,3,1,5,10,12,0.1,0.7000000000000001,False
88,3,CLF_UNION,40,20,73,6,73,3,1,5,10,12,0.1,0.7000000000000001,False
89,3,ORD-UNION,23,4,27,6,27,3,1,5,10,12,0.1,0.7000000000000001,False
90,4,CARD,29,6,37,10,53,9,5,5,10,12,0.1,0.7000000000000001,True
91,4,CLF_UNION,34,10,57,10,57,9,5,5,10,12,0.1,0.7000000000000001,True
92,4,ORD-UNION,4,0,4,10,4,9,5,5,10,12,0.1,0.7000000000000001,True
93,4,CARD,34,6,42,10,48,3,1,5,10,12,0.1,0.7000000000000001,False
94,4,CLF_UNION,37,8,59,10,59,3,1,5,10,12,0.1,0.7000000000000001,False
95,4,ORD-UNION,34,5,41,10,41,3,1,5,10,12,0.1,0.7000000000000001,False
96,4,CARD,26,13,41,10,49,3,1,5,10,12,0.1,0.7000000000000001,True
97,4,CLF_UNION,31,16,61,10,61,3,1,5,10,12,0.1,0.7000000000000001,True
98,4,ORD-UNION,26,11,39,10,39,3,1,5,10,12,0.1,0.7000000000000001,True
99,4,CARD,26,13,41,10,49,3,1,5,10,12,0.1,0.7000000000000001,False
100,4,CLF_UNION,31,16,61,10,61,3,1,5,10,12,0.1,0.7000000000000001,False
101,4,ORD-UNION,26,11,39,10,39,3,1,5,10,12,0.1,0.7000000000000001,False
102,4,CARD,28,8,39,10,50,3,1,5,10,12,0.1,0.7000000000000001,True
103,4,CLF_UNION,38,14,65,10,66,3,1,5,10,12,0.1,0.7000000000000001,True
104,4,ORD-UNION,27,3,33,10,34,3,1,5,10,12,0.1,0.7000000000000001,True
105,4,CARD,28,8,39,10,50,3,1,5,10,12,0.1,0.7000000000000001,False
106,4,CLF_UNION,38,14,65,10,66,3,1,5,10,12,0.1,0.7000000000000001,False
107,4,ORD-UNION,27,3,33,10,34,3,1,5,10,12,0.1,0.7000000000000001,False
108,4,CARD,27,9,40,10,49,3,1,5,10,12,0.1,0.7000000000000001,True
109,4,CLF_UNION,33,13,60,10,61,3,1,5,10,12,0.1,0.7000000000000001,True
110,4,ORD-UNION,27,7,38,10,39,3,1,5,10,12,0.1,0.7000000000000001,True
111,4,CARD,27,9,40,10,49,3,1,5,10,12,0.1,0.7000000000000001,False
112,4,CLF_UNION,33,13,60,10,61,3,1,5,10,12,0.1,0.7000000000000001,False
113,4,ORD-UNION,27,7,38,10,39,3,1,5,10,12,0.1,0.7000000000000001,False
114,4,CARD,31,10,42,10,48,3,1,5,10,12,0.1,0.7000000000000001,True
115,4,CLF_UNION,34,13,58,10,58,3,1,5,10,12,0.1,0.7000000000000001,True
116,4,ORD-UNION,31,10,42,10,42,3,1,5,10,12,0.1,0.7000000000000001,True
117,4,CARD,31,10,42,10,48,3,1,5,10,12,0.1,0.7000000000000001,False
118,4,CLF_UNION,34,13,58,10,58,3,1,5,10,12,0.1,0.7000000000000001,False
119,4,ORD-UNION,31,10,42,10,42,3,1,5,10,12,0.1,0.7000000000000001,False
120,5,CARD,34,0,36,14,51,9,5,5,10,12,0.1,0.7000000000000001,True
121,5,CLF_UNION,36,5,53,14,56,9,5,5,10,12,0.1,0.7000000000000001,True
122,5,ORD-UNION,3,0,3,14,6,9,5,5,10,12,0.1,0.7000000000000001,True
123,5,CARD,26,10,38,14,49,3,1,5,10,12,0.1,0.7000000000000001,False
124,5,CLF_UNION,33,19,64,14,67,3,1,5,10,12,0.1,0.7000000000000001,False
125,5,ORD-UNION,26,7,35,14,38,3,1,5,10,12,0.1,0.7000000000000001,False
126,5,CARD,29,10,41,14,48,3,1,5,10,12,0.1,0.7000000000000001,True
127,5,CLF_UNION,40,15,67,14,68,3,1,5,10,12,0.1,0.7000000000000001,True
128,5,ORD-UNION,25,3,29,14,30,3,1,5,10,12,0.1,0.7000000000000001,True
129,5,CARD,29,10,41,14,48,3,1,5,10,12,0.1,0.7000000000000001,False
130,5,CLF_UNION,40,15,67,14,68,3,1,5,10,12,0.1,0.7000000000000001,False
131,5,ORD-UNION,25,3,29,14,30,3,1,5,10,12,0.1,0.7000000000000001,False
132,5,CARD,21,12,35,14,49,3,1,5,10,12,0.1,0.7000000000000001,True
133,5,CLF_UNION,25,20,57,14,63,3,1,5,10,12,0.1,0.7000000000000001,True
134,5,ORD-UNION,21,12,35,14,41,3,1,5,10,12,0.1,0.7000000000000001,True
135,5,CARD,21,12,35,14,49,3,1,5,10,12,0.1,0.7000000000000001,False
136,5,CLF_UNION,25,20,57,14,63,3,1,5,10,12,0.1,0.7000000000000001,False
137,5,ORD-UNION,21,12,35,14,41,3,1,5,10,12,0.1,0.7000000000000001,False
138,5,CARD,16,13,39,14,50,3,1,5,10,12,0.1,0.7000000000000001,True
139,5,CLF_UNION,27,21,71,14,72,3,1,5,10,12,0.1,0.7000000000000001,True
140,5,ORD-UNION,15,8,32,14,33,3,1,5,10,12,0.1,0.7000000000000001,True
141,5,CARD,16,13,39,14,50,3,1,5,10,12,0.1,0.7000000000000001,False
142,5,CLF_UNION,27,21,71,14,72,3,1,5,10,12,0.1,0.7000000000000001,False
143,5,ORD-UNION,15,8,32,14,33,3,1,5,10,12,0.1,0.7000000000000001,False
144,5,CARD,20,18,41,14,49,3,1,5,10,12,0.1,0.7000000000000001,True
145,5,CLF_UNION,35,23,71,14,71,3,1,5,10,12,0.1,0.7000000000000001,True
146,5,ORD-UNION,15,8,25,14,25,3,1,5,10,12,0.1,0.7000000000000001,True
147,5,CARD,20,18,41,14,49,3,1,5,10,12,0.1,0.7000000000000001,False
148,5,CLF_UNION,35,23,71,14,71,3,1,5,10,12,0.1,0.7000000000000001,False
149,5,ORD-UNION,15,8,25,14,25,3,1,5,10,12,0.1,0.7000000000000001,False
150,6,CARD,34,1,38,20,49,9,5,5,10,12,0.1,0.7000000000000001,True
151,6,CLF_UNION,31,7,52,20,55,9,5,5,10,12,0.1,0.7000000000000001,True
152,6,ORD-UNION,1,0,1,20,4,9,5,5,10,12,0.1,0.7000000000000001,True
153,6,CARD,34,1,38,20,49,4,1,5,10,12,0.1,0.7000000000000001,False
154,6,CLF_UNION,38,11,65,20,68,4,1,5,10,12,0.1,0.7000000000000001,False
155,6,ORD-UNION,26,0,26,20,29,4,1,5,10,12,0.1,0.7000000000000001,False
156,6,CARD,28,2,35,20,49,4,1,5,10,12,0.1,0.7000000000000001,True
157,6,CLF_UNION,32,8,62,20,68,4,1,5,10,12,0.1,0.7000000000000001,True
158,6,ORD-UNION,22,0,22,20,28,4,1,5,10,12,0.1,0.7000000000000001,True
159,6,CARD,28,2,35,20,49,4,1,5,10,12,0.1,0.7000000000000001,False
160,6,CLF_UNION,32,8,62,20,68,4,1,5,10,12,0.1,0.7000000000000001,False
161,6,ORD-UNION,22,0,22,20,28,4,1,5,10,12,0.1,0.7000000000000001,False
162,6,CARD,38,3,43,20,47,4,1,5,10,12,0.1,0.7000000000000001,True
163,6,CLF_UNION,42,5,62,20,62,4,1,5,10,12,0.1,0.7000000000000001,True
164,6,ORD-UNION,33,0,34,20,34,4,1,5,10,12,0.1,0.7000000000000001,True
165,6,CARD,38,3,43,20,47,4,1,5,10,12,0.1,0.7000000000000001,False
166,6,CLF_UNION,42,5,62,20,62,4,1,5,10,12,0.1,0.7000000000000001,False
167,6,ORD-UNION,33,0,34,20,34,4,1,5,10,12,0.1,0.7000000000000001,False
168,6,CARD,38,2,41,20,48,4,1,5,10,12,0.1,0.7000000000000001,True
169,6,CLF_UNION,43,9,64,20,65,4,1,5,10,12,0.1,0.7000000000000001,True
170,6,ORD-UNION,32,0,32,20,33,4,1,5,10,12,0.1,0.7000000000000001,True
171,6,CARD,38,2,41,20,48,4,1,5,10,12,0.1,0.7000000000000001,False
172,6,CLF_UNION,43,9,64,20,65,4,1,5,10,12,0.1,0.7000000000000001,False
173,6,ORD-UNION,32,0,32,20,33,4,1,5,10,12,0.1,0.7000000000000001,False
174,6,CARD,35,3,40,20,47,4,1,5,10,12,0.1,0.7000000000000001,True
175,6,CLF_UNION,39,11,66,20,69,4,1,5,10,12,0.1,0.7000000000000001,True
176,6,ORD-UNION,24,0,24,20,27,4,1,5,10,12,0.1,0.7000000000000001,True
177,6,CARD,35,3,40,20,47,4,1,5,10,12,0.1,0.7000000000000001,False
178,6,CLF_UNION,39,11,66,20,69,4,1,5,10,12,0.1,0.7000000000000001,False
179,6,ORD-UNION,24,0,24,20,27,4,1,5,10,12,0.1,0.7000000000000001,False
180,7,CARD,35,2,40,27,47,9,5,5,10,12,0.1,0.7000000000000001,True
181,7,CLF_UNION,37,2,52,27,55,9,5,5,10,12,0.1,0.7000000000000001,True
182,7,ORD-UNION,2,0,2,27,5,9,5,5,10,12,0.1,0.7000000000000001,True
183,7,CARD,35,2,39,27,48,4,1,5,10,12,0.1,0.7000000000000001,False
184,7,CLF_UNION,38,2,54,27,57,4,1,5,10,12,0.1,0.7000000000000001,False
185,7,ORD-UNION,31,0,32,27,35,4,1,5,10,12,0.1,0.7000000000000001,False
186,7,CARD,29,3,35,27,49,4,1,5,10,12,0.1,0.7000000000000001,True
187,7,CLF_UNION,35,3,53,27,59,4,1,5,10,12,0.1,0.7000000000000001,True
188,7,ORD-UNION,29,0,30,27,36,4,1,5,10,12,0.1,0.7000000000000001,True
189,7,CARD,29,3,35,27,49,4,1,5,10,12,0.1,0.7000000000000001,False
190,7,CLF_UNION,35,3,53,27,59,4,1,5,10,12,0.1,0.7000000000000001,False
191,7,ORD-UNION,29,0,30,27,36,4,1,5,10,12,0.1,0.7000000000000001,False
192,7,CARD,32,1,34,27,51,4,1,5,10,12,0.1,0.7000000000000001,True
193,7,CLF_UNION,37,5,55,27,60,4,1,5,10,12,0.1,0.7000000000000001,True
194,7,ORD-UNION,30,0,30,27,35,4,1,5,10,12,0.1,0.7000000000000001,True
195,7,CARD,32,1,34,27,51,4,1,5,10,12,0.1,0.7000000000000001,False
196,7,CLF_UNION,37,5,55,27,60,4,1,5,10,12,0.1,0.7000000000000001,False
197,7,ORD-UNION,30,0,30,27,35,4,1,5,10,12,0.1,0.7000000000000001,False
198,7,CARD,34,2,38,27,49,4,1,5,10,12,0.1,0.7000000000000001,True
199,7,CLF_UNION,37,4,55,27,58,4,1,5,10,12,0.1,0.7000000000000001,True
200,7,ORD-UNION,30,1,31,27,34,4,1,5,10,12,0.1,0.7000000000000001,True
201,7,CARD,34,2,38,27,49,4,1,5,10,12,0.1,0.7000000000000001,False
202,7,CLF_UNION,37,4,55,27,58,4,1,5,10,12,0.1,0.7000000000000001,False
203,7,ORD-UNION,30,1,31,27,34,4,1,5,10,12,0.1,0.7000000000000001,False
204,7,CARD,34,0,34,27,50,4,1,5,10,12,0.1,0.7000000000000001,True
205,7,CLF_UNION,36,2,54,27,60,4,1,5,10,12,0.1,0.7000000000000001,True
206,7,ORD-UNION,28,0,28,27,34,4,1,5,10,12,0.1,0.7000000000000001,True
207,7,CARD,34,0,34,27,50,4,1,5,10,12,0.1,0.7000000000000001,False
208,7,CLF_UNION,36,2,54,27,60,4,1,5,10,12,0.1,0.7000000000000001,False
209,7,ORD-UNION,28,0,28,27,34,4,1,5,10,12,0.1,0.7000000000000001,False
210,8,CARD,35,4,41,34,46,9,5,5,10,12,0.1,0.7000000000000001,True
211,8,CLF_UNION,40,0,52,34,55,9,5,5,10,12,0.1,0.7000000000000001,True
212,8,ORD-UNION,4,0,4,34,7,9,5,5,10,12,0.1,0.7000000000000001,True
213,8,CARD,34,3,39,34,48,4,1,5,10,12,0.1,0.7000000000000001,False
214,8,CLF_UNION,39,4,55,34,58,4,1,5,10,12,0.1,0.7000000000000001,False
215,8,ORD-UNION,34,0,35,34,38,4,1,5,10,12,0.1,0.7000000000000001,False
216,8,CARD,36,1,38,34,50,4,1,5,10,12,0.1,0.7000000000000001,True
217,8,CLF_UNION,41,3,56,34,58,4,1,5,10,12,0.1,0.7000000000000001,True
218,8,ORD-UNION,36,0,37,34,39,4,1,5,10,12,0.1,0.7000000000000001,True
219,8,CARD,36,1,38,34,50,4,1,5,10,12,0.1,0.7000000000000001,False
220,8,CLF_UNION,41,3,56,34,58,4,1,5,10,12,0.1,0.7000000000000001,False
221,8,ORD-UNION,36,0,37,34,39,4,1,5,10,12,0.1,0.7000000000000001,False
222,8,CARD,37,1,39,34,50,4,1,5,10,12,0.1,0.7000000000000001,True
223,8,CLF_UNION,41,2,57,34,58,4,1,5,10,12,0.1,0.7000000000000001,True
224,8,ORD-UNION,31,0,32,34,33,4,1,5,10,12,0.1,0.7000000000000001,True
225,8,CARD,37,1,39,34,50,4,1,5,10,12,0.1,0.7000000000000001,False
226,8,CLF_UNION,41,2,57,34,58,4,1,5,10,12,0.1,0.7000000000000001,False
227,8,ORD-UNION,31,0,32,34,33,4,1,5,10,12,0.1,0.7000000000000001,False
228,8,CARD,35,2,38,34,49,4,1,5,10,12,0.1,0.7000000000000001,True
229,8,CLF_UNION,38,4,55,34,58,4,1,5,10,12,0.1,0.7000000000000001,True
230,8,ORD-UNION,32,1,33,34,36,4,1,5,10,12,0.1,0.7000000000000001,True
231,8,CARD,35,2,38,34,49,4,1,5,10,12,0.1,0.7000000000000001,False
232,8,CLF_UNION,38,4,55,34,58,4,1,5,10,12,0.1,0.7000000000000001,False
233,8,ORD-UNION,32,1,33,34,36,4,1,5,10,12,0.1,0.7000000000000001,False
234,8,CARD,33,3,38,34,49,4,1,5,10,12,0.1,0.7000000000000001,True
235,8,CLF_UNION,39,3,56,34,59,4,1,5,10,12,0.1,0.7000000000000001,True
236,8,ORD-UNION,32,0,34,34,37,4,1,5,10,12,0.1,0.7000000000000001,True
237,8,CARD,33,3,38,34,49,4,1,5,10,12,0.1,0.7000000000000001,False
238,8,CLF_UNION,39,3,56,34,59,4,1,5,10,12,0.1,0.7000000000000001,False
239,8,ORD-UNION,32,0,34,34,37,4,1,5,10,12,0.1,0.7000000000000001,False
240,9,CARD,35,4,39,43,48,9,5,5,10,12,0.1,0.7000000000000001,True
241,9,CLF_UNION,37,4,52,43,55,9,5,5,10,12,0.1,0.7000000000000001,True
242,9,ORD-UNION,8,0,8,43,11,9,5,5,10,12,0.1,0.7000000000000001,True
243,9,CARD,33,6,40,43,47,4,1,5,10,12,0.1,0.7000000000000001,False
244,9,CLF_UNION,37,5,53,43,56,4,1,5,10,12,0.1,0.7000000000000001,False
245,9,ORD-UNION,32,1,34,43,37,4,1,5,10,12,0.1,0.7000000000000001,False
246,9,CARD,31,2,35,43,52,4,1,5,10,12,0.1,0.7000000000000001,True
247,9,CLF_UNION,33,1,54,43,57,4,1,5,10,12,0.1,0.7000000000000001,True
248,9,ORD-UNION,29,0,30,43,33,4,1,5,10,12,0.1,0.7000000000000001,True
249,9,CARD,31,2,35,43,52,4,1,5,10,12,0.1,0.7000000000000001,False
250,9,CLF_UNION,33,1,54,43,57,4,1,5,10,12,0.1,0.7000000000000001,False
251,9,ORD-UNION,29,0,30,43,33,4,1,5,10,12,0.1,0.7000000000000001,False
252,9,CARD,31,2,37,43,48,4,1,5,10,12,0.1,0.7000000000000001,True
253,9,CLF_UNION,33,5,54,43,59,4,1,5,10,12,0.1,0.7000000000000001,True
254,9,ORD-UNION,28,0,29,43,34,4,1,5,10,12,0.1,0.7000000000000001,True
255,9,CARD,31,2,37,43,48,4,1,5,10,12,0.1,0.7000000000000001,False
256,9,CLF_UNION,33,5,54,43,59,4,1,5,10,12,0.1,0.7000000000000001,False
257,9,ORD-UNION,28,0,29,43,34,4,1,5,10,12,0.1,0.7000000000000001,False
258,9,CARD,36,0,39,43,48,4,1,5,10,12,0.1,0.7000000000000001,True
259,9,CLF_UNION,37,3,56,43,59,4,1,5,10,12,0.1,0.7000000000000001,True
260,9,ORD-UNION,29,0,30,43,33,4,1,5,10,12,0.1,0.7000000000000001,True
261,9,CARD,36,0,39,43,48,4,1,5,10,12,0.1,0.7000000000000001,False
262,9,CLF_UNION,37,3,56,43,59,4,1,5,10,12,0.1,0.7000000000000001,False
263,9,ORD-UNION,29,0,30,43,33,4,1,5,10,12,0.1,0.7000000000000001,False
264,9,CARD,29,5,37,43,47,4,1,5,10,12,0.1,0.7000000000000001,True
265,9,CLF_UNION,33,5,51,43,57,4,1,5,10,12,0.1,0.7000000000000001,True
266,9,ORD-UNION,29,1,32,43,38,4,1,5,10,12,0.1,0.7000000000000001,True
267,9,CARD,29,5,37,43,47,4,1,5,10,12,0.1,0.7000000000000001,False
268,9,CLF_UNION,33,5,51,43,57,4,1,5,10,12,0.1,0.7000000000000001,False
269,9,ORD-UNION,29,1,32,43,38,4,1,5,10,12,0.1,0.7000000000000001,False
270,10,CARD,38,0,40,51,47,9,5,5,10,12,0.1,0.7000000000000001,True
271,10,CLF_UNION,38,2,54,51,57,9,5,5,10,12,0.1,0.7000000000000001,True
272,10,ORD-UNION,12,0,12,51,15,9,5,5,10,12,0.1,0.7000000000000001,True
273,10,CARD,38,0,39,51,48,4,1,5,10,12,0.1,0.7000000000000001,False
274,10,CLF_UNION,38,3,56,51,59,4,1,5,10,12,0.1,0.7000000000000001,False
275,10,ORD-UNION,30,0,30,51,33,4,1,5,10,12,0.1,0.7000000000000001,False
276,10,CARD,33,0,33,51,54,4,1,5,10,12,0.1,0.7000000000000001,True
277,10,CLF_UNION,37,3,55,51,58,4,1,5,10,12,0.1,0.7000000000000001,True
278,10,ORD-UNION,33,0,33,51,36,4,1,5,10,12,0.1,0.7000000000000001,True
279,10,CARD,33,0,33,51,54,4,1,5,10,12,0.1,0.7000000000000001,False
280,10,CLF_UNION,37,3,55,51,58,4,1,5,10,12,0.1,0.7000000000000001,False
281,10,ORD-UNION,33,0,33,51,36,4,1,5,10,12,0.1,0.7000000000000001,False
282,10,CARD,24,2,28,51,48,4,1,5,10,12,0.1,0.7000000000000001,True
283,10,CLF_UNION,28,2,44,51,58,4,1,5,10,12,0.1,0.7000000000000001,True
284,10,ORD-UNION,24,0,25,51,39,4,1,5,10,12,0.1,0.7000000000000001,True
285,10,CARD,24,2,28,51,48,4,1,5,10,12,0.1,0.7000000000000001,False
286,10,CLF_UNION,28,2,44,51,58,4,1,5,10,12,0.1,0.7000000000000001,False
287,10,ORD-UNION,24,0,25,51,39,4,1,5,10,12,0.1,0.7000000000000001,False
288,10,CARD,36,2,40,51,49,4,1,5,10,12,0.1,0.7000000000000001,True
289,10,CLF_UNION,40,6,62,51,63,4,1,5,10,12,0.1,0.7000000000000001,True
290,10,ORD-UNION,33,0,33,51,34,4,1,5,10,12,0.1,0.7000000000000001,True
291,10,CARD,36,2,40,51,49,4,1,5,10,12,0.1,0.7000000000000001,False
292,10,CLF_UNION,40,6,62,51,63,4,1,5,10,12,0.1,0.7000000000000001,False
293,10,ORD-UNION,33,0,33,51,34,4,1,5,10,12,0.1,0.7000000000000001,False
294,10,CARD,38,0,39,51,48,4,1,5,10,12,0.1,0.7000000000000001,True
295,10,CLF_UNION,40,2,54,51,57,4,1,5,10,12,0.1,0.7000000000000001,True
296,10,ORD-UNION,36,0,37,51,40,4,1,5,10,12,0.1,0.7000000000000001,True
297,10,CARD,38,0,39,51,48,4,1,5,10,12,0.1,0.7000000000000001,False
298,10,CLF_UNION,40,2,54,51,57,4,1,5,10,12,0.1,0.7000000000000001,False
299,10,ORD-UNION,36,0,37,51,40,4,1,5,10,12,0.1,0.7000000000000001,False
300,11,CARD,28,4,34,60,48,9,5,5,10,12,0.1,0.7000000000000001,True
301,11,CLF_UNION,31,1,48,60,56,9,5,5,10,12,0.1,0.7000000000000001,True
302,11,ORD-UNION,15,0,15,60,23,9,5,5,10,12,0.1,0.7000000000000001,True
303,11,CARD,29,0,32,60,50,4,1,5,10,12,0.1,0.7000000000000001,False
304,11,CLF_UNION,31,3,51,60,59,4,1,5,10,12,0.1,0.7000000000000001,False
305,11,ORD-UNION,28,0,29,60,37,4,1,5,10,12,0.1,0.7000000000000001,False
306,11,CARD,34,2,38,60,47,4,1,5,10,12,0.1,0.7000000000000001,True
307,11,CLF_UNION,37,5,55,60,60,4,1,5,10,12,0.1,0.7000000000000001,True
308,11,ORD-UNION,33,1,35,60,40,4,1,5,10,12,0.1,0.7000000000000001,True
309,11,CARD,34,2,38,60,47,4,1,5,10,12,0.1,0.7000000000000001,False
310,11,CLF_UNION,37,5,55,60,60,4,1,5,10,12,0.1,0.7000000000000001,False
311,11,ORD-UNION,33,1,35,60,40,4,1,5,10,12,0.1,0.7000000000000001,False
312,11,CARD,31,0,34,60,50,4,1,5,10,12,0.1,0.7000000000000001,True
313,11,CLF_UNION,33,4,56,60,62,4,1,5,10,12,0.1,0.7000000000000001,True
314,11,ORD-UNION,29,0,30,60,36,4,1,5,10,12,0.1,0.7000000000000001,True
315,11,CARD,31,0,34,60,50,4,1,5,10,12,0.1,0.7000000000000001,False
316,11,CLF_UNION,33,4,56,60,62,4,1,5,10,12,0.1,0.7000000000000001,False
317,11,ORD-UNION,29,0,30,60,36,4,1,5,10,12,0.1,0.7000000000000001,False
318,11,CARD,32,1,36,60,49,4,1,5,10,12,0.1,0.7000000000000001,True
319,11,CLF_UNION,34,5,55,60,60,4,1,5,10,12,0.1,0.7000000000000001,True
320,11,ORD-UNION,28,0,29,60,34,4,1,5,10,12,0.1,0.7000000000000001,True
321,11,CARD,32,1,36,60,49,4,1,5,10,12,0.1,0.7000000000000001,False
322,11,CLF_UNION,34,5,55,60,60,4,1,5,10,12,0.1,0.7000000000000001,False
323,11,ORD-UNION,28,0,29,60,34,4,1,5,10,12,0.1,0.7000000000000001,False
324,11,CARD,31,0,31,60,49,4,1,5,10,12,0.1,0.7000000000000001,True
325,11,CLF_UNION,31,1,46,60,56,4,1,5,10,12,0.1,0.7000000000000001,True
326,11,ORD-UNION,31,0,31,60,41,4,1,5,10,12,0.1,0.7000000000000001,True
327,11,CARD,31,0,31,60,49,4,1,5,10,12,0.1,0.7000000000000001,False
328,11,CLF_UNION,31,1,46,60,56,4,1,5,10,12,0.1,0.7000000000000001,False
329,11,ORD-UNION,31,0,31,60,41,4,1,5,10,12,0.1,0.7000000000000001,False
330,12,CARD,30,3,35,72,45,9,5,5,10,12,0.1,0.7000000000000001,True
331,12,CLF_UNION,32,2,46,72,56,9,5,5,10,12,0.1,0.7000000000000001,True
332,12,ORD-UNION,14,0,14,72,24,9,5,5,10,12,0.1,0.7000000000000001,True
333,12,CARD,30,2,33,72,47,4,1,5,10,12,0.1,0.7000000000000001,False
334,12,CLF_UNION,32,2,47,72,57,4,1,5,10,12,0.1,0.7000000000000001,False
335,12,ORD-UNION,30,2,33,72,43,4,1,5,10,12,0.1,0.7000000000000001,False
336,12,CARD,29,3,34,72,47,4,1,5,10,12,0.1,0.7000000000000001,True
337,12,CLF_UNION,33,4,50,72,59,4,1,5,10,12,0.1,0.7000000000000001,True
338,12,ORD-UNION,29,3,34,72,43,4,1,5,10,12,0.1,0.7000000000000001,True
339,12,CARD,29,3,34,72,47,4,1,5,10,12,0.1,0.7000000000000001,False
340,12,CLF_UNION,33,4,50,72,59,4,1,5,10,12,0.1,0.7000000000000001,False
341,12,ORD-UNION,29,3,34,72,43,4,1,5,10,12,0.1,0.7000000000000001,False
342,12,CARD,22,5,29,72,47,4,1,5,10,12,0.1,0.7000000000000001,True
343,12,CLF_UNION,25,7,46,72,60,4,1,5,10,12,0.1,0.7000000000000001,True
344,12,ORD-UNION,22,5,29,72,43,4,1,5,10,12,0.1,0.7000000000000001,True
345,12,CARD,22,5,29,72,47,4,1,5,10,12,0.1,0.7000000000000001,False
346,12,CLF_UNION,25,7,46,72,60,4,1,5,10,12,0.1,0.7000000000000001,False
347,12,ORD-UNION,22,5,29,72,43,4,1,5,10,12,0.1,0.7000000000000001,False
348,12,CARD,27,5,41,72,48,4,1,5,10,12,0.1,0.7000000000000001,True
349,12,CLF_UNION,33,6,64,72,65,4,1,5,10,12,0.1,0.7000000000000001,True
350,12,ORD-UNION,27,5,41,72,42,4,1,5,10,12,0.1,0.7000000000000001,True
351,12,CARD,27,5,41,72,48,4,1,5,10,12,0.1,0.7000000000000001,False
352,12,CLF_UNION,33,6,64,72,65,4,1,5,10,12,0.1,0.7000000000000001,False
353,12,ORD-UNION,27,5,41,72,42,4,1,5,10,12,0.1,0.7000000000000001,False
354,12,CARD,30,2,34,72,46,4,1,5,10,12,0.1,0.7000000000000001,True
355,12,CLF_UNION,32,2,49,72,59,4,1,5,10,12,0.1,0.7000000000000001,True
356,12,ORD-UNION,30,2,34,72,44,4,1,5,10,12,0.1,0.7000000000000001,True
357,12,CARD,30,2,34,72,46,4,1,5,10,12,0.1,0.7000000000000001,False
358,12,CLF_UNION,32,2,49,72,59,4,1,5,10,12,0.1,0.7000000000000001,False
359,12,ORD-UNION,30,2,34,72,44,4,1,5,10,12,0.1,0.7000000000000001,False
360,13,CARD,35,3,42,84,45,9,5,5,10,12,0.1,0.7000000000000001,True
361,13,CLF_UNION,38,0,52,84,55,9,5,5,10,12,0.1,0.7000000000000001,True
362,13,ORD-UNION,18,0,18,84,21,9,5,5,10,12,0.1,0.7000000000000001,True
363,13,CARD,34,3,40,84,47,5,2,5,10,12,0.1,0.7000000000000001,False
364,13,CLF_UNION,36,3,54,84,57,5,2,5,10,12,0.1,0.7000000000000001,False
365,13,ORD-UNION,34,3,40,84,43,5,2,5,10,12,0.1,0.7000000000000001,False
366,13,CARD,25,3,31,84,45,5,2,5,10,12,0.1,0.7000000000000001,True
367,13,CLF_UNION,27,1,41,84,55,5,2,5,10,12,0.1,0.7000000000000001,True
368,13,ORD-UNION,24,3,30,84,44,5,2,5,10,12,0.1,0.7000000000000001,True
369,13,CARD,25,3,31,84,45,5,2,5,10,12,0.1,0.7000000000000001,False
370,13,CLF_UNION,27,1,41,84,55,5,2,5,10,12,0.1,0.7000000000000001,False
371,13,ORD-UNION,24,3,30,84,44,5,2,5,10,12,0.1,0.7000000000000001,False
372,13,CARD,28,2,30,84,45,5,2,5,10,12,0.1,0.7000000000000001,True
373,13,CLF_UNION,29,1,40,84,55,5,2,5,10,12,0.1,0.7000000000000001,True
374,13,ORD-UNION,28,2,30,84,45,5,2,5,10,12,0.1,0.7000000000000001,True
375,13,CARD,28,2,30,84,45,5,2,5,10,12,0.1,0.7000000000000001,False
376,13,CLF_UNION,29,1,40,84,55,5,2,5,10,12,0.1,0.7000000000000001,False
377,13,ORD-UNION,28,2,30,84,45,5,2,5,10,12,0.1,0.7000000000000001,False
378,13,CARD,32,0,34,84,46,5,2,5,10,12,0.1,0.7000000000000001,True
379,13,CLF_UNION,32,1,47,84,57,5,2,5,10,12,0.1,0.7000000000000001,True
380,13,ORD-UNION,32,0,34,84,44,5,2,5,10,12,0.1,0.7000000000000001,True
381,13,CARD,32,0,34,84,46,5,2,5,10,12,0.1,0.7000000000000001,False
382,13,CLF_UNION,32,1,47,84,57,5,2,5,10,12,0.1,0.7000000000000001,False
383,13,ORD-UNION,32,0,34,84,44,5,2,5,10,12,0.1,0.7000000000000001,False
384,13,CARD,33,0,35,84,45,5,2,5,10,12,0.1,0.7000000000000001,True
385,13,CLF_UNION,33,0,45,84,55,5,2,5,10,12,0.1,0.7000000000000001,True
386,13,ORD-UNION,33,0,35,84,45,5,2,5,10,12,0.1,0.7000000000000001,True
387,13,CARD,33,0,35,84,45,5,2,5,10,12,0.1,0.7000000000000001,False
388,13,CLF_UNION,33,0,45,84,55,5,2,5,10,12,0.1,0.7000000000000001,False
389,13,ORD-UNION,33,0,35,84,45,5,2,5,10,12,0.1,0.7000000000000001,False
390,14,CARD,23,6,35,97,46,9,5,5,10,12,0.1,0.7000000000000001,True
391,14,CLF_UNION,28,1,46,97,55,9,5,5,10,12,0.1,0.7000000000000001,True
392,14,ORD-UNION,18,0,19,97,28,9,5,5,10,12,0.1,0.7000000000000001,True
393,14,CARD,26,0,30,97,51,6,2,5,10,12,0.1,0.7000000000000001,False
394,14,CLF_UNION,29,2,48,97,57,6,2,5,10,12,0.1,0.7000000000000001,False
395,14,ORD-UNION,26,0,30,97,39,6,2,5,10,12,0.1,0.7000000000000001,False
396,14,CARD,34,0,34,97,47,6,2,5,10,12,0.1,0.7000000000000001,True
397,14,CLF_UNION,34,0,47,97,56,6,2,5,10,12,0.1,0.7000000000000001,True
398,14,ORD-UNION,34,0,34,97,43,6,2,5,10,12,0.1,0.7000000000000001,True
399,14,CARD,34,0,34,97,47,6,2,5,10,12,0.1,0.7000000000000001,False
400,14,CLF_UNION,34,0,47,97,56,6,2,5,10,12,0.1,0.7000000000000001,False
401,14,ORD-UNION,34,0,34,97,43,6,2,5,10,12,0.1,0.7000000000000001,False
402,14,CARD,31,0,34,97,47,6,2,5,10,12,0.1,0.7000000000000001,True
403,14,CLF_UNION,31,0,48,97,57,6,2,5,10,12,0.1,0.7000000000000001,True
404,14,ORD-UNION,31,0,34,97,43,6,2,5,10,12,0.1,0.7000000000000001,True
405,14,CARD,31,0,34,97,47,6,2,5,10,12,0.1,0.7000000000000001,False
406,14,CLF_UNION,31,0,48,97,57,6,2,5,10,12,0.1,0.7000000000000001,False
407,14,ORD-UNION,31,0,34,97,43,6,2,5,10,12,0.1,0.7000000000000001,False
408,14,CARD,32,0,33,97,48,6,2,5,10,12,0.1,0.7000000000000001,True
409,14,CLF_UNION,32,0,47,97,56,6,2,5,10,12,0.1,0.7000000000000001,True
410,14,ORD-UNION,32,0,33,97,42,6,2,5,10,12,0.1,0.7000000000000001,True
411,14,CARD,32,0,33,97,48,6,2,5,10,12,0.1,0.7000000000000001,False
412,14,CLF_UNION,32,0,47,97,56,6,2,5,10,12,0.1,0.7000000000000001,False
413,14,ORD-UNION,32,0,33,97,42,6,2,5,10,12,0.1,0.7000000000000001,False
414,14,CARD,33,0,34,97,47,6,2,5,10,12,0.1,0.7000000000000001,True
415,14,CLF_UNION,33,0,47,97,56,6,2,5,10,12,0.1,0.7000000000000001,True
416,14,ORD-UNION,30,0,31,97,40,6,2,5,10,12,0.1,0.7000000000000001,True
417,14,CARD,33,0,34,97,47,6,2,5,10,12,0.1,0.7000000000000001,False
418,14,CLF_UNION,33,0,47,97,56,6,2,5,10,12,0.1,0.7000000000000001,False
419,14,ORD-UNION,30,0,31,97,40,6,2,5,10,12,0.1,0.7000000000000001,False
420,15,CARD,27,2,36,110,45,9,5,5,10,12,0.1,0.7000000000000001,True
421,15,CLF_UNION,29,0,46,110,55,9,5,5,10,12,0.1,0.7000000000000001,True
422,15,ORD-UNION,22,0,24,110,33,9,5,5,10,12,0.1,0.7000000000000001,True
423,15,CARD,27,1,34,110,47,6,2,5,10,12,0.1,0.7000000000000001,False
424,15,CLF_UNION,28,4,52,110,61,6,2,5,10,12,0.1,0.7000000000000001,False
425,15,ORD-UNION,27,1,34,110,43,6,2,5,10,12,0.1,0.7000000000000001,False
426,15,CARD,27,0,33,110,49,6,2,5,10,12,0.1,0.7000000000000001,True
427,15,CLF_UNION,26,2,49,110,57,6,2,5,10,12,0.1,0.7000000000000001,True
428,15,ORD-UNION,27,0,31,110,39,6,2,5,10,12,0.1,0.7000000000000001,True
429,15,CARD,27,0,33,110,49,6,2,5,10,12,0.1,0.7000000000000001,False
430,15,CLF_UNION,26,2,49,110,57,6,2,5,10,12,0.1,0.7000000000000001,False
431,15,ORD-UNION,27,0,31,110,39,6,2,5,10,12,0.1,0.7000000000000001,False
432,15,CARD,32,0,35,110,46,6,2,5,10,12,0.1,0.7000000000000001,True
433,15,CLF_UNION,31,3,47,110,55,6,2,5,10,12,0.1,0.7000000000000001,True
434,15,ORD-UNION,31,0,34,110,43,6,2,5,10,12,0.1,0.7000000000000001,True
435,15,CARD,32,0,35,110,46,6,2,5,10,12,0.1,0.7000000000000001,False
436,15,CLF_UNION,31,3,47,110,55,6,2,5,10,12,0.1,0.7000000000000001,False
437,15,ORD-UNION,31,0,34,110,43,6,2,5,10,12,0.1,0.7000000000000001,False
438,15,CARD,25,0,29,110,48,6,2,5,10,12,0.1,0.7000000000000001,True
439,15,CLF_UNION,25,4,45,110,58,6,2,5,10,12,0.1,0.7000000000000001,True
440,15,ORD-UNION,25,0,29,110,42,6,2,5,10,12,0.1,0.7000000000000001,True
441,15,CARD,25,0,29,110,48,6,2,5,10,12,0.1,0.7000000000000001,False
442,15,CLF_UNION,25,4,45,110,58,6,2,5,10,12,0.1,0.7000000000000001,False
443,15,ORD-UNION,25,0,29,110,42,6,2,5,10,12,0.1,0.7000000000000001,False
444,15,CARD,27,1,29,110,47,6,2,5,10,12,0.1,0.7000000000000001,True
445,15,CLF_UNION,26,3,41,110,55,6,2,5,10,12,0.1,0.7000000000000001,True
446,15,ORD-UNION,27,1,29,110,43,6,2,5,10,12,0.1,0.7000000000000001,True
447,15,CARD,27,1,29,110,47,6,2,5,10,12,0.1,0.7000000000000001,False
448,15,CLF_UNION,26,3,41,110,55,6,2,5,10,12,0.1,0.7000000000000001,False
449,15,ORD-UNION,27,1,29,110,43,6,2,5,10,12,0.1,0.7000000000000001,False
450,16,CARD,37,2,42,125,45,9,5,5,10,12,0.1,0.7000000000000001,True
451,16,CLF_UNION,39,0,52,125,55,9,5,5,10,12,0.1,0.7000000000000001,True
452,16,ORD-UNION,28,0,28,125,31,9,5,5,10,12,0.1,0.7000000000000001,True
453,16,CARD,39,0,40,125,47,6,2,5,10,12,0.1,0.7000000000000001,False
454,16,CLF_UNION,38,1,53,125,56,6,2,5,10,12,0.1,0.7000000000000001,False
455,16,ORD-UNION,38,0,38,125,41,6,2,5,10,12,0.1,0.7000000000000001,False
456,16,CARD,35,0,38,125,47,6,2,5,10,12,0.1,0.7000000000000001,True
457,16,CLF_UNION,34,3,52,125,57,6,2,5,10,12,0.1,0.7000000000000001,True
458,16,ORD-UNION,33,0,36,125,41,6,2,5,10,12,0.1,0.7000000000000001,True
459,16,CARD,35,0,38,125,47,6,2,5,10,12,0.1,0.7000000000000001,False
460,16,CLF_UNION,34,3,52,125,57,6,2,5,10,12,0.1,0.7000000000000001,False
461,16,ORD-UNION,33,0,36,125,41,6,2,5,10,12,0.1,0.7000000000000001,False
462,16,CARD,30,1,33,125,47,6,2,5,10,12,0.1,0.7000000000000001,True
463,16,CLF_UNION,31,2,47,125,57,6,2,5,10,12,0.1,0.7000000000000001,True
464,16,ORD-UNION,30,1,33,125,43,6,2,5,10,12,0.1,0.7000000000000001,True
465,16,CARD,30,1,33,125,47,6,2,5,10,12,0.1,0.7000000000000001,False
466,16,CLF_UNION,31,2,47,125,57,6,2,5,10,12,0.1,0.7000000000000001,False
467,16,ORD-UNION,30,1,33,125,43,6,2,5,10,12,0.1,0.7000000000000001,False
468,16,CARD,27,0,30,125,46,6,2,5,10,12,0.1,0.7000000000000001,True
469,16,CLF_UNION,27,0,41,125,55,6,2,5,10,12,0.1,0.7000000000000001,True
470,16,ORD-UNION,27,0,28,125,42,6,2,5,10,12,0.1,0.7000000000000001,True
471,16,CARD,27,0,30,125,46,6,2,5,10,12,0.1,0.7000000000000001,False
472,16,CLF_UNION,27,0,41,125,55,6,2,5,10,12,0.1,0.7000000000000001,False
473,16,ORD-UNION,27,0,28,125,42,6,2,5,10,12,0.1,0.7000000000000001,False
474,16,CARD,22,0,25,125,46,6,2,5,10,12,0.1,0.7000000000000001,True
475,16,CLF_UNION,22,1,37,125,56,6,2,5,10,12,0.1,0.7000000000000001,True
476,16,ORD-UNION,22,0,23,125,42,6,2,5,10,12,0.1,0.7000000000000001,True
477,16,CARD,22,0,25,125,46,6,2,5,10,12,0.1,0.7000000000000001,False
478,16,CLF_UNION,22,1,37,125,56,6,2,5,10,12,0.1,0.7000000000000001,False
479,16,ORD-UNION,22,0,23,125,42,6,2,5,10,12,0.1,0.7000000000000001,False
480,17,CARD,28,0,31,139,45,9,5,5,10,12,0.1,0.7000000000000001,True
481,17,CLF_UNION,28,0,41,139,55,9,5,5,10,12,0.1,0.7000000000000001,True
482,17,ORD-UNION,27,0,29,139,43,9,5,5,10,12,0.1,0.7000000000000001,True
483,17,CARD,27,1,31,139,45,6,2,5,10,12,0.1,0.7000000000000001,False
484,17,CLF_UNION,28,0,41,139,55,6,2,5,10,12,0.1,0.7000000000000001,False
485,17,ORD-UNION,26,1,30,139,44,6,2,5,10,12,0.1,0.7000000000000001,False
486,17,CARD,28,0,31,139,45,6,2,5,10,12,0.1,0.7000000000000001,True
487,17,CLF_UNION,28,0,41,139,55,6,2,5,10,12,0.1,0.7000000000000001,True
488,17,ORD-UNION,27,0,29,139,43,6,2,5,10,12,0.1,0.7000000000000001,True
489,17,CARD,28,0,31,139,45,6,2,5,10,12,0.1,0.7000000000000001,False
490,17,CLF_UNION,28,0,41,139,55,6,2,5,10,12,0.1,0.7000000000000001,False
491,17,ORD-UNION,27,0,29,139,43,6,2,5,10,12,0.1,0.7000000000000001,False
492,17,CARD,28,1,29,139,46,6,2,5,10,12,0.1,0.7000000000000001,True
493,17,CLF_UNION,29,3,42,139,57,6,2,5,10,12,0.1,0.7000000000000001,True
494,17,ORD-UNION,28,1,29,139,44,6,2,5,10,12,0.1,0.7000000000000001,True
495,17,CARD,28,1,29,139,46,6,2,5,10,12,0.1,0.7000000000000001,False
496,17,CLF_UNION,29,3,42,139,57,6,2,5,10,12,0.1,0.7000000000000001,False
497,17,ORD-UNION,28,1,29,139,44,6,2,5,10,12,0.1,0.7000000000000001,False
498,17,CARD,28,0,33,139,45,6,2,5,10,12,0.1,0.7000000000000001,True
499,17,CLF_UNION,28,0,43,139,55,6,2,5,10,12,0.1,0.7000000000000001,True
500,17,ORD-UNION,28,0,32,139,44,6,2,5,10,12,0.1,0.7000000000000001,True
501,17,CARD,28,0,33,139,45,6,2,5,10,12,0.1,0.7000000000000001,False
502,17,CLF_UNION,28,0,43,139,55,6,2,5,10,12,0.1,0.7000000000000001,False
503,17,ORD-UNION,28,0,32,139,44,6,2,5,10,12,0.1,0.7000000000000001,False
504,17,CARD,19,0,25,139,46,6,2,5,10,12,0.1,0.7000000000000001,True
505,17,CLF_UNION,19,0,37,139,56,6,2,5,10,12,0.1,0.7000000000000001,True
506,17,ORD-UNION,18,0,24,139,43,6,2,5,10,12,0.1,0.7000000000000001,True
507,17,CARD,19,0,25,139,46,6,2,5,10,12,0.1,0.7000000000000001,False
508,17,CLF_UNION,19,0,37,139,56,6,2,5,10,12,0.1,0.7000000000000001,False
509,17,ORD-UNION,18,0,24,139,43,6,2,5,10,12,0.1,0.7000000000000001,False
510,18,CARD,36,0,38,157,47,9,5,5,10,12,0.1,0.7000000000000001,True
511,18,CLF_UNION,37,0,50,157,55,9,5,5,10,12,0.1,0.7000000000000001,True
512,18,ORD-UNION,34,0,35,157,40,9,5,5,10,12,0.1,0.7000000000000001,True
513,18,CARD,35,1,38,157,47,13,2,5,10,12,0.1,0.7000000000000001,False
514,18,CLF_UNION,36,1,50,157,55,13,2,5,10,12,0.1,0.7000000000000001,False
515,18,ORD-UNION,6,0,6,157,11,13,2,5,10,12,0.1,0.7000000000000001,False
516,18,CARD,26,3,30,157,46,13,2,5,10,12,0.1,0.7000000000000001,True
517,18,CLF_UNION,28,1,41,157,55,13,2,5,10,12,0.1,0.7000000000000001,True
518,18,ORD-UNION,9,0,9,157,23,13,2,5,10,12,0.1,0.7000000000000001,True
519,18,CARD,26,3,30,157,46,13,2,5,10,12,0.1,0.7000000000000001,False
520,18,CLF_UNION,28,1,41,157,55,13,2,5,10,12,0.1,0.7000000000000001,False
521,18,ORD-UNION,9,0,9,157,23,13,2,5,10,12,0.1,0.7000000000000001,False
522,18,CARD,27,1,30,157,46,13,2,5,10,12,0.1,0.7000000000000001,True
523,18,CLF_UNION,29,0,42,157,56,13,2,5,10,12,0.1,0.7000000000000001,True
524,18,ORD-UNION,9,0,9,157,23,13,2,5,10,12,0.1,0.7000000000000001,True
525,18,CARD,27,1,30,157,46,13,2,5,10,12,0.1,0.7000000000000001,False
526,18,CLF_UNION,29,0,42,157,56,13,2,5,10,12,0.1,0.7000000000000001,False
527,18,ORD-UNION,9,0,9,157,23,13,2,5,10,12,0.1,0.7000000000000001,False
528,18,CARD,35,1,38,157,46,13,2,5,10,12,0.1,0.7000000000000001,True
529,18,CLF_UNION,37,0,49,157,55,13,2,5,10,12,0.1,0.7000000000000001,True
530,18,ORD-UNION,11,0,11,157,17,13,2,5,10,12,0.1,0.7000000000000001,True
531,18,CARD,35,1,38,157,46,13,2,5,10,12,0.1,0.7000000000000001,False
532,18,CLF_UNION,37,0,49,157,55,13,2,5,10,12,0.1,0.7000000000000001,False
533,18,ORD-UNION,11,0,11,157,17,13,2,5,10,12,0.1,0.7000000000000001,False
534,18,CARD,23,2,28,157,48,13,2,5,10,12,0.1,0.7000000000000001,True
535,18,CLF_UNION,26,0,41,157,55,13,2,5,10,12,0.1,0.7000000000000001,True
536,18,ORD-UNION,11,0,11,157,25,13,2,5,10,12,0.1,0.7000000000000001,True
537,18,CARD,23,2,28,157,48,13,2,5,10,12,0.1,0.7000000000000001,False
538,18,CLF_UNION,26,0,41,157,55,13,2,5,10,12,0.1,0.7000000000000001,False
539,18,ORD-UNION,11,0,11,157,25,13,2,5,10,12,0.1,0.7000000000000001,False
540,19,CARD,32,0,38,175,46,9,5,5,10,12,0.1,0.7000000000000001,True
541,19,CLF_UNION,32,0,50,175,56,9,5,5,10,12,0.1,0.7000000000000001,True
542,19,ORD-UNION,31,0,33,175,39,9,5,5,10,12,0.1,0.7000000000000001,True
543,19,CARD,31,0,37,175,47,13,2,5,10,12,0.1,0.7000000000000001,False
544,19,CLF_UNION,32,0,49,175,55,13,2,5,10,12,0.1,0.7000000000000001,False
545,19,ORD-UNION,16,0,16,175,22,13,2,5,10,12,0.1,0.7000000000000001,False
546,19,CARD,28,0,29,175,47,13,2,5,10,12,0.1,0.7000000000000001,True
547,19,CLF_UNION,29,0,42,175,56,13,2,5,10,12,0.1,0.7000000000000001,True
548,19,ORD-UNION,9,0,9,175,23,13,2,5,10,12,0.1,0.7000000000000001,True
549,19,CARD,28,0,29,175,47,13,2,5,10,12,0.1,0.7000000000000001,False
550,19,CLF_UNION,29,0,42,175,56,13,2,5,10,12,0.1,0.7000000000000001,False
551,19,ORD-UNION,9,0,9,175,23,13,2,5,10,12,0.1,0.7000000000000001,False
552,19,CARD,15,0,15,175,50,13,2,5,10,12,0.1,0.7000000000000001,True
553,19,CLF_UNION,15,0,31,175,56,13,2,5,10,12,0.1,0.7000000000000001,True
554,19,ORD-UNION,8,0,8,175,33,13,2,5,10,12,0.1,0.7000000000000001,True
555,19,CARD,15,0,15,175,50,13,2,5,10,12,0.1,0.7000000000000001,False
556,19,CLF_UNION,15,0,31,175,56,13,2,5,10,12,0.1,0.7000000000000001,False
557,19,ORD-UNION,8,0,8,175,33,13,2,5,10,12,0.1,0.7000000000000001,False
558,19,CARD,23,0,26,175,46,13,2,5,10,12,0.1,0.7000000000000001,True
559,19,CLF_UNION,23,0,40,175,58,13,2,5,10,12,0.1,0.7000000000000001,True
560,19,ORD-UNION,4,0,4,175,22,13,2,5,10,12,0.1,0.7000000000000001,True
561,19,CARD,23,0,26,175,46,13,2,5,10,12,0.1,0.7000000000000001,False
562,19,CLF_UNION,23,0,40,175,58,13,2,5,10,12,0.1,0.7000000000000001,False
563,19,ORD-UNION,4,0,4,175,22,13,2,5,10,12,0.1,0.7000000000000001,False
564,19,CARD,21,0,23,175,48,13,2,5,10,12,0.1,0.7000000000000001,True
565,19,CLF_UNION,21,1,36,175,55,13,2,5,10,12,0.1,0.7000000000000001,True
566,19,ORD-UNION,8,0,8,175,27,13,2,5,10,12,0.1,0.7000000000000001,True
567,19,CARD,21,0,23,175,48,13,2,5,10,12,0.1,0.7000000000000001,False
568,19,CLF_UNION,21,1,36,175,55,13,2,5,10,12,0.1,0.7000000000000001,False
569,19,ORD-UNION,8,0,8,175,27,13,2,5,10,12,0.1,0.7000000000000001,False
570,20,CARD,23,0,24,193,46,9,5,5,10,12,0.1,0.7000000000000001,True
571,20,CLF_UNION,23,0,35,193,55,9,5,5,10,12,0.1,0.7000000000000001,True
572,20,ORD-UNION,20,0,21,193,41,9,5,5,10,12,0.1,0.7000000000000001,True
573,20,CARD,20,3,25,193,45,13,2,5,10,12,0.1,0.7000000000000001,False
574,20,CLF_UNION,21,2,35,193,55,13,2,5,10,12,0.1,0.7000000000000001,False
575,20,ORD-UNION,8,0,8,193,28,13,2,5,10,12,0.1,0.7000000000000001,False
576,20,CARD,29,0,31,193,45,13,2,5,10,12,0.1,0.7000000000000001,True
577,20,CLF_UNION,29,0,41,193,55,13,2,5,10,12,0.1,0.7000000000000001,True
578,20,ORD-UNION,11,0,11,193,25,13,2,5,10,12,0.1,0.7000000000000001,True
579,20,CARD,29,0,31,193,45,13,2,5,10,12,0.1,0.7000000000000001,False
580,20,CLF_UNION,29,0,41,193,55,13,2,5,10,12,0.1,0.7000000000000001,False
581,20,ORD-UNION,11,0,11,193,25,13,2,5,10,12,0.1,0.7000000000000001,False
582,20,CARD,16,0,19,193,45,13,2,5,10,12,0.1,0.7000000000000001,True
583,20,CLF_UNION,16,0,30,193,56,13,2,5,10,12,0.1,0.7000000000000001,True
584,20,ORD-UNION,12,0,12,193,38,13,2,5,10,12,0.1,0.7000000000000001,True
585,20,CARD,16,0,19,193,45,13,2,5,10,12,0.1,0.7000000000000001,False
586,20,CLF_UNION,16,0,30,193,56,13,2,5,10,12,0.1,0.7000000000000001,False
587,20,ORD-UNION,12,0,12,193,38,13,2,5,10,12,0.1,0.7000000000000001,False
588,20,CARD,33,2,36,193,45,13,2,5,10,12,0.1,0.7000000000000001,True
589,20,CLF_UNION,35,0,46,193,55,13,2,5,10,12,0.1,0.7000000000000001,True
590,20,ORD-UNION,15,0,15,193,24,13,2,5,10,12,0.1,0.7000000000000001,True
591,20,CARD,33,2,36,193,45,13,2,5,10,12,0.1,0.7000000000000001,False
592,20,CLF_UNION,35,0,46,193,55,13,2,5,10,12,0.1,0.7000000000000001,False
593,20,ORD-UNION,15,0,15,193,24,13,2,5,10,12,0.1,0.7000000000000001,False
594,20,CARD,12,0,20,193,46,13,2,5,10,12,0.1,0.7000000000000001,True
595,20,CLF_UNION,12,0,31,193,55,13,2,5,10,12,0.1,0.7000000000000001,True
596,20,ORD-UNION,8,0,8,193,32,13,2,5,10,12,0.1,0.7000000000000001,True
597,20,CARD,12,0,20,193,46,13,2,5,10,12,0.1,0.7000000000000001,False
598,20,CLF_UNION,12,0,31,193,55,13,2,5,10,12,0.1,0.7000000000000001,False
599,20,ORD-UNION,8,0,8,193,32,13,2,5,10,12,0.1,0.7000000000000001,False
600,21,CARD,29,0,35,212,46,9,5,5,10,12,0.1,0.7000000000000001,True
601,21,CLF_UNION,30,0,46,212,55,9,5,5,10,12,0.1,0.7000000000000001,True
602,21,ORD-UNION,29,0,34,212,43,9,5,5,10,12,0.1,0.7000000000000001,True
603,21,CARD,28,2,36,212,45,8,2,5,10,12,0.1,0.7000000000000001,False
604,21,CLF_UNION,30,1,50,212,59,8,2,5,10,12,0.1,0.7000000000000001,False
605,21,ORD-UNION,28,0,32,212,41,8,2,5,10,12,0.1,0.7000000000000001,False
606,21,CARD,27,1,29,212,47,8,2,5,10,12,0.1,0.7000000000000001,True
607,21,CLF_UNION,29,1,42,212,56,8,2,5,10,12,0.1,0.7000000000000001,True
608,21,ORD-UNION,27,0,27,212,41,8,2,5,10,12,0.1,0.7000000000000001,True
609,21,CARD,27,1,29,212,47,8,2,5,10,12,0.1,0.7000000000000001,False
610,21,CLF_UNION,29,1,42,212,56,8,2,5,10,12,0.1,0.7000000000000001,False
611,21,ORD-UNION,27,0,27,212,41,8,2,5,10,12,0.1,0.7000000000000001,False
612,21,CARD,28,2,31,212,45,8,2,5,10,12,0.1,0.7000000000000001,True
613,21,CLF_UNION,29,3,43,212,57,8,2,5,10,12,0.1,0.7000000000000001,True
614,21,ORD-UNION,28,0,29,212,43,8,2,5,10,12,0.1,0.7000000000000001,True
615,21,CARD,28,2,31,212,45,8,2,5,10,12,0.1,0.7000000000000001,False
616,21,CLF_UNION,29,3,43,212,57,8,2,5,10,12,0.1,0.7000000000000001,False
617,21,ORD-UNION,28,0,29,212,43,8,2,5,10,12,0.1,0.7000000000000001,False
618,21,CARD,18,2,26,212,46,8,2,5,10,12,0.1,0.7000000000000001,True
619,21,CLF_UNION,20,1,40,212,58,8,2,5,10,12,0.1,0.7000000000000001,True
620,21,ORD-UNION,17,0,21,212,39,8,2,5,10,12,0.1,0.7000000000000001,True
621,21,CARD,18,2,26,212,46,8,2,5,10,12,0.1,0.7000000000000001,False
622,21,CLF_UNION,20,1,40,212,58,8,2,5,10,12,0.1,0.7000000000000001,False
623,21,ORD-UNION,17,0,21,212,39,8,2,5,10,12,0.1,0.7000000000000001,False
624,21,CARD,28,1,31,212,45,8,2,5,10,12,0.1,0.7000000000000001,True
625,21,CLF_UNION,29,2,44,212,57,8,2,5,10,12,0.1,0.7000000000000001,True
626,21,ORD-UNION,27,0,28,212,42,8,2,5,10,12,0.1,0.7000000000000001,True
627,21,CARD,28,1,31,212,45,8,2,5,10,12,0.1,0.7000000000000001,False
628,21,CLF_UNION,29,2,44,212,57,8,2,5,10,12,0.1,0.7000000000000001,False
629,21,ORD-UNION,27,0,28,212,42,8,2,5,10,12,0.1,0.7000000000000001,False
630,22,CARD,17,0,21,234,46,9,5,5,10,12,0.1,0.7000000000000001,True
631,22,CLF_UNION,17,0,32,234,55,9,5,5,10,12,0.1,0.7000000000000001,True
632,22,ORD-UNION,17,0,20,234,43,9,5,5,10,12,0.1,0.7000000000000001,True
633,22,CARD,17,0,21,234,46,8,2,5,10,12,0.1,0.7000000000000001,False
634,22,CLF_UNION,17,0,33,234,56,8,2,5,10,12,0.1,0.7000000000000001,False
635,22,ORD-UNION,16,0,19,234,42,8,2,5,10,12,0.1,0.7000000000000001,False
636,22,CARD,28,0,30,234,45,8,2,5,10,12,0.1,0.7000000000000001,True
637,22,CLF_UNION,28,0,42,234,57,8,2,5,10,12,0.1,0.7000000000000001,True
638,22,ORD-UNION,28,0,29,234,44,8,2,5,10,12,0.1,0.7000000000000001,True
639,22,CARD,28,0,30,234,45,8,2,5,10,12,0.1,0.7000000000000001,False
640,22,CLF_UNION,28,0,42,234,57,8,2,5,10,12,0.1,0.7000000000000001,False
641,22,ORD-UNION,28,0,29,234,44,8,2,5,10,12,0.1,0.7000000000000001,False
642,22,CARD,9,0,12,234,45,8,2,5,10,12,0.1,0.7000000000000001,True
643,22,CLF_UNION,8,1,23,234,56,8,2,5,10,12,0.1,0.7000000000000001,True
644,22,ORD-UNION,9,0,11,234,44,8,2,5,10,12,0.1,0.7000000000000001,True
645,22,CARD,9,0,12,234,45,8,2,5,10,12,0.1,0.7000000000000001,False
646,22,CLF_UNION,8,1,23,234,56,8,2,5,10,12,0.1,0.7000000000000001,False
647,22,ORD-UNION,9,0,11,234,44,8,2,5,10,12,0.1,0.7000000000000001,False
648,22,CARD,16,0,17,234,47,8,2,5,10,12,0.1,0.7000000000000001,True
649,22,CLF_UNION,16,2,31,234,57,8,2,5,10,12,0.1,0.7000000000000001,True
650,22,ORD-UNION,16,0,17,234,43,8,2,5,10,12,0.1,0.7000000000000001,True
651,22,CARD,16,0,17,234,47,8,2,5,10,12,0.1,0.7000000000000001,False
652,22,CLF_UNION,16,2,31,234,57,8,2,5,10,12,0.1,0.7000000000000001,False
653,22,ORD-UNION,16,0,17,234,43,8,2,5,10,12,0.1,0.7000000000000001,False
654,22,CARD,19,1,24,234,46,8,2,5,10,12,0.1,0.7000000000000001,True
655,22,CLF_UNION,20,1,39,234,59,8,2,5,10,12,0.1,0.7000000000000001,True
656,22,ORD-UNION,19,0,22,234,42,8,2,5,10,12,0.1,0.7000000000000001,True
657,22,CARD,19,1,24,234,46,8,2,5,10,12,0.1,0.7000000000000001,False
658,22,CLF_UNION,20,1,39,234,59,8,2,5,10,12,0.1,0.7000000000000001,False
659,22,ORD-UNION,19,0,22,234,42,8,2,5,10,12,0.1,0.7000000000000001,False
660,23,CARD,22,0,26,254,45,9,5,5,10,12,0.1,0.7000000000000001,True
661,23,CLF_UNION,22,0,36,254,55,9,5,5,10,12,0.1,0.7000000000000001,True
662,23,ORD-UNION,21,0,24,254,43,9,5,5,10,12,0.1,0.7000000000000001,True
663,23,CARD,22,0,25,254,46,13,2,5,10,12,0.1,0.7000000000000001,False
664,23,CLF_UNION,22,0,36,254,55,13,2,5,10,12,0.1,0.7000000000000001,False
665,23,ORD-UNION,18,0,18,254,37,13,2,5,10,12,0.1,0.7000000000000001,False
666,23,CARD,21,1,24,254,46,13,2,5,10,12,0.1,0.7000000000000001,True
667,23,CLF_UNION,20,2,35,254,55,13,2,5,10,12,0.1,0.7000000000000001,True
668,23,ORD-UNION,14,0,14,254,34,13,2,5,10,12,0.1,0.7000000000000001,True
669,23,CARD,21,1,24,254,46,13,2,5,10,12,0.1,0.7000000000000001,False
670,23,CLF_UNION,20,2,35,254,55,13,2,5,10,12,0.1,0.7000000000000001,False
671,23,ORD-UNION,14,0,14,254,34,13,2,5,10,12,0.1,0.7000000000000001,False
672,23,CARD,28,1,29,254,46,13,2,5,10,12,0.1,0.7000000000000001,True
673,23,CLF_UNION,28,1,40,254,55,13,2,5,10,12,0.1,0.7000000000000001,True
674,23,ORD-UNION,17,0,17,254,32,13,2,5,10,12,0.1,0.7000000000000001,True
675,23,CARD,28,1,29,254,46,13,2,5,10,12,0.1,0.7000000000000001,False
676,23,CLF_UNION,28,1,40,254,55,13,2,5,10,12,0.1,0.7000000000000001,False
677,23,ORD-UNION,17,0,17,254,32,13,2,5,10,12,0.1,0.7000000000000001,False
678,23,CARD,16,0,18,254,46,13,2,5,10,12,0.1,0.7000000000000001,True
679,23,CLF_UNION,16,0,29,254,55,13,2,5,10,12,0.1,0.7000000000000001,True
680,23,ORD-UNION,12,0,12,254,38,13,2,5,10,12,0.1,0.7000000000000001,True
681,23,CARD,16,0,18,254,46,13,2,5,10,12,0.1,0.7000000000000001,False
682,23,CLF_UNION,16,0,29,254,55,13,2,5,10,12,0.1,0.7000000000000001,False
683,23,ORD-UNION,12,0,12,254,38,13,2,5,10,12,0.1,0.7000000000000001,False
684,23,CARD,20,0,27,254,46,13,2,5,10,12,0.1,0.7000000000000001,True
685,23,CLF_UNION,20,0,38,254,55,13,2,5,10,12,0.1,0.7000000000000001,True
686,23,ORD-UNION,15,0,15,254,32,13,2,5,10,12,0.1,0.7000000000000001,True
687,23,CARD,20,0,27,254,46,13,2,5,10,12,0.1,0.7000000000000001,False
688,23,CLF_UNION,20,0,38,254,55,13,2,5,10,12,0.1,0.7000000000000001,False
689,23,ORD-UNION,15,0,15,254,32,13,2,5,10,12,0.1,0.7000000000000001,False
690,24,CARD,21,0,24,278,47,9,5,5,10,12,0.1,0.7000000000000001,True
691,24,CLF_UNION,22,0,37,278,56,9,5,5,10,12,0.1,0.7000000000000001,True
692,24,ORD-UNION,21,0,22,278,41,9,5,5,10,12,0.1,0.7000000000000001,True
693,24,CARD,20,1,24,278,47,10,2,5,10,12,0.1,0.7000000000000001,False
694,24,CLF_UNION,21,2,37,278,56,10,2,5,10,12,0.1,0.7000000000000001,False
695,24,ORD-UNION,18,1,21,278,40,10,2,5,10,12,0.1,0.7000000000000001,False
696,24,CARD,15,0,17,278,47,10,2,5,10,12,0.1,0.7000000000000001,True
697,24,CLF_UNION,15,1,29,278,55,10,2,5,10,12,0.1,0.7000000000000001,True
698,24,ORD-UNION,14,0,15,278,41,10,2,5,10,12,0.1,0.7000000000000001,True
699,24,CARD,15,0,17,278,47,10,2,5,10,12,0.1,0.7000000000000001,False
700,24,CLF_UNION,15,1,29,278,55,10,2,5,10,12,0.1,0.7000000000000001,False
701,24,ORD-UNION,14,0,15,278,41,10,2,5,10,12,0.1,0.7000000000000001,False
702,24,CARD,29,0,30,278,46,10,2,5,10,12,0.1,0.7000000000000001,True
703,24,CLF_UNION,29,0,41,278,55,10,2,5,10,12,0.1,0.7000000000000001,True
704,24,ORD-UNION,24,0,24,278,38,10,2,5,10,12,0.1,0.7000000000000001,True
705,24,CARD,29,0,30,278,46,10,2,5,10,12,0.1,0.7000000000000001,False
706,24,CLF_UNION,29,0,41,278,55,10,2,5,10,12,0.1,0.7000000000000001,False
707,24,ORD-UNION,24,0,24,278,38,10,2,5,10,12,0.1,0.7000000000000001,False
708,24,CARD,8,0,11,278,46,10,2,5,10,12,0.1,0.7000000000000001,True
709,24,CLF_UNION,8,0,22,278,55,10,2,5,10,12,0.1,0.7000000000000001,True
710,24,ORD-UNION,8,0,9,278,42,10,2,5,10,12,0.1,0.7000000000000001,True
711,24,CARD,8,0,11,278,46,10,2,5,10,12,0.1,0.7000000000000001,False
712,24,CLF_UNION,8,0,22,278,55,10,2,5,10,12,0.1,0.7000000000000001,False
713,24,ORD-UNION,8,0,9,278,42,10,2,5,10,12,0.1,0.7000000000000001,False
714,24,CARD,15,0,17,278,47,10,2,5,10,12,0.1,0.7000000000000001,True
715,24,CLF_UNION,15,1,30,278,56,10,2,5,10,12,0.1,0.7000000000000001,True
716,24,ORD-UNION,14,0,15,278,41,10,2,5,10,12,0.1,0.7000000000000001,True
717,24,CARD,15,0,17,278,47,10,2,5,10,12,0.1,0.7000000000000001,False
718,24,CLF_UNION,15,1,30,278,56,10,2,5,10,12,0.1,0.7000000000000001,False
719,24,ORD-UNION,14,0,15,278,41,10,2,5,10,12,0.1,0.7000000000000001,False
720,1,CARD,12,8,24,1,66,9,5,5,10,12,0.1,0.7000000000000001,True
721,1,CLF_UNION,31,16,69,1,69,9,5,5,10,12,0.1,0.7000000000000001,True
722,1,ORD-UNION,0,0,0,1,0,9,5,5,10,12,0.1,0.7000000000000001,True
723,1,CARD,16,5,25,1,65,1,1,5,10,12,0.1,0.7000000000000001,False
724,1,CLF_UNION,34,23,75,1,75,1,1,5,10,12,0.1,0.7000000000000001,False
725,1,ORD-UNION,16,5,25,1,25,1,1,5,10,12,0.1,0.7000000000000001,False
726,1,CARD,18,5,24,1,66,1,1,5,10,12,0.1,0.7000000000000001,True
727,1,CLF_UNION,38,25,76,1,76,1,1,5,10,12,0.1,0.7000000000000001,True
728,1,ORD-UNION,18,5,24,1,24,1,1,5,10,12,0.1,0.7000000000000001,True
729,1,CARD,18,5,24,1,66,1,1,5,10,12,0.1,0.7000000000000001,False
730,1,CLF_UNION,38,25,76,1,76,1,1,5,10,12,0.1,0.7000000000000001,False
731,1,ORD-UNION,18,5,24,1,24,1,1,5,10,12,0.1,0.7000000000000001,False
732,1,CARD,24,0,24,1,66,1,1,5,10,12,0.1,0.7000000000000001,True
733,1,CLF_UNION,41,17,76,1,76,1,1,5,10,12,0.1,0.7000000000000001,True
734,1,ORD-UNION,24,0,24,1,24,1,1,5,10,12,0.1,0.7000000000000001,True
735,1,CARD,24,0,24,1,66,1,1,5,10,12,0.1,0.7000000000000001,False
736,1,CLF_UNION,41,17,76,1,76,1,1,5,10,12,0.1,0.7000000000000001,False
737,1,ORD-UNION,24,0,24,1,24,1,1,5,10,12,0.1,0.7000000000000001,False
738,1,CARD,16,6,24,1,66,1,1,5,10,12,0.1,0.7000000000000001,True
739,1,CLF_UNION,35,25,76,1,76,1,1,5,10,12,0.1,0.7000000000000001,True
740,1,ORD-UNION,16,6,24,1,24,1,1,5,10,12,0.1,0.7000000000000001,True
741,1,CARD,16,6,24,1,66,1,1,5,10,12,0.1,0.7000000000000001,False
742,1,CLF_UNION,35,25,76,1,76,1,1,5,10,12,0.1,0.7000000000000001,False
743,1,ORD-UNION,16,6,24,1,24,1,1,5,10,12,0.1,0.7000000000000001,False
744,1,CARD,17,5,24,1,66,1,1,5,10,12,0.1,0.7000000000000001,True
745,1,CLF_UNION,38,26,76,1,76,1,1,5,10,12,0.1,0.7000000000000001,True
746,1,ORD-UNION,17,5,24,1,24,1,1,5,10,12,0.1,0.7000000000000001,True
747,1,CARD,17,5,24,1,66,1,1,5,10,12,0.1,0.7000000000000001,False
748,1,CLF_UNION,38,26,76,1,76,1,1,5,10,12,0.1,0.7000000000000001,False
749,1,ORD-UNION,17,5,24,1,24,1,1,5,10,12,0.1,0.7000000000000001,False
750,2,CARD,23,11,35,3,55,9,5,5,10,12,0.1,0.7000000000000001,True
751,2,CLF_UNION,35,11,58,3,58,9,5,5,10,12,0.1,0.7000000000000001,True
752,2,ORD-UNION,0,0,0,3,0,9,5,5,10,12,0.1,0.7000000000000001,True
753,2,CARD,19,17,37,3,53,3,1,5,10,12,0.1,0.7000000000000001,False
754,2,CLF_UNION,36,12,61,3,61,3,1,5,10,12,0.1,0.7000000000000001,False
755,2,ORD-UNION,6,3,10,3,10,3,1,5,10,12,0.1,0.7000000000000001,False
756,2,CARD,18,14,37,3,53,3,1,5,10,12,0.1,0.7000000000000001,True
757,2,CLF_UNION,29,14,59,3,59,3,1,5,10,12,0.1,0.7000000000000001,True
758,2,ORD-UNION,6,6,15,3,15,3,1,5,10,12,0.1,0.7000000000000001,True
759,2,CARD,18,14,37,3,53,3,1,5,10,12,0.1,0.7000000000000001,False
760,2,CLF_UNION,29,14,59,3,59,3,1,5,10,12,0.1,0.7000000000000001,False
761,2,ORD-UNION,6,6,15,3,15,3,1,5,10,12,0.1,0.7000000000000001,False
762,2,CARD,24,10,37,3,53,3,1,5,10,12,0.1,0.7000000000000001,True
763,2,CLF_UNION,36,9,59,3,59,3,1,5,10,12,0.1,0.7000000000000001,True
764,2,ORD-UNION,9,4,15,3,15,3,1,5,10,12,0.1,0.7000000000000001,True
765,2,CARD,24,10,37,3,53,3,1,5,10,12,0.1,0.7000000000000001,False
766,2,CLF_UNION,36,9,59,3,59,3,1,5,10,12,0.1,0.7000000000000001,False
767,2,ORD-UNION,9,4,15,3,15,3,1,5,10,12,0.1,0.7000000000000001,False
768,2,CARD,16,17,35,3,55,3,1,5,10,12,0.1,0.7000000000000001,True
769,2,CLF_UNION,29,20,61,3,61,3,1,5,10,12,0.1,0.7000000000000001,True
770,2,ORD-UNION,4,7,11,3,11,3,1,5,10,12,0.1,0.7000000000000001,True
771,2,CARD,16,17,35,3,55,3,1,5,10,12,0.1,0.7000000000000001,False
772,2,CLF_UNION,29,20,61,3,61,3,1,5,10,12,0.1,0.7000000000000001,False
773,2,ORD-UNION,4,7,11,3,11,3,1,5,10,12,0.1,0.7000000000000001,False
774,2,CARD,18,11,33,3,57,3,1,5,10,12,0.1,0.7000000000000001,True
775,2,CLF_UNION,30,15,63,3,63,3,1,5,10,12,0.1,0.7000000000000001,True
776,2,ORD-UNION,0,8,8,3,8,3,1,5,10,12,0.1,0.7000000000000001,True
777,2,CARD,18,11,33,3,57,3,1,5,10,12,0.1,0.7000000000000001,False
778,2,CLF_UNION,30,15,63,3,63,3,1,5,10,12,0.1,0.7000000000000001,False
779,2,ORD-UNION,0,8,8,3,8,3,1,5,10,12,0.1,0.7000000000000001,False
780,3,CARD,27,6,38,6,52,9,5,5,10,12,0.1,0.7000000000000001,True
781,3,CLF_UNION,40,7,67,6,67,9,5,5,10,12,0.1,0.7000000000000001,True
782,3,ORD-UNION,0,0,0,6,0,9,5,5,10,12,0.1,0.7000000000000001,True
783,3,CARD,25,13,41,6,49,3,1,5,10,12,0.1,0.7000000000000001,False
784,3,CLF_UNION,40,18,76,6,76,3,1,5,10,12,0.1,0.7000000000000001,False
785,3,ORD-UNION,25,13,41,6,41,3,1,5,10,12,0.1,0.7000000000000001,False
786,3,CARD,26,11,39,6,51,3,1,5,10,12,0.1,0.7000000000000001,True
787,3,CLF_UNION,39,24,79,6,79,3,1,5,10,12,0.1,0.7000000000000001,True
788,3,ORD-UNION,26,11,39,6,39,3,1,5,10,12,0.1,0.7000000000000001,True
789,3,CARD,26,11,39,6,51,3,1,5,10,12,0.1,0.7000000000000001,False
790,3,CLF_UNION,39,24,79,6,79,3,1,5,10,12,0.1,0.7000000000000001,False
791,3,ORD-UNION,26,11,39,6,39,3,1,5,10,12,0.1,0.7000000000000001,False
792,3,CARD,20,16,38,6,52,3,1,5,10,12,0.1,0.7000000000000001,True
793,3,CLF_UNION,36,25,76,6,76,3,1,5,10,12,0.1,0.7000000000000001,True
794,3,ORD-UNION,20,16,38,6,38,3,1,5,10,12,0.1,0.7000000000000001,True
795,3,CARD,20,16,38,6,52,3,1,5,10,12,0.1,0.7000000000000001,False
796,3,CLF_UNION,36,25,76,6,76,3,1,5,10,12,0.1,0.7000000000000001,False
797,3,ORD-UNION,20,16,38,6,38,3,1,5,10,12,0.1,0.7000000000000001,False
798,3,CARD,24,12,37,6,52,3,1,5,10,12,0.1,0.7000000000000001,True
799,3,CLF_UNION,41,19,75,6,76,3,1,5,10,12,0.1,0.7000000000000001,True
800,3,ORD-UNION,24,12,37,6,38,3,1,5,10,12,0.1,0.7000000000000001,True
801,3,CARD,24,12,37,6,52,3,1,5,10,12,0.1,0.7000000000000001,False
802,3,CLF_UNION,41,19,75,6,76,3,1,5,10,12,0.1,0.7000000000000001,False
803,3,ORD-UNION,24,12,37,6,38,3,1,5,10,12,0.1,0.7000000000000001,False
804,3,CARD,30,8,38,6,52,3,1,5,10,12,0.1,0.7000000000000001,True
805,3,CLF_UNION,43,19,76,6,76,3,1,5,10,12,0.1,0.7000000000000001,True
806,3,ORD-UNION,30,8,38,6,38,3,1,5,10,12,0.1,0.7000000000000001,True
807,3,CARD,30,8,38,6,52,3,1,5,10,12,0.1,0.7000000000000001,False
808,3,CLF_UNION,43,19,76,6,76,3,1,5,10,12,0.1,0.7000000000000001,False
809,3,ORD-UNION,30,8,38,6,38,3,1,5,10,12,0.1,0.7000000000000001,False
810,4,CARD,33,2,39,10,50,9,5,5,10,12,0.1,0.7000000000000001,True
811,4,CLF_UNION,37,4,55,10,56,9,5,5,10,12,0.1,0.7000000000000001,True
812,4,ORD-UNION,5,0,6,10,7,9,5,5,10,12,0.1,0.7000000000000001,True
813,4,CARD,29,7,38,10,51,3,1,5,10,12,0.1,0.7000000000000001,False
814,4,CLF_UNION,38,12,67,10,68,3,1,5,10,12,0.1,0.7000000000000001,False
815,4,ORD-UNION,29,7,38,10,39,3,1,5,10,12,0.1,0.7000000000000001,False
816,4,CARD,16,19,37,10,52,3,1,5,10,12,0.1,0.7000000000000001,True
817,4,CLF_UNION,29,38,83,10,84,3,1,5,10,12,0.1,0.7000000000000001,True
818,4,ORD-UNION,9,17,28,10,29,3,1,5,10,12,0.1,0.7000000000000001,True
819,4,CARD,16,19,37,10,52,3,1,5,10,12,0.1,0.7000000000000001,False
820,4,CLF_UNION,29,38,83,10,84,3,1,5,10,12,0.1,0.7000000000000001,False
821,4,ORD-UNION,9,17,28,10,29,3,1,5,10,12,0.1,0.7000000000000001,False
822,4,CARD,23,15,40,10,47,3,1,5,10,12,0.1,0.7000000000000001,True
823,4,CLF_UNION,30,21,66,10,69,3,1,5,10,12,0.1,0.7000000000000001,True
824,4,ORD-UNION,21,15,38,10,41,3,1,5,10,12,0.1,0.7000000000000001,True
825,4,CARD,23,15,40,10,47,3,1,5,10,12,0.1,0.7000000000000001,False
826,4,CLF_UNION,30,21,66,10,69,3,1,5,10,12,0.1,0.7000000000000001,False
827,4,ORD-UNION,21,15,38,10,41,3,1,5,10,12,0.1,0.7000000000000001,False
828,4,CARD,24,16,42,10,48,3,1,5,10,12,0.1,0.7000000000000001,True
829,4,CLF_UNION,36,24,73,10,73,3,1,5,10,12,0.1,0.7000000000000001,True
830,4,ORD-UNION,23,15,40,10,40,3,1,5,10,12,0.1,0.7000000000000001,True
831,4,CARD,24,16,42,10,48,3,1,5,10,12,0.1,0.7000000000000001,False
832,4,CLF_UNION,36,24,73,10,73,3,1,5,10,12,0.1,0.7000000000000001,False
833,4,ORD-UNION,23,15,40,10,40,3,1,5,10,12,0.1,0.7000000000000001,False
834,4,CARD,24,16,42,10,48,3,1,5,10,12,0.1,0.7000000000000001,True
835,4,CLF_UNION,29,25,69,10,69,3,1,5,10,12,0.1,0.7000000000000001,True
836,4,ORD-UNION,22,16,40,10,40,3,1,5,10,12,0.1,0.7000000000000001,True
837,4,CARD,24,16,42,10,48,3,1,5,10,12,0.1,0.7000000000000001,False
838,4,CLF_UNION,29,25,69,10,69,3,1,5,10,12,0.1,0.7000000000000001,False
839,4,ORD-UNION,22,16,40,10,40,3,1,5,10,12,0.1,0.7000000000000001,False
840,5,CARD,26,8,40,15,49,9,5,5,10,12,0.1,0.7000000000000001,True
841,5,CLF_UNION,28,10,56,15,57,9,5,5,10,12,0.1,0.7000000000000001,True
842,5,ORD-UNION,1,0,1,15,2,9,5,5,10,12,0.1,0.7000000000000001,True
843,5,CARD,17,16,40,15,49,4,1,5,10,12,0.1,0.7000000000000001,False
844,5,CLF_UNION,22,22,62,15,63,4,1,5,10,12,0.1,0.7000000000000001,False
845,5,ORD-UNION,17,16,40,15,41,4,1,5,10,12,0.1,0.7000000000000001,False
846,5,CARD,29,12,43,15,47,4,1,5,10,12,0.1,0.7000000000000001,True
847,5,CLF_UNION,32,12,56,15,56,4,1,5,10,12,0.1,0.7000000000000001,True
848,5,ORD-UNION,24,12,38,15,38,4,1,5,10,12,0.1,0.7000000000000001,True
849,5,CARD,29,12,43,15,47,4,1,5,10,12,0.1,0.7000000000000001,False
850,5,CLF_UNION,32,12,56,15,56,4,1,5,10,12,0.1,0.7000000000000001,False
851,5,ORD-UNION,24,12,38,15,38,4,1,5,10,12,0.1,0.7000000000000001,False
852,5,CARD,18,23,43,15,47,4,1,5,10,12,0.1,0.7000000000000001,True
853,5,CLF_UNION,21,26,59,15,59,4,1,5,10,12,0.1,0.7000000000000001,True
854,5,ORD-UNION,18,22,42,15,42,4,1,5,10,12,0.1,0.7000000000000001,True
855,5,CARD,18,23,43,15,47,4,1,5,10,12,0.1,0.7000000000000001,False
856,5,CLF_UNION,21,26,59,15,59,4,1,5,10,12,0.1,0.7000000000000001,False
857,5,ORD-UNION,18,22,42,15,42,4,1,5,10,12,0.1,0.7000000000000001,False
858,5,CARD,22,13,41,15,48,4,1,5,10,12,0.1,0.7000000000000001,True
859,5,CLF_UNION,30,12,58,15,59,4,1,5,10,12,0.1,0.7000000000000001,True
860,5,ORD-UNION,21,12,39,15,40,4,1,5,10,12,0.1,0.7000000000000001,True
861,5,CARD,22,13,41,15,48,4,1,5,10,12,0.1,0.7000000000000001,False
862,5,CLF_UNION,30,12,58,15,59,4,1,5,10,12,0.1,0.7000000000000001,False
863,5,ORD-UNION,21,12,39,15,40,4,1,5,10,12,0.1,0.7000000000000001,False
864,5,CARD,24,11,38,15,49,4,1,5,10,12,0.1,0.7000000000000001,True
865,5,CLF_UNION,30,12,55,15,58,4,1,5,10,12,0.1,0.7000000000000001,True
866,5,ORD-UNION,22,11,36,15,39,4,1,5,10,12,0.1,0.7000000000000001,True
867,5,CARD,24,11,38,15,49,4,1,5,10,12,0.1,0.7000000000000001,False
868,5,CLF_UNION,30,12,55,15,58,4,1,5,10,12,0.1,0.7000000000000001,False
869,5,ORD-UNION,22,11,36,15,39,4,1,5,10,12,0.1,0.7000000000000001,False
870,6,CARD,20,16,42,20,48,9,5,5,10,12,0.1,0.7000000000000001,True
871,6,CLF_UNION,25,15,62,20,62,9,5,5,10,12,0.1,0.7000000000000001,True
872,6,ORD-UNION,3,0,3,20,3,9,5,5,10,12,0.1,0.7000000000000001,True
873,6,CARD,20,16,42,20,48,5,1,5,10,12,0.1,0.7000000000000001,False
874,6,CLF_UNION,25,15,62,20,62,5,1,5,10,12,0.1,0.7000000000000001,False
875,6,ORD-UNION,8,6,14,20,14,5,1,5,10,12,0.1,0.7000000000000001,False
876,6,CARD,29,11,41,20,46,5,1,5,10,12,0.1,0.7000000000000001,True
877,6,CLF_UNION,32,15,60,20,63,5,1,5,10,12,0.1,0.7000000000000001,True
878,6,ORD-UNION,16,6,22,20,25,5,1,5,10,12,0.1,0.7000000000000001,True
879,6,CARD,29,11,41,20,46,5,1,5,10,12,0.1,0.7000000000000001,False
880,6,CLF_UNION,32,15,60,20,63,5,1,5,10,12,0.1,0.7000000000000001,False
881,6,ORD-UNION,16,6,22,20,25,5,1,5,10,12,0.1,0.7000000000000001,False
882,6,CARD,34,5,44,20,46,5,1,5,10,12,0.1,0.7000000000000001,True
883,6,CLF_UNION,37,11,64,20,64,5,1,5,10,12,0.1,0.7000000000000001,True
884,6,ORD-UNION,14,0,14,20,14,5,1,5,10,12,0.1,0.7000000000000001,True
885,6,CARD,34,5,44,20,46,5,1,5,10,12,0.1,0.7000000000000001,False
886,6,CLF_UNION,37,11,64,20,64,5,1,5,10,12,0.1,0.7000000000000001,False
887,6,ORD-UNION,14,0,14,20,14,5,1,5,10,12,0.1,0.7000000000000001,False
888,6,CARD,35,3,41,20,47,5,1,5,10,12,0.1,0.7000000000000001,True
889,6,CLF_UNION,35,6,59,20,61,5,1,5,10,12,0.1,0.7000000000000001,True
890,6,ORD-UNION,20,0,21,20,23,5,1,5,10,12,0.1,0.7000000000000001,True
891,6,CARD,35,3,41,20,47,5,1,5,10,12,0.1,0.7000000000000001,False
892,6,CLF_UNION,35,6,59,20,61,5,1,5,10,12,0.1,0.7000000000000001,False
893,6,ORD-UNION,20,0,21,20,23,5,1,5,10,12,0.1,0.7000000000000001,False
894,6,CARD,38,4,44,20,45,5,1,5,10,12,0.1,0.7000000000000001,True
895,6,CLF_UNION,36,9,57,20,58,5,1,5,10,12,0.1,0.7000000000000001,True
896,6,ORD-UNION,25,1,28,20,29,5,1,5,10,12,0.1,0.7000000000000001,True
897,6,CARD,38,4,44,20,45,5,1,5,10,12,0.1,0.7000000000000001,False
898,6,CLF_UNION,36,9,57,20,58,5,1,5,10,12,0.1,0.7000000000000001,False
899,6,ORD-UNION,25,1,28,20,29,5,1,5,10,12,0.1,0.7000000000000001,False
900,7,CARD,29,11,43,26,47,9,5,5,10,12,0.1,0.7000000000000001,True
901,7,CLF_UNION,32,12,59,26,59,9,5,5,10,12,0.1,0.7000000000000001,True
902,7,ORD-UNION,10,1,12,26,12,9,5,5,10,12,0.1,0.7000000000000001,True
903,7,CARD,31,10,44,26,46,4,1,5,10,12,0.1,0.7000000000000001,False
904,7,CLF_UNION,32,11,60,26,60,4,1,5,10,12,0.1,0.7000000000000001,False
905,7,ORD-UNION,29,10,42,26,42,4,1,5,10,12,0.1,0.7000000000000001,False
906,7,CARD,29,9,41,26,48,4,1,5,10,12,0.1,0.7000000000000001,True
907,7,CLF_UNION,30,16,61,26,62,4,1,5,10,12,0.1,0.7000000000000001,True
908,7,ORD-UNION,23,9,34,26,35,4,1,5,10,12,0.1,0.7000000000000001,True
909,7,CARD,29,9,41,26,48,4,1,5,10,12,0.1,0.7000000000000001,False
910,7,CLF_UNION,30,16,61,26,62,4,1,5,10,12,0.1,0.7000000000000001,False
911,7,ORD-UNION,23,9,34,26,35,4,1,5,10,12,0.1,0.7000000000000001,False
912,7,CARD,27,12,43,26,46,4,1,5,10,12,0.1,0.7000000000000001,True
913,7,CLF_UNION,31,20,67,26,68,4,1,5,10,12,0.1,0.7000000000000001,True
914,7,ORD-UNION,19,11,32,26,33,4,1,5,10,12,0.1,0.7000000000000001,True
915,7,CARD,27,12,43,26,46,4,1,5,10,12,0.1,0.7000000000000001,False
916,7,CLF_UNION,31,20,67,26,68,4,1,5,10,12,0.1,0.7000000000000001,False
917,7,ORD-UNION,19,11,32,26,33,4,1,5,10,12,0.1,0.7000000000000001,False
918,7,CARD,25,13,42,26,47,4,1,5,10,12,0.1,0.7000000000000001,True
919,7,CLF_UNION,23,21,60,26,61,4,1,5,10,12,0.1,0.7000000000000001,True
920,7,ORD-UNION,17,12,31,26,32,4,1,5,10,12,0.1,0.7000000000000001,True
921,7,CARD,25,13,42,26,47,4,1,5,10,12,0.1,0.7000000000000001,False
922,7,CLF_UNION,23,21,60,26,61,4,1,5,10,12,0.1,0.7000000000000001,False
923,7,ORD-UNION,17,12,31,26,32,4,1,5,10,12,0.1,0.7000000000000001,False
924,7,CARD,32,9,43,26,46,4,1,5,10,12,0.1,0.7000000000000001,True
925,7,CLF_UNION,25,22,61,26,62,4,1,5,10,12,0.1,0.7000000000000001,True
926,7,ORD-UNION,19,9,30,26,31,4,1,5,10,12,0.1,0.7000000000000001,True
927,7,CARD,32,9,43,26,46,4,1,5,10,12,0.1,0.7000000000000001,False
928,7,CLF_UNION,25,22,61,26,62,4,1,5,10,12,0.1,0.7000000000000001,False
929,7,ORD-UNION,19,9,30,26,31,4,1,5,10,12,0.1,0.7000000000000001,False
930,8,CARD,29,4,34,33,47,9,5,5,10,12,0.1,0.7000000000000001,True
931,8,CLF_UNION,31,6,49,33,58,9,5,5,10,12,0.1,0.7000000000000001,True
932,8,ORD-UNION,10,0,10,33,19,9,5,5,10,12,0.1,0.7000000000000001,True
933,8,CARD,24,8,33,33,48,5,2,5,10,12,0.1,0.7000000000000001,False
934,8,CLF_UNION,24,15,52,33,60,5,2,5,10,12,0.1,0.7000000000000001,False
935,8,ORD-UNION,14,8,23,33,32,5,2,5,10,12,0.1,0.7000000000000001,False
936,8,CARD,22,8,36,33,52,5,2,5,10,12,0.1,0.7000000000000001,True
937,8,CLF_UNION,27,13,60,33,62,5,2,5,10,12,0.1,0.7000000000000001,True
938,8,ORD-UNION,20,8,33,33,35,5,2,5,10,12,0.1,0.7000000000000001,True
939,8,CARD,22,8,36,33,52,5,2,5,10,12,0.1,0.7000000000000001,False
940,8,CLF_UNION,27,13,60,33,62,5,2,5,10,12,0.1,0.7000000000000001,False
941,8,ORD-UNION,20,8,33,33,35,5,2,5,10,12,0.1,0.7000000000000001,False
942,8,CARD,29,11,43,33,46,5,2,5,10,12,0.1,0.7000000000000001,True
943,8,CLF_UNION,30,12,55,33,56,5,2,5,10,12,0.1,0.7000000000000001,True
944,8,ORD-UNION,21,11,35,33,36,5,2,5,10,12,0.1,0.7000000000000001,True
945,8,CARD,29,11,43,33,46,5,2,5,10,12,0.1,0.7000000000000001,False
946,8,CLF_UNION,30,12,55,33,56,5,2,5,10,12,0.1,0.7000000000000001,False
947,8,ORD-UNION,21,11,35,33,36,5,2,5,10,12,0.1,0.7000000000000001,False
948,8,CARD,30,7,41,33,49,5,2,5,10,12,0.1,0.7000000000000001,True
949,8,CLF_UNION,33,9,58,33,58,5,2,5,10,12,0.1,0.7000000000000001,True
950,8,ORD-UNION,28,7,39,33,39,5,2,5,10,12,0.1,0.7000000000000001,True
951,8,CARD,30,7,41,33,49,5,2,5,10,12,0.1,0.7000000000000001,False
952,8,CLF_UNION,33,9,58,33,58,5,2,5,10,12,0.1,0.7000000000000001,False
953,8,ORD-UNION,28,7,39,33,39,5,2,5,10,12,0.1,0.7000000000000001,False
954,8,CARD,33,5,41,33,48,5,2,5,10,12,0.1,0.7000000000000001,True
955,8,CLF_UNION,34,12,59,33,60,5,2,5,10,12,0.1,0.7000000000000001,True
956,8,ORD-UNION,26,4,33,33,34,5,2,5,10,12,0.1,0.7000000000000001,True
957,8,CARD,33,5,41,33,48,5,2,5,10,12,0.1,0.7000000000000001,False
958,8,CLF_UNION,34,12,59,33,60,5,2,5,10,12,0.1,0.7000000000000001,False
959,8,ORD-UNION,26,4,33,33,34,5,2,5,10,12,0.1,0.7000000000000001,False
960,9,CARD,19,19,39,42,48,9,5,5,10,12,0.1,0.7000000000000001,True
961,9,CLF_UNION,25,13,52,42,55,9,5,5,10,12,0.1,0.7000000000000001,True
962,9,ORD-UNION,5,0,5,42,8,9,5,5,10,12,0.1,0.7000000000000001,True
963,9,CARD,29,9,42,42,45,5,2,5,10,12,0.1,0.7000000000000001,False
964,9,CLF_UNION,32,7,53,42,56,5,2,5,10,12,0.1,0.7000000000000001,False
965,9,ORD-UNION,27,9,39,42,42,5,2,5,10,12,0.1,0.7000000000000001,False
966,9,CARD,35,4,43,42,46,5,2,5,10,12,0.1,0.7000000000000001,True
967,9,CLF_UNION,38,4,56,42,57,5,2,5,10,12,0.1,0.7000000000000001,True
968,9,ORD-UNION,33,4,40,42,41,5,2,5,10,12,0.1,0.7000000000000001,True
969,9,CARD,35,4,43,42,46,5,2,5,10,12,0.1,0.7000000000000001,False
970,9,CLF_UNION,38,4,56,42,57,5,2,5,10,12,0.1,0.7000000000000001,False
971,9,ORD-UNION,33,4,40,42,41,5,2,5,10,12,0.1,0.7000000000000001,False
972,9,CARD,30,9,42,42,45,5,2,5,10,12,0.1,0.7000000000000001,True
973,9,CLF_UNION,32,9,54,42,57,5,2,5,10,12,0.1,0.7000000000000001,True
974,9,ORD-UNION,28,9,40,42,43,5,2,5,10,12,0.1,0.7000000000000001,True
975,9,CARD,30,9,42,42,45,5,2,5,10,12,0.1,0.7000000000000001,False
976,9,CLF_UNION,32,9,54,42,57,5,2,5,10,12,0.1,0.7000000000000001,False
977,9,ORD-UNION,28,9,40,42,43,5,2,5,10,12,0.1,0.7000000000000001,False
978,9,CARD,32,6,40,42,47,5,2,5,10,12,0.1,0.7000000000000001,True
979,9,CLF_UNION,29,9,55,42,58,5,2,5,10,12,0.1,0.7000000000000001,True
980,9,ORD-UNION,24,6,32,42,35,5,2,5,10,12,0.1,0.7000000000000001,True
981,9,CARD,32,6,40,42,47,5,2,5,10,12,0.1,0.7000000000000001,False
982,9,CLF_UNION,29,9,55,42,58,5,2,5,10,12,0.1,0.7000000000000001,False
983,9,ORD-UNION,24,6,32,42,35,5,2,5,10,12,0.1,0.7000000000000001,False
984,9,CARD,38,3,43,42,46,5,2,5,10,12,0.1,0.7000000000000001,True
985,9,CLF_UNION,42,1,56,42,57,5,2,5,10,12,0.1,0.7000000000000001,True
986,9,ORD-UNION,30,3,35,42,36,5,2,5,10,12,0.1,0.7000000000000001,True
987,9,CARD,38,3,43,42,46,5,2,5,10,12,0.1,0.7000000000000001,False
988,9,CLF_UNION,42,1,56,42,57,5,2,5,10,12,0.1,0.7000000000000001,False
989,9,ORD-UNION,30,3,35,42,36,5,2,5,10,12,0.1,0.7000000000000001,False
990,10,CARD,37,3,41,52,46,9,5,5,10,12,0.1,0.7000000000000001,True
991,10,CLF_UNION,35,6,52,52,55,9,5,5,10,12,0.1,0.7000000000000001,True
992,10,ORD-UNION,15,0,15,52,18,9,5,5,10,12,0.1,0.7000000000000001,True
993,10,CARD,36,4,41,52,46,5,2,5,10,12,0.1,0.7000000000000001,False
994,10,CLF_UNION,39,3,53,52,56,5,2,5,10,12,0.1,0.7000000000000001,False
995,10,ORD-UNION,31,4,36,52,39,5,2,5,10,12,0.1,0.7000000000000001,False
996,10,CARD,32,4,38,52,46,5,2,5,10,12,0.1,0.7000000000000001,True
997,10,CLF_UNION,34,4,52,52,57,5,2,5,10,12,0.1,0.7000000000000001,True
998,10,ORD-UNION,29,4,35,52,41,5,2,5,10,12,0.1,0.7000000000000001,True
999,10,CARD,32,4,38,52,46,5,2,5,10,12,0.1,0.7000000000000001,False
1000,10,CLF_UNION,34,4,52,52,57,5,2,5,10,12,0.1,0.7000000000000001,False
1001,10,ORD-UNION,29,4,35,52,41,5,2,5,10,12,0.1,0.7000000000000001,False
1002,10,CARD,37,5,44,52,45,5,2,5,10,12,0.1,0.7000000000000001,True
1003,10,CLF_UNION,37,6,55,52,56,5,2,5,10,12,0.1,0.7000000000000001,True
1004,10,ORD-UNION,36,5,43,52,44,5,2,5,10,12,0.1,0.7000000000000001,True
1005,10,CARD,37,5,44,52,45,5,2,5,10,12,0.1,0.7000000000000001,False
1006,10,CLF_UNION,37,6,55,52,56,5,2,5,10,12,0.1,0.7000000000000001,False
1007,10,ORD-UNION,36,5,43,52,44,5,2,5,10,12,0.1,0.7000000000000001,False
1008,10,CARD,35,3,39,52,45,5,2,5,10,12,0.1,0.7000000000000001,True
1009,10,CLF_UNION,38,1,50,52,56,5,2,5,10,12,0.1,0.7000000000000001,True
1010,10,ORD-UNION,34,2,37,52,43,5,2,5,10,12,0.1,0.7000000000000001,True
1011,10,CARD,35,3,39,52,45,5,2,5,10,12,0.1,0.7000000000000001,False
1012,10,CLF_UNION,38,1,50,52,56,5,2,5,10,12,0.1,0.7000000000000001,False
1013,10,ORD-UNION,34,2,37,52,43,5,2,5,10,12,0.1,0.7000000000000001,False
1014,10,CARD,26,12,44,52,45,5,2,5,10,12,0.1,0.7000000000000001,True
1015,10,CLF_UNION,27,11,55,52,56,5,2,5,10,12,0.1,0.7000000000000001,True
1016,10,ORD-UNION,24,12,41,52,42,5,2,5,10,12,0.1,0.7000000000000001,True
1017,10,CARD,26,12,44,52,45,5,2,5,10,12,0.1,0.7000000000000001,False
1018,10,CLF_UNION,27,11,55,52,56,5,2,5,10,12,0.1,0.7000000000000001,False
1019,10,ORD-UNION,24,12,41,52,42,5,2,5,10,12,0.1,0.7000000000000001,False
1020,11,CARD,19,7,28,62,47,9,5,5,10,12,0.1,0.7000000000000001,True
1021,11,CLF_UNION,23,4,40,62,55,9,5,5,10,12,0.1,0.7000000000000001,True
1022,11,ORD-UNION,11,0,11,62,26,9,5,5,10,12,0.1,0.7000000000000001,True
1023,11,CARD,20,6,29,62,46,5,2,5,10,12,0.1,0.7000000000000001,False
1024,11,CLF_UNION,20,8,41,62,56,5,2,5,10,12,0.1,0.7000000000000001,False
1025,11,ORD-UNION,20,6,29,62,44,5,2,5,10,12,0.1,0.7000000000000001,False
1026,11,CARD,25,9,37,62,47,5,2,5,10,12,0.1,0.7000000000000001,True
1027,11,CLF_UNION,27,11,51,62,57,5,2,5,10,12,0.1,0.7000000000000001,True
1028,11,ORD-UNION,24,8,35,62,41,5,2,5,10,12,0.1,0.7000000000000001,True
1029,11,CARD,25,9,37,62,47,5,2,5,10,12,0.1,0.7000000000000001,False
1030,11,CLF_UNION,27,11,51,62,57,5,2,5,10,12,0.1,0.7000000000000001,False
1031,11,ORD-UNION,24,8,35,62,41,5,2,5,10,12,0.1,0.7000000000000001,False
1032,11,CARD,25,10,39,62,45,5,2,5,10,12,0.1,0.7000000000000001,True
1033,11,CLF_UNION,22,13,49,62,55,5,2,5,10,12,0.1,0.7000000000000001,True
1034,11,ORD-UNION,22,10,36,62,42,5,2,5,10,12,0.1,0.7000000000000001,True
1035,11,CARD,25,10,39,62,45,5,2,5,10,12,0.1,0.7000000000000001,False
1036,11,CLF_UNION,22,13,49,62,55,5,2,5,10,12,0.1,0.7000000000000001,False
1037,11,ORD-UNION,22,10,36,62,42,5,2,5,10,12,0.1,0.7000000000000001,False
1038,11,CARD,21,16,42,62,45,5,2,5,10,12,0.1,0.7000000000000001,True
1039,11,CLF_UNION,20,17,52,62,55,5,2,5,10,12,0.1,0.7000000000000001,True
1040,11,ORD-UNION,21,16,42,62,45,5,2,5,10,12,0.1,0.7000000000000001,True
1041,11,CARD,21,16,42,62,45,5,2,5,10,12,0.1,0.7000000000000001,False
1042,11,CLF_UNION,20,17,52,62,55,5,2,5,10,12,0.1,0.7000000000000001,False
1043,11,ORD-UNION,21,16,42,62,45,5,2,5,10,12,0.1,0.7000000000000001,False
1044,11,CARD,28,0,30,62,46,5,2,5,10,12,0.1,0.7000000000000001,True
1045,11,CLF_UNION,28,3,43,62,56,5,2,5,10,12,0.1,0.7000000000000001,True
1046,11,ORD-UNION,27,0,29,62,43,5,2,5,10,12,0.1,0.7000000000000001,True
1047,11,CARD,28,0,30,62,46,5,2,5,10,12,0.1,0.7000000000000001,False
1048,11,CLF_UNION,28,3,43,62,56,5,2,5,10,12,0.1,0.7000000000000001,False
1049,11,ORD-UNION,27,0,29,62,43,5,2,5,10,12,0.1,0.7000000000000001,False
1050,12,CARD,19,3,24,72,46,9,5,5,10,12,0.1,0.7000000000000001,True
1051,12,CLF_UNION,18,4,35,72,55,9,5,5,10,12,0.1,0.7000000000000001,True
1052,12,ORD-UNION,12,0,12,72,32,9,5,5,10,12,0.1,0.7000000000000001,True
1053,12,CARD,20,1,23,72,47,5,2,5,10,12,0.1,0.7000000000000001,False
1054,12,CLF_UNION,21,4,39,72,59,5,2,5,10,12,0.1,0.7000000000000001,False
1055,12,ORD-UNION,19,1,22,72,42,5,2,5,10,12,0.1,0.7000000000000001,False
1056,12,CARD,23,12,40,72,47,5,2,5,10,12,0.1,0.7000000000000001,True
1057,12,CLF_UNION,27,17,62,72,65,5,2,5,10,12,0.1,0.7000000000000001,True
1058,12,ORD-UNION,20,12,37,72,40,5,2,5,10,12,0.1,0.7000000000000001,True
1059,12,CARD,23,12,40,72,47,5,2,5,10,12,0.1,0.7000000000000001,False
1060,12,CLF_UNION,27,17,62,72,65,5,2,5,10,12,0.1,0.7000000000000001,False
1061,12,ORD-UNION,20,12,37,72,40,5,2,5,10,12,0.1,0.7000000000000001,False
1062,12,CARD,33,4,39,72,46,5,2,5,10,12,0.1,0.7000000000000001,True
1063,12,CLF_UNION,33,5,52,72,57,5,2,5,10,12,0.1,0.7000000000000001,True
1064,12,ORD-UNION,29,4,35,72,40,5,2,5,10,12,0.1,0.7000000000000001,True
1065,12,CARD,33,4,39,72,46,5,2,5,10,12,0.1,0.7000000000000001,False
1066,12,CLF_UNION,33,5,52,72,57,5,2,5,10,12,0.1,0.7000000000000001,False
1067,12,ORD-UNION,29,4,35,72,40,5,2,5,10,12,0.1,0.7000000000000001,False
1068,12,CARD,37,4,42,72,45,5,2,5,10,12,0.1,0.7000000000000001,True
1069,12,CLF_UNION,38,5,54,72,57,5,2,5,10,12,0.1,0.7000000000000001,True
1070,12,ORD-UNION,36,4,41,72,44,5,2,5,10,12,0.1,0.7000000000000001,True
1071,12,CARD,37,4,42,72,45,5,2,5,10,12,0.1,0.7000000000000001,False
1072,12,CLF_UNION,38,5,54,72,57,5,2,5,10,12,0.1,0.7000000000000001,False
1073,12,ORD-UNION,36,4,41,72,44,5,2,5,10,12,0.1,0.7000000000000001,False
1074,12,CARD,29,9,44,72,45,5,2,5,10,12,0.1,0.7000000000000001,True
1075,12,CLF_UNION,31,10,58,72,59,5,2,5,10,12,0.1,0.7000000000000001,True
1076,12,ORD-UNION,27,9,42,72,43,5,2,5,10,12,0.1,0.7000000000000001,True
1077,12,CARD,29,9,44,72,45,5,2,5,10,12,0.1,0.7000000000000001,False
1078,12,CLF_UNION,31,10,58,72,59,5,2,5,10,12,0.1,0.7000000000000001,False
1079,12,ORD-UNION,27,9,42,72,43,5,2,5,10,12,0.1,0.7000000000000001,False
1080,13,CARD,29,3,35,85,45,9,5,5,10,12,0.1,0.7000000000000001,True
1081,13,CLF_UNION,26,7,46,85,56,9,5,5,10,12,0.1,0.7000000000000001,True
1082,13,ORD-UNION,21,1,23,85,33,9,5,5,10,12,0.1,0.7000000000000001,True
1083,13,CARD,29,3,35,85,45,7,2,5,10,12,0.1,0.7000000000000001,False
1084,13,CLF_UNION,26,6,45,85,55,7,2,5,10,12,0.1,0.7000000000000001,False
1085,13,ORD-UNION,15,0,16,85,26,7,2,5,10,12,0.1,0.7000000000000001,False
1086,13,CARD,29,3,35,85,45,7,2,5,10,12,0.1,0.7000000000000001,True
1087,13,CLF_UNION,28,4,45,85,55,7,2,5,10,12,0.1,0.7000000000000001,True
1088,13,ORD-UNION,17,0,18,85,28,7,2,5,10,12,0.1,0.7000000000000001,True
1089,13,CARD,29,3,35,85,45,7,2,5,10,12,0.1,0.7000000000000001,False
1090,13,CLF_UNION,28,4,45,85,55,7,2,5,10,12,0.1,0.7000000000000001,False
1091,13,ORD-UNION,17,0,18,85,28,7,2,5,10,12,0.1,0.7000000000000001,False
1092,13,CARD,27,4,34,85,46,7,2,5,10,12,0.1,0.7000000000000001,True
1093,13,CLF_UNION,29,3,45,85,55,7,2,5,10,12,0.1,0.7000000000000001,True
1094,13,ORD-UNION,6,0,7,85,17,7,2,5,10,12,0.1,0.7000000000000001,True
1095,13,CARD,27,4,34,85,46,7,2,5,10,12,0.1,0.7000000000000001,False
1096,13,CLF_UNION,29,3,45,85,55,7,2,5,10,12,0.1,0.7000000000000001,False
1097,13,ORD-UNION,6,0,7,85,17,7,2,5,10,12,0.1,0.7000000000000001,False
1098,13,CARD,20,11,34,85,46,7,2,5,10,12,0.1,0.7000000000000001,True
1099,13,CLF_UNION,18,14,45,85,55,7,2,5,10,12,0.1,0.7000000000000001,True
1100,13,ORD-UNION,8,3,12,85,22,7,2,5,10,12,0.1,0.7000000000000001,True
1101,13,CARD,20,11,34,85,46,7,2,5,10,12,0.1,0.7000000000000001,False
1102,13,CLF_UNION,18,14,45,85,55,7,2,5,10,12,0.1,0.7000000000000001,False
1103,13,ORD-UNION,8,3,12,85,22,7,2,5,10,12,0.1,0.7000000000000001,False
1104,13,CARD,25,12,39,85,45,7,2,5,10,12,0.1,0.7000000000000001,True
1105,13,CLF_UNION,26,11,49,85,55,7,2,5,10,12,0.1,0.7000000000000001,True
1106,13,ORD-UNION,13,1,16,85,22,7,2,5,10,12,0.1,0.7000000000000001,True
1107,13,CARD,25,12,39,85,45,7,2,5,10,12,0.1,0.7000000000000001,False
1108,13,CLF_UNION,26,11,49,85,55,7,2,5,10,12,0.1,0.7000000000000001,False
1109,13,ORD-UNION,13,1,16,85,22,7,2,5,10,12,0.1,0.7000000000000001,False
1110,14,CARD,17,6,26,98,46,9,5,5,10,12,0.1,0.7000000000000001,True
1111,14,CLF_UNION,16,7,37,98,55,9,5,5,10,12,0.1,0.7000000000000001,True
1112,14,ORD-UNION,11,2,15,98,33,9,5,5,10,12,0.1,0.7000000000000001,True
1113,14,CARD,17,6,27,98,45,7,2,5,10,12,0.1,0.7000000000000001,False
1114,14,CLF_UNION,17,6,37,98,55,7,2,5,10,12,0.1,0.7000000000000001,False
1115,14,ORD-UNION,5,1,10,98,28,7,2,5,10,12,0.1,0.7000000000000001,False
1116,14,CARD,28,2,33,98,47,7,2,5,10,12,0.1,0.7000000000000001,True
1117,14,CLF_UNION,27,8,48,98,58,7,2,5,10,12,0.1,0.7000000000000001,True
1118,14,ORD-UNION,11,0,12,98,22,7,2,5,10,12,0.1,0.7000000000000001,True
1119,14,CARD,28,2,33,98,47,7,2,5,10,12,0.1,0.7000000000000001,False
1120,14,CLF_UNION,27,8,48,98,58,7,2,5,10,12,0.1,0.7000000000000001,False
1121,14,ORD-UNION,11,0,12,98,22,7,2,5,10,12,0.1,0.7000000000000001,False
1122,14,CARD,10,6,19,98,45,7,2,5,10,12,0.1,0.7000000000000001,True
1123,14,CLF_UNION,11,5,29,98,55,7,2,5,10,12,0.1,0.7000000000000001,True
1124,14,ORD-UNION,6,1,10,98,36,7,2,5,10,12,0.1,0.7000000000000001,True
1125,14,CARD,10,6,19,98,45,7,2,5,10,12,0.1,0.7000000000000001,False
1126,14,CLF_UNION,11,5,29,98,55,7,2,5,10,12,0.1,0.7000000000000001,False
1127,14,ORD-UNION,6,1,10,98,36,7,2,5,10,12,0.1,0.7000000000000001,False
1128,14,CARD,31,2,36,98,45,7,2,5,10,12,0.1,0.7000000000000001,True
1129,14,CLF_UNION,29,4,46,98,55,7,2,5,10,12,0.1,0.7000000000000001,True
1130,14,ORD-UNION,8,0,9,98,18,7,2,5,10,12,0.1,0.7000000000000001,True
1131,14,CARD,31,2,36,98,45,7,2,5,10,12,0.1,0.7000000000000001,False
1132,14,CLF_UNION,29,4,46,98,55,7,2,5,10,12,0.1,0.7000000000000001,False
1133,14,ORD-UNION,8,0,9,98,18,7,2,5,10,12,0.1,0.7000000000000001,False
1134,14,CARD,23,2,31,98,45,7,2,5,10,12,0.1,0.7000000000000001,True
1135,14,CLF_UNION,22,3,41,98,55,7,2,5,10,12,0.1,0.7000000000000001,True
1136,14,ORD-UNION,11,1,15,98,29,7,2,5,10,12,0.1,0.7000000000000001,True
1137,14,CARD,23,2,31,98,45,7,2,5,10,12,0.1,0.7000000000000001,False
1138,14,CLF_UNION,22,3,41,98,55,7,2,5,10,12,0.1,0.7000000000000001,False
1139,14,ORD-UNION,11,1,15,98,29,7,2,5,10,12,0.1,0.7000000000000001,False
1140,15,CARD,30,6,39,112,46,9,5,5,10,12,0.1,0.7000000000000001,True
1141,15,CLF_UNION,30,6,50,112,55,9,5,5,10,12,0.1,0.7000000000000001,True
1142,15,ORD-UNION,29,5,37,112,42,9,5,5,10,12,0.1,0.7000000000000001,True
1143,15,CARD,30,6,40,112,45,9,2,5,10,12,0.1,0.7000000000000001,False
1144,15,CLF_UNION,28,8,50,112,55,9,2,5,10,12,0.1,0.7000000000000001,False
1145,15,ORD-UNION,14,2,17,112,22,9,2,5,10,12,0.1,0.7000000000000001,False
1146,15,CARD,23,12,41,112,46,9,2,5,10,12,0.1,0.7000000000000001,True
1147,15,CLF_UNION,23,13,52,112,55,9,2,5,10,12,0.1,0.7000000000000001,True
1148,15,ORD-UNION,7,3,11,112,14,9,2,5,10,12,0.1,0.7000000000000001,True
1149,15,CARD,23,12,41,112,46,9,2,5,10,12,0.1,0.7000000000000001,False
1150,15,CLF_UNION,23,13,52,112,55,9,2,5,10,12,0.1,0.7000000000000001,False
1151,15,ORD-UNION,7,3,11,112,14,9,2,5,10,12,0.1,0.7000000000000001,False
1152,15,CARD,28,4,34,112,46,9,2,5,10,12,0.1,0.7000000000000001,True
1153,15,CLF_UNION,25,7,45,112,55,9,2,5,10,12,0.1,0.7000000000000001,True
1154,15,ORD-UNION,10,1,11,112,21,9,2,5,10,12,0.1,0.7000000000000001,True
1155,15,CARD,28,4,34,112,46,9,2,5,10,12,0.1,0.7000000000000001,False
1156,15,CLF_UNION,25,7,45,112,55,9,2,5,10,12,0.1,0.7000000000000001,False
1157,15,ORD-UNION,10,1,11,112,21,9,2,5,10,12,0.1,0.7000000000000001,False
1158,15,CARD,17,12,33,112,47,9,2,5,10,12,0.1,0.7000000000000001,True
1159,15,CLF_UNION,17,14,45,112,55,9,2,5,10,12,0.1,0.7000000000000001,True
1160,15,ORD-UNION,2,0,2,112,12,9,2,5,10,12,0.1,0.7000000000000001,True
1161,15,CARD,17,12,33,112,47,9,2,5,10,12,0.1,0.7000000000000001,False
1162,15,CLF_UNION,17,14,45,112,55,9,2,5,10,12,0.1,0.7000000000000001,False
1163,15,ORD-UNION,2,0,2,112,12,9,2,5,10,12,0.1,0.7000000000000001,False
1164,15,CARD,24,2,30,112,45,9,2,5,10,12,0.1,0.7000000000000001,True
1165,15,CLF_UNION,24,2,40,112,55,9,2,5,10,12,0.1,0.7000000000000001,True
1166,15,ORD-UNION,13,0,14,112,29,9,2,5,10,12,0.1,0.7000000000000001,True
1167,15,CARD,24,2,30,112,45,9,2,5,10,12,0.1,0.7000000000000001,False
1168,15,CLF_UNION,24,2,40,112,55,9,2,5,10,12,0.1,0.7000000000000001,False
1169,15,ORD-UNION,13,0,14,112,29,9,2,5,10,12,0.1,0.7000000000000001,False
