,budget,model,correct,wrong,total,n_pref_input,n_pref_output,theta_size,theta_additivity,n_items,n_test_subsets,n_tiers,alpha,p,real theta
0,1,CARD,11,8,25,1,65,9,5,5,10,9,0.1,0.7000000000000001,True
1,1,CLF_UNION,35,15,73,1,73,9,5,5,10,9,0.1,0.7000000000000001,True
2,1,ORD-UNION,0,0,0,1,0,9,5,5,10,9,0.1,0.7000000000000001,True
3,1,CARD,17,3,25,1,65,1,1,5,10,9,0.1,0.7000000000000001,False
4,1,CLF_UNION,33,19,75,1,75,1,1,5,10,9,0.1,0.7000000000000001,False
5,1,ORD-UNION,17,3,25,1,25,1,1,5,10,9,0.1,0.7000000000000001,False
6,1,CARD,19,0,21,1,69,1,1,5,10,9,0.1,0.7000000000000001,True
7,1,CLF_UNION,39,20,79,1,79,1,1,5,10,9,0.1,0.7000000000000001,True
8,1,ORD-UNION,19,0,21,1,21,1,1,5,10,9,0.1,0.7000000000000001,True
9,1,CARD,19,0,21,1,69,1,1,5,10,9,0.1,0.7000000000000001,False
10,1,CLF_UNION,39,20,79,1,79,1,1,5,10,9,0.1,0.7000000000000001,False
11,1,ORD-UNION,19,0,21,1,21,1,1,5,10,9,0.1,0.7000000000000001,False
12,1,CARD,15,4,21,1,69,1,1,5,10,9,0.1,0.7000000000000001,True
13,1,CLF_UNION,36,25,79,1,79,1,1,5,10,9,0.1,0.7000000000000001,True
14,1,ORD-UNION,15,4,21,1,21,1,1,5,10,9,0.1,0.7000000000000001,True
15,1,CARD,15,4,21,1,69,1,1,5,10,9,0.1,0.7000000000000001,False
16,1,CLF_UNION,36,25,79,1,79,1,1,5,10,9,0.1,0.7000000000000001,False
17,1,ORD-UNION,15,4,21,1,21,1,1,5,10,9,0.1,0.7000000000000001,False
18,1,CARD,11,7,21,1,69,1,1,5,10,9,0.1,0.7000000000000001,True
19,1,CLF_UNION,33,29,79,1,79,1,1,5,10,9,0.1,0.7000000000000001,True
20,1,ORD-UNION,11,7,21,1,21,1,1,5,10,9,0.1,0.7000000000000001,True
21,1,CARD,11,7,21,1,69,1,1,5,10,9,0.1,0.7000000000000001,False
22,1,CLF_UNION,33,29,79,1,79,1,1,5,10,9,0.1,0.7000000000000001,False
23,1,ORD-UNION,11,7,21,1,21,1,1,5,10,9,0.1,0.7000000000000001,False
24,1,CARD,13,7,21,1,69,1,1,5,10,9,0.1,0.7000000000000001,True
25,1,CLF_UNION,33,27,79,1,79,1,1,5,10,9,0.1,0.7000000000000001,True
26,1,ORD-UNION,13,7,21,1,21,1,1,5,10,9,0.1,0.7000000000000001,True
27,1,CARD,13,7,21,1,69,1,1,5,10,9,0.1,0.7000000000000001,False
28,1,CLF_UNION,33,27,79,1,79,1,1,5,10,9,0.1,0.7000000000000001,False
29,1,ORD-UNION,13,7,21,1,21,1,1,5,10,9,0.1,0.7000000000000001,False
30,2,CARD,20,11,36,3,54,9,5,5,10,9,0.1,0.7000000000000001,True
31,2,CLF_UNION,36,12,65,3,65,9,5,5,10,9,0.1,0.7000000000000001,True
32,2,ORD-UNION,2,0,2,3,2,9,5,5,10,9,0.1,0.7000000000000001,True
33,2,CARD,27,3,33,3,57,2,1,5,10,9,0.1,0.7000000000000001,False
34,2,CLF_UNION,39,20,79,3,79,2,1,5,10,9,0.1,0.7000000000000001,False
35,2,ORD-UNION,27,3,33,3,33,2,1,5,10,9,0.1,0.7000000000000001,False
36,2,CARD,28,6,37,3,53,2,1,5,10,9,0.1,0.7000000000000001,True
37,2,CLF_UNION,41,20,76,3,76,2,1,5,10,9,0.1,0.7000000000000001,True
38,2,ORD-UNION,28,6,37,3,37,2,1,5,10,9,0.1,0.7000000000000001,True
39,2,CARD,28,6,37,3,53,2,1,5,10,9,0.1,0.7000000000000001,False
40,2,CLF_UNION,41,20,76,3,76,2,1,5,10,9,0.1,0.7000000000000001,False
41,2,ORD-UNION,28,6,37,3,37,2,1,5,10,9,0.1,0.7000000000000001,False
42,2,CARD,24,8,35,3,55,2,1,5,10,9,0.1,0.7000000000000001,True
43,2,CLF_UNION,40,21,76,3,76,2,1,5,10,9,0.1,0.7000000000000001,True
44,2,ORD-UNION,24,8,35,3,35,2,1,5,10,9,0.1,0.7000000000000001,True
45,2,CARD,24,8,35,3,55,2,1,5,10,9,0.1,0.7000000000000001,False
46,2,CLF_UNION,40,21,76,3,76,2,1,5,10,9,0.1,0.7000000000000001,False
47,2,ORD-UNION,24,8,35,3,35,2,1,5,10,9,0.1,0.7000000000000001,False
48,2,CARD,25,8,37,3,53,2,1,5,10,9,0.1,0.7000000000000001,True
49,2,CLF_UNION,34,21,75,3,75,2,1,5,10,9,0.1,0.7000000000000001,True
50,2,ORD-UNION,25,8,37,3,37,2,1,5,10,9,0.1,0.7000000000000001,True
51,2,CARD,25,8,37,3,53,2,1,5,10,9,0.1,0.7000000000000001,False
52,2,CLF_UNION,34,21,75,3,75,2,1,5,10,9,0.1,0.7000000000000001,False
53,2,ORD-UNION,25,8,37,3,37,2,1,5,10,9,0.1,0.7000000000000001,False
54,2,CARD,18,12,35,3,54,2,1,5,10,9,0.1,0.7000000000000001,True
55,2,CLF_UNION,32,27,75,3,76,2,1,5,10,9,0.1,0.7000000000000001,True
56,2,ORD-UNION,18,12,35,3,36,2,1,5,10,9,0.1,0.7000000000000001,True
57,2,CARD,18,12,35,3,54,2,1,5,10,9,0.1,0.7000000000000001,False
58,2,CLF_UNION,32,27,75,3,76,2,1,5,10,9,0.1,0.7000000000000001,False
59,2,ORD-UNION,18,12,35,3,36,2,1,5,10,9,0.1,0.7000000000000001,False
60,3,CARD,20,5,36,6,51,9,5,5,10,9,0.1,0.7000000000000001,True
61,3,CLF_UNION,27,9,61,6,64,9,5,5,10,9,0.1,0.7000000000000001,True
62,3,ORD-UNION,1,0,1,6,4,9,5,5,10,9,0.1,0.7000000000000001,True
63,3,CARD,21,4,35,6,52,3,1,5,10,9,0.1,0.7000000000000001,False
64,3,CLF_UNION,30,13,74,6,77,3,1,5,10,9,0.1,0.7000000000000001,False
65,3,ORD-UNION,19,1,25,6,28,3,1,5,10,9,0.1,0.7000000000000001,False
66,3,CARD,28,6,39,6,51,3,1,5,10,9,0.1,0.7000000000000001,True
67,3,CLF_UNION,34,18,73,6,73,3,1,5,10,9,0.1,0.7000000000000001,True
68,3,ORD-UNION,22,5,31,6,31,3,1,5,10,9,0.1,0.7000000000000001,True
69,3,CARD,28,6,39,6,51,3,1,5,10,9,0.1,0.7000000000000001,False
70,3,CLF_UNION,34,18,73,6,73,3,1,5,10,9,0.1,0.7000000000000001,False
71,3,ORD-UNION,22,5,31,6,31,3,1,5,10,9,0.1,0.7000000000000001,False
72,3,CARD,22,11,39,6,51,3,1,5,10,9,0.1,0.7000000000000001,True
73,3,CLF_UNION,33,19,73,6,73,3,1,5,10,9,0.1,0.7000000000000001,True
74,3,ORD-UNION,21,6,30,6,30,3,1,5,10,9,0.1,0.7000000000000001,True
75,3,CARD,22,11,39,6,51,3,1,5,10,9,0.1,0.7000000000000001,False
76,3,CLF_UNION,33,19,73,6,73,3,1,5,10,9,0.1,0.7000000000000001,False
77,3,ORD-UNION,21,6,30,6,30,3,1,5,10,9,0.1,0.7000000000000001,False
78,3,CARD,31,5,40,6,50,3,1,5,10,9,0.1,0.7000000000000001,True
79,3,CLF_UNION,37,16,69,6,69,3,1,5,10,9,0.1,0.7000000000000001,True
80,3,ORD-UNION,28,4,36,6,36,3,1,5,10,9,0.1,0.7000000000000001,True
81,3,CARD,31,5,40,6,50,3,1,5,10,9,0.1,0.7000000000000001,False
82,3,CLF_UNION,37,16,69,6,69,3,1,5,10,9,0.1,0.7000000000000001,False
83,3,ORD-UNION,28,4,36,6,36,3,1,5,10,9,0.1,0.7000000000000001,False
84,3,CARD,19,10,35,6,55,3,1,5,10,9,0.1,0.7000000000000001,True
85,3,CLF_UNION,33,19,73,6,73,3,1,5,10,9,0.1,0.7000000000000001,True
86,3,ORD-UNION,16,8,27,6,27,3,1,5,10,9,0.1,0.7000000000000001,True
87,3,CARD,19,10,35,6,55,3,1,5,10,9,0.1,0.7000000000000001,False
88,3,CLF_UNION,33,19,73,6,73,3,1,5,10,9,0.1,0.7000000000000001,False
89,3,ORD-UNION,16,8,27,6,27,3,1,5,10,9,0.1,0.7000000000000001,False
90,4,CARD,27,14,44,9,46,9,5,5,10,9,0.1,0.7000000000000001,True
91,4,CLF_UNION,33,11,57,9,57,9,5,5,10,9,0.1,0.7000000000000001,True
92,4,ORD-UNION,4,0,4,9,4,9,5,5,10,9,0.1,0.7000000000000001,True
93,4,CARD,30,7,40,9,50,3,1,5,10,9,0.1,0.7000000000000001,False
94,4,CLF_UNION,36,14,64,9,64,3,1,5,10,9,0.1,0.7000000000000001,False
95,4,ORD-UNION,28,6,36,9,36,3,1,5,10,9,0.1,0.7000000000000001,False
96,4,CARD,19,13,37,9,53,3,1,5,10,9,0.1,0.7000000000000001,True
97,4,CLF_UNION,32,23,73,9,73,3,1,5,10,9,0.1,0.7000000000000001,True
98,4,ORD-UNION,15,8,25,9,25,3,1,5,10,9,0.1,0.7000000000000001,True
99,4,CARD,19,13,37,9,53,3,1,5,10,9,0.1,0.7000000000000001,False
100,4,CLF_UNION,32,23,73,9,73,3,1,5,10,9,0.1,0.7000000000000001,False
101,4,ORD-UNION,15,8,25,9,25,3,1,5,10,9,0.1,0.7000000000000001,False
102,4,CARD,25,7,38,9,51,3,1,5,10,9,0.1,0.7000000000000001,True
103,4,CLF_UNION,35,18,70,9,71,3,1,5,10,9,0.1,0.7000000000000001,True
104,4,ORD-UNION,23,3,29,9,30,3,1,5,10,9,0.1,0.7000000000000001,True
105,4,CARD,25,7,38,9,51,3,1,5,10,9,0.1,0.7000000000000001,False
106,4,CLF_UNION,35,18,70,9,71,3,1,5,10,9,0.1,0.7000000000000001,False
107,4,ORD-UNION,23,3,29,9,30,3,1,5,10,9,0.1,0.7000000000000001,False
108,4,CARD,19,10,37,9,53,3,1,5,10,9,0.1,0.7000000000000001,True
109,4,CLF_UNION,32,16,69,9,69,3,1,5,10,9,0.1,0.7000000000000001,True
110,4,ORD-UNION,19,4,29,9,29,3,1,5,10,9,0.1,0.7000000000000001,True
111,4,CARD,19,10,37,9,53,3,1,5,10,9,0.1,0.7000000000000001,False
112,4,CLF_UNION,32,16,69,9,69,3,1,5,10,9,0.1,0.7000000000000001,False
113,4,ORD-UNION,19,4,29,9,29,3,1,5,10,9,0.1,0.7000000000000001,False
114,4,CARD,25,7,38,9,52,3,1,5,10,9,0.1,0.7000000000000001,True
115,4,CLF_UNION,34,17,68,9,68,3,1,5,10,9,0.1,0.7000000000000001,True
116,4,ORD-UNION,23,3,30,9,30,3,1,5,10,9,0.1,0.7000000000000001,True
117,4,CARD,25,7,38,9,52,3,1,5,10,9,0.1,0.7000000000000001,False
118,4,CLF_UNION,34,17,68,9,68,3,1,5,10,9,0.1,0.7000000000000001,False
119,4,ORD-UNION,23,3,30,9,30,3,1,5,10,9,0.1,0.7000000000000001,False
120,5,CARD,23,14,40,14,48,9,5,5,10,9,0.1,0.7000000000000001,True
121,5,CLF_UNION,28,12,54,14,56,9,5,5,10,9,0.1,0.7000000000000001,True
122,5,ORD-UNION,3,0,3,14,5,9,5,5,10,9,0.1,0.7000000000000001,True
123,5,CARD,22,13,39,14,49,3,1,5,10,9,0.1,0.7000000000000001,False
124,5,CLF_UNION,31,20,66,14,68,3,1,5,10,9,0.1,0.7000000000000001,False
125,5,ORD-UNION,22,10,36,14,38,3,1,5,10,9,0.1,0.7000000000000001,False
126,5,CARD,20,10,41,14,48,3,1,5,10,9,0.1,0.7000000000000001,True
127,5,CLF_UNION,29,20,76,14,77,3,1,5,10,9,0.1,0.7000000000000001,True
128,5,ORD-UNION,18,3,29,14,30,3,1,5,10,9,0.1,0.7000000000000001,True
129,5,CARD,20,10,41,14,48,3,1,5,10,9,0.1,0.7000000000000001,False
130,5,CLF_UNION,29,20,76,14,77,3,1,5,10,9,0.1,0.7000000000000001,False
131,5,ORD-UNION,18,3,29,14,30,3,1,5,10,9,0.1,0.7000000000000001,False
132,5,CARD,15,15,36,14,49,3,1,5,10,9,0.1,0.7000000000000001,True
133,5,CLF_UNION,25,19,62,14,67,3,1,5,10,9,0.1,0.7000000000000001,True
134,5,ORD-UNION,15,15,36,14,41,3,1,5,10,9,0.1,0.7000000000000001,True
135,5,CARD,15,15,36,14,49,3,1,5,10,9,0.1,0.7000000000000001,False
136,5,CLF_UNION,25,19,62,14,67,3,1,5,10,9,0.1,0.7000000000000001,False
137,5,ORD-UNION,15,15,36,14,41,3,1,5,10,9,0.1,0.7000000000000001,False
138,5,CARD,16,13,39,14,50,3,1,5,10,9,0.1,0.7000000000000001,True
139,5,CLF_UNION,25,22,70,14,71,3,1,5,10,9,0.1,0.7000000000000001,True
140,5,ORD-UNION,15,8,32,14,33,3,1,5,10,9,0.1,0.7000000000000001,True
141,5,CARD,16,13,39,14,50,3,1,5,10,9,0.1,0.7000000000000001,False
142,5,CLF_UNION,25,22,70,14,71,3,1,5,10,9,0.1,0.7000000000000001,False
143,5,ORD-UNION,15,8,32,14,33,3,1,5,10,9,0.1,0.7000000000000001,False
144,5,CARD,11,22,41,14,49,3,1,5,10,9,0.1,0.7000000000000001,True
145,5,CLF_UNION,22,34,77,14,77,3,1,5,10,9,0.1,0.7000000000000001,True
146,5,ORD-UNION,8,11,25,14,25,3,1,5,10,9,0.1,0.7000000000000001,True
147,5,CARD,11,22,41,14,49,3,1,5,10,9,0.1,0.7000000000000001,False
148,5,CLF_UNION,22,34,77,14,77,3,1,5,10,9,0.1,0.7000000000000001,False
149,5,ORD-UNION,8,11,25,14,25,3,1,5,10,9,0.1,0.7000000000000001,False
150,6,CARD,17,12,40,20,47,9,5,5,10,9,0.1,0.7000000000000001,True
151,6,CLF_UNION,26,5,52,20,55,9,5,5,10,9,0.1,0.7000000000000001,True
152,6,ORD-UNION,1,0,1,20,4,9,5,5,10,9,0.1,0.7000000000000001,True
153,6,CARD,26,2,39,20,48,5,2,5,10,9,0.1,0.7000000000000001,False
154,6,CLF_UNION,28,8,60,20,63,5,2,5,10,9,0.1,0.7000000000000001,False
155,6,ORD-UNION,23,2,35,20,38,5,2,5,10,9,0.1,0.7000000000000001,False
156,6,CARD,37,2,42,20,47,5,2,5,10,9,0.1,0.7000000000000001,True
157,6,CLF_UNION,41,5,61,20,62,5,2,5,10,9,0.1,0.7000000000000001,True
158,6,ORD-UNION,36,1,39,20,40,5,2,5,10,9,0.1,0.7000000000000001,True
159,6,CARD,37,2,42,20,47,5,2,5,10,9,0.1,0.7000000000000001,False
160,6,CLF_UNION,41,5,61,20,62,5,2,5,10,9,0.1,0.7000000000000001,False
161,6,ORD-UNION,36,1,39,20,40,5,2,5,10,9,0.1,0.7000000000000001,False
162,6,CARD,31,4,39,20,48,5,2,5,10,9,0.1,0.7000000000000001,True
163,6,CLF_UNION,35,10,60,20,63,5,2,5,10,9,0.1,0.7000000000000001,True
164,6,ORD-UNION,30,3,36,20,39,5,2,5,10,9,0.1,0.7000000000000001,True
165,6,CARD,31,4,39,20,48,5,2,5,10,9,0.1,0.7000000000000001,False
166,6,CLF_UNION,35,10,60,20,63,5,2,5,10,9,0.1,0.7000000000000001,False
167,6,ORD-UNION,30,3,36,20,39,5,2,5,10,9,0.1,0.7000000000000001,False
168,6,CARD,32,4,40,20,47,5,2,5,10,9,0.1,0.7000000000000001,True
169,6,CLF_UNION,35,9,61,20,64,5,2,5,10,9,0.1,0.7000000000000001,True
170,6,ORD-UNION,30,4,36,20,39,5,2,5,10,9,0.1,0.7000000000000001,True
171,6,CARD,32,4,40,20,47,5,2,5,10,9,0.1,0.7000000000000001,False
172,6,CLF_UNION,35,9,61,20,64,5,2,5,10,9,0.1,0.7000000000000001,False
173,6,ORD-UNION,30,4,36,20,39,5,2,5,10,9,0.1,0.7000000000000001,False
174,6,CARD,31,2,40,20,48,5,2,5,10,9,0.1,0.7000000000000001,True
175,6,CLF_UNION,33,7,61,20,63,5,2,5,10,9,0.1,0.7000000000000001,True
176,6,ORD-UNION,27,2,36,20,38,5,2,5,10,9,0.1,0.7000000000000001,True
177,6,CARD,31,2,40,20,48,5,2,5,10,9,0.1,0.7000000000000001,False
178,6,CLF_UNION,33,7,61,20,63,5,2,5,10,9,0.1,0.7000000000000001,False
179,6,ORD-UNION,27,2,36,20,38,5,2,5,10,9,0.1,0.7000000000000001,False
180,7,CARD,13,22,42,27,48,9,5,5,10,9,0.1,0.7000000000000001,True
181,7,CLF_UNION,28,12,58,27,58,9,5,5,10,9,0.1,0.7000000000000001,True
182,7,ORD-UNION,1,0,1,27,1,9,5,5,10,9,0.1,0.7000000000000001,True
183,7,CARD,27,1,33,27,57,5,2,5,10,9,0.1,0.7000000000000001,False
184,7,CLF_UNION,36,18,77,27,77,5,2,5,10,9,0.1,0.7000000000000001,False
185,7,ORD-UNION,24,1,28,27,28,5,2,5,10,9,0.1,0.7000000000000001,False
186,7,CARD,29,4,37,27,50,5,2,5,10,9,0.1,0.7000000000000001,True
187,7,CLF_UNION,34,8,61,27,64,5,2,5,10,9,0.1,0.7000000000000001,True
188,7,ORD-UNION,25,3,31,27,34,5,2,5,10,9,0.1,0.7000000000000001,True
189,7,CARD,29,4,37,27,50,5,2,5,10,9,0.1,0.7000000000000001,False
190,7,CLF_UNION,34,8,61,27,64,5,2,5,10,9,0.1,0.7000000000000001,False
191,7,ORD-UNION,25,3,31,27,34,5,2,5,10,9,0.1,0.7000000000000001,False
192,7,CARD,23,5,35,27,52,5,2,5,10,9,0.1,0.7000000000000001,True
193,7,CLF_UNION,30,16,63,27,66,5,2,5,10,9,0.1,0.7000000000000001,True
194,7,ORD-UNION,21,4,30,27,33,5,2,5,10,9,0.1,0.7000000000000001,True
195,7,CARD,23,5,35,27,52,5,2,5,10,9,0.1,0.7000000000000001,False
196,7,CLF_UNION,30,16,63,27,66,5,2,5,10,9,0.1,0.7000000000000001,False
197,7,ORD-UNION,21,4,30,27,33,5,2,5,10,9,0.1,0.7000000000000001,False
198,7,CARD,29,2,33,27,51,5,2,5,10,9,0.1,0.7000000000000001,True
199,7,CLF_UNION,36,13,61,27,67,5,2,5,10,9,0.1,0.7000000000000001,True
200,7,ORD-UNION,26,2,30,27,36,5,2,5,10,9,0.1,0.7000000000000001,True
201,7,CARD,29,2,33,27,51,5,2,5,10,9,0.1,0.7000000000000001,False
202,7,CLF_UNION,36,13,61,27,67,5,2,5,10,9,0.1,0.7000000000000001,False
203,7,ORD-UNION,26,2,30,27,36,5,2,5,10,9,0.1,0.7000000000000001,False
204,7,CARD,30,3,36,27,48,5,2,5,10,9,0.1,0.7000000000000001,True
205,7,CLF_UNION,35,7,56,27,62,5,2,5,10,9,0.1,0.7000000000000001,True
206,7,ORD-UNION,30,2,35,27,41,5,2,5,10,9,0.1,0.7000000000000001,True
207,7,CARD,30,3,36,27,48,5,2,5,10,9,0.1,0.7000000000000001,False
208,7,CLF_UNION,35,7,56,27,62,5,2,5,10,9,0.1,0.7000000000000001,False
209,7,ORD-UNION,30,2,35,27,41,5,2,5,10,9,0.1,0.7000000000000001,False
210,8,CARD,36,0,42,35,47,9,5,5,10,9,0.1,0.7000000000000001,True
211,8,CLF_UNION,37,2,56,35,57,9,5,5,10,9,0.1,0.7000000000000001,True
212,8,ORD-UNION,3,0,3,35,4,9,5,5,10,9,0.1,0.7000000000000001,True
213,8,CARD,30,4,40,35,49,5,2,5,10,9,0.1,0.7000000000000001,False
214,8,CLF_UNION,31,9,56,35,57,5,2,5,10,9,0.1,0.7000000000000001,False
215,8,ORD-UNION,21,4,31,35,32,5,2,5,10,9,0.1,0.7000000000000001,False
216,8,CARD,35,3,42,35,47,5,2,5,10,9,0.1,0.7000000000000001,True
217,8,CLF_UNION,35,5,55,35,56,5,2,5,10,9,0.1,0.7000000000000001,True
218,8,ORD-UNION,31,3,37,35,38,5,2,5,10,9,0.1,0.7000000000000001,True
219,8,CARD,35,3,42,35,47,5,2,5,10,9,0.1,0.7000000000000001,False
220,8,CLF_UNION,35,5,55,35,56,5,2,5,10,9,0.1,0.7000000000000001,False
221,8,ORD-UNION,31,3,37,35,38,5,2,5,10,9,0.1,0.7000000000000001,False
222,8,CARD,25,5,34,35,46,5,2,5,10,9,0.1,0.7000000000000001,True
223,8,CLF_UNION,25,7,46,35,56,5,2,5,10,9,0.1,0.7000000000000001,True
224,8,ORD-UNION,18,5,26,35,36,5,2,5,10,9,0.1,0.7000000000000001,True
225,8,CARD,25,5,34,35,46,5,2,5,10,9,0.1,0.7000000000000001,False
226,8,CLF_UNION,25,7,46,35,56,5,2,5,10,9,0.1,0.7000000000000001,False
227,8,ORD-UNION,18,5,26,35,36,5,2,5,10,9,0.1,0.7000000000000001,False
228,8,CARD,30,3,37,35,47,5,2,5,10,9,0.1,0.7000000000000001,True
229,8,CLF_UNION,31,7,52,35,58,5,2,5,10,9,0.1,0.7000000000000001,True
230,8,ORD-UNION,20,3,27,35,33,5,2,5,10,9,0.1,0.7000000000000001,True
231,8,CARD,30,3,37,35,47,5,2,5,10,9,0.1,0.7000000000000001,False
232,8,CLF_UNION,31,7,52,35,58,5,2,5,10,9,0.1,0.7000000000000001,False
233,8,ORD-UNION,20,3,27,35,33,5,2,5,10,9,0.1,0.7000000000000001,False
234,8,CARD,25,5,35,35,53,5,2,5,10,9,0.1,0.7000000000000001,True
235,8,CLF_UNION,27,12,55,35,57,5,2,5,10,9,0.1,0.7000000000000001,True
236,8,ORD-UNION,13,4,20,35,22,5,2,5,10,9,0.1,0.7000000000000001,True
237,8,CARD,25,5,35,35,53,5,2,5,10,9,0.1,0.7000000000000001,False
238,8,CLF_UNION,27,12,55,35,57,5,2,5,10,9,0.1,0.7000000000000001,False
239,8,ORD-UNION,13,4,20,35,22,5,2,5,10,9,0.1,0.7000000000000001,False
240,9,CARD,32,1,41,43,46,9,5,5,10,9,0.1,0.7000000000000001,True
241,9,CLF_UNION,33,2,53,43,56,9,5,5,10,9,0.1,0.7000000000000001,True
242,9,ORD-UNION,8,0,8,43,11,9,5,5,10,9,0.1,0.7000000000000001,True
243,9,CARD,26,6,40,43,47,8,2,5,10,9,0.1,0.7000000000000001,False
244,9,CLF_UNION,33,1,52,43,55,8,2,5,10,9,0.1,0.7000000000000001,False
245,9,ORD-UNION,7,0,7,43,10,8,2,5,10,9,0.1,0.7000000000000001,False
246,9,CARD,25,4,33,43,47,8,2,5,10,9,0.1,0.7000000000000001,True
247,9,CLF_UNION,27,3,46,43,55,8,2,5,10,9,0.1,0.7000000000000001,True
248,9,ORD-UNION,11,0,11,43,21,8,2,5,10,9,0.1,0.7000000000000001,True
249,9,CARD,25,4,33,43,47,8,2,5,10,9,0.1,0.7000000000000001,False
250,9,CLF_UNION,27,3,46,43,55,8,2,5,10,9,0.1,0.7000000000000001,False
251,9,ORD-UNION,11,0,11,43,21,8,2,5,10,9,0.1,0.7000000000000001,False
252,9,CARD,34,3,41,43,46,8,2,5,10,9,0.1,0.7000000000000001,True
253,9,CLF_UNION,36,1,52,43,55,8,2,5,10,9,0.1,0.7000000000000001,True
254,9,ORD-UNION,15,0,15,43,18,8,2,5,10,9,0.1,0.7000000000000001,True
255,9,CARD,34,3,41,43,46,8,2,5,10,9,0.1,0.7000000000000001,False
256,9,CLF_UNION,36,1,52,43,55,8,2,5,10,9,0.1,0.7000000000000001,False
257,9,ORD-UNION,15,0,15,43,18,8,2,5,10,9,0.1,0.7000000000000001,False
258,9,CARD,30,4,40,43,47,8,2,5,10,9,0.1,0.7000000000000001,True
259,9,CLF_UNION,32,3,52,43,55,8,2,5,10,9,0.1,0.7000000000000001,True
260,9,ORD-UNION,11,0,11,43,14,8,2,5,10,9,0.1,0.7000000000000001,True
261,9,CARD,30,4,40,43,47,8,2,5,10,9,0.1,0.7000000000000001,False
262,9,CLF_UNION,32,3,52,43,55,8,2,5,10,9,0.1,0.7000000000000001,False
263,9,ORD-UNION,11,0,11,43,14,8,2,5,10,9,0.1,0.7000000000000001,False
264,9,CARD,34,5,44,43,46,8,2,5,10,9,0.1,0.7000000000000001,True
265,9,CLF_UNION,37,3,55,43,55,8,2,5,10,9,0.1,0.7000000000000001,True
266,9,ORD-UNION,17,0,17,43,17,8,2,5,10,9,0.1,0.7000000000000001,True
267,9,CARD,34,5,44,43,46,8,2,5,10,9,0.1,0.7000000000000001,False
268,9,CLF_UNION,37,3,55,43,55,8,2,5,10,9,0.1,0.7000000000000001,False
269,9,ORD-UNION,17,0,17,43,17,8,2,5,10,9,0.1,0.7000000000000001,False
270,10,CARD,39,0,42,51,47,9,5,5,10,9,0.1,0.7000000000000001,True
271,10,CLF_UNION,39,0,54,51,55,9,5,5,10,9,0.1,0.7000000000000001,True
272,10,ORD-UNION,23,0,23,51,24,9,5,5,10,9,0.1,0.7000000000000001,True
273,10,CARD,36,3,43,51,46,8,2,5,10,9,0.1,0.7000000000000001,False
274,10,CLF_UNION,39,0,54,51,55,8,2,5,10,9,0.1,0.7000000000000001,False
275,10,ORD-UNION,20,0,20,51,21,8,2,5,10,9,0.1,0.7000000000000001,False
276,10,CARD,36,2,40,51,49,8,2,5,10,9,0.1,0.7000000000000001,True
277,10,CLF_UNION,38,3,55,51,56,8,2,5,10,9,0.1,0.7000000000000001,True
278,10,ORD-UNION,17,0,17,51,18,8,2,5,10,9,0.1,0.7000000000000001,True
279,10,CARD,36,2,40,51,49,8,2,5,10,9,0.1,0.7000000000000001,False
280,10,CLF_UNION,38,3,55,51,56,8,2,5,10,9,0.1,0.7000000000000001,False
281,10,ORD-UNION,17,0,17,51,18,8,2,5,10,9,0.1,0.7000000000000001,False
282,10,CARD,34,5,43,51,46,8,2,5,10,9,0.1,0.7000000000000001,True
283,10,CLF_UNION,39,0,54,51,55,8,2,5,10,9,0.1,0.7000000000000001,True
284,10,ORD-UNION,20,0,20,51,21,8,2,5,10,9,0.1,0.7000000000000001,True
285,10,CARD,34,5,43,51,46,8,2,5,10,9,0.1,0.7000000000000001,False
286,10,CLF_UNION,39,0,54,51,55,8,2,5,10,9,0.1,0.7000000000000001,False
287,10,ORD-UNION,20,0,20,51,21,8,2,5,10,9,0.1,0.7000000000000001,False
288,10,CARD,29,6,40,51,48,8,2,5,10,9,0.1,0.7000000000000001,True
289,10,CLF_UNION,36,1,53,51,55,8,2,5,10,9,0.1,0.7000000000000001,True
290,10,ORD-UNION,19,0,19,51,21,8,2,5,10,9,0.1,0.7000000000000001,True
291,10,CARD,29,6,40,51,48,8,2,5,10,9,0.1,0.7000000000000001,False
292,10,CLF_UNION,36,1,53,51,55,8,2,5,10,9,0.1,0.7000000000000001,False
293,10,ORD-UNION,19,0,19,51,21,8,2,5,10,9,0.1,0.7000000000000001,False
294,10,CARD,31,4,39,51,49,8,2,5,10,9,0.1,0.7000000000000001,True
295,10,CLF_UNION,37,1,54,51,56,8,2,5,10,9,0.1,0.7000000000000001,True
296,10,ORD-UNION,22,0,22,51,24,8,2,5,10,9,0.1,0.7000000000000001,True
297,10,CARD,31,4,39,51,49,8,2,5,10,9,0.1,0.7000000000000001,False
298,10,CLF_UNION,37,1,54,51,56,8,2,5,10,9,0.1,0.7000000000000001,False
299,10,ORD-UNION,22,0,22,51,24,8,2,5,10,9,0.1,0.7000000000000001,False
300,11,CARD,32,2,41,61,46,9,5,5,10,9,0.1,0.7000000000000001,True
301,11,CLF_UNION,33,2,53,61,56,9,5,5,10,9,0.1,0.7000000000000001,True
302,11,ORD-UNION,21,0,21,61,24,9,5,5,10,9,0.1,0.7000000000000001,True
303,11,CARD,33,0,41,61,46,6,2,5,10,9,0.1,0.7000000000000001,False
304,11,CLF_UNION,33,1,52,61,55,6,2,5,10,9,0.1,0.7000000000000001,False
305,11,ORD-UNION,29,0,32,61,35,6,2,5,10,9,0.1,0.7000000000000001,False
306,11,CARD,31,1,37,61,47,6,2,5,10,9,0.1,0.7000000000000001,True
307,11,CLF_UNION,33,0,49,61,55,6,2,5,10,9,0.1,0.7000000000000001,True
308,11,ORD-UNION,30,0,32,61,38,6,2,5,10,9,0.1,0.7000000000000001,True
309,11,CARD,31,1,37,61,47,6,2,5,10,9,0.1,0.7000000000000001,False
310,11,CLF_UNION,33,0,49,61,55,6,2,5,10,9,0.1,0.7000000000000001,False
311,11,ORD-UNION,30,0,32,61,38,6,2,5,10,9,0.1,0.7000000000000001,False
312,11,CARD,28,3,35,61,45,6,2,5,10,9,0.1,0.7000000000000001,True
313,11,CLF_UNION,29,2,45,61,55,6,2,5,10,9,0.1,0.7000000000000001,True
314,11,ORD-UNION,28,0,32,61,42,6,2,5,10,9,0.1,0.7000000000000001,True
315,11,CARD,28,3,35,61,45,6,2,5,10,9,0.1,0.7000000000000001,False
316,11,CLF_UNION,29,2,45,61,55,6,2,5,10,9,0.1,0.7000000000000001,False
317,11,ORD-UNION,28,0,32,61,42,6,2,5,10,9,0.1,0.7000000000000001,False
318,11,CARD,27,0,38,61,46,6,2,5,10,9,0.1,0.7000000000000001,True
319,11,CLF_UNION,27,0,49,61,55,6,2,5,10,9,0.1,0.7000000000000001,True
320,11,ORD-UNION,24,0,29,61,35,6,2,5,10,9,0.1,0.7000000000000001,True
321,11,CARD,27,0,38,61,46,6,2,5,10,9,0.1,0.7000000000000001,False
322,11,CLF_UNION,27,0,49,61,55,6,2,5,10,9,0.1,0.7000000000000001,False
323,11,ORD-UNION,24,0,29,61,35,6,2,5,10,9,0.1,0.7000000000000001,False
324,11,CARD,26,0,30,61,45,6,2,5,10,9,0.1,0.7000000000000001,True
325,11,CLF_UNION,26,1,41,61,55,6,2,5,10,9,0.1,0.7000000000000001,True
326,11,ORD-UNION,24,0,26,61,41,6,2,5,10,9,0.1,0.7000000000000001,True
327,11,CARD,26,0,30,61,45,6,2,5,10,9,0.1,0.7000000000000001,False
328,11,CLF_UNION,26,1,41,61,55,6,2,5,10,9,0.1,0.7000000000000001,False
329,11,ORD-UNION,24,0,26,61,41,6,2,5,10,9,0.1,0.7000000000000001,False
330,12,CARD,30,0,35,71,46,9,5,5,10,9,0.1,0.7000000000000001,True
331,12,CLF_UNION,30,0,47,71,56,9,5,5,10,9,0.1,0.7000000000000001,True
332,12,ORD-UNION,23,0,23,71,32,9,5,5,10,9,0.1,0.7000000000000001,True
333,12,CARD,29,0,35,71,46,6,2,5,10,9,0.1,0.7000000000000001,False
334,12,CLF_UNION,30,0,47,71,56,6,2,5,10,9,0.1,0.7000000000000001,False
335,12,ORD-UNION,28,0,31,71,40,6,2,5,10,9,0.1,0.7000000000000001,False
336,12,CARD,28,3,35,71,46,6,2,5,10,9,0.1,0.7000000000000001,True
337,12,CLF_UNION,31,3,49,71,58,6,2,5,10,9,0.1,0.7000000000000001,True
338,12,ORD-UNION,28,0,29,71,38,6,2,5,10,9,0.1,0.7000000000000001,True
339,12,CARD,28,3,35,71,46,6,2,5,10,9,0.1,0.7000000000000001,False
340,12,CLF_UNION,31,3,49,71,58,6,2,5,10,9,0.1,0.7000000000000001,False
341,12,ORD-UNION,28,0,29,71,38,6,2,5,10,9,0.1,0.7000000000000001,False
342,12,CARD,25,0,31,71,49,6,2,5,10,9,0.1,0.7000000000000001,True
343,12,CLF_UNION,28,1,48,71,58,6,2,5,10,9,0.1,0.7000000000000001,True
344,12,ORD-UNION,22,0,24,71,34,6,2,5,10,9,0.1,0.7000000000000001,True
345,12,CARD,25,0,31,71,49,6,2,5,10,9,0.1,0.7000000000000001,False
346,12,CLF_UNION,28,1,48,71,58,6,2,5,10,9,0.1,0.7000000000000001,False
347,12,ORD-UNION,22,0,24,71,34,6,2,5,10,9,0.1,0.7000000000000001,False
348,12,CARD,36,0,40,71,47,6,2,5,10,9,0.1,0.7000000000000001,True
349,12,CLF_UNION,38,0,53,71,56,6,2,5,10,9,0.1,0.7000000000000001,True
350,12,ORD-UNION,34,0,38,71,41,6,2,5,10,9,0.1,0.7000000000000001,True
351,12,CARD,36,0,40,71,47,6,2,5,10,9,0.1,0.7000000000000001,False
352,12,CLF_UNION,38,0,53,71,56,6,2,5,10,9,0.1,0.7000000000000001,False
353,12,ORD-UNION,34,0,38,71,41,6,2,5,10,9,0.1,0.7000000000000001,False
354,12,CARD,28,3,42,71,47,6,2,5,10,9,0.1,0.7000000000000001,True
355,12,CLF_UNION,29,5,57,71,58,6,2,5,10,9,0.1,0.7000000000000001,True
356,12,ORD-UNION,23,0,27,71,28,6,2,5,10,9,0.1,0.7000000000000001,True
357,12,CARD,28,3,42,71,47,6,2,5,10,9,0.1,0.7000000000000001,False
358,12,CLF_UNION,29,5,57,71,58,6,2,5,10,9,0.1,0.7000000000000001,False
359,12,ORD-UNION,23,0,27,71,28,6,2,5,10,9,0.1,0.7000000000000001,False
360,13,CARD,34,0,38,81,47,9,5,5,10,9,0.1,0.7000000000000001,True
361,13,CLF_UNION,34,0,50,81,55,9,5,5,10,9,0.1,0.7000000000000001,True
362,13,ORD-UNION,19,0,20,81,25,9,5,5,10,9,0.1,0.7000000000000001,True
363,13,CARD,32,0,38,81,47,6,2,5,10,9,0.1,0.7000000000000001,False
364,13,CLF_UNION,34,0,51,81,56,6,2,5,10,9,0.1,0.7000000000000001,False
365,13,ORD-UNION,28,0,30,81,35,6,2,5,10,9,0.1,0.7000000000000001,False
366,13,CARD,30,1,34,81,46,6,2,5,10,9,0.1,0.7000000000000001,True
367,13,CLF_UNION,32,0,46,81,56,6,2,5,10,9,0.1,0.7000000000000001,True
368,13,ORD-UNION,27,0,28,81,38,6,2,5,10,9,0.1,0.7000000000000001,True
369,13,CARD,30,1,34,81,46,6,2,5,10,9,0.1,0.7000000000000001,False
370,13,CLF_UNION,32,0,46,81,56,6,2,5,10,9,0.1,0.7000000000000001,False
371,13,ORD-UNION,27,0,28,81,38,6,2,5,10,9,0.1,0.7000000000000001,False
372,13,CARD,27,3,37,81,46,6,2,5,10,9,0.1,0.7000000000000001,True
373,13,CLF_UNION,28,2,48,81,55,6,2,5,10,9,0.1,0.7000000000000001,True
374,13,ORD-UNION,27,0,31,81,38,6,2,5,10,9,0.1,0.7000000000000001,True
375,13,CARD,27,3,37,81,46,6,2,5,10,9,0.1,0.7000000000000001,False
376,13,CLF_UNION,28,2,48,81,55,6,2,5,10,9,0.1,0.7000000000000001,False
377,13,ORD-UNION,27,0,31,81,38,6,2,5,10,9,0.1,0.7000000000000001,False
378,13,CARD,20,0,25,81,45,6,2,5,10,9,0.1,0.7000000000000001,True
379,13,CLF_UNION,20,0,35,81,55,6,2,5,10,9,0.1,0.7000000000000001,True
380,13,ORD-UNION,20,0,23,81,43,6,2,5,10,9,0.1,0.7000000000000001,True
381,13,CARD,20,0,25,81,45,6,2,5,10,9,0.1,0.7000000000000001,False
382,13,CLF_UNION,20,0,35,81,55,6,2,5,10,9,0.1,0.7000000000000001,False
383,13,ORD-UNION,20,0,23,81,43,6,2,5,10,9,0.1,0.7000000000000001,False
384,13,CARD,28,2,35,81,46,6,2,5,10,9,0.1,0.7000000000000001,True
385,13,CLF_UNION,30,1,47,81,56,6,2,5,10,9,0.1,0.7000000000000001,True
386,13,ORD-UNION,28,0,31,81,40,6,2,5,10,9,0.1,0.7000000000000001,True
387,13,CARD,28,2,35,81,46,6,2,5,10,9,0.1,0.7000000000000001,False
388,13,CLF_UNION,30,1,47,81,56,6,2,5,10,9,0.1,0.7000000000000001,False
389,13,ORD-UNION,28,0,31,81,40,6,2,5,10,9,0.1,0.7000000000000001,False
390,14,CARD,32,0,34,94,47,9,5,5,10,9,0.1,0.7000000000000001,True
391,14,CLF_UNION,32,0,46,94,55,9,5,5,10,9,0.1,0.7000000000000001,True
392,14,ORD-UNION,21,0,21,94,30,9,5,5,10,9,0.1,0.7000000000000001,True
393,14,CARD,31,0,35,94,46,6,2,5,10,9,0.1,0.7000000000000001,False
394,14,CLF_UNION,32,0,46,94,55,6,2,5,10,9,0.1,0.7000000000000001,False
395,14,ORD-UNION,27,0,29,94,38,6,2,5,10,9,0.1,0.7000000000000001,False
396,14,CARD,22,0,30,94,46,6,2,5,10,9,0.1,0.7000000000000001,True
397,14,CLF_UNION,23,0,41,94,55,6,2,5,10,9,0.1,0.7000000000000001,True
398,14,ORD-UNION,21,0,25,94,39,6,2,5,10,9,0.1,0.7000000000000001,True
399,14,CARD,22,0,30,94,46,6,2,5,10,9,0.1,0.7000000000000001,False
400,14,CLF_UNION,23,0,41,94,55,6,2,5,10,9,0.1,0.7000000000000001,False
401,14,ORD-UNION,21,0,25,94,39,6,2,5,10,9,0.1,0.7000000000000001,False
402,14,CARD,27,1,30,94,46,6,2,5,10,9,0.1,0.7000000000000001,True
403,14,CLF_UNION,29,0,42,94,56,6,2,5,10,9,0.1,0.7000000000000001,True
404,14,ORD-UNION,26,0,26,94,40,6,2,5,10,9,0.1,0.7000000000000001,True
405,14,CARD,27,1,30,94,46,6,2,5,10,9,0.1,0.7000000000000001,False
406,14,CLF_UNION,29,0,42,94,56,6,2,5,10,9,0.1,0.7000000000000001,False
407,14,ORD-UNION,26,0,26,94,40,6,2,5,10,9,0.1,0.7000000000000001,False
408,14,CARD,23,2,31,94,46,6,2,5,10,9,0.1,0.7000000000000001,True
409,14,CLF_UNION,26,0,42,94,55,6,2,5,10,9,0.1,0.7000000000000001,True
410,14,ORD-UNION,21,0,23,94,36,6,2,5,10,9,0.1,0.7000000000000001,True
411,14,CARD,23,2,31,94,46,6,2,5,10,9,0.1,0.7000000000000001,False
412,14,CLF_UNION,26,0,42,94,55,6,2,5,10,9,0.1,0.7000000000000001,False
413,14,ORD-UNION,21,0,23,94,36,6,2,5,10,9,0.1,0.7000000000000001,False
414,14,CARD,20,0,30,94,47,6,2,5,10,9,0.1,0.7000000000000001,True
415,14,CLF_UNION,21,0,42,94,55,6,2,5,10,9,0.1,0.7000000000000001,True
416,14,ORD-UNION,19,0,24,94,37,6,2,5,10,9,0.1,0.7000000000000001,True
417,14,CARD,20,0,30,94,47,6,2,5,10,9,0.1,0.7000000000000001,False
418,14,CLF_UNION,21,0,42,94,55,6,2,5,10,9,0.1,0.7000000000000001,False
419,14,ORD-UNION,19,0,24,94,37,6,2,5,10,9,0.1,0.7000000000000001,False
420,15,CARD,29,1,33,105,47,9,5,5,10,9,0.1,0.7000000000000001,True
421,15,CLF_UNION,30,0,46,105,56,9,5,5,10,9,0.1,0.7000000000000001,True
422,15,ORD-UNION,25,0,25,105,35,9,5,5,10,9,0.1,0.7000000000000001,True
423,15,CARD,29,1,35,105,45,6,2,5,10,9,0.1,0.7000000000000001,False
424,15,CLF_UNION,30,0,45,105,55,6,2,5,10,9,0.1,0.7000000000000001,False
425,15,ORD-UNION,27,0,29,105,39,6,2,5,10,9,0.1,0.7000000000000001,False
426,15,CARD,33,0,38,105,46,6,2,5,10,9,0.1,0.7000000000000001,True
427,15,CLF_UNION,33,1,51,105,57,6,2,5,10,9,0.1,0.7000000000000001,True
428,15,ORD-UNION,31,0,35,105,41,6,2,5,10,9,0.1,0.7000000000000001,True
429,15,CARD,33,0,38,105,46,6,2,5,10,9,0.1,0.7000000000000001,False
430,15,CLF_UNION,33,1,51,105,57,6,2,5,10,9,0.1,0.7000000000000001,False
431,15,ORD-UNION,31,0,35,105,41,6,2,5,10,9,0.1,0.7000000000000001,False
432,15,CARD,26,0,36,105,45,6,2,5,10,9,0.1,0.7000000000000001,True
433,15,CLF_UNION,26,1,48,105,57,6,2,5,10,9,0.1,0.7000000000000001,True
434,15,ORD-UNION,26,0,33,105,42,6,2,5,10,9,0.1,0.7000000000000001,True
435,15,CARD,26,0,36,105,45,6,2,5,10,9,0.1,0.7000000000000001,False
436,15,CLF_UNION,26,1,48,105,57,6,2,5,10,9,0.1,0.7000000000000001,False
437,15,ORD-UNION,26,0,33,105,42,6,2,5,10,9,0.1,0.7000000000000001,False
438,15,CARD,23,2,31,105,46,6,2,5,10,9,0.1,0.7000000000000001,True
439,15,CLF_UNION,26,0,42,105,55,6,2,5,10,9,0.1,0.7000000000000001,True
440,15,ORD-UNION,21,0,23,105,36,6,2,5,10,9,0.1,0.7000000000000001,True
441,15,CARD,23,2,31,105,46,6,2,5,10,9,0.1,0.7000000000000001,False
442,15,CLF_UNION,26,0,42,105,55,6,2,5,10,9,0.1,0.7000000000000001,False
443,15,ORD-UNION,21,0,23,105,36,6,2,5,10,9,0.1,0.7000000000000001,False
444,15,CARD,23,2,32,105,45,6,2,5,10,9,0.1,0.7000000000000001,True
445,15,CLF_UNION,25,0,43,105,56,6,2,5,10,9,0.1,0.7000000000000001,True
446,15,ORD-UNION,20,0,22,105,35,6,2,5,10,9,0.1,0.7000000000000001,True
447,15,CARD,23,2,32,105,45,6,2,5,10,9,0.1,0.7000000000000001,False
448,15,CLF_UNION,25,0,43,105,56,6,2,5,10,9,0.1,0.7000000000000001,False
449,15,ORD-UNION,20,0,22,105,35,6,2,5,10,9,0.1,0.7000000000000001,False
450,16,CARD,27,2,35,116,46,9,5,5,10,9,0.1,0.7000000000000001,True
451,16,CLF_UNION,29,0,47,116,56,9,5,5,10,9,0.1,0.7000000000000001,True
452,16,ORD-UNION,15,0,16,116,25,9,5,5,10,9,0.1,0.7000000000000001,True
453,16,CARD,27,2,35,116,46,6,2,5,10,9,0.1,0.7000000000000001,False
454,16,CLF_UNION,27,3,50,116,59,6,2,5,10,9,0.1,0.7000000000000001,False
455,16,ORD-UNION,24,0,27,116,36,6,2,5,10,9,0.1,0.7000000000000001,False
456,16,CARD,15,2,24,116,45,6,2,5,10,9,0.1,0.7000000000000001,True
457,16,CLF_UNION,17,0,34,116,55,6,2,5,10,9,0.1,0.7000000000000001,True
458,16,ORD-UNION,15,0,18,116,39,6,2,5,10,9,0.1,0.7000000000000001,True
459,16,CARD,15,2,24,116,45,6,2,5,10,9,0.1,0.7000000000000001,False
460,16,CLF_UNION,17,0,34,116,55,6,2,5,10,9,0.1,0.7000000000000001,False
461,16,ORD-UNION,15,0,18,116,39,6,2,5,10,9,0.1,0.7000000000000001,False
462,16,CARD,15,1,23,116,45,6,2,5,10,9,0.1,0.7000000000000001,True
463,16,CLF_UNION,16,0,34,116,56,6,2,5,10,9,0.1,0.7000000000000001,True
464,16,ORD-UNION,15,0,17,116,39,6,2,5,10,9,0.1,0.7000000000000001,True
465,16,CARD,15,1,23,116,45,6,2,5,10,9,0.1,0.7000000000000001,False
466,16,CLF_UNION,16,0,34,116,56,6,2,5,10,9,0.1,0.7000000000000001,False
467,16,ORD-UNION,15,0,17,116,39,6,2,5,10,9,0.1,0.7000000000000001,False
468,16,CARD,19,0,30,116,47,6,2,5,10,9,0.1,0.7000000000000001,True
469,16,CLF_UNION,20,0,44,116,57,6,2,5,10,9,0.1,0.7000000000000001,True
470,16,ORD-UNION,17,0,20,116,33,6,2,5,10,9,0.1,0.7000000000000001,True
471,16,CARD,19,0,30,116,47,6,2,5,10,9,0.1,0.7000000000000001,False
472,16,CLF_UNION,20,0,44,116,57,6,2,5,10,9,0.1,0.7000000000000001,False
473,16,ORD-UNION,17,0,20,116,33,6,2,5,10,9,0.1,0.7000000000000001,False
474,16,CARD,29,1,38,116,47,6,2,5,10,9,0.1,0.7000000000000001,True
475,16,CLF_UNION,32,1,55,116,60,6,2,5,10,9,0.1,0.7000000000000001,True
476,16,ORD-UNION,26,0,29,116,34,6,2,5,10,9,0.1,0.7000000000000001,True
477,16,CARD,29,1,38,116,47,6,2,5,10,9,0.1,0.7000000000000001,False
478,16,CLF_UNION,32,1,55,116,60,6,2,5,10,9,0.1,0.7000000000000001,False
479,16,ORD-UNION,26,0,29,116,34,6,2,5,10,9,0.1,0.7000000000000001,False
480,17,CARD,26,0,31,130,46,9,5,5,10,9,0.1,0.7000000000000001,True
481,17,CLF_UNION,26,0,43,130,56,9,5,5,10,9,0.1,0.7000000000000001,True
482,17,ORD-UNION,20,0,20,130,33,9,5,5,10,9,0.1,0.7000000000000001,True
483,17,CARD,26,0,32,130,45,6,2,5,10,9,0.1,0.7000000000000001,False
484,17,CLF_UNION,26,0,44,130,57,6,2,5,10,9,0.1,0.7000000000000001,False
485,17,ORD-UNION,26,0,30,130,43,6,2,5,10,9,0.1,0.7000000000000001,False
486,17,CARD,26,2,31,130,45,6,2,5,10,9,0.1,0.7000000000000001,True
487,17,CLF_UNION,28,1,43,130,57,6,2,5,10,9,0.1,0.7000000000000001,True
488,17,ORD-UNION,26,0,27,130,41,6,2,5,10,9,0.1,0.7000000000000001,True
489,17,CARD,26,2,31,130,45,6,2,5,10,9,0.1,0.7000000000000001,False
490,17,CLF_UNION,28,1,43,130,57,6,2,5,10,9,0.1,0.7000000000000001,False
491,17,ORD-UNION,26,0,27,130,41,6,2,5,10,9,0.1,0.7000000000000001,False
492,17,CARD,29,0,35,130,46,6,2,5,10,9,0.1,0.7000000000000001,True
493,17,CLF_UNION,29,3,49,130,58,6,2,5,10,9,0.1,0.7000000000000001,True
494,17,ORD-UNION,27,0,30,130,39,6,2,5,10,9,0.1,0.7000000000000001,True
495,17,CARD,29,0,35,130,46,6,2,5,10,9,0.1,0.7000000000000001,False
496,17,CLF_UNION,29,3,49,130,58,6,2,5,10,9,0.1,0.7000000000000001,False
497,17,ORD-UNION,27,0,30,130,39,6,2,5,10,9,0.1,0.7000000000000001,False
498,17,CARD,36,0,40,130,45,6,2,5,10,9,0.1,0.7000000000000001,True
499,17,CLF_UNION,36,0,52,130,57,6,2,5,10,9,0.1,0.7000000000000001,True
500,17,ORD-UNION,35,0,37,130,42,6,2,5,10,9,0.1,0.7000000000000001,True
501,17,CARD,36,0,40,130,45,6,2,5,10,9,0.1,0.7000000000000001,False
502,17,CLF_UNION,36,0,52,130,57,6,2,5,10,9,0.1,0.7000000000000001,False
503,17,ORD-UNION,35,0,37,130,42,6,2,5,10,9,0.1,0.7000000000000001,False
504,17,CARD,31,0,35,130,46,6,2,5,10,9,0.1,0.7000000000000001,True
505,17,CLF_UNION,32,4,52,130,61,6,2,5,10,9,0.1,0.7000000000000001,True
506,17,ORD-UNION,30,0,32,130,41,6,2,5,10,9,0.1,0.7000000000000001,True
507,17,CARD,31,0,35,130,46,6,2,5,10,9,0.1,0.7000000000000001,False
508,17,CLF_UNION,32,4,52,130,61,6,2,5,10,9,0.1,0.7000000000000001,False
509,17,ORD-UNION,30,0,32,130,41,6,2,5,10,9,0.1,0.7000000000000001,False
510,18,CARD,27,0,30,147,46,9,5,5,10,9,0.1,0.7000000000000001,True
511,18,CLF_UNION,27,0,42,147,56,9,5,5,10,9,0.1,0.7000000000000001,True
512,18,ORD-UNION,19,0,19,147,33,9,5,5,10,9,0.1,0.7000000000000001,True
513,18,CARD,27,0,30,147,46,6,2,5,10,9,0.1,0.7000000000000001,False
514,18,CLF_UNION,26,1,41,147,55,6,2,5,10,9,0.1,0.7000000000000001,False
515,18,ORD-UNION,25,0,27,147,41,6,2,5,10,9,0.1,0.7000000000000001,False
516,18,CARD,29,0,31,147,45,6,2,5,10,9,0.1,0.7000000000000001,True
517,18,CLF_UNION,28,1,41,147,55,6,2,5,10,9,0.1,0.7000000000000001,True
518,18,ORD-UNION,26,0,28,147,42,6,2,5,10,9,0.1,0.7000000000000001,True
519,18,CARD,29,0,31,147,45,6,2,5,10,9,0.1,0.7000000000000001,False
520,18,CLF_UNION,28,1,41,147,55,6,2,5,10,9,0.1,0.7000000000000001,False
521,18,ORD-UNION,26,0,28,147,42,6,2,5,10,9,0.1,0.7000000000000001,False
522,18,CARD,27,0,30,147,46,6,2,5,10,9,0.1,0.7000000000000001,True
523,18,CLF_UNION,27,0,42,147,56,6,2,5,10,9,0.1,0.7000000000000001,True
524,18,ORD-UNION,25,0,27,147,41,6,2,5,10,9,0.1,0.7000000000000001,True
525,18,CARD,27,0,30,147,46,6,2,5,10,9,0.1,0.7000000000000001,False
526,18,CLF_UNION,27,0,42,147,56,6,2,5,10,9,0.1,0.7000000000000001,False
527,18,ORD-UNION,25,0,27,147,41,6,2,5,10,9,0.1,0.7000000000000001,False
528,18,CARD,19,3,27,147,45,6,2,5,10,9,0.1,0.7000000000000001,True
529,18,CLF_UNION,22,0,37,147,55,6,2,5,10,9,0.1,0.7000000000000001,True
530,18,ORD-UNION,19,0,23,147,41,6,2,5,10,9,0.1,0.7000000000000001,True
531,18,CARD,19,3,27,147,45,6,2,5,10,9,0.1,0.7000000000000001,False
532,18,CLF_UNION,22,0,37,147,55,6,2,5,10,9,0.1,0.7000000000000001,False
533,18,ORD-UNION,19,0,23,147,41,6,2,5,10,9,0.1,0.7000000000000001,False
534,18,CARD,21,2,32,147,46,6,2,5,10,9,0.1,0.7000000000000001,True
535,18,CLF_UNION,23,0,43,147,55,6,2,5,10,9,0.1,0.7000000000000001,True
536,18,ORD-UNION,21,0,25,147,37,6,2,5,10,9,0.1,0.7000000000000001,True
537,18,CARD,21,2,32,147,46,6,2,5,10,9,0.1,0.7000000000000001,False
538,18,CLF_UNION,23,0,43,147,55,6,2,5,10,9,0.1,0.7000000000000001,False
539,18,ORD-UNION,21,0,25,147,37,6,2,5,10,9,0.1,0.7000000000000001,False
540,19,CARD,27,0,32,160,47,9,5,5,10,9,0.1,0.7000000000000001,True
541,19,CLF_UNION,27,0,44,160,55,9,5,5,10,9,0.1,0.7000000000000001,True
542,19,ORD-UNION,26,0,26,160,37,9,5,5,10,9,0.1,0.7000000000000001,True
543,19,CARD,27,0,34,160,45,6,2,5,10,9,0.1,0.7000000000000001,False
544,19,CLF_UNION,26,1,48,160,59,6,2,5,10,9,0.1,0.7000000000000001,False
545,19,ORD-UNION,26,0,29,160,40,6,2,5,10,9,0.1,0.7000000000000001,False
546,19,CARD,28,0,34,160,45,6,2,5,10,9,0.1,0.7000000000000001,True
547,19,CLF_UNION,27,1,48,160,59,6,2,5,10,9,0.1,0.7000000000000001,True
548,19,ORD-UNION,26,0,29,160,40,6,2,5,10,9,0.1,0.7000000000000001,True
549,19,CARD,28,0,34,160,45,6,2,5,10,9,0.1,0.7000000000000001,False
550,19,CLF_UNION,27,1,48,160,59,6,2,5,10,9,0.1,0.7000000000000001,False
551,19,ORD-UNION,26,0,29,160,40,6,2,5,10,9,0.1,0.7000000000000001,False
552,19,CARD,31,2,36,160,45,6,2,5,10,9,0.1,0.7000000000000001,True
553,19,CLF_UNION,33,0,47,160,56,6,2,5,10,9,0.1,0.7000000000000001,True
554,19,ORD-UNION,31,0,33,160,42,6,2,5,10,9,0.1,0.7000000000000001,True
555,19,CARD,31,2,36,160,45,6,2,5,10,9,0.1,0.7000000000000001,False
556,19,CLF_UNION,33,0,47,160,56,6,2,5,10,9,0.1,0.7000000000000001,False
557,19,ORD-UNION,31,0,33,160,42,6,2,5,10,9,0.1,0.7000000000000001,False
558,19,CARD,27,0,35,160,46,6,2,5,10,9,0.1,0.7000000000000001,True
559,19,CLF_UNION,27,1,50,160,59,6,2,5,10,9,0.1,0.7000000000000001,True
560,19,ORD-UNION,27,0,30,160,39,6,2,5,10,9,0.1,0.7000000000000001,True
561,19,CARD,27,0,35,160,46,6,2,5,10,9,0.1,0.7000000000000001,False
562,19,CLF_UNION,27,1,50,160,59,6,2,5,10,9,0.1,0.7000000000000001,False
563,19,ORD-UNION,27,0,30,160,39,6,2,5,10,9,0.1,0.7000000000000001,False
564,19,CARD,10,0,21,160,46,6,2,5,10,9,0.1,0.7000000000000001,True
565,19,CLF_UNION,10,0,39,160,62,6,2,5,10,9,0.1,0.7000000000000001,True
566,19,ORD-UNION,10,0,16,160,39,6,2,5,10,9,0.1,0.7000000000000001,True
567,19,CARD,10,0,21,160,46,6,2,5,10,9,0.1,0.7000000000000001,False
568,19,CLF_UNION,10,0,39,160,62,6,2,5,10,9,0.1,0.7000000000000001,False
569,19,ORD-UNION,10,0,16,160,39,6,2,5,10,9,0.1,0.7000000000000001,False
570,20,CARD,28,0,29,176,46,9,5,5,10,9,0.1,0.7000000000000001,True
571,20,CLF_UNION,28,0,40,176,55,9,5,5,10,9,0.1,0.7000000000000001,True
572,20,ORD-UNION,25,0,25,176,40,9,5,5,10,9,0.1,0.7000000000000001,True
573,20,CARD,28,0,29,176,46,6,2,5,10,9,0.1,0.7000000000000001,False
574,20,CLF_UNION,28,0,40,176,55,6,2,5,10,9,0.1,0.7000000000000001,False
575,20,ORD-UNION,26,0,26,176,41,6,2,5,10,9,0.1,0.7000000000000001,False
576,20,CARD,13,0,18,176,47,6,2,5,10,9,0.1,0.7000000000000001,True
577,20,CLF_UNION,14,0,30,176,55,6,2,5,10,9,0.1,0.7000000000000001,True
578,20,ORD-UNION,13,0,16,176,41,6,2,5,10,9,0.1,0.7000000000000001,True
579,20,CARD,13,0,18,176,47,6,2,5,10,9,0.1,0.7000000000000001,False
580,20,CLF_UNION,14,0,30,176,55,6,2,5,10,9,0.1,0.7000000000000001,False
581,20,ORD-UNION,13,0,16,176,41,6,2,5,10,9,0.1,0.7000000000000001,False
582,20,CARD,21,0,25,176,45,6,2,5,10,9,0.1,0.7000000000000001,True
583,20,CLF_UNION,21,0,35,176,55,6,2,5,10,9,0.1,0.7000000000000001,True
584,20,ORD-UNION,19,0,20,176,40,6,2,5,10,9,0.1,0.7000000000000001,True
585,20,CARD,21,0,25,176,45,6,2,5,10,9,0.1,0.7000000000000001,False
586,20,CLF_UNION,21,0,35,176,55,6,2,5,10,9,0.1,0.7000000000000001,False
587,20,ORD-UNION,19,0,20,176,40,6,2,5,10,9,0.1,0.7000000000000001,False
588,20,CARD,12,0,22,176,46,6,2,5,10,9,0.1,0.7000000000000001,True
589,20,CLF_UNION,12,0,33,176,55,6,2,5,10,9,0.1,0.7000000000000001,True
590,20,ORD-UNION,11,0,15,176,37,6,2,5,10,9,0.1,0.7000000000000001,True
591,20,CARD,12,0,22,176,46,6,2,5,10,9,0.1,0.7000000000000001,False
592,20,CLF_UNION,12,0,33,176,55,6,2,5,10,9,0.1,0.7000000000000001,False
593,20,ORD-UNION,11,0,15,176,37,6,2,5,10,9,0.1,0.7000000000000001,False
594,20,CARD,6,0,16,176,45,6,2,5,10,9,0.1,0.7000000000000001,True
595,20,CLF_UNION,6,0,26,176,55,6,2,5,10,9,0.1,0.7000000000000001,True
596,20,ORD-UNION,5,0,14,176,43,6,2,5,10,9,0.1,0.7000000000000001,True
597,20,CARD,6,0,16,176,45,6,2,5,10,9,0.1,0.7000000000000001,False
598,20,CLF_UNION,6,0,26,176,55,6,2,5,10,9,0.1,0.7000000000000001,False
599,20,ORD-UNION,5,0,14,176,43,6,2,5,10,9,0.1,0.7000000000000001,False
600,21,CARD,20,1,24,197,46,9,5,5,10,9,0.1,0.7000000000000001,True
601,21,CLF_UNION,21,0,38,197,58,9,5,5,10,9,0.1,0.7000000000000001,True
602,21,ORD-UNION,19,0,19,197,39,9,5,5,10,9,0.1,0.7000000000000001,True
603,21,CARD,20,1,25,197,45,6,2,5,10,9,0.1,0.7000000000000001,False
604,21,CLF_UNION,21,0,37,197,57,6,2,5,10,9,0.1,0.7000000000000001,False
605,21,ORD-UNION,20,0,20,197,40,6,2,5,10,9,0.1,0.7000000000000001,False
606,21,CARD,22,0,26,197,45,6,2,5,10,9,0.1,0.7000000000000001,True
607,21,CLF_UNION,22,0,38,197,57,6,2,5,10,9,0.1,0.7000000000000001,True
608,21,ORD-UNION,22,0,24,197,43,6,2,5,10,9,0.1,0.7000000000000001,True
609,21,CARD,22,0,26,197,45,6,2,5,10,9,0.1,0.7000000000000001,False
610,21,CLF_UNION,22,0,38,197,57,6,2,5,10,9,0.1,0.7000000000000001,False
611,21,ORD-UNION,22,0,24,197,43,6,2,5,10,9,0.1,0.7000000000000001,False
612,21,CARD,21,0,25,197,46,6,2,5,10,9,0.1,0.7000000000000001,True
613,21,CLF_UNION,21,0,37,197,56,6,2,5,10,9,0.1,0.7000000000000001,True
614,21,ORD-UNION,21,0,23,197,42,6,2,5,10,9,0.1,0.7000000000000001,True
615,21,CARD,21,0,25,197,46,6,2,5,10,9,0.1,0.7000000000000001,False
616,21,CLF_UNION,21,0,37,197,56,6,2,5,10,9,0.1,0.7000000000000001,False
617,21,ORD-UNION,21,0,23,197,42,6,2,5,10,9,0.1,0.7000000000000001,False
618,21,CARD,9,0,16,197,45,6,2,5,10,9,0.1,0.7000000000000001,True
619,21,CLF_UNION,9,0,26,197,55,6,2,5,10,9,0.1,0.7000000000000001,True
620,21,ORD-UNION,8,0,13,197,42,6,2,5,10,9,0.1,0.7000000000000001,True
621,21,CARD,9,0,16,197,45,6,2,5,10,9,0.1,0.7000000000000001,False
622,21,CLF_UNION,9,0,26,197,55,6,2,5,10,9,0.1,0.7000000000000001,False
623,21,ORD-UNION,8,0,13,197,42,6,2,5,10,9,0.1,0.7000000000000001,False
624,21,CARD,14,1,19,197,46,6,2,5,10,9,0.1,0.7000000000000001,True
625,21,CLF_UNION,16,0,30,197,55,6,2,5,10,9,0.1,0.7000000000000001,True
626,21,ORD-UNION,13,0,15,197,40,6,2,5,10,9,0.1,0.7000000000000001,True
627,21,CARD,14,1,19,197,46,6,2,5,10,9,0.1,0.7000000000000001,False
628,21,CLF_UNION,16,0,30,197,55,6,2,5,10,9,0.1,0.7000000000000001,False
629,21,ORD-UNION,13,0,15,197,40,6,2,5,10,9,0.1,0.7000000000000001,False
630,22,CARD,10,3,23,214,46,9,5,5,10,9,0.1,0.7000000000000001,True
631,22,CLF_UNION,13,0,39,214,60,9,5,5,10,9,0.1,0.7000000000000001,True
632,22,ORD-UNION,8,0,9,214,30,9,5,5,10,9,0.1,0.7000000000000001,True
633,22,CARD,10,3,24,214,45,6,2,5,10,9,0.1,0.7000000000000001,False
634,22,CLF_UNION,13,0,36,214,57,6,2,5,10,9,0.1,0.7000000000000001,False
635,22,ORD-UNION,9,0,12,214,33,6,2,5,10,9,0.1,0.7000000000000001,False
636,22,CARD,19,0,29,214,46,6,2,5,10,9,0.1,0.7000000000000001,True
637,22,CLF_UNION,19,0,42,214,57,6,2,5,10,9,0.1,0.7000000000000001,True
638,22,ORD-UNION,19,0,23,214,38,6,2,5,10,9,0.1,0.7000000000000001,True
639,22,CARD,19,0,29,214,46,6,2,5,10,9,0.1,0.7000000000000001,False
640,22,CLF_UNION,19,0,42,214,57,6,2,5,10,9,0.1,0.7000000000000001,False
641,22,ORD-UNION,19,0,23,214,38,6,2,5,10,9,0.1,0.7000000000000001,False
642,22,CARD,14,0,16,214,47,6,2,5,10,9,0.1,0.7000000000000001,True
643,22,CLF_UNION,15,1,29,214,56,6,2,5,10,9,0.1,0.7000000000000001,True
644,22,ORD-UNION,12,0,13,214,40,6,2,5,10,9,0.1,0.7000000000000001,True
645,22,CARD,14,0,16,214,47,6,2,5,10,9,0.1,0.7000000000000001,False
646,22,CLF_UNION,15,1,29,214,56,6,2,5,10,9,0.1,0.7000000000000001,False
647,22,ORD-UNION,12,0,13,214,40,6,2,5,10,9,0.1,0.7000000000000001,False
648,22,CARD,16,0,20,214,45,6,2,5,10,9,0.1,0.7000000000000001,True
649,22,CLF_UNION,16,1,31,214,56,6,2,5,10,9,0.1,0.7000000000000001,True
650,22,ORD-UNION,14,0,16,214,41,6,2,5,10,9,0.1,0.7000000000000001,True
651,22,CARD,16,0,20,214,45,6,2,5,10,9,0.1,0.7000000000000001,False
652,22,CLF_UNION,16,1,31,214,56,6,2,5,10,9,0.1,0.7000000000000001,False
653,22,ORD-UNION,14,0,16,214,41,6,2,5,10,9,0.1,0.7000000000000001,False
654,22,CARD,12,1,20,214,45,6,2,5,10,9,0.1,0.7000000000000001,True
655,22,CLF_UNION,13,0,31,214,56,6,2,5,10,9,0.1,0.7000000000000001,True
656,22,ORD-UNION,12,0,14,214,39,6,2,5,10,9,0.1,0.7000000000000001,True
657,22,CARD,12,1,20,214,45,6,2,5,10,9,0.1,0.7000000000000001,False
658,22,CLF_UNION,13,0,31,214,56,6,2,5,10,9,0.1,0.7000000000000001,False
659,22,ORD-UNION,12,0,14,214,39,6,2,5,10,9,0.1,0.7000000000000001,False
660,23,CARD,28,0,30,230,47,9,5,5,10,9,0.1,0.7000000000000001,True
661,23,CLF_UNION,28,0,43,230,56,9,5,5,10,9,0.1,0.7000000000000001,True
662,23,ORD-UNION,25,0,25,230,38,9,5,5,10,9,0.1,0.7000000000000001,True
663,23,CARD,28,0,30,230,47,6,2,5,10,9,0.1,0.7000000000000001,False
664,23,CLF_UNION,28,1,44,230,57,6,2,5,10,9,0.1,0.7000000000000001,False
665,23,ORD-UNION,28,0,28,230,41,6,2,5,10,9,0.1,0.7000000000000001,False
666,23,CARD,23,0,24,230,45,6,2,5,10,9,0.1,0.7000000000000001,True
667,23,CLF_UNION,23,0,34,230,55,6,2,5,10,9,0.1,0.7000000000000001,True
668,23,ORD-UNION,23,0,23,230,44,6,2,5,10,9,0.1,0.7000000000000001,True
669,23,CARD,23,0,24,230,45,6,2,5,10,9,0.1,0.7000000000000001,False
670,23,CLF_UNION,23,0,34,230,55,6,2,5,10,9,0.1,0.7000000000000001,False
671,23,ORD-UNION,23,0,23,230,44,6,2,5,10,9,0.1,0.7000000000000001,False
672,23,CARD,14,3,22,230,45,6,2,5,10,9,0.1,0.7000000000000001,True
673,23,CLF_UNION,17,1,34,230,57,6,2,5,10,9,0.1,0.7000000000000001,True
674,23,ORD-UNION,14,0,18,230,41,6,2,5,10,9,0.1,0.7000000000000001,True
675,23,CARD,14,3,22,230,45,6,2,5,10,9,0.1,0.7000000000000001,False
676,23,CLF_UNION,17,1,34,230,57,6,2,5,10,9,0.1,0.7000000000000001,False
677,23,ORD-UNION,14,0,18,230,41,6,2,5,10,9,0.1,0.7000000000000001,False
678,23,CARD,9,0,16,230,45,6,2,5,10,9,0.1,0.7000000000000001,True
679,23,CLF_UNION,9,0,31,230,60,6,2,5,10,9,0.1,0.7000000000000001,True
680,23,ORD-UNION,9,0,14,230,43,6,2,5,10,9,0.1,0.7000000000000001,True
681,23,CARD,9,0,16,230,45,6,2,5,10,9,0.1,0.7000000000000001,False
682,23,CLF_UNION,9,0,31,230,60,6,2,5,10,9,0.1,0.7000000000000001,False
683,23,ORD-UNION,9,0,14,230,43,6,2,5,10,9,0.1,0.7000000000000001,False
684,23,CARD,22,2,28,230,45,6,2,5,10,9,0.1,0.7000000000000001,True
685,23,CLF_UNION,24,0,41,230,58,6,2,5,10,9,0.1,0.7000000000000001,True
686,23,ORD-UNION,22,0,24,230,41,6,2,5,10,9,0.1,0.7000000000000001,True
687,23,CARD,22,2,28,230,45,6,2,5,10,9,0.1,0.7000000000000001,False
688,23,CLF_UNION,24,0,41,230,58,6,2,5,10,9,0.1,0.7000000000000001,False
689,23,ORD-UNION,22,0,24,230,41,6,2,5,10,9,0.1,0.7000000000000001,False
690,24,CARD,15,2,22,253,46,9,5,5,10,9,0.1,0.7000000000000001,True
691,24,CLF_UNION,17,0,34,253,56,9,5,5,10,9,0.1,0.7000000000000001,True
692,24,ORD-UNION,15,0,18,253,40,9,5,5,10,9,0.1,0.7000000000000001,True
693,24,CARD,15,2,23,253,45,6,2,5,10,9,0.1,0.7000000000000001,False
694,24,CLF_UNION,16,1,35,253,57,6,2,5,10,9,0.1,0.7000000000000001,False
695,24,ORD-UNION,15,0,20,253,42,6,2,5,10,9,0.1,0.7000000000000001,False
696,24,CARD,9,0,16,253,45,6,2,5,10,9,0.1,0.7000000000000001,True
697,24,CLF_UNION,9,0,29,253,58,6,2,5,10,9,0.1,0.7000000000000001,True
698,24,ORD-UNION,9,0,12,253,41,6,2,5,10,9,0.1,0.7000000000000001,True
699,24,CARD,9,0,16,253,45,6,2,5,10,9,0.1,0.7000000000000001,False
700,24,CLF_UNION,9,0,29,253,58,6,2,5,10,9,0.1,0.7000000000000001,False
701,24,ORD-UNION,9,0,12,253,41,6,2,5,10,9,0.1,0.7000000000000001,False
702,24,CARD,8,0,13,253,45,6,2,5,10,9,0.1,0.7000000000000001,True
703,24,CLF_UNION,7,1,24,253,56,6,2,5,10,9,0.1,0.7000000000000001,True
704,24,ORD-UNION,7,0,9,253,41,6,2,5,10,9,0.1,0.7000000000000001,True
705,24,CARD,8,0,13,253,45,6,2,5,10,9,0.1,0.7000000000000001,False
706,24,CLF_UNION,7,1,24,253,56,6,2,5,10,9,0.1,0.7000000000000001,False
707,24,ORD-UNION,7,0,9,253,41,6,2,5,10,9,0.1,0.7000000000000001,False
708,24,CARD,24,0,26,253,45,6,2,5,10,9,0.1,0.7000000000000001,True
709,24,CLF_UNION,23,2,38,253,57,6,2,5,10,9,0.1,0.7000000000000001,True
710,24,ORD-UNION,23,0,24,253,43,6,2,5,10,9,0.1,0.7000000000000001,True
711,24,CARD,24,0,26,253,45,6,2,5,10,9,0.1,0.7000000000000001,False
712,24,CLF_UNION,23,2,38,253,57,6,2,5,10,9,0.1,0.7000000000000001,False
713,24,ORD-UNION,23,0,24,253,43,6,2,5,10,9,0.1,0.7000000000000001,False
714,24,CARD,16,1,19,253,45,6,2,5,10,9,0.1,0.7000000000000001,True
715,24,CLF_UNION,17,0,30,253,56,6,2,5,10,9,0.1,0.7000000000000001,True
716,24,ORD-UNION,16,0,17,253,43,6,2,5,10,9,0.1,0.7000000000000001,True
717,24,CARD,16,1,19,253,45,6,2,5,10,9,0.1,0.7000000000000001,False
718,24,CLF_UNION,17,0,30,253,56,6,2,5,10,9,0.1,0.7000000000000001,False
719,24,ORD-UNION,16,0,17,253,43,6,2,5,10,9,0.1,0.7000000000000001,False
720,1,CARD,16,7,25,1,65,9,5,5,10,9,0.1,0.7000000000000001,True
721,1,CLF_UNION,26,24,63,1,63,9,5,5,10,9,0.1,0.7000000000000001,True
722,1,ORD-UNION,0,0,0,1,0,9,5,5,10,9,0.1,0.7000000000000001,True
723,1,CARD,11,11,24,1,66,1,1,5,10,9,0.1,0.7000000000000001,False
724,1,CLF_UNION,31,31,76,1,76,1,1,5,10,9,0.1,0.7000000000000001,False
725,1,ORD-UNION,11,11,24,1,24,1,1,5,10,9,0.1,0.7000000000000001,False
726,1,CARD,8,12,24,1,66,1,1,5,10,9,0.1,0.7000000000000001,True
727,1,CLF_UNION,27,31,76,1,76,1,1,5,10,9,0.1,0.7000000000000001,True
728,1,ORD-UNION,8,12,24,1,24,1,1,5,10,9,0.1,0.7000000000000001,True
729,1,CARD,8,12,24,1,66,1,1,5,10,9,0.1,0.7000000000000001,False
730,1,CLF_UNION,27,31,76,1,76,1,1,5,10,9,0.1,0.7000000000000001,False
731,1,ORD-UNION,8,12,24,1,24,1,1,5,10,9,0.1,0.7000000000000001,False
732,1,CARD,15,5,24,1,66,1,1,5,10,9,0.1,0.7000000000000001,True
733,1,CLF_UNION,34,24,76,1,76,1,1,5,10,9,0.1,0.7000000000000001,True
734,1,ORD-UNION,15,5,24,1,24,1,1,5,10,9,0.1,0.7000000000000001,True
735,1,CARD,15,5,24,1,66,1,1,5,10,9,0.1,0.7000000000000001,False
736,1,CLF_UNION,34,24,76,1,76,1,1,5,10,9,0.1,0.7000000000000001,False
737,1,ORD-UNION,15,5,24,1,24,1,1,5,10,9,0.1,0.7000000000000001,False
738,1,CARD,7,10,21,1,69,1,1,5,10,9,0.1,0.7000000000000001,True
739,1,CLF_UNION,29,32,79,1,79,1,1,5,10,9,0.1,0.7000000000000001,True
740,1,ORD-UNION,7,10,21,1,21,1,1,5,10,9,0.1,0.7000000000000001,True
741,1,CARD,7,10,21,1,69,1,1,5,10,9,0.1,0.7000000000000001,False
742,1,CLF_UNION,29,32,79,1,79,1,1,5,10,9,0.1,0.7000000000000001,False
743,1,ORD-UNION,7,10,21,1,21,1,1,5,10,9,0.1,0.7000000000000001,False
744,1,CARD,8,13,24,1,66,1,1,5,10,9,0.1,0.7000000000000001,True
745,1,CLF_UNION,28,33,76,1,76,1,1,5,10,9,0.1,0.7000000000000001,True
746,1,ORD-UNION,8,13,24,1,24,1,1,5,10,9,0.1,0.7000000000000001,True
747,1,CARD,8,13,24,1,66,1,1,5,10,9,0.1,0.7000000000000001,False
748,1,CLF_UNION,28,33,76,1,76,1,1,5,10,9,0.1,0.7000000000000001,False
749,1,ORD-UNION,8,13,24,1,24,1,1,5,10,9,0.1,0.7000000000000001,False
750,2,CARD,10,8,24,2,66,9,5,5,10,9,0.1,0.7000000000000001,True
751,2,CLF_UNION,22,16,58,2,58,9,5,5,10,9,0.1,0.7000000000000001,True
752,2,ORD-UNION,0,0,0,2,0,9,5,5,10,9,0.1,0.7000000000000001,True
753,2,CARD,9,10,25,2,65,1,1,5,10,9,0.1,0.7000000000000001,False
754,2,CLF_UNION,25,26,75,2,75,1,1,5,10,9,0.1,0.7000000000000001,False
755,2,ORD-UNION,9,10,25,2,25,1,1,5,10,9,0.1,0.7000000000000001,False
756,2,CARD,12,10,25,2,65,1,1,5,10,9,0.1,0.7000000000000001,True
757,2,CLF_UNION,29,27,75,2,75,1,1,5,10,9,0.1,0.7000000000000001,True
758,2,ORD-UNION,12,10,25,2,25,1,1,5,10,9,0.1,0.7000000000000001,True
759,2,CARD,12,10,25,2,65,1,1,5,10,9,0.1,0.7000000000000001,False
760,2,CLF_UNION,29,27,75,2,75,1,1,5,10,9,0.1,0.7000000000000001,False
761,2,ORD-UNION,12,10,25,2,25,1,1,5,10,9,0.1,0.7000000000000001,False
762,2,CARD,12,9,24,2,66,1,1,5,10,9,0.1,0.7000000000000001,True
763,2,CLF_UNION,31,28,76,2,76,1,1,5,10,9,0.1,0.7000000000000001,True
764,2,ORD-UNION,12,9,24,2,24,1,1,5,10,9,0.1,0.7000000000000001,True
765,2,CARD,12,9,24,2,66,1,1,5,10,9,0.1,0.7000000000000001,False
766,2,CLF_UNION,31,28,76,2,76,1,1,5,10,9,0.1,0.7000000000000001,False
767,2,ORD-UNION,12,9,24,2,24,1,1,5,10,9,0.1,0.7000000000000001,False
768,2,CARD,8,9,21,2,69,1,1,5,10,9,0.1,0.7000000000000001,True
769,2,CLF_UNION,29,30,79,2,79,1,1,5,10,9,0.1,0.7000000000000001,True
770,2,ORD-UNION,8,9,21,2,21,1,1,5,10,9,0.1,0.7000000000000001,True
771,2,CARD,8,9,21,2,69,1,1,5,10,9,0.1,0.7000000000000001,False
772,2,CLF_UNION,29,30,79,2,79,1,1,5,10,9,0.1,0.7000000000000001,False
773,2,ORD-UNION,8,9,21,2,21,1,1,5,10,9,0.1,0.7000000000000001,False
774,2,CARD,12,6,21,2,69,1,1,5,10,9,0.1,0.7000000000000001,True
775,2,CLF_UNION,35,29,79,2,79,1,1,5,10,9,0.1,0.7000000000000001,True
776,2,ORD-UNION,12,6,21,2,21,1,1,5,10,9,0.1,0.7000000000000001,True
777,2,CARD,12,6,21,2,69,1,1,5,10,9,0.1,0.7000000000000001,False
778,2,CLF_UNION,35,29,79,2,79,1,1,5,10,9,0.1,0.7000000000000001,False
779,2,ORD-UNION,12,6,21,2,21,1,1,5,10,9,0.1,0.7000000000000001,False
780,3,CARD,15,17,36,5,54,9,5,5,10,9,0.1,0.7000000000000001,True
781,3,CLF_UNION,22,19,56,5,56,9,5,5,10,9,0.1,0.7000000000000001,True
782,3,ORD-UNION,0,0,0,5,0,9,5,5,10,9,0.1,0.7000000000000001,True
783,3,CARD,10,22,37,5,53,2,1,5,10,9,0.1,0.7000000000000001,False
784,3,CLF_UNION,25,33,75,5,75,2,1,5,10,9,0.1,0.7000000000000001,False
785,3,ORD-UNION,10,22,37,5,37,2,1,5,10,9,0.1,0.7000000000000001,False
786,3,CARD,10,21,35,5,55,2,1,5,10,9,0.1,0.7000000000000001,True
787,3,CLF_UNION,32,32,79,5,79,2,1,5,10,9,0.1,0.7000000000000001,True
788,3,ORD-UNION,10,21,35,5,35,2,1,5,10,9,0.1,0.7000000000000001,True
789,3,CARD,10,21,35,5,55,2,1,5,10,9,0.1,0.7000000000000001,False
790,3,CLF_UNION,32,32,79,5,79,2,1,5,10,9,0.1,0.7000000000000001,False
791,3,ORD-UNION,10,21,35,5,35,2,1,5,10,9,0.1,0.7000000000000001,False
792,3,CARD,5,26,35,5,55,2,1,5,10,9,0.1,0.7000000000000001,True
793,3,CLF_UNION,23,36,76,5,76,2,1,5,10,9,0.1,0.7000000000000001,True
794,3,ORD-UNION,5,26,35,5,35,2,1,5,10,9,0.1,0.7000000000000001,True
795,3,CARD,5,26,35,5,55,2,1,5,10,9,0.1,0.7000000000000001,False
796,3,CLF_UNION,23,36,76,5,76,2,1,5,10,9,0.1,0.7000000000000001,False
797,3,ORD-UNION,5,26,35,5,35,2,1,5,10,9,0.1,0.7000000000000001,False
798,3,CARD,14,21,37,5,53,2,1,5,10,9,0.1,0.7000000000000001,True
799,3,CLF_UNION,32,30,76,5,76,2,1,5,10,9,0.1,0.7000000000000001,True
800,3,ORD-UNION,14,21,37,5,37,2,1,5,10,9,0.1,0.7000000000000001,True
801,3,CARD,14,21,37,5,53,2,1,5,10,9,0.1,0.7000000000000001,False
802,3,CLF_UNION,32,30,76,5,76,2,1,5,10,9,0.1,0.7000000000000001,False
803,3,ORD-UNION,14,21,37,5,37,2,1,5,10,9,0.1,0.7000000000000001,False
804,3,CARD,11,21,37,5,53,2,1,5,10,9,0.1,0.7000000000000001,True
805,3,CLF_UNION,28,27,75,5,75,2,1,5,10,9,0.1,0.7000000000000001,True
806,3,ORD-UNION,11,21,37,5,37,2,1,5,10,9,0.1,0.7000000000000001,True
807,3,CARD,11,21,37,5,53,2,1,5,10,9,0.1,0.7000000000000001,False
808,3,CLF_UNION,28,27,75,5,75,2,1,5,10,9,0.1,0.7000000000000001,False
809,3,ORD-UNION,11,21,37,5,37,2,1,5,10,9,0.1,0.7000000000000001,False
810,4,CARD,9,23,38,9,52,9,5,5,10,9,0.1,0.7000000000000001,True
811,4,CLF_UNION,25,30,76,9,76,9,5,5,10,9,0.1,0.7000000000000001,True
812,4,ORD-UNION,0,0,1,9,1,9,5,5,10,9,0.1,0.7000000000000001,True
813,4,CARD,10,23,39,9,51,4,2,5,10,9,0.1,0.7000000000000001,False
814,4,CLF_UNION,11,28,57,9,57,4,2,5,10,9,0.1,0.7000000000000001,False
815,4,ORD-UNION,10,22,38,9,38,4,2,5,10,9,0.1,0.7000000000000001,False
816,4,CARD,17,24,43,9,47,4,2,5,10,9,0.1,0.7000000000000001,True
817,4,CLF_UNION,18,27,57,9,57,4,2,5,10,9,0.1,0.7000000000000001,True
818,4,ORD-UNION,17,23,42,9,42,4,2,5,10,9,0.1,0.7000000000000001,True
819,4,CARD,17,24,43,9,47,4,2,5,10,9,0.1,0.7000000000000001,False
820,4,CLF_UNION,18,27,57,9,57,4,2,5,10,9,0.1,0.7000000000000001,False
821,4,ORD-UNION,17,23,42,9,42,4,2,5,10,9,0.1,0.7000000000000001,False
822,4,CARD,13,26,42,9,48,4,2,5,10,9,0.1,0.7000000000000001,True
823,4,CLF_UNION,18,25,58,9,58,4,2,5,10,9,0.1,0.7000000000000001,True
824,4,ORD-UNION,13,25,41,9,41,4,2,5,10,9,0.1,0.7000000000000001,True
825,4,CARD,13,26,42,9,48,4,2,5,10,9,0.1,0.7000000000000001,False
826,4,CLF_UNION,18,25,58,9,58,4,2,5,10,9,0.1,0.7000000000000001,False
827,4,ORD-UNION,13,25,41,9,41,4,2,5,10,9,0.1,0.7000000000000001,False
828,4,CARD,13,19,38,9,51,4,2,5,10,9,0.1,0.7000000000000001,True
829,4,CLF_UNION,14,26,58,9,58,4,2,5,10,9,0.1,0.7000000000000001,True
830,4,ORD-UNION,12,18,36,9,37,4,2,5,10,9,0.1,0.7000000000000001,True
831,4,CARD,13,19,38,9,51,4,2,5,10,9,0.1,0.7000000000000001,False
832,4,CLF_UNION,14,26,58,9,58,4,2,5,10,9,0.1,0.7000000000000001,False
833,4,ORD-UNION,12,18,36,9,37,4,2,5,10,9,0.1,0.7000000000000001,False
834,4,CARD,19,14,38,9,52,4,2,5,10,9,0.1,0.7000000000000001,True
835,4,CLF_UNION,16,26,61,9,61,4,2,5,10,9,0.1,0.7000000000000001,True
836,4,ORD-UNION,19,14,38,9,38,4,2,5,10,9,0.1,0.7000000000000001,True
837,4,CARD,19,14,38,9,52,4,2,5,10,9,0.1,0.7000000000000001,False
838,4,CLF_UNION,16,26,61,9,61,4,2,5,10,9,0.1,0.7000000000000001,False
839,4,ORD-UNION,19,14,38,9,38,4,2,5,10,9,0.1,0.7000000000000001,False
840,5,CARD,26,10,40,14,47,9,5,5,10,9,0.1,0.7000000000000001,True
841,5,CLF_UNION,27,12,53,14,56,9,5,5,10,9,0.1,0.7000000000000001,True
842,5,ORD-UNION,1,0,1,14,4,9,5,5,10,9,0.1,0.7000000000000001,True
843,5,CARD,19,17,39,14,48,5,2,5,10,9,0.1,0.7000000000000001,False
844,5,CLF_UNION,21,19,55,14,57,5,2,5,10,9,0.1,0.7000000000000001,False
845,5,ORD-UNION,19,17,39,14,42,5,2,5,10,9,0.1,0.7000000000000001,False
846,5,CARD,17,17,43,14,46,5,2,5,10,9,0.1,0.7000000000000001,True
847,5,CLF_UNION,10,25,55,14,55,5,2,5,10,9,0.1,0.7000000000000001,True
848,5,ORD-UNION,15,16,40,14,41,5,2,5,10,9,0.1,0.7000000000000001,True
849,5,CARD,17,17,43,14,46,5,2,5,10,9,0.1,0.7000000000000001,False
850,5,CLF_UNION,10,25,55,14,55,5,2,5,10,9,0.1,0.7000000000000001,False
851,5,ORD-UNION,15,16,40,14,41,5,2,5,10,9,0.1,0.7000000000000001,False
852,5,CARD,17,20,40,14,47,5,2,5,10,9,0.1,0.7000000000000001,True
853,5,CLF_UNION,20,20,54,14,56,5,2,5,10,9,0.1,0.7000000000000001,True
854,5,ORD-UNION,17,19,39,14,42,5,2,5,10,9,0.1,0.7000000000000001,True
855,5,CARD,17,20,40,14,47,5,2,5,10,9,0.1,0.7000000000000001,False
856,5,CLF_UNION,20,20,54,14,56,5,2,5,10,9,0.1,0.7000000000000001,False
857,5,ORD-UNION,17,19,39,14,42,5,2,5,10,9,0.1,0.7000000000000001,False
858,5,CARD,10,26,43,14,47,5,2,5,10,9,0.1,0.7000000000000001,True
859,5,CLF_UNION,15,25,58,14,58,5,2,5,10,9,0.1,0.7000000000000001,True
860,5,ORD-UNION,10,26,43,14,43,5,2,5,10,9,0.1,0.7000000000000001,True
861,5,CARD,10,26,43,14,47,5,2,5,10,9,0.1,0.7000000000000001,False
862,5,CLF_UNION,15,25,58,14,58,5,2,5,10,9,0.1,0.7000000000000001,False
863,5,ORD-UNION,10,26,43,14,43,5,2,5,10,9,0.1,0.7000000000000001,False
864,5,CARD,16,21,44,14,46,5,2,5,10,9,0.1,0.7000000000000001,True
865,5,CLF_UNION,19,21,57,14,57,5,2,5,10,9,0.1,0.7000000000000001,True
866,5,ORD-UNION,16,21,44,14,44,5,2,5,10,9,0.1,0.7000000000000001,True
867,5,CARD,16,21,44,14,46,5,2,5,10,9,0.1,0.7000000000000001,False
868,5,CLF_UNION,19,21,57,14,57,5,2,5,10,9,0.1,0.7000000000000001,False
869,5,ORD-UNION,16,21,44,14,44,5,2,5,10,9,0.1,0.7000000000000001,False
870,6,CARD,30,9,43,20,46,9,5,5,10,9,0.1,0.7000000000000001,True
871,6,CLF_UNION,27,14,55,20,56,9,5,5,10,9,0.1,0.7000000000000001,True
872,6,ORD-UNION,4,3,7,20,8,9,5,5,10,9,0.1,0.7000000000000001,True
873,6,CARD,14,24,42,20,47,5,2,5,10,9,0.1,0.7000000000000001,False
874,6,CLF_UNION,16,27,58,20,59,5,2,5,10,9,0.1,0.7000000000000001,False
875,6,ORD-UNION,14,24,41,20,42,5,2,5,10,9,0.1,0.7000000000000001,False
876,6,CARD,19,14,43,20,46,5,2,5,10,9,0.1,0.7000000000000001,True
877,6,CLF_UNION,20,20,60,20,61,5,2,5,10,9,0.1,0.7000000000000001,True
878,6,ORD-UNION,16,13,35,20,36,5,2,5,10,9,0.1,0.7000000000000001,True
879,6,CARD,19,14,43,20,46,5,2,5,10,9,0.1,0.7000000000000001,False
880,6,CLF_UNION,20,20,60,20,61,5,2,5,10,9,0.1,0.7000000000000001,False
881,6,ORD-UNION,16,13,35,20,36,5,2,5,10,9,0.1,0.7000000000000001,False
882,6,CARD,20,16,41,20,48,5,2,5,10,9,0.1,0.7000000000000001,True
883,6,CLF_UNION,29,14,61,20,62,5,2,5,10,9,0.1,0.7000000000000001,True
884,6,ORD-UNION,16,11,31,20,32,5,2,5,10,9,0.1,0.7000000000000001,True
885,6,CARD,20,16,41,20,48,5,2,5,10,9,0.1,0.7000000000000001,False
886,6,CLF_UNION,29,14,61,20,62,5,2,5,10,9,0.1,0.7000000000000001,False
887,6,ORD-UNION,16,11,31,20,32,5,2,5,10,9,0.1,0.7000000000000001,False
888,6,CARD,23,11,41,20,48,5,2,5,10,9,0.1,0.7000000000000001,True
889,6,CLF_UNION,20,20,57,20,58,5,2,5,10,9,0.1,0.7000000000000001,True
890,6,ORD-UNION,17,11,34,20,35,5,2,5,10,9,0.1,0.7000000000000001,True
891,6,CARD,23,11,41,20,48,5,2,5,10,9,0.1,0.7000000000000001,False
892,6,CLF_UNION,20,20,57,20,58,5,2,5,10,9,0.1,0.7000000000000001,False
893,6,ORD-UNION,17,11,34,20,35,5,2,5,10,9,0.1,0.7000000000000001,False
894,6,CARD,19,18,41,20,49,5,2,5,10,9,0.1,0.7000000000000001,True
895,6,CLF_UNION,27,17,60,20,60,5,2,5,10,9,0.1,0.7000000000000001,True
896,6,ORD-UNION,14,15,33,20,33,5,2,5,10,9,0.1,0.7000000000000001,True
897,6,CARD,19,18,41,20,49,5,2,5,10,9,0.1,0.7000000000000001,False
898,6,CLF_UNION,27,17,60,20,60,5,2,5,10,9,0.1,0.7000000000000001,False
899,6,ORD-UNION,14,15,33,20,33,5,2,5,10,9,0.1,0.7000000000000001,False
900,7,CARD,18,16,38,26,49,9,5,5,10,9,0.1,0.7000000000000001,True
901,7,CLF_UNION,23,14,52,26,55,9,5,5,10,9,0.1,0.7000000000000001,True
902,7,ORD-UNION,1,2,3,26,6,9,5,5,10,9,0.1,0.7000000000000001,True
903,7,CARD,18,16,38,26,49,5,2,5,10,9,0.1,0.7000000000000001,False
904,7,CLF_UNION,23,21,60,26,63,5,2,5,10,9,0.1,0.7000000000000001,False
905,7,ORD-UNION,16,13,33,26,36,5,2,5,10,9,0.1,0.7000000000000001,False
906,7,CARD,17,14,35,26,50,5,2,5,10,9,0.1,0.7000000000000001,True
907,7,CLF_UNION,23,22,63,26,67,5,2,5,10,9,0.1,0.7000000000000001,True
908,7,ORD-UNION,14,12,30,26,35,5,2,5,10,9,0.1,0.7000000000000001,True
909,7,CARD,17,14,35,26,50,5,2,5,10,9,0.1,0.7000000000000001,False
910,7,CLF_UNION,23,22,63,26,67,5,2,5,10,9,0.1,0.7000000000000001,False
911,7,ORD-UNION,14,12,30,26,35,5,2,5,10,9,0.1,0.7000000000000001,False
912,7,CARD,16,20,37,26,52,5,2,5,10,9,0.1,0.7000000000000001,True
913,7,CLF_UNION,30,26,70,26,71,5,2,5,10,9,0.1,0.7000000000000001,True
914,7,ORD-UNION,14,14,29,26,30,5,2,5,10,9,0.1,0.7000000000000001,True
915,7,CARD,16,20,37,26,52,5,2,5,10,9,0.1,0.7000000000000001,False
916,7,CLF_UNION,30,26,70,26,71,5,2,5,10,9,0.1,0.7000000000000001,False
917,7,ORD-UNION,14,14,29,26,30,5,2,5,10,9,0.1,0.7000000000000001,False
918,7,CARD,23,6,38,26,51,5,2,5,10,9,0.1,0.7000000000000001,True
919,7,CLF_UNION,23,24,70,26,71,5,2,5,10,9,0.1,0.7000000000000001,True
920,7,ORD-UNION,21,4,34,26,35,5,2,5,10,9,0.1,0.7000000000000001,True
921,7,CARD,23,6,38,26,51,5,2,5,10,9,0.1,0.7000000000000001,False
922,7,CLF_UNION,23,24,70,26,71,5,2,5,10,9,0.1,0.7000000000000001,False
923,7,ORD-UNION,21,4,34,26,35,5,2,5,10,9,0.1,0.7000000000000001,False
924,7,CARD,18,16,38,26,51,5,2,5,10,9,0.1,0.7000000000000001,True
925,7,CLF_UNION,27,25,68,26,68,5,2,5,10,9,0.1,0.7000000000000001,True
926,7,ORD-UNION,15,12,31,26,32,5,2,5,10,9,0.1,0.7000000000000001,True
927,7,CARD,18,16,38,26,51,5,2,5,10,9,0.1,0.7000000000000001,False
928,7,CLF_UNION,27,25,68,26,68,5,2,5,10,9,0.1,0.7000000000000001,False
929,7,ORD-UNION,15,12,31,26,32,5,2,5,10,9,0.1,0.7000000000000001,False
930,8,CARD,24,4,32,33,50,9,5,5,10,9,0.1,0.7000000000000001,True
931,8,CLF_UNION,26,8,50,33,58,9,5,5,10,9,0.1,0.7000000000000001,True
932,8,ORD-UNION,12,0,13,33,21,9,5,5,10,9,0.1,0.7000000000000001,True
933,8,CARD,24,4,32,33,50,5,2,5,10,9,0.1,0.7000000000000001,False
934,8,CLF_UNION,27,15,60,33,68,5,2,5,10,9,0.1,0.7000000000000001,False
935,8,ORD-UNION,22,2,27,33,35,5,2,5,10,9,0.1,0.7000000000000001,False
936,8,CARD,32,1,36,33,52,5,2,5,10,9,0.1,0.7000000000000001,True
937,8,CLF_UNION,34,18,74,33,76,5,2,5,10,9,0.1,0.7000000000000001,True
938,8,ORD-UNION,30,0,33,33,35,5,2,5,10,9,0.1,0.7000000000000001,True
939,8,CARD,32,1,36,33,52,5,2,5,10,9,0.1,0.7000000000000001,False
940,8,CLF_UNION,34,18,74,33,76,5,2,5,10,9,0.1,0.7000000000000001,False
941,8,ORD-UNION,30,0,33,33,35,5,2,5,10,9,0.1,0.7000000000000001,False
942,8,CARD,16,13,41,33,48,5,2,5,10,9,0.1,0.7000000000000001,True
943,8,CLF_UNION,24,16,66,33,67,5,2,5,10,9,0.1,0.7000000000000001,True
944,8,ORD-UNION,15,9,35,33,36,5,2,5,10,9,0.1,0.7000000000000001,True
945,8,CARD,16,13,41,33,48,5,2,5,10,9,0.1,0.7000000000000001,False
946,8,CLF_UNION,24,16,66,33,67,5,2,5,10,9,0.1,0.7000000000000001,False
947,8,ORD-UNION,15,9,35,33,36,5,2,5,10,9,0.1,0.7000000000000001,False
948,8,CARD,18,15,39,33,50,5,2,5,10,9,0.1,0.7000000000000001,True
949,8,CLF_UNION,19,28,67,33,68,5,2,5,10,9,0.1,0.7000000000000001,True
950,8,ORD-UNION,17,12,35,33,36,5,2,5,10,9,0.1,0.7000000000000001,True
951,8,CARD,18,15,39,33,50,5,2,5,10,9,0.1,0.7000000000000001,False
952,8,CLF_UNION,19,28,67,33,68,5,2,5,10,9,0.1,0.7000000000000001,False
953,8,ORD-UNION,17,12,35,33,36,5,2,5,10,9,0.1,0.7000000000000001,False
954,8,CARD,15,21,41,33,48,5,2,5,10,9,0.1,0.7000000000000001,True
955,8,CLF_UNION,23,23,67,33,68,5,2,5,10,9,0.1,0.7000000000000001,True
956,8,ORD-UNION,13,16,34,33,35,5,2,5,10,9,0.1,0.7000000000000001,True
957,8,CARD,15,21,41,33,48,5,2,5,10,9,0.1,0.7000000000000001,False
958,8,CLF_UNION,23,23,67,33,68,5,2,5,10,9,0.1,0.7000000000000001,False
959,8,ORD-UNION,13,16,34,33,35,5,2,5,10,9,0.1,0.7000000000000001,False
960,9,CARD,26,14,43,41,46,9,5,5,10,9,0.1,0.7000000000000001,True
961,9,CLF_UNION,26,15,54,41,55,9,5,5,10,9,0.1,0.7000000000000001,True
962,9,ORD-UNION,12,5,18,41,19,9,5,5,10,9,0.1,0.7000000000000001,True
963,9,CARD,22,14,39,41,50,5,2,5,10,9,0.1,0.7000000000000001,False
964,9,CLF_UNION,26,17,56,41,57,5,2,5,10,9,0.1,0.7000000000000001,False
965,9,ORD-UNION,19,12,34,41,35,5,2,5,10,9,0.1,0.7000000000000001,False
966,9,CARD,16,13,36,41,48,5,2,5,10,9,0.1,0.7000000000000001,True
967,9,CLF_UNION,19,15,51,41,57,5,2,5,10,9,0.1,0.7000000000000001,True
968,9,ORD-UNION,15,10,31,41,37,5,2,5,10,9,0.1,0.7000000000000001,True
969,9,CARD,16,13,36,41,48,5,2,5,10,9,0.1,0.7000000000000001,False
970,9,CLF_UNION,19,15,51,41,57,5,2,5,10,9,0.1,0.7000000000000001,False
971,9,ORD-UNION,15,10,31,41,37,5,2,5,10,9,0.1,0.7000000000000001,False
972,9,CARD,16,13,35,41,50,5,2,5,10,9,0.1,0.7000000000000001,True
973,9,CLF_UNION,20,16,54,41,59,5,2,5,10,9,0.1,0.7000000000000001,True
974,9,ORD-UNION,16,13,35,41,40,5,2,5,10,9,0.1,0.7000000000000001,True
975,9,CARD,16,13,35,41,50,5,2,5,10,9,0.1,0.7000000000000001,False
976,9,CLF_UNION,20,16,54,41,59,5,2,5,10,9,0.1,0.7000000000000001,False
977,9,ORD-UNION,16,13,35,41,40,5,2,5,10,9,0.1,0.7000000000000001,False
978,9,CARD,13,19,37,41,50,5,2,5,10,9,0.1,0.7000000000000001,True
979,9,CLF_UNION,17,26,60,41,62,5,2,5,10,9,0.1,0.7000000000000001,True
980,9,ORD-UNION,11,17,33,41,36,5,2,5,10,9,0.1,0.7000000000000001,True
981,9,CARD,13,19,37,41,50,5,2,5,10,9,0.1,0.7000000000000001,False
982,9,CLF_UNION,17,26,60,41,62,5,2,5,10,9,0.1,0.7000000000000001,False
983,9,ORD-UNION,11,17,33,41,36,5,2,5,10,9,0.1,0.7000000000000001,False
984,9,CARD,24,11,37,41,50,5,2,5,10,9,0.1,0.7000000000000001,True
985,9,CLF_UNION,28,17,59,41,62,5,2,5,10,9,0.1,0.7000000000000001,True
986,9,ORD-UNION,19,6,27,41,30,5,2,5,10,9,0.1,0.7000000000000001,True
987,9,CARD,24,11,37,41,50,5,2,5,10,9,0.1,0.7000000000000001,False
988,9,CLF_UNION,28,17,59,41,62,5,2,5,10,9,0.1,0.7000000000000001,False
989,9,ORD-UNION,19,6,27,41,30,5,2,5,10,9,0.1,0.7000000000000001,False
