,budget,model,correct,wrong,total,n_pref_input,n_pref_output,theta_size,theta_additivity,n_items,n_test_subsets,n_tiers,alpha,p,real theta
0,1,CARD,12,5,25,1,65,9,5,5,10,3,0.1,0.7000000000000001,True
1,1,CLF_UNION,33,11,73,1,73,9,5,5,10,3,0.1,0.7000000000000001,True
2,1,ORD-UNION,0,0,0,1,0,9,5,5,10,3,0.1,0.7000000000000001,True
3,1,CARD,12,5,25,1,65,1,1,5,10,3,0.1,0.7000000000000001,False
4,1,CLF_UNION,28,21,75,1,75,1,1,5,10,3,0.1,0.7000000000000001,False
5,1,ORD-UNION,12,5,25,1,25,1,1,5,10,3,0.1,0.7000000000000001,False
6,1,CARD,10,7,21,1,69,1,1,5,10,3,0.1,0.7000000000000001,True
7,1,CLF_UNION,28,25,79,1,79,1,1,5,10,3,0.1,0.7000000000000001,True
8,1,ORD-UNION,10,7,21,1,21,1,1,5,10,3,0.1,0.7000000000000001,True
9,1,CARD,10,7,21,1,69,1,1,5,10,3,0.1,0.7000000000000001,False
10,1,CLF_UNION,28,25,79,1,79,1,1,5,10,3,0.1,0.7000000000000001,False
11,1,ORD-UNION,10,7,21,1,21,1,1,5,10,3,0.1,0.7000000000000001,False
12,1,CARD,9,5,21,1,69,1,1,5,10,3,0.1,0.7000000000000001,True
13,1,CLF_UNION,27,23,79,1,79,1,1,5,10,3,0.1,0.7000000000000001,True
14,1,ORD-UNION,9,5,21,1,21,1,1,5,10,3,0.1,0.7000000000000001,True
15,1,CARD,9,5,21,1,69,1,1,5,10,3,0.1,0.7000000000000001,False
16,1,CLF_UNION,27,23,79,1,79,1,1,5,10,3,0.1,0.7000000000000001,False
17,1,ORD-UNION,9,5,21,1,21,1,1,5,10,3,0.1,0.7000000000000001,False
18,1,CARD,6,7,21,1,69,1,1,5,10,3,0.1,0.7000000000000001,True
19,1,CLF_UNION,22,23,79,1,79,1,1,5,10,3,0.1,0.7000000000000001,True
20,1,ORD-UNION,6,7,21,1,21,1,1,5,10,3,0.1,0.7000000000000001,True
21,1,CARD,6,7,21,1,69,1,1,5,10,3,0.1,0.7000000000000001,False
22,1,CLF_UNION,22,23,79,1,79,1,1,5,10,3,0.1,0.7000000000000001,False
23,1,ORD-UNION,6,7,21,1,21,1,1,5,10,3,0.1,0.7000000000000001,False
24,1,CARD,7,8,21,1,69,1,1,5,10,3,0.1,0.7000000000000001,True
25,1,CLF_UNION,27,28,79,1,79,1,1,5,10,3,0.1,0.7000000000000001,True
26,1,ORD-UNION,7,8,21,1,21,1,1,5,10,3,0.1,0.7000000000000001,True
27,1,CARD,7,8,21,1,69,1,1,5,10,3,0.1,0.7000000000000001,False
28,1,CLF_UNION,27,28,79,1,79,1,1,5,10,3,0.1,0.7000000000000001,False
29,1,ORD-UNION,7,8,21,1,21,1,1,5,10,3,0.1,0.7000000000000001,False
30,2,CARD,16,11,36,3,54,9,5,5,10,3,0.1,0.7000000000000001,True
31,2,CLF_UNION,26,14,65,3,65,9,5,5,10,3,0.1,0.7000000000000001,True
32,2,ORD-UNION,1,0,1,3,1,9,5,5,10,3,0.1,0.7000000000000001,True
33,2,CARD,20,8,33,3,57,2,1,5,10,3,0.1,0.7000000000000001,False
34,2,CLF_UNION,26,23,79,3,79,2,1,5,10,3,0.1,0.7000000000000001,False
35,2,ORD-UNION,20,8,33,3,33,2,1,5,10,3,0.1,0.7000000000000001,False
36,2,CARD,22,8,37,3,53,2,1,5,10,3,0.1,0.7000000000000001,True
37,2,CLF_UNION,29,23,76,3,76,2,1,5,10,3,0.1,0.7000000000000001,True
38,2,ORD-UNION,22,8,37,3,37,2,1,5,10,3,0.1,0.7000000000000001,True
39,2,CARD,22,8,37,3,53,2,1,5,10,3,0.1,0.7000000000000001,False
40,2,CLF_UNION,29,23,76,3,76,2,1,5,10,3,0.1,0.7000000000000001,False
41,2,ORD-UNION,22,8,37,3,37,2,1,5,10,3,0.1,0.7000000000000001,False
42,2,CARD,14,12,35,3,55,2,1,5,10,3,0.1,0.7000000000000001,True
43,2,CLF_UNION,25,21,76,3,76,2,1,5,10,3,0.1,0.7000000000000001,True
44,2,ORD-UNION,14,12,35,3,35,2,1,5,10,3,0.1,0.7000000000000001,True
45,2,CARD,14,12,35,3,55,2,1,5,10,3,0.1,0.7000000000000001,False
46,2,CLF_UNION,25,21,76,3,76,2,1,5,10,3,0.1,0.7000000000000001,False
47,2,ORD-UNION,14,12,35,3,35,2,1,5,10,3,0.1,0.7000000000000001,False
48,2,CARD,23,4,37,3,53,2,1,5,10,3,0.1,0.7000000000000001,True
49,2,CLF_UNION,27,15,75,3,75,2,1,5,10,3,0.1,0.7000000000000001,True
50,2,ORD-UNION,23,4,37,3,37,2,1,5,10,3,0.1,0.7000000000000001,True
51,2,CARD,23,4,37,3,53,2,1,5,10,3,0.1,0.7000000000000001,False
52,2,CLF_UNION,27,15,75,3,75,2,1,5,10,3,0.1,0.7000000000000001,False
53,2,ORD-UNION,23,4,37,3,37,2,1,5,10,3,0.1,0.7000000000000001,False
54,2,CARD,15,8,35,3,54,2,1,5,10,3,0.1,0.7000000000000001,True
55,2,CLF_UNION,24,21,75,3,76,2,1,5,10,3,0.1,0.7000000000000001,True
56,2,ORD-UNION,15,8,35,3,36,2,1,5,10,3,0.1,0.7000000000000001,True
57,2,CARD,15,8,35,3,54,2,1,5,10,3,0.1,0.7000000000000001,False
58,2,CLF_UNION,24,21,75,3,76,2,1,5,10,3,0.1,0.7000000000000001,False
59,2,ORD-UNION,15,8,35,3,36,2,1,5,10,3,0.1,0.7000000000000001,False
60,3,CARD,20,2,31,5,57,9,5,5,10,3,0.1,0.7000000000000001,True
61,3,CLF_UNION,27,8,59,5,61,9,5,5,10,3,0.1,0.7000000000000001,True
62,3,ORD-UNION,3,0,4,5,6,9,5,5,10,3,0.1,0.7000000000000001,True
63,3,CARD,20,5,33,5,55,3,1,5,10,3,0.1,0.7000000000000001,False
64,3,CLF_UNION,28,12,69,5,71,3,1,5,10,3,0.1,0.7000000000000001,False
65,3,ORD-UNION,15,2,21,5,23,3,1,5,10,3,0.1,0.7000000000000001,False
66,3,CARD,17,12,37,5,53,3,1,5,10,3,0.1,0.7000000000000001,True
67,3,CLF_UNION,29,17,69,5,69,3,1,5,10,3,0.1,0.7000000000000001,True
68,3,ORD-UNION,16,5,27,5,27,3,1,5,10,3,0.1,0.7000000000000001,True
69,3,CARD,17,12,37,5,53,3,1,5,10,3,0.1,0.7000000000000001,False
70,3,CLF_UNION,29,17,69,5,69,3,1,5,10,3,0.1,0.7000000000000001,False
71,3,ORD-UNION,16,5,27,5,27,3,1,5,10,3,0.1,0.7000000000000001,False
72,3,CARD,21,8,39,5,51,3,1,5,10,3,0.1,0.7000000000000001,True
73,3,CLF_UNION,30,12,69,5,69,3,1,5,10,3,0.1,0.7000000000000001,True
74,3,ORD-UNION,17,3,27,5,27,3,1,5,10,3,0.1,0.7000000000000001,True
75,3,CARD,21,8,39,5,51,3,1,5,10,3,0.1,0.7000000000000001,False
76,3,CLF_UNION,30,12,69,5,69,3,1,5,10,3,0.1,0.7000000000000001,False
77,3,ORD-UNION,17,3,27,5,27,3,1,5,10,3,0.1,0.7000000000000001,False
78,3,CARD,29,1,37,5,53,3,1,5,10,3,0.1,0.7000000000000001,True
79,3,CLF_UNION,33,4,64,5,64,3,1,5,10,3,0.1,0.7000000000000001,True
80,3,ORD-UNION,28,0,33,5,33,3,1,5,10,3,0.1,0.7000000000000001,True
81,3,CARD,29,1,37,5,53,3,1,5,10,3,0.1,0.7000000000000001,False
82,3,CLF_UNION,33,4,64,5,64,3,1,5,10,3,0.1,0.7000000000000001,False
83,3,ORD-UNION,28,0,33,5,33,3,1,5,10,3,0.1,0.7000000000000001,False
84,3,CARD,16,13,39,5,51,3,1,5,10,3,0.1,0.7000000000000001,True
85,3,CLF_UNION,28,12,68,5,68,3,1,5,10,3,0.1,0.7000000000000001,True
86,3,ORD-UNION,16,4,26,5,26,3,1,5,10,3,0.1,0.7000000000000001,True
87,3,CARD,16,13,39,5,51,3,1,5,10,3,0.1,0.7000000000000001,False
88,3,CLF_UNION,28,12,68,5,68,3,1,5,10,3,0.1,0.7000000000000001,False
89,3,ORD-UNION,16,4,26,5,26,3,1,5,10,3,0.1,0.7000000000000001,False
90,4,CARD,17,11,41,9,49,9,5,5,10,3,0.1,0.7000000000000001,True
91,4,CLF_UNION,22,7,55,9,55,9,5,5,10,3,0.1,0.7000000000000001,True
92,4,ORD-UNION,1,0,2,9,2,9,5,5,10,3,0.1,0.7000000000000001,True
93,4,CARD,21,6,42,9,48,3,1,5,10,3,0.1,0.7000000000000001,False
94,4,CLF_UNION,24,10,64,9,64,3,1,5,10,3,0.1,0.7000000000000001,False
95,4,ORD-UNION,20,5,37,9,37,3,1,5,10,3,0.1,0.7000000000000001,False
96,4,CARD,21,13,41,9,49,3,1,5,10,3,0.1,0.7000000000000001,True
97,4,CLF_UNION,32,16,73,9,73,3,1,5,10,3,0.1,0.7000000000000001,True
98,4,ORD-UNION,19,3,29,9,29,3,1,5,10,3,0.1,0.7000000000000001,True
99,4,CARD,21,13,41,9,49,3,1,5,10,3,0.1,0.7000000000000001,False
100,4,CLF_UNION,32,16,73,9,73,3,1,5,10,3,0.1,0.7000000000000001,False
101,4,ORD-UNION,19,3,29,9,29,3,1,5,10,3,0.1,0.7000000000000001,False
102,4,CARD,17,14,39,9,50,3,1,5,10,3,0.1,0.7000000000000001,True
103,4,CLF_UNION,30,16,70,9,71,3,1,5,10,3,0.1,0.7000000000000001,True
104,4,ORD-UNION,15,5,23,9,24,3,1,5,10,3,0.1,0.7000000000000001,True
105,4,CARD,17,14,39,9,50,3,1,5,10,3,0.1,0.7000000000000001,False
106,4,CLF_UNION,30,16,70,9,71,3,1,5,10,3,0.1,0.7000000000000001,False
107,4,ORD-UNION,15,5,23,9,24,3,1,5,10,3,0.1,0.7000000000000001,False
108,4,CARD,16,12,40,9,49,3,1,5,10,3,0.1,0.7000000000000001,True
109,4,CLF_UNION,26,17,68,9,69,3,1,5,10,3,0.1,0.7000000000000001,True
110,4,ORD-UNION,16,6,32,9,33,3,1,5,10,3,0.1,0.7000000000000001,True
111,4,CARD,16,12,40,9,49,3,1,5,10,3,0.1,0.7000000000000001,False
112,4,CLF_UNION,26,17,68,9,69,3,1,5,10,3,0.1,0.7000000000000001,False
113,4,ORD-UNION,16,6,32,9,33,3,1,5,10,3,0.1,0.7000000000000001,False
114,4,CARD,23,8,42,9,48,3,1,5,10,3,0.1,0.7000000000000001,True
115,4,CLF_UNION,29,13,68,9,68,3,1,5,10,3,0.1,0.7000000000000001,True
116,4,ORD-UNION,23,4,36,9,36,3,1,5,10,3,0.1,0.7000000000000001,True
117,4,CARD,23,8,42,9,48,3,1,5,10,3,0.1,0.7000000000000001,False
118,4,CLF_UNION,29,13,68,9,68,3,1,5,10,3,0.1,0.7000000000000001,False
119,4,ORD-UNION,23,4,36,9,36,3,1,5,10,3,0.1,0.7000000000000001,False
120,5,CARD,17,6,33,13,54,9,5,5,10,3,0.1,0.7000000000000001,True
121,5,CLF_UNION,25,3,52,13,55,9,5,5,10,3,0.1,0.7000000000000001,True
122,5,ORD-UNION,3,0,3,13,6,9,5,5,10,3,0.1,0.7000000000000001,True
123,5,CARD,17,6,33,13,54,3,1,5,10,3,0.1,0.7000000000000001,False
124,5,CLF_UNION,21,11,58,13,61,3,1,5,10,3,0.1,0.7000000000000001,False
125,5,ORD-UNION,17,3,30,13,33,3,1,5,10,3,0.1,0.7000000000000001,False
126,5,CARD,23,5,39,13,50,3,1,5,10,3,0.1,0.7000000000000001,True
127,5,CLF_UNION,30,5,57,13,58,3,1,5,10,3,0.1,0.7000000000000001,True
128,5,ORD-UNION,21,0,27,13,28,3,1,5,10,3,0.1,0.7000000000000001,True
129,5,CARD,23,5,39,13,50,3,1,5,10,3,0.1,0.7000000000000001,False
130,5,CLF_UNION,30,5,57,13,58,3,1,5,10,3,0.1,0.7000000000000001,False
131,5,ORD-UNION,21,0,27,13,28,3,1,5,10,3,0.1,0.7000000000000001,False
132,5,CARD,17,6,32,13,53,3,1,5,10,3,0.1,0.7000000000000001,True
133,5,CLF_UNION,21,11,56,13,61,3,1,5,10,3,0.1,0.7000000000000001,True
134,5,ORD-UNION,17,6,32,13,37,3,1,5,10,3,0.1,0.7000000000000001,True
135,5,CARD,17,6,32,13,53,3,1,5,10,3,0.1,0.7000000000000001,False
136,5,CLF_UNION,21,11,56,13,61,3,1,5,10,3,0.1,0.7000000000000001,False
137,5,ORD-UNION,17,6,32,13,37,3,1,5,10,3,0.1,0.7000000000000001,False
138,5,CARD,11,8,34,13,56,3,1,5,10,3,0.1,0.7000000000000001,True
139,5,CLF_UNION,18,13,60,13,60,3,1,5,10,3,0.1,0.7000000000000001,True
140,5,ORD-UNION,11,3,27,13,27,3,1,5,10,3,0.1,0.7000000000000001,True
141,5,CARD,11,8,34,13,56,3,1,5,10,3,0.1,0.7000000000000001,False
142,5,CLF_UNION,18,13,60,13,60,3,1,5,10,3,0.1,0.7000000000000001,False
143,5,ORD-UNION,11,3,27,13,27,3,1,5,10,3,0.1,0.7000000000000001,False
144,5,CARD,12,15,39,13,51,3,1,5,10,3,0.1,0.7000000000000001,True
145,5,CLF_UNION,21,15,60,13,60,3,1,5,10,3,0.1,0.7000000000000001,True
146,5,ORD-UNION,10,5,23,13,23,3,1,5,10,3,0.1,0.7000000000000001,True
147,5,CARD,12,15,39,13,51,3,1,5,10,3,0.1,0.7000000000000001,False
148,5,CLF_UNION,21,15,60,13,60,3,1,5,10,3,0.1,0.7000000000000001,False
149,5,ORD-UNION,10,5,23,13,23,3,1,5,10,3,0.1,0.7000000000000001,False
150,6,CARD,20,4,35,18,52,9,5,5,10,3,0.1,0.7000000000000001,True
151,6,CLF_UNION,23,6,52,18,55,9,5,5,10,3,0.1,0.7000000000000001,True
152,6,ORD-UNION,4,0,4,18,7,9,5,5,10,3,0.1,0.7000000000000001,True
153,6,CARD,20,4,35,18,52,3,1,5,10,3,0.1,0.7000000000000001,False
154,6,CLF_UNION,25,9,59,18,62,3,1,5,10,3,0.1,0.7000000000000001,False
155,6,ORD-UNION,17,3,28,18,31,3,1,5,10,3,0.1,0.7000000000000001,False
156,6,CARD,16,15,39,18,50,3,1,5,10,3,0.1,0.7000000000000001,True
157,6,CLF_UNION,27,15,64,18,65,3,1,5,10,3,0.1,0.7000000000000001,True
158,6,ORD-UNION,16,7,28,18,29,3,1,5,10,3,0.1,0.7000000000000001,True
159,6,CARD,16,15,39,18,50,3,1,5,10,3,0.1,0.7000000000000001,False
160,6,CLF_UNION,27,15,64,18,65,3,1,5,10,3,0.1,0.7000000000000001,False
161,6,ORD-UNION,16,7,28,18,29,3,1,5,10,3,0.1,0.7000000000000001,False
162,6,CARD,12,14,34,18,56,3,1,5,10,3,0.1,0.7000000000000001,True
163,6,CLF_UNION,22,18,64,18,64,3,1,5,10,3,0.1,0.7000000000000001,True
164,6,ORD-UNION,12,7,25,18,25,3,1,5,10,3,0.1,0.7000000000000001,True
165,6,CARD,12,14,34,18,56,3,1,5,10,3,0.1,0.7000000000000001,False
166,6,CLF_UNION,22,18,64,18,64,3,1,5,10,3,0.1,0.7000000000000001,False
167,6,ORD-UNION,12,7,25,18,25,3,1,5,10,3,0.1,0.7000000000000001,False
168,6,CARD,18,8,37,18,53,3,1,5,10,3,0.1,0.7000000000000001,True
169,6,CLF_UNION,25,16,64,18,64,3,1,5,10,3,0.1,0.7000000000000001,True
170,6,ORD-UNION,17,6,33,18,33,3,1,5,10,3,0.1,0.7000000000000001,True
171,6,CARD,18,8,37,18,53,3,1,5,10,3,0.1,0.7000000000000001,False
172,6,CLF_UNION,25,16,64,18,64,3,1,5,10,3,0.1,0.7000000000000001,False
173,6,ORD-UNION,17,6,33,18,33,3,1,5,10,3,0.1,0.7000000000000001,False
174,6,CARD,15,11,35,18,52,3,1,5,10,3,0.1,0.7000000000000001,True
175,6,CLF_UNION,27,15,65,18,68,3,1,5,10,3,0.1,0.7000000000000001,True
176,6,ORD-UNION,15,3,24,18,27,3,1,5,10,3,0.1,0.7000000000000001,True
177,6,CARD,15,11,35,18,52,3,1,5,10,3,0.1,0.7000000000000001,False
178,6,CLF_UNION,27,15,65,18,68,3,1,5,10,3,0.1,0.7000000000000001,False
179,6,ORD-UNION,15,3,24,18,27,3,1,5,10,3,0.1,0.7000000000000001,False
180,7,CARD,24,3,40,23,50,9,5,5,10,3,0.1,0.7000000000000001,True
181,7,CLF_UNION,28,2,66,23,66,9,5,5,10,3,0.1,0.7000000000000001,True
182,7,ORD-UNION,7,0,7,23,7,9,5,5,10,3,0.1,0.7000000000000001,True
183,7,CARD,24,2,42,23,48,4,1,5,10,3,0.1,0.7000000000000001,False
184,7,CLF_UNION,28,2,58,23,58,4,1,5,10,3,0.1,0.7000000000000001,False
185,7,ORD-UNION,24,0,37,23,37,4,1,5,10,3,0.1,0.7000000000000001,False
186,7,CARD,23,3,35,23,52,4,1,5,10,3,0.1,0.7000000000000001,True
187,7,CLF_UNION,26,3,56,23,59,4,1,5,10,3,0.1,0.7000000000000001,True
188,7,ORD-UNION,19,2,25,23,28,4,1,5,10,3,0.1,0.7000000000000001,True
189,7,CARD,23,3,35,23,52,4,1,5,10,3,0.1,0.7000000000000001,False
190,7,CLF_UNION,26,3,56,23,59,4,1,5,10,3,0.1,0.7000000000000001,False
191,7,ORD-UNION,19,2,25,23,28,4,1,5,10,3,0.1,0.7000000000000001,False
192,7,CARD,27,0,36,23,53,4,1,5,10,3,0.1,0.7000000000000001,True
193,7,CLF_UNION,31,2,57,23,58,4,1,5,10,3,0.1,0.7000000000000001,True
194,7,ORD-UNION,27,0,36,23,37,4,1,5,10,3,0.1,0.7000000000000001,True
195,7,CARD,27,0,36,23,53,4,1,5,10,3,0.1,0.7000000000000001,False
196,7,CLF_UNION,31,2,57,23,58,4,1,5,10,3,0.1,0.7000000000000001,False
197,7,ORD-UNION,27,0,36,23,37,4,1,5,10,3,0.1,0.7000000000000001,False
198,7,CARD,20,6,37,23,50,4,1,5,10,3,0.1,0.7000000000000001,True
199,7,CLF_UNION,24,7,55,23,58,4,1,5,10,3,0.1,0.7000000000000001,True
200,7,ORD-UNION,19,5,33,23,36,4,1,5,10,3,0.1,0.7000000000000001,True
201,7,CARD,20,6,37,23,50,4,1,5,10,3,0.1,0.7000000000000001,False
202,7,CLF_UNION,24,7,55,23,58,4,1,5,10,3,0.1,0.7000000000000001,False
203,7,ORD-UNION,19,5,33,23,36,4,1,5,10,3,0.1,0.7000000000000001,False
204,7,CARD,24,1,40,23,48,4,1,5,10,3,0.1,0.7000000000000001,True
205,7,CLF_UNION,26,2,55,23,57,4,1,5,10,3,0.1,0.7000000000000001,True
206,7,ORD-UNION,24,1,39,23,41,4,1,5,10,3,0.1,0.7000000000000001,True
207,7,CARD,24,1,40,23,48,4,1,5,10,3,0.1,0.7000000000000001,False
208,7,CLF_UNION,26,2,55,23,57,4,1,5,10,3,0.1,0.7000000000000001,False
209,7,ORD-UNION,24,1,39,23,41,4,1,5,10,3,0.1,0.7000000000000001,False
210,8,CARD,30,0,40,29,49,9,5,5,10,3,0.1,0.7000000000000001,True
211,8,CLF_UNION,32,1,59,29,60,9,5,5,10,3,0.1,0.7000000000000001,True
212,8,ORD-UNION,9,0,10,29,11,9,5,5,10,3,0.1,0.7000000000000001,True
213,8,CARD,28,3,39,29,50,4,1,5,10,3,0.1,0.7000000000000001,False
214,8,CLF_UNION,32,1,59,29,60,4,1,5,10,3,0.1,0.7000000000000001,False
215,8,ORD-UNION,26,0,30,29,31,4,1,5,10,3,0.1,0.7000000000000001,False
216,8,CARD,23,0,35,29,54,4,1,5,10,3,0.1,0.7000000000000001,True
217,8,CLF_UNION,25,2,58,29,59,4,1,5,10,3,0.1,0.7000000000000001,True
218,8,ORD-UNION,20,0,27,29,28,4,1,5,10,3,0.1,0.7000000000000001,True
219,8,CARD,23,0,35,29,54,4,1,5,10,3,0.1,0.7000000000000001,False
220,8,CLF_UNION,25,2,58,29,59,4,1,5,10,3,0.1,0.7000000000000001,False
221,8,ORD-UNION,20,0,27,29,28,4,1,5,10,3,0.1,0.7000000000000001,False
222,8,CARD,19,0,26,29,56,4,1,5,10,3,0.1,0.7000000000000001,True
223,8,CLF_UNION,19,0,52,29,60,4,1,5,10,3,0.1,0.7000000000000001,True
224,8,ORD-UNION,19,0,24,29,32,4,1,5,10,3,0.1,0.7000000000000001,True
225,8,CARD,19,0,26,29,56,4,1,5,10,3,0.1,0.7000000000000001,False
226,8,CLF_UNION,19,0,52,29,60,4,1,5,10,3,0.1,0.7000000000000001,False
227,8,ORD-UNION,19,0,24,29,32,4,1,5,10,3,0.1,0.7000000000000001,False
228,8,CARD,26,6,41,29,49,4,1,5,10,3,0.1,0.7000000000000001,True
229,8,CLF_UNION,27,11,62,29,62,4,1,5,10,3,0.1,0.7000000000000001,True
230,8,ORD-UNION,20,6,29,29,29,4,1,5,10,3,0.1,0.7000000000000001,True
231,8,CARD,26,6,41,29,49,4,1,5,10,3,0.1,0.7000000000000001,False
232,8,CLF_UNION,27,11,62,29,62,4,1,5,10,3,0.1,0.7000000000000001,False
233,8,ORD-UNION,20,6,29,29,29,4,1,5,10,3,0.1,0.7000000000000001,False
234,8,CARD,25,0,35,29,51,4,1,5,10,3,0.1,0.7000000000000001,True
235,8,CLF_UNION,28,4,56,29,60,4,1,5,10,3,0.1,0.7000000000000001,True
236,8,ORD-UNION,23,0,29,29,33,4,1,5,10,3,0.1,0.7000000000000001,True
237,8,CARD,25,0,35,29,51,4,1,5,10,3,0.1,0.7000000000000001,False
238,8,CLF_UNION,28,4,56,29,60,4,1,5,10,3,0.1,0.7000000000000001,False
239,8,ORD-UNION,23,0,29,29,33,4,1,5,10,3,0.1,0.7000000000000001,False
240,9,CARD,30,0,39,36,49,9,5,5,10,3,0.1,0.7000000000000001,True
241,9,CLF_UNION,30,1,61,36,63,9,5,5,10,3,0.1,0.7000000000000001,True
242,9,ORD-UNION,14,0,16,36,18,9,5,5,10,3,0.1,0.7000000000000001,True
243,9,CARD,30,0,38,36,50,4,1,5,10,3,0.1,0.7000000000000001,False
244,9,CLF_UNION,30,1,62,36,64,4,1,5,10,3,0.1,0.7000000000000001,False
245,9,ORD-UNION,24,0,27,36,29,4,1,5,10,3,0.1,0.7000000000000001,False
246,9,CARD,27,0,39,36,49,4,1,5,10,3,0.1,0.7000000000000001,True
247,9,CLF_UNION,29,4,65,36,67,4,1,5,10,3,0.1,0.7000000000000001,True
248,9,ORD-UNION,18,0,22,36,24,4,1,5,10,3,0.1,0.7000000000000001,True
249,9,CARD,27,0,39,36,49,4,1,5,10,3,0.1,0.7000000000000001,False
250,9,CLF_UNION,29,4,65,36,67,4,1,5,10,3,0.1,0.7000000000000001,False
251,9,ORD-UNION,18,0,22,36,24,4,1,5,10,3,0.1,0.7000000000000001,False
252,9,CARD,19,11,37,36,50,4,1,5,10,3,0.1,0.7000000000000001,True
253,9,CLF_UNION,23,12,60,36,63,4,1,5,10,3,0.1,0.7000000000000001,True
254,9,ORD-UNION,13,6,22,36,25,4,1,5,10,3,0.1,0.7000000000000001,True
255,9,CARD,19,11,37,36,50,4,1,5,10,3,0.1,0.7000000000000001,False
256,9,CLF_UNION,23,12,60,36,63,4,1,5,10,3,0.1,0.7000000000000001,False
257,9,ORD-UNION,13,6,22,36,25,4,1,5,10,3,0.1,0.7000000000000001,False
258,9,CARD,23,7,37,36,50,4,1,5,10,3,0.1,0.7000000000000001,True
259,9,CLF_UNION,23,9,57,36,60,4,1,5,10,3,0.1,0.7000000000000001,True
260,9,ORD-UNION,17,7,27,36,30,4,1,5,10,3,0.1,0.7000000000000001,True
261,9,CARD,23,7,37,36,50,4,1,5,10,3,0.1,0.7000000000000001,False
262,9,CLF_UNION,23,9,57,36,60,4,1,5,10,3,0.1,0.7000000000000001,False
263,9,ORD-UNION,17,7,27,36,30,4,1,5,10,3,0.1,0.7000000000000001,False
264,9,CARD,23,1,34,36,51,4,1,5,10,3,0.1,0.7000000000000001,True
265,9,CLF_UNION,26,3,56,36,61,4,1,5,10,3,0.1,0.7000000000000001,True
266,9,ORD-UNION,18,0,22,36,27,4,1,5,10,3,0.1,0.7000000000000001,True
267,9,CARD,23,1,34,36,51,4,1,5,10,3,0.1,0.7000000000000001,False
268,9,CLF_UNION,26,3,56,36,61,4,1,5,10,3,0.1,0.7000000000000001,False
269,9,ORD-UNION,18,0,22,36,27,4,1,5,10,3,0.1,0.7000000000000001,False
270,10,CARD,16,13,40,43,47,9,5,5,10,3,0.1,0.7000000000000001,True
271,10,CLF_UNION,21,9,57,43,60,9,5,5,10,3,0.1,0.7000000000000001,True
272,10,ORD-UNION,9,0,10,43,13,9,5,5,10,3,0.1,0.7000000000000001,True
273,10,CARD,20,8,35,43,52,4,1,5,10,3,0.1,0.7000000000000001,False
274,10,CLF_UNION,21,9,60,43,63,4,1,5,10,3,0.1,0.7000000000000001,False
275,10,ORD-UNION,13,6,21,43,24,4,1,5,10,3,0.1,0.7000000000000001,False
276,10,CARD,24,0,37,43,48,4,1,5,10,3,0.1,0.7000000000000001,True
277,10,CLF_UNION,24,0,59,43,64,4,1,5,10,3,0.1,0.7000000000000001,True
278,10,ORD-UNION,24,0,31,43,36,4,1,5,10,3,0.1,0.7000000000000001,True
279,10,CARD,24,0,37,43,48,4,1,5,10,3,0.1,0.7000000000000001,False
280,10,CLF_UNION,24,0,59,43,64,4,1,5,10,3,0.1,0.7000000000000001,False
281,10,ORD-UNION,24,0,31,43,36,4,1,5,10,3,0.1,0.7000000000000001,False
282,10,CARD,14,2,23,43,51,4,1,5,10,3,0.1,0.7000000000000001,True
283,10,CLF_UNION,17,3,49,43,65,4,1,5,10,3,0.1,0.7000000000000001,True
284,10,ORD-UNION,11,0,13,43,29,4,1,5,10,3,0.1,0.7000000000000001,True
285,10,CARD,14,2,23,43,51,4,1,5,10,3,0.1,0.7000000000000001,False
286,10,CLF_UNION,17,3,49,43,65,4,1,5,10,3,0.1,0.7000000000000001,False
287,10,ORD-UNION,11,0,13,43,29,4,1,5,10,3,0.1,0.7000000000000001,False
288,10,CARD,21,4,32,43,53,4,1,5,10,3,0.1,0.7000000000000001,True
289,10,CLF_UNION,23,11,59,43,64,4,1,5,10,3,0.1,0.7000000000000001,True
290,10,ORD-UNION,15,4,20,43,25,4,1,5,10,3,0.1,0.7000000000000001,True
291,10,CARD,21,4,32,43,53,4,1,5,10,3,0.1,0.7000000000000001,False
292,10,CLF_UNION,23,11,59,43,64,4,1,5,10,3,0.1,0.7000000000000001,False
293,10,ORD-UNION,15,4,20,43,25,4,1,5,10,3,0.1,0.7000000000000001,False
294,10,CARD,24,7,37,43,51,4,1,5,10,3,0.1,0.7000000000000001,True
295,10,CLF_UNION,25,10,61,43,63,4,1,5,10,3,0.1,0.7000000000000001,True
296,10,ORD-UNION,16,7,25,43,27,4,1,5,10,3,0.1,0.7000000000000001,True
297,10,CARD,24,7,37,43,51,4,1,5,10,3,0.1,0.7000000000000001,False
298,10,CLF_UNION,25,10,61,43,63,4,1,5,10,3,0.1,0.7000000000000001,False
299,10,ORD-UNION,16,7,25,43,27,4,1,5,10,3,0.1,0.7000000000000001,False
300,11,CARD,18,2,30,53,48,9,5,5,10,3,0.1,0.7000000000000001,True
301,11,CLF_UNION,20,0,46,53,58,9,5,5,10,3,0.1,0.7000000000000001,True
302,11,ORD-UNION,12,0,13,53,25,9,5,5,10,3,0.1,0.7000000000000001,True
303,11,CARD,19,1,26,53,52,6,2,5,10,3,0.1,0.7000000000000001,False
304,11,CLF_UNION,20,0,52,53,64,6,2,5,10,3,0.1,0.7000000000000001,False
305,11,ORD-UNION,16,0,19,53,31,6,2,5,10,3,0.1,0.7000000000000001,False
306,11,CARD,20,8,38,53,49,6,2,5,10,3,0.1,0.7000000000000001,True
307,11,CLF_UNION,22,6,59,53,62,6,2,5,10,3,0.1,0.7000000000000001,True
308,11,ORD-UNION,13,7,26,53,29,6,2,5,10,3,0.1,0.7000000000000001,True
309,11,CARD,20,8,38,53,49,6,2,5,10,3,0.1,0.7000000000000001,False
310,11,CLF_UNION,22,6,59,53,62,6,2,5,10,3,0.1,0.7000000000000001,False
311,11,ORD-UNION,13,7,26,53,29,6,2,5,10,3,0.1,0.7000000000000001,False
312,11,CARD,23,3,35,53,50,6,2,5,10,3,0.1,0.7000000000000001,True
313,11,CLF_UNION,26,6,62,53,66,6,2,5,10,3,0.1,0.7000000000000001,True
314,11,ORD-UNION,20,1,26,53,31,6,2,5,10,3,0.1,0.7000000000000001,True
315,11,CARD,23,3,35,53,50,6,2,5,10,3,0.1,0.7000000000000001,False
316,11,CLF_UNION,26,6,62,53,66,6,2,5,10,3,0.1,0.7000000000000001,False
317,11,ORD-UNION,20,1,26,53,31,6,2,5,10,3,0.1,0.7000000000000001,False
318,11,CARD,14,11,33,53,49,6,2,5,10,3,0.1,0.7000000000000001,True
319,11,CLF_UNION,15,10,54,53,62,6,2,5,10,3,0.1,0.7000000000000001,True
320,11,ORD-UNION,14,10,28,53,36,6,2,5,10,3,0.1,0.7000000000000001,True
321,11,CARD,14,11,33,53,49,6,2,5,10,3,0.1,0.7000000000000001,False
322,11,CLF_UNION,15,10,54,53,62,6,2,5,10,3,0.1,0.7000000000000001,False
323,11,ORD-UNION,14,10,28,53,36,6,2,5,10,3,0.1,0.7000000000000001,False
324,11,CARD,21,8,35,53,49,6,2,5,10,3,0.1,0.7000000000000001,True
325,11,CLF_UNION,22,9,54,53,60,6,2,5,10,3,0.1,0.7000000000000001,True
326,11,ORD-UNION,12,7,21,53,27,6,2,5,10,3,0.1,0.7000000000000001,True
327,11,CARD,21,8,35,53,49,6,2,5,10,3,0.1,0.7000000000000001,False
328,11,CLF_UNION,22,9,54,53,60,6,2,5,10,3,0.1,0.7000000000000001,False
329,11,ORD-UNION,12,7,21,53,27,6,2,5,10,3,0.1,0.7000000000000001,False
330,12,CARD,19,5,32,62,49,9,5,5,10,3,0.1,0.7000000000000001,True
331,12,CLF_UNION,23,8,53,62,61,9,5,5,10,3,0.1,0.7000000000000001,True
332,12,ORD-UNION,16,0,19,62,28,9,5,5,10,3,0.1,0.7000000000000001,True
333,12,CARD,21,5,36,62,45,8,2,5,10,3,0.1,0.7000000000000001,False
334,12,CLF_UNION,22,4,48,62,57,8,2,5,10,3,0.1,0.7000000000000001,False
335,12,ORD-UNION,11,3,17,62,26,8,2,5,10,3,0.1,0.7000000000000001,False
336,12,CARD,16,1,26,62,46,8,2,5,10,3,0.1,0.7000000000000001,True
337,12,CLF_UNION,17,1,41,62,59,8,2,5,10,3,0.1,0.7000000000000001,True
338,12,ORD-UNION,8,0,8,62,26,8,2,5,10,3,0.1,0.7000000000000001,True
339,12,CARD,16,1,26,62,46,8,2,5,10,3,0.1,0.7000000000000001,False
340,12,CLF_UNION,17,1,41,62,59,8,2,5,10,3,0.1,0.7000000000000001,False
341,12,ORD-UNION,8,0,8,62,26,8,2,5,10,3,0.1,0.7000000000000001,False
342,12,CARD,14,2,27,62,47,8,2,5,10,3,0.1,0.7000000000000001,True
343,12,CLF_UNION,16,0,42,62,58,8,2,5,10,3,0.1,0.7000000000000001,True
344,12,ORD-UNION,5,0,6,62,22,8,2,5,10,3,0.1,0.7000000000000001,True
345,12,CARD,14,2,27,62,47,8,2,5,10,3,0.1,0.7000000000000001,False
346,12,CLF_UNION,16,0,42,62,58,8,2,5,10,3,0.1,0.7000000000000001,False
347,12,ORD-UNION,5,0,6,62,22,8,2,5,10,3,0.1,0.7000000000000001,False
348,12,CARD,18,10,40,62,47,8,2,5,10,3,0.1,0.7000000000000001,True
349,12,CLF_UNION,20,9,53,62,56,8,2,5,10,3,0.1,0.7000000000000001,True
350,12,ORD-UNION,10,5,19,62,22,8,2,5,10,3,0.1,0.7000000000000001,True
351,12,CARD,18,10,40,62,47,8,2,5,10,3,0.1,0.7000000000000001,False
352,12,CLF_UNION,20,9,53,62,56,8,2,5,10,3,0.1,0.7000000000000001,False
353,12,ORD-UNION,10,5,19,62,22,8,2,5,10,3,0.1,0.7000000000000001,False
354,12,CARD,19,4,35,62,46,8,2,5,10,3,0.1,0.7000000000000001,True
355,12,CLF_UNION,21,2,48,62,57,8,2,5,10,3,0.1,0.7000000000000001,True
356,12,ORD-UNION,14,0,20,62,29,8,2,5,10,3,0.1,0.7000000000000001,True
357,12,CARD,19,4,35,62,46,8,2,5,10,3,0.1,0.7000000000000001,False
358,12,CLF_UNION,21,2,48,62,57,8,2,5,10,3,0.1,0.7000000000000001,False
359,12,ORD-UNION,14,0,20,62,29,8,2,5,10,3,0.1,0.7000000000000001,False
360,13,CARD,25,0,33,71,49,9,5,5,10,3,0.1,0.7000000000000001,True
361,13,CLF_UNION,25,0,51,71,59,9,5,5,10,3,0.1,0.7000000000000001,True
362,13,ORD-UNION,11,0,14,71,22,9,5,5,10,3,0.1,0.7000000000000001,True
363,13,CARD,22,3,35,71,47,9,2,5,10,3,0.1,0.7000000000000001,False
364,13,CLF_UNION,22,3,47,71,55,9,2,5,10,3,0.1,0.7000000000000001,False
365,13,ORD-UNION,20,1,27,71,35,9,2,5,10,3,0.1,0.7000000000000001,False
366,13,CARD,15,6,30,71,48,9,2,5,10,3,0.1,0.7000000000000001,True
367,13,CLF_UNION,18,3,44,71,56,9,2,5,10,3,0.1,0.7000000000000001,True
368,13,ORD-UNION,10,1,12,71,24,9,2,5,10,3,0.1,0.7000000000000001,True
369,13,CARD,15,6,30,71,48,9,2,5,10,3,0.1,0.7000000000000001,False
370,13,CLF_UNION,18,3,44,71,56,9,2,5,10,3,0.1,0.7000000000000001,False
371,13,ORD-UNION,10,1,12,71,24,9,2,5,10,3,0.1,0.7000000000000001,False
372,13,CARD,22,0,29,71,54,9,2,5,10,3,0.1,0.7000000000000001,True
373,13,CLF_UNION,23,2,53,71,60,9,2,5,10,3,0.1,0.7000000000000001,True
374,13,ORD-UNION,17,0,23,71,30,9,2,5,10,3,0.1,0.7000000000000001,True
375,13,CARD,22,0,29,71,54,9,2,5,10,3,0.1,0.7000000000000001,False
376,13,CLF_UNION,23,2,53,71,60,9,2,5,10,3,0.1,0.7000000000000001,False
377,13,ORD-UNION,17,0,23,71,30,9,2,5,10,3,0.1,0.7000000000000001,False
378,13,CARD,24,8,40,71,47,9,2,5,10,3,0.1,0.7000000000000001,True
379,13,CLF_UNION,23,11,53,71,55,9,2,5,10,3,0.1,0.7000000000000001,True
380,13,ORD-UNION,20,6,30,71,33,9,2,5,10,3,0.1,0.7000000000000001,True
381,13,CARD,24,8,40,71,47,9,2,5,10,3,0.1,0.7000000000000001,False
382,13,CLF_UNION,23,11,53,71,55,9,2,5,10,3,0.1,0.7000000000000001,False
383,13,ORD-UNION,20,6,30,71,33,9,2,5,10,3,0.1,0.7000000000000001,False
384,13,CARD,17,9,35,71,48,9,2,5,10,3,0.1,0.7000000000000001,True
385,13,CLF_UNION,19,11,55,71,59,9,2,5,10,3,0.1,0.7000000000000001,True
386,13,ORD-UNION,16,6,26,71,33,9,2,5,10,3,0.1,0.7000000000000001,True
387,13,CARD,17,9,35,71,48,9,2,5,10,3,0.1,0.7000000000000001,False
388,13,CLF_UNION,19,11,55,71,59,9,2,5,10,3,0.1,0.7000000000000001,False
389,13,ORD-UNION,16,6,26,71,33,9,2,5,10,3,0.1,0.7000000000000001,False
390,14,CARD,19,8,40,80,46,9,5,5,10,3,0.1,0.7000000000000001,True
391,14,CLF_UNION,17,11,55,80,59,9,5,5,10,3,0.1,0.7000000000000001,True
392,14,ORD-UNION,7,8,18,80,22,9,5,5,10,3,0.1,0.7000000000000001,True
393,14,CARD,14,13,38,80,48,8,2,5,10,3,0.1,0.7000000000000001,False
394,14,CLF_UNION,16,11,55,80,59,8,2,5,10,3,0.1,0.7000000000000001,False
395,14,ORD-UNION,12,10,27,80,31,8,2,5,10,3,0.1,0.7000000000000001,False
396,14,CARD,17,5,30,80,49,8,2,5,10,3,0.1,0.7000000000000001,True
397,14,CLF_UNION,19,3,45,80,56,8,2,5,10,3,0.1,0.7000000000000001,True
398,14,ORD-UNION,14,3,22,80,33,8,2,5,10,3,0.1,0.7000000000000001,True
399,14,CARD,17,5,30,80,49,8,2,5,10,3,0.1,0.7000000000000001,False
400,14,CLF_UNION,19,3,45,80,56,8,2,5,10,3,0.1,0.7000000000000001,False
401,14,ORD-UNION,14,3,22,80,33,8,2,5,10,3,0.1,0.7000000000000001,False
402,14,CARD,20,8,39,80,47,8,2,5,10,3,0.1,0.7000000000000001,True
403,14,CLF_UNION,24,5,52,80,56,8,2,5,10,3,0.1,0.7000000000000001,True
404,14,ORD-UNION,18,4,30,80,34,8,2,5,10,3,0.1,0.7000000000000001,True
405,14,CARD,20,8,39,80,47,8,2,5,10,3,0.1,0.7000000000000001,False
406,14,CLF_UNION,24,5,52,80,56,8,2,5,10,3,0.1,0.7000000000000001,False
407,14,ORD-UNION,18,4,30,80,34,8,2,5,10,3,0.1,0.7000000000000001,False
408,14,CARD,9,2,18,80,50,8,2,5,10,3,0.1,0.7000000000000001,True
409,14,CLF_UNION,10,4,37,80,56,8,2,5,10,3,0.1,0.7000000000000001,True
410,14,ORD-UNION,6,0,6,80,28,8,2,5,10,3,0.1,0.7000000000000001,True
411,14,CARD,9,2,18,80,50,8,2,5,10,3,0.1,0.7000000000000001,False
412,14,CLF_UNION,10,4,37,80,56,8,2,5,10,3,0.1,0.7000000000000001,False
413,14,ORD-UNION,6,0,6,80,28,8,2,5,10,3,0.1,0.7000000000000001,False
414,14,CARD,19,5,36,80,46,8,2,5,10,3,0.1,0.7000000000000001,True
415,14,CLF_UNION,19,7,50,80,56,8,2,5,10,3,0.1,0.7000000000000001,True
416,14,ORD-UNION,18,3,29,80,37,8,2,5,10,3,0.1,0.7000000000000001,True
417,14,CARD,19,5,36,80,46,8,2,5,10,3,0.1,0.7000000000000001,False
418,14,CLF_UNION,19,7,50,80,56,8,2,5,10,3,0.1,0.7000000000000001,False
419,14,ORD-UNION,18,3,29,80,37,8,2,5,10,3,0.1,0.7000000000000001,False
420,15,CARD,4,9,26,91,45,9,5,5,10,3,0.1,0.7000000000000001,True
421,15,CLF_UNION,4,10,40,91,58,9,5,5,10,3,0.1,0.7000000000000001,True
422,15,ORD-UNION,1,9,14,91,33,9,5,5,10,3,0.1,0.7000000000000001,True
423,15,CARD,3,10,19,91,52,8,2,5,10,3,0.1,0.7000000000000001,False
424,15,CLF_UNION,3,14,41,91,57,8,2,5,10,3,0.1,0.7000000000000001,False
425,15,ORD-UNION,3,10,18,91,37,8,2,5,10,3,0.1,0.7000000000000001,False
426,15,CARD,23,0,34,91,52,8,2,5,10,3,0.1,0.7000000000000001,True
427,15,CLF_UNION,23,4,56,91,57,8,2,5,10,3,0.1,0.7000000000000001,True
428,15,ORD-UNION,23,0,34,91,38,8,2,5,10,3,0.1,0.7000000000000001,True
429,15,CARD,23,0,34,91,52,8,2,5,10,3,0.1,0.7000000000000001,False
430,15,CLF_UNION,23,4,56,91,57,8,2,5,10,3,0.1,0.7000000000000001,False
431,15,ORD-UNION,23,0,34,91,38,8,2,5,10,3,0.1,0.7000000000000001,False
432,15,CARD,14,10,35,91,47,8,2,5,10,3,0.1,0.7000000000000001,True
433,15,CLF_UNION,15,11,48,91,56,8,2,5,10,3,0.1,0.7000000000000001,True
434,15,ORD-UNION,12,10,31,91,39,8,2,5,10,3,0.1,0.7000000000000001,True
435,15,CARD,14,10,35,91,47,8,2,5,10,3,0.1,0.7000000000000001,False
436,15,CLF_UNION,15,11,48,91,56,8,2,5,10,3,0.1,0.7000000000000001,False
437,15,ORD-UNION,12,10,31,91,39,8,2,5,10,3,0.1,0.7000000000000001,False
438,15,CARD,19,2,29,91,48,8,2,5,10,3,0.1,0.7000000000000001,True
439,15,CLF_UNION,19,5,46,91,57,8,2,5,10,3,0.1,0.7000000000000001,True
440,15,ORD-UNION,16,1,23,91,36,8,2,5,10,3,0.1,0.7000000000000001,True
441,15,CARD,19,2,29,91,48,8,2,5,10,3,0.1,0.7000000000000001,False
442,15,CLF_UNION,19,5,46,91,57,8,2,5,10,3,0.1,0.7000000000000001,False
443,15,ORD-UNION,16,1,23,91,36,8,2,5,10,3,0.1,0.7000000000000001,False
444,15,CARD,10,13,30,91,48,8,2,5,10,3,0.1,0.7000000000000001,True
445,15,CLF_UNION,11,16,48,91,57,8,2,5,10,3,0.1,0.7000000000000001,True
446,15,ORD-UNION,8,13,27,91,39,8,2,5,10,3,0.1,0.7000000000000001,True
447,15,CARD,10,13,30,91,48,8,2,5,10,3,0.1,0.7000000000000001,False
448,15,CLF_UNION,11,16,48,91,57,8,2,5,10,3,0.1,0.7000000000000001,False
449,15,ORD-UNION,8,13,27,91,39,8,2,5,10,3,0.1,0.7000000000000001,False
450,16,CARD,16,9,37,104,46,9,5,5,10,3,0.1,0.7000000000000001,True
451,16,CLF_UNION,19,7,53,104,60,9,5,5,10,3,0.1,0.7000000000000001,True
452,16,ORD-UNION,12,7,23,104,30,9,5,5,10,3,0.1,0.7000000000000001,True
453,16,CARD,15,9,35,104,48,8,2,5,10,3,0.1,0.7000000000000001,False
454,16,CLF_UNION,15,11,48,104,55,8,2,5,10,3,0.1,0.7000000000000001,False
455,16,ORD-UNION,15,9,34,104,41,8,2,5,10,3,0.1,0.7000000000000001,False
456,16,CARD,14,3,27,104,48,8,2,5,10,3,0.1,0.7000000000000001,True
457,16,CLF_UNION,15,3,41,104,56,8,2,5,10,3,0.1,0.7000000000000001,True
458,16,ORD-UNION,13,3,24,104,39,8,2,5,10,3,0.1,0.7000000000000001,True
459,16,CARD,14,3,27,104,48,8,2,5,10,3,0.1,0.7000000000000001,False
460,16,CLF_UNION,15,3,41,104,56,8,2,5,10,3,0.1,0.7000000000000001,False
461,16,ORD-UNION,13,3,24,104,39,8,2,5,10,3,0.1,0.7000000000000001,False
462,16,CARD,9,9,25,104,51,8,2,5,10,3,0.1,0.7000000000000001,True
463,16,CLF_UNION,9,9,41,104,55,8,2,5,10,3,0.1,0.7000000000000001,True
464,16,ORD-UNION,6,9,19,104,33,8,2,5,10,3,0.1,0.7000000000000001,True
465,16,CARD,9,9,25,104,51,8,2,5,10,3,0.1,0.7000000000000001,False
466,16,CLF_UNION,9,9,41,104,55,8,2,5,10,3,0.1,0.7000000000000001,False
467,16,ORD-UNION,6,9,19,104,33,8,2,5,10,3,0.1,0.7000000000000001,False
468,16,CARD,13,8,30,104,49,8,2,5,10,3,0.1,0.7000000000000001,True
469,16,CLF_UNION,13,9,44,104,55,8,2,5,10,3,0.1,0.7000000000000001,True
470,16,ORD-UNION,13,8,30,104,41,8,2,5,10,3,0.1,0.7000000000000001,True
471,16,CARD,13,8,30,104,49,8,2,5,10,3,0.1,0.7000000000000001,False
472,16,CLF_UNION,13,9,44,104,55,8,2,5,10,3,0.1,0.7000000000000001,False
473,16,ORD-UNION,13,8,30,104,41,8,2,5,10,3,0.1,0.7000000000000001,False
474,16,CARD,17,2,27,104,51,8,2,5,10,3,0.1,0.7000000000000001,True
475,16,CLF_UNION,17,7,46,104,56,8,2,5,10,3,0.1,0.7000000000000001,True
476,16,ORD-UNION,17,2,27,104,39,8,2,5,10,3,0.1,0.7000000000000001,True
477,16,CARD,17,2,27,104,51,8,2,5,10,3,0.1,0.7000000000000001,False
478,16,CLF_UNION,17,7,46,104,56,8,2,5,10,3,0.1,0.7000000000000001,False
479,16,ORD-UNION,17,2,27,104,39,8,2,5,10,3,0.1,0.7000000000000001,False
480,17,CARD,12,0,20,116,49,9,5,5,10,3,0.1,0.7000000000000001,True
481,17,CLF_UNION,11,2,38,116,59,9,5,5,10,3,0.1,0.7000000000000001,True
482,17,ORD-UNION,7,0,9,116,30,9,5,5,10,3,0.1,0.7000000000000001,True
483,17,CARD,10,1,22,116,47,9,2,5,10,3,0.1,0.7000000000000001,False
484,17,CLF_UNION,9,4,36,116,56,9,2,5,10,3,0.1,0.7000000000000001,False
485,17,ORD-UNION,10,0,17,116,38,9,2,5,10,3,0.1,0.7000000000000001,False
486,17,CARD,20,1,32,116,47,9,2,5,10,3,0.1,0.7000000000000001,True
487,17,CLF_UNION,21,2,45,116,56,9,2,5,10,3,0.1,0.7000000000000001,True
488,17,ORD-UNION,18,1,28,116,39,9,2,5,10,3,0.1,0.7000000000000001,True
489,17,CARD,20,1,32,116,47,9,2,5,10,3,0.1,0.7000000000000001,False
490,17,CLF_UNION,21,2,45,116,56,9,2,5,10,3,0.1,0.7000000000000001,False
491,17,ORD-UNION,18,1,28,116,39,9,2,5,10,3,0.1,0.7000000000000001,False
492,17,CARD,18,7,38,116,46,9,2,5,10,3,0.1,0.7000000000000001,True
493,17,CLF_UNION,18,8,50,116,56,9,2,5,10,3,0.1,0.7000000000000001,True
494,17,ORD-UNION,16,6,32,116,38,9,2,5,10,3,0.1,0.7000000000000001,True
495,17,CARD,18,7,38,116,46,9,2,5,10,3,0.1,0.7000000000000001,False
496,17,CLF_UNION,18,8,50,116,56,9,2,5,10,3,0.1,0.7000000000000001,False
497,17,ORD-UNION,16,6,32,116,38,9,2,5,10,3,0.1,0.7000000000000001,False
498,17,CARD,19,0,25,116,48,9,2,5,10,3,0.1,0.7000000000000001,True
499,17,CLF_UNION,18,4,41,116,55,9,2,5,10,3,0.1,0.7000000000000001,True
500,17,ORD-UNION,16,0,20,116,37,9,2,5,10,3,0.1,0.7000000000000001,True
501,17,CARD,19,0,25,116,48,9,2,5,10,3,0.1,0.7000000000000001,False
502,17,CLF_UNION,18,4,41,116,55,9,2,5,10,3,0.1,0.7000000000000001,False
503,17,ORD-UNION,16,0,20,116,37,9,2,5,10,3,0.1,0.7000000000000001,False
504,17,CARD,20,3,33,116,46,9,2,5,10,3,0.1,0.7000000000000001,True
505,17,CLF_UNION,19,9,48,116,56,9,2,5,10,3,0.1,0.7000000000000001,True
506,17,ORD-UNION,19,2,27,116,38,9,2,5,10,3,0.1,0.7000000000000001,True
507,17,CARD,20,3,33,116,46,9,2,5,10,3,0.1,0.7000000000000001,False
508,17,CLF_UNION,19,9,48,116,56,9,2,5,10,3,0.1,0.7000000000000001,False
509,17,ORD-UNION,19,2,27,116,38,9,2,5,10,3,0.1,0.7000000000000001,False
510,18,CARD,16,1,25,130,52,9,5,5,10,3,0.1,0.7000000000000001,True
511,18,CLF_UNION,19,2,46,130,59,9,5,5,10,3,0.1,0.7000000000000001,True
512,18,ORD-UNION,10,0,13,130,26,9,5,5,10,3,0.1,0.7000000000000001,True
513,18,CARD,13,7,32,130,45,9,2,5,10,3,0.1,0.7000000000000001,False
514,18,CLF_UNION,13,7,42,130,55,9,2,5,10,3,0.1,0.7000000000000001,False
515,18,ORD-UNION,13,7,31,130,44,9,2,5,10,3,0.1,0.7000000000000001,False
516,18,CARD,16,0,22,130,50,9,2,5,10,3,0.1,0.7000000000000001,True
517,18,CLF_UNION,15,6,40,130,56,9,2,5,10,3,0.1,0.7000000000000001,True
518,18,ORD-UNION,15,0,19,130,37,9,2,5,10,3,0.1,0.7000000000000001,True
519,18,CARD,16,0,22,130,50,9,2,5,10,3,0.1,0.7000000000000001,False
520,18,CLF_UNION,15,6,40,130,56,9,2,5,10,3,0.1,0.7000000000000001,False
521,18,ORD-UNION,15,0,19,130,37,9,2,5,10,3,0.1,0.7000000000000001,False
522,18,CARD,14,1,29,130,47,9,2,5,10,3,0.1,0.7000000000000001,True
523,18,CLF_UNION,13,2,41,130,55,9,2,5,10,3,0.1,0.7000000000000001,True
524,18,ORD-UNION,12,1,21,130,35,9,2,5,10,3,0.1,0.7000000000000001,True
525,18,CARD,14,1,29,130,47,9,2,5,10,3,0.1,0.7000000000000001,False
526,18,CLF_UNION,13,2,41,130,55,9,2,5,10,3,0.1,0.7000000000000001,False
527,18,ORD-UNION,12,1,21,130,35,9,2,5,10,3,0.1,0.7000000000000001,False
528,18,CARD,9,1,22,130,46,9,2,5,10,3,0.1,0.7000000000000001,True
529,18,CLF_UNION,9,4,37,130,57,9,2,5,10,3,0.1,0.7000000000000001,True
530,18,ORD-UNION,9,1,20,130,42,9,2,5,10,3,0.1,0.7000000000000001,True
531,18,CARD,9,1,22,130,46,9,2,5,10,3,0.1,0.7000000000000001,False
532,18,CLF_UNION,9,4,37,130,57,9,2,5,10,3,0.1,0.7000000000000001,False
533,18,ORD-UNION,9,1,20,130,42,9,2,5,10,3,0.1,0.7000000000000001,False
534,18,CARD,12,2,33,130,48,9,2,5,10,3,0.1,0.7000000000000001,True
535,18,CLF_UNION,12,2,46,130,55,9,2,5,10,3,0.1,0.7000000000000001,True
536,18,ORD-UNION,10,2,26,130,35,9,2,5,10,3,0.1,0.7000000000000001,True
537,18,CARD,12,2,33,130,48,9,2,5,10,3,0.1,0.7000000000000001,False
538,18,CLF_UNION,12,2,46,130,55,9,2,5,10,3,0.1,0.7000000000000001,False
539,18,ORD-UNION,10,2,26,130,35,9,2,5,10,3,0.1,0.7000000000000001,False
540,19,CARD,8,9,32,143,46,9,5,5,10,3,0.1,0.7000000000000001,True
541,19,CLF_UNION,8,9,45,143,57,9,5,5,10,3,0.1,0.7000000000000001,True
542,19,ORD-UNION,7,9,20,143,32,9,5,5,10,3,0.1,0.7000000000000001,True
543,19,CARD,5,9,27,143,51,9,2,5,10,3,0.1,0.7000000000000001,False
544,19,CLF_UNION,7,11,44,143,56,9,2,5,10,3,0.1,0.7000000000000001,False
545,19,ORD-UNION,5,9,26,143,38,9,2,5,10,3,0.1,0.7000000000000001,False
546,19,CARD,15,1,30,143,45,9,2,5,10,3,0.1,0.7000000000000001,True
547,19,CLF_UNION,15,1,40,143,55,9,2,5,10,3,0.1,0.7000000000000001,True
548,19,ORD-UNION,15,0,27,143,42,9,2,5,10,3,0.1,0.7000000000000001,True
549,19,CARD,15,1,30,143,45,9,2,5,10,3,0.1,0.7000000000000001,False
550,19,CLF_UNION,15,1,40,143,55,9,2,5,10,3,0.1,0.7000000000000001,False
551,19,ORD-UNION,15,0,27,143,42,9,2,5,10,3,0.1,0.7000000000000001,False
552,19,CARD,11,1,24,143,45,9,2,5,10,3,0.1,0.7000000000000001,True
553,19,CLF_UNION,12,1,36,143,57,9,2,5,10,3,0.1,0.7000000000000001,True
554,19,ORD-UNION,10,0,17,143,38,9,2,5,10,3,0.1,0.7000000000000001,True
555,19,CARD,11,1,24,143,45,9,2,5,10,3,0.1,0.7000000000000001,False
556,19,CLF_UNION,12,1,36,143,57,9,2,5,10,3,0.1,0.7000000000000001,False
557,19,ORD-UNION,10,0,17,143,38,9,2,5,10,3,0.1,0.7000000000000001,False
558,19,CARD,16,2,31,143,45,9,2,5,10,3,0.1,0.7000000000000001,True
559,19,CLF_UNION,16,2,42,143,56,9,2,5,10,3,0.1,0.7000000000000001,True
560,19,ORD-UNION,15,2,25,143,39,9,2,5,10,3,0.1,0.7000000000000001,True
561,19,CARD,16,2,31,143,45,9,2,5,10,3,0.1,0.7000000000000001,False
562,19,CLF_UNION,16,2,42,143,56,9,2,5,10,3,0.1,0.7000000000000001,False
563,19,ORD-UNION,15,2,25,143,39,9,2,5,10,3,0.1,0.7000000000000001,False
564,19,CARD,15,9,36,143,46,9,2,5,10,3,0.1,0.7000000000000001,True
565,19,CLF_UNION,15,9,47,143,55,9,2,5,10,3,0.1,0.7000000000000001,True
566,19,ORD-UNION,15,8,32,143,40,9,2,5,10,3,0.1,0.7000000000000001,True
567,19,CARD,15,9,36,143,46,9,2,5,10,3,0.1,0.7000000000000001,False
568,19,CLF_UNION,15,9,47,143,55,9,2,5,10,3,0.1,0.7000000000000001,False
569,19,ORD-UNION,15,8,32,143,40,9,2,5,10,3,0.1,0.7000000000000001,False
570,20,CARD,14,0,21,157,47,9,5,5,10,3,0.1,0.7000000000000001,True
571,20,CLF_UNION,14,0,33,157,55,9,5,5,10,3,0.1,0.7000000000000001,True
572,20,ORD-UNION,13,0,16,157,38,9,5,5,10,3,0.1,0.7000000000000001,True
573,20,CARD,11,3,22,157,46,10,2,5,10,3,0.1,0.7000000000000001,False
574,20,CLF_UNION,11,5,35,157,55,10,2,5,10,3,0.1,0.7000000000000001,False
575,20,ORD-UNION,11,3,20,157,42,10,2,5,10,3,0.1,0.7000000000000001,False
576,20,CARD,11,5,29,157,45,10,2,5,10,3,0.1,0.7000000000000001,True
577,20,CLF_UNION,11,5,39,157,55,10,2,5,10,3,0.1,0.7000000000000001,True
578,20,ORD-UNION,10,5,26,157,42,10,2,5,10,3,0.1,0.7000000000000001,True
579,20,CARD,11,5,29,157,45,10,2,5,10,3,0.1,0.7000000000000001,False
580,20,CLF_UNION,11,5,39,157,55,10,2,5,10,3,0.1,0.7000000000000001,False
581,20,ORD-UNION,10,5,26,157,42,10,2,5,10,3,0.1,0.7000000000000001,False
582,20,CARD,18,3,29,157,47,10,2,5,10,3,0.1,0.7000000000000001,True
583,20,CLF_UNION,16,9,45,157,55,10,2,5,10,3,0.1,0.7000000000000001,True
584,20,ORD-UNION,16,3,23,157,37,10,2,5,10,3,0.1,0.7000000000000001,True
585,20,CARD,18,3,29,157,47,10,2,5,10,3,0.1,0.7000000000000001,False
586,20,CLF_UNION,16,9,45,157,55,10,2,5,10,3,0.1,0.7000000000000001,False
587,20,ORD-UNION,16,3,23,157,37,10,2,5,10,3,0.1,0.7000000000000001,False
588,20,CARD,12,3,28,157,46,10,2,5,10,3,0.1,0.7000000000000001,True
589,20,CLF_UNION,13,2,39,157,55,10,2,5,10,3,0.1,0.7000000000000001,True
590,20,ORD-UNION,12,2,24,157,40,10,2,5,10,3,0.1,0.7000000000000001,True
591,20,CARD,12,3,28,157,46,10,2,5,10,3,0.1,0.7000000000000001,False
592,20,CLF_UNION,13,2,39,157,55,10,2,5,10,3,0.1,0.7000000000000001,False
593,20,ORD-UNION,12,2,24,157,40,10,2,5,10,3,0.1,0.7000000000000001,False
594,20,CARD,6,2,25,157,46,10,2,5,10,3,0.1,0.7000000000000001,True
595,20,CLF_UNION,6,2,36,157,55,10,2,5,10,3,0.1,0.7000000000000001,True
596,20,ORD-UNION,6,2,21,157,40,10,2,5,10,3,0.1,0.7000000000000001,True
597,20,CARD,6,2,25,157,46,10,2,5,10,3,0.1,0.7000000000000001,False
598,20,CLF_UNION,6,2,36,157,55,10,2,5,10,3,0.1,0.7000000000000001,False
599,20,ORD-UNION,6,2,21,157,40,10,2,5,10,3,0.1,0.7000000000000001,False
