,budget,model,correct,wrong,total,n_pref_input,n_pref_output,theta_size,theta_additivity,n_items,n_test_subsets,n_tiers,alpha,p,real theta
0,1,CARD,11,3,25,1,65,15,4,5,10,3,0.30000000000000004,0.30000000000000004,True
1,1,CLF_UNION,26,6,64,1,64,15,4,5,10,3,0.30000000000000004,0.30000000000000004,True
2,1,ORD-UNION,0,0,0,1,0,15,4,5,10,3,0.30000000000000004,0.30000000000000004,True
3,1,CARD,12,2,24,1,66,1,1,5,10,3,0.30000000000000004,0.30000000000000004,False
4,1,CLF_UNION,25,15,76,1,76,1,1,5,10,3,0.30000000000000004,0.30000000000000004,False
5,1,ORD-UNION,12,2,24,1,24,1,1,5,10,3,0.30000000000000004,0.30000000000000004,False
6,1,CARD,9,0,24,1,66,1,1,5,10,3,0.30000000000000004,0.30000000000000004,True
7,1,CLF_UNION,17,8,76,1,76,1,1,5,10,3,0.30000000000000004,0.30000000000000004,True
8,1,ORD-UNION,9,0,24,1,24,1,1,5,10,3,0.30000000000000004,0.30000000000000004,True
9,1,CARD,9,0,24,1,66,1,1,5,10,3,0.30000000000000004,0.30000000000000004,False
10,1,CLF_UNION,17,8,76,1,76,1,1,5,10,3,0.30000000000000004,0.30000000000000004,False
11,1,ORD-UNION,9,0,24,1,24,1,1,5,10,3,0.30000000000000004,0.30000000000000004,False
12,1,CARD,9,0,21,1,69,1,1,5,10,3,0.30000000000000004,0.30000000000000004,True
13,1,CLF_UNION,17,8,79,1,79,1,1,5,10,3,0.30000000000000004,0.30000000000000004,True
14,1,ORD-UNION,9,0,21,1,21,1,1,5,10,3,0.30000000000000004,0.30000000000000004,True
15,1,CARD,9,0,21,1,69,1,1,5,10,3,0.30000000000000004,0.30000000000000004,False
16,1,CLF_UNION,17,8,79,1,79,1,1,5,10,3,0.30000000000000004,0.30000000000000004,False
17,1,ORD-UNION,9,0,21,1,21,1,1,5,10,3,0.30000000000000004,0.30000000000000004,False
18,1,CARD,12,0,24,1,66,1,1,5,10,3,0.30000000000000004,0.30000000000000004,True
19,1,CLF_UNION,21,9,76,1,76,1,1,5,10,3,0.30000000000000004,0.30000000000000004,True
20,1,ORD-UNION,12,0,24,1,24,1,1,5,10,3,0.30000000000000004,0.30000000000000004,True
21,1,CARD,12,0,24,1,66,1,1,5,10,3,0.30000000000000004,0.30000000000000004,False
22,1,CLF_UNION,21,9,76,1,76,1,1,5,10,3,0.30000000000000004,0.30000000000000004,False
23,1,ORD-UNION,12,0,24,1,24,1,1,5,10,3,0.30000000000000004,0.30000000000000004,False
24,1,CARD,13,1,21,1,69,1,1,5,10,3,0.30000000000000004,0.30000000000000004,True
25,1,CLF_UNION,26,14,79,1,79,1,1,5,10,3,0.30000000000000004,0.30000000000000004,True
26,1,ORD-UNION,13,1,21,1,21,1,1,5,10,3,0.30000000000000004,0.30000000000000004,True
27,1,CARD,13,1,21,1,69,1,1,5,10,3,0.30000000000000004,0.30000000000000004,False
28,1,CLF_UNION,26,14,79,1,79,1,1,5,10,3,0.30000000000000004,0.30000000000000004,False
29,1,ORD-UNION,13,1,21,1,21,1,1,5,10,3,0.30000000000000004,0.30000000000000004,False
30,2,CARD,12,6,33,3,57,15,4,5,10,3,0.30000000000000004,0.30000000000000004,True
31,2,CLF_UNION,22,3,57,3,57,15,4,5,10,3,0.30000000000000004,0.30000000000000004,True
32,2,ORD-UNION,0,0,0,3,0,15,4,5,10,3,0.30000000000000004,0.30000000000000004,True
33,2,CARD,14,4,35,3,55,2,1,5,10,3,0.30000000000000004,0.30000000000000004,False
34,2,CLF_UNION,22,14,79,3,79,2,1,5,10,3,0.30000000000000004,0.30000000000000004,False
35,2,ORD-UNION,14,4,35,3,35,2,1,5,10,3,0.30000000000000004,0.30000000000000004,False
36,2,CARD,27,0,36,3,53,2,1,5,10,3,0.30000000000000004,0.30000000000000004,True
37,2,CLF_UNION,27,4,75,3,76,2,1,5,10,3,0.30000000000000004,0.30000000000000004,True
38,2,ORD-UNION,27,0,36,3,37,2,1,5,10,3,0.30000000000000004,0.30000000000000004,True
39,2,CARD,27,0,36,3,53,2,1,5,10,3,0.30000000000000004,0.30000000000000004,False
40,2,CLF_UNION,27,4,75,3,76,2,1,5,10,3,0.30000000000000004,0.30000000000000004,False
41,2,ORD-UNION,27,0,36,3,37,2,1,5,10,3,0.30000000000000004,0.30000000000000004,False
42,2,CARD,20,1,37,3,53,2,1,5,10,3,0.30000000000000004,0.30000000000000004,True
43,2,CLF_UNION,23,9,76,3,76,2,1,5,10,3,0.30000000000000004,0.30000000000000004,True
44,2,ORD-UNION,20,1,37,3,37,2,1,5,10,3,0.30000000000000004,0.30000000000000004,True
45,2,CARD,20,1,37,3,53,2,1,5,10,3,0.30000000000000004,0.30000000000000004,False
46,2,CLF_UNION,23,9,76,3,76,2,1,5,10,3,0.30000000000000004,0.30000000000000004,False
47,2,ORD-UNION,20,1,37,3,37,2,1,5,10,3,0.30000000000000004,0.30000000000000004,False
48,2,CARD,19,4,37,3,53,2,1,5,10,3,0.30000000000000004,0.30000000000000004,True
49,2,CLF_UNION,27,15,75,3,75,2,1,5,10,3,0.30000000000000004,0.30000000000000004,True
50,2,ORD-UNION,19,4,37,3,37,2,1,5,10,3,0.30000000000000004,0.30000000000000004,True
51,2,CARD,19,4,37,3,53,2,1,5,10,3,0.30000000000000004,0.30000000000000004,False
52,2,CLF_UNION,27,15,75,3,75,2,1,5,10,3,0.30000000000000004,0.30000000000000004,False
53,2,ORD-UNION,19,4,37,3,37,2,1,5,10,3,0.30000000000000004,0.30000000000000004,False
54,2,CARD,22,1,35,3,55,2,1,5,10,3,0.30000000000000004,0.30000000000000004,True
55,2,CLF_UNION,29,14,79,3,79,2,1,5,10,3,0.30000000000000004,0.30000000000000004,True
56,2,ORD-UNION,22,1,35,3,35,2,1,5,10,3,0.30000000000000004,0.30000000000000004,True
57,2,CARD,22,1,35,3,55,2,1,5,10,3,0.30000000000000004,0.30000000000000004,False
58,2,CLF_UNION,29,14,79,3,79,2,1,5,10,3,0.30000000000000004,0.30000000000000004,False
59,2,ORD-UNION,22,1,35,3,35,2,1,5,10,3,0.30000000000000004,0.30000000000000004,False
60,3,CARD,20,8,41,5,49,15,4,5,10,3,0.30000000000000004,0.30000000000000004,True
61,3,CLF_UNION,28,3,56,5,56,15,4,5,10,3,0.30000000000000004,0.30000000000000004,True
62,3,ORD-UNION,0,0,0,5,0,15,4,5,10,3,0.30000000000000004,0.30000000000000004,True
63,3,CARD,28,0,37,5,53,3,1,5,10,3,0.30000000000000004,0.30000000000000004,False
64,3,CLF_UNION,31,0,63,5,63,3,1,5,10,3,0.30000000000000004,0.30000000000000004,False
65,3,ORD-UNION,27,0,31,5,31,3,1,5,10,3,0.30000000000000004,0.30000000000000004,False
66,3,CARD,24,2,36,5,54,3,1,5,10,3,0.30000000000000004,0.30000000000000004,True
67,3,CLF_UNION,31,2,62,5,62,3,1,5,10,3,0.30000000000000004,0.30000000000000004,True
68,3,ORD-UNION,22,0,25,5,25,3,1,5,10,3,0.30000000000000004,0.30000000000000004,True
69,3,CARD,24,2,36,5,54,3,1,5,10,3,0.30000000000000004,0.30000000000000004,False
70,3,CLF_UNION,31,2,62,5,62,3,1,5,10,3,0.30000000000000004,0.30000000000000004,False
71,3,ORD-UNION,22,0,25,5,25,3,1,5,10,3,0.30000000000000004,0.30000000000000004,False
72,3,CARD,19,4,37,5,53,3,1,5,10,3,0.30000000000000004,0.30000000000000004,True
73,3,CLF_UNION,27,5,61,5,61,3,1,5,10,3,0.30000000000000004,0.30000000000000004,True
74,3,ORD-UNION,19,1,30,5,30,3,1,5,10,3,0.30000000000000004,0.30000000000000004,True
75,3,CARD,19,4,37,5,53,3,1,5,10,3,0.30000000000000004,0.30000000000000004,False
76,3,CLF_UNION,27,5,61,5,61,3,1,5,10,3,0.30000000000000004,0.30000000000000004,False
77,3,ORD-UNION,19,1,30,5,30,3,1,5,10,3,0.30000000000000004,0.30000000000000004,False
78,3,CARD,23,2,36,5,54,3,1,5,10,3,0.30000000000000004,0.30000000000000004,True
79,3,CLF_UNION,31,4,65,5,65,3,1,5,10,3,0.30000000000000004,0.30000000000000004,True
80,3,ORD-UNION,22,0,28,5,28,3,1,5,10,3,0.30000000000000004,0.30000000000000004,True
81,3,CARD,23,2,36,5,54,3,1,5,10,3,0.30000000000000004,0.30000000000000004,False
82,3,CLF_UNION,31,4,65,5,65,3,1,5,10,3,0.30000000000000004,0.30000000000000004,False
83,3,ORD-UNION,22,0,28,5,28,3,1,5,10,3,0.30000000000000004,0.30000000000000004,False
84,3,CARD,20,1,33,5,57,3,1,5,10,3,0.30000000000000004,0.30000000000000004,True
85,3,CLF_UNION,28,3,65,5,65,3,1,5,10,3,0.30000000000000004,0.30000000000000004,True
86,3,ORD-UNION,20,0,28,5,28,3,1,5,10,3,0.30000000000000004,0.30000000000000004,True
87,3,CARD,20,1,33,5,57,3,1,5,10,3,0.30000000000000004,0.30000000000000004,False
88,3,CLF_UNION,28,3,65,5,65,3,1,5,10,3,0.30000000000000004,0.30000000000000004,False
89,3,ORD-UNION,20,0,28,5,28,3,1,5,10,3,0.30000000000000004,0.30000000000000004,False
90,4,CARD,22,1,39,7,51,15,4,5,10,3,0.30000000000000004,0.30000000000000004,True
91,4,CLF_UNION,25,0,56,7,56,15,4,5,10,3,0.30000000000000004,0.30000000000000004,True
92,4,ORD-UNION,0,0,0,7,0,15,4,5,10,3,0.30000000000000004,0.30000000000000004,True
93,4,CARD,15,3,33,7,57,4,1,5,10,3,0.30000000000000004,0.30000000000000004,False
94,4,CLF_UNION,21,6,59,7,59,4,1,5,10,3,0.30000000000000004,0.30000000000000004,False
95,4,ORD-UNION,9,1,16,7,16,4,1,5,10,3,0.30000000000000004,0.30000000000000004,False
96,4,CARD,21,5,36,7,54,4,1,5,10,3,0.30000000000000004,0.30000000000000004,True
97,4,CLF_UNION,26,7,58,7,58,4,1,5,10,3,0.30000000000000004,0.30000000000000004,True
98,4,ORD-UNION,11,3,18,7,18,4,1,5,10,3,0.30000000000000004,0.30000000000000004,True
99,4,CARD,21,5,36,7,54,4,1,5,10,3,0.30000000000000004,0.30000000000000004,False
100,4,CLF_UNION,26,7,58,7,58,4,1,5,10,3,0.30000000000000004,0.30000000000000004,False
101,4,ORD-UNION,11,3,18,7,18,4,1,5,10,3,0.30000000000000004,0.30000000000000004,False
102,4,CARD,18,1,37,7,53,4,1,5,10,3,0.30000000000000004,0.30000000000000004,True
103,4,CLF_UNION,23,4,64,7,64,4,1,5,10,3,0.30000000000000004,0.30000000000000004,True
104,4,ORD-UNION,11,0,18,7,18,4,1,5,10,3,0.30000000000000004,0.30000000000000004,True
105,4,CARD,18,1,37,7,53,4,1,5,10,3,0.30000000000000004,0.30000000000000004,False
106,4,CLF_UNION,23,4,64,7,64,4,1,5,10,3,0.30000000000000004,0.30000000000000004,False
107,4,ORD-UNION,11,0,18,7,18,4,1,5,10,3,0.30000000000000004,0.30000000000000004,False
108,4,CARD,16,4,37,7,53,4,1,5,10,3,0.30000000000000004,0.30000000000000004,True
109,4,CLF_UNION,21,4,57,7,57,4,1,5,10,3,0.30000000000000004,0.30000000000000004,True
110,4,ORD-UNION,12,0,20,7,20,4,1,5,10,3,0.30000000000000004,0.30000000000000004,True
111,4,CARD,16,4,37,7,53,4,1,5,10,3,0.30000000000000004,0.30000000000000004,False
112,4,CLF_UNION,21,4,57,7,57,4,1,5,10,3,0.30000000000000004,0.30000000000000004,False
113,4,ORD-UNION,12,0,20,7,20,4,1,5,10,3,0.30000000000000004,0.30000000000000004,False
114,4,CARD,20,4,34,7,55,4,1,5,10,3,0.30000000000000004,0.30000000000000004,True
115,4,CLF_UNION,26,6,57,7,58,4,1,5,10,3,0.30000000000000004,0.30000000000000004,True
116,4,ORD-UNION,12,0,14,7,15,4,1,5,10,3,0.30000000000000004,0.30000000000000004,True
117,4,CARD,20,4,34,7,55,4,1,5,10,3,0.30000000000000004,0.30000000000000004,False
118,4,CLF_UNION,26,6,57,7,58,4,1,5,10,3,0.30000000000000004,0.30000000000000004,False
119,4,ORD-UNION,12,0,14,7,15,4,1,5,10,3,0.30000000000000004,0.30000000000000004,False
120,5,CARD,22,2,38,9,52,15,4,5,10,3,0.30000000000000004,0.30000000000000004,True
121,5,CLF_UNION,28,2,56,9,56,15,4,5,10,3,0.30000000000000004,0.30000000000000004,True
122,5,ORD-UNION,0,0,0,9,0,15,4,5,10,3,0.30000000000000004,0.30000000000000004,True
123,5,CARD,26,2,38,9,52,3,1,5,10,3,0.30000000000000004,0.30000000000000004,False
124,5,CLF_UNION,28,7,68,9,68,3,1,5,10,3,0.30000000000000004,0.30000000000000004,False
125,5,ORD-UNION,22,1,29,9,29,3,1,5,10,3,0.30000000000000004,0.30000000000000004,False
126,5,CARD,14,5,38,9,52,3,1,5,10,3,0.30000000000000004,0.30000000000000004,True
127,5,CLF_UNION,20,4,70,9,70,3,1,5,10,3,0.30000000000000004,0.30000000000000004,True
128,5,ORD-UNION,13,1,28,9,28,3,1,5,10,3,0.30000000000000004,0.30000000000000004,True
129,5,CARD,14,5,38,9,52,3,1,5,10,3,0.30000000000000004,0.30000000000000004,False
130,5,CLF_UNION,20,4,70,9,70,3,1,5,10,3,0.30000000000000004,0.30000000000000004,False
131,5,ORD-UNION,13,1,28,9,28,3,1,5,10,3,0.30000000000000004,0.30000000000000004,False
132,5,CARD,24,3,41,9,49,3,1,5,10,3,0.30000000000000004,0.30000000000000004,True
133,5,CLF_UNION,27,7,65,9,65,3,1,5,10,3,0.30000000000000004,0.30000000000000004,True
134,5,ORD-UNION,21,1,29,9,29,3,1,5,10,3,0.30000000000000004,0.30000000000000004,True
135,5,CARD,24,3,41,9,49,3,1,5,10,3,0.30000000000000004,0.30000000000000004,False
136,5,CLF_UNION,27,7,65,9,65,3,1,5,10,3,0.30000000000000004,0.30000000000000004,False
137,5,ORD-UNION,21,1,29,9,29,3,1,5,10,3,0.30000000000000004,0.30000000000000004,False
138,5,CARD,27,0,37,9,53,3,1,5,10,3,0.30000000000000004,0.30000000000000004,True
139,5,CLF_UNION,31,4,65,9,65,3,1,5,10,3,0.30000000000000004,0.30000000000000004,True
140,5,ORD-UNION,27,0,37,9,37,3,1,5,10,3,0.30000000000000004,0.30000000000000004,True
141,5,CARD,27,0,37,9,53,3,1,5,10,3,0.30000000000000004,0.30000000000000004,False
142,5,CLF_UNION,31,4,65,9,65,3,1,5,10,3,0.30000000000000004,0.30000000000000004,False
143,5,ORD-UNION,27,0,37,9,37,3,1,5,10,3,0.30000000000000004,0.30000000000000004,False
144,5,CARD,12,4,38,9,52,3,1,5,10,3,0.30000000000000004,0.30000000000000004,True
145,5,CLF_UNION,16,2,71,9,71,3,1,5,10,3,0.30000000000000004,0.30000000000000004,True
146,5,ORD-UNION,12,1,29,9,29,3,1,5,10,3,0.30000000000000004,0.30000000000000004,True
147,5,CARD,12,4,38,9,52,3,1,5,10,3,0.30000000000000004,0.30000000000000004,False
148,5,CLF_UNION,16,2,71,9,71,3,1,5,10,3,0.30000000000000004,0.30000000000000004,False
149,5,ORD-UNION,12,1,29,9,29,3,1,5,10,3,0.30000000000000004,0.30000000000000004,False
150,6,CARD,24,3,41,11,49,15,4,5,10,3,0.30000000000000004,0.30000000000000004,True
151,6,CLF_UNION,28,1,55,11,55,15,4,5,10,3,0.30000000000000004,0.30000000000000004,True
152,6,ORD-UNION,1,0,1,11,1,15,4,5,10,3,0.30000000000000004,0.30000000000000004,True
153,6,CARD,26,3,40,11,50,3,1,5,10,3,0.30000000000000004,0.30000000000000004,False
154,6,CLF_UNION,29,0,68,11,68,3,1,5,10,3,0.30000000000000004,0.30000000000000004,False
155,6,ORD-UNION,26,0,36,11,36,3,1,5,10,3,0.30000000000000004,0.30000000000000004,False
156,6,CARD,23,2,34,11,56,3,1,5,10,3,0.30000000000000004,0.30000000000000004,True
157,6,CLF_UNION,31,8,71,11,71,3,1,5,10,3,0.30000000000000004,0.30000000000000004,True
158,6,ORD-UNION,22,1,30,11,30,3,1,5,10,3,0.30000000000000004,0.30000000000000004,True
159,6,CARD,23,2,34,11,56,3,1,5,10,3,0.30000000000000004,0.30000000000000004,False
160,6,CLF_UNION,31,8,71,11,71,3,1,5,10,3,0.30000000000000004,0.30000000000000004,False
161,6,ORD-UNION,22,1,30,11,30,3,1,5,10,3,0.30000000000000004,0.30000000000000004,False
162,6,CARD,20,4,38,11,50,3,1,5,10,3,0.30000000000000004,0.30000000000000004,True
163,6,CLF_UNION,24,11,66,11,68,3,1,5,10,3,0.30000000000000004,0.30000000000000004,True
164,6,ORD-UNION,18,3,32,11,34,3,1,5,10,3,0.30000000000000004,0.30000000000000004,True
165,6,CARD,20,4,38,11,50,3,1,5,10,3,0.30000000000000004,0.30000000000000004,False
166,6,CLF_UNION,24,11,66,11,68,3,1,5,10,3,0.30000000000000004,0.30000000000000004,False
167,6,ORD-UNION,18,3,32,11,34,3,1,5,10,3,0.30000000000000004,0.30000000000000004,False
168,6,CARD,12,12,37,11,53,3,1,5,10,3,0.30000000000000004,0.30000000000000004,True
169,6,CLF_UNION,27,9,73,11,73,3,1,5,10,3,0.30000000000000004,0.30000000000000004,True
170,6,ORD-UNION,12,3,25,11,25,3,1,5,10,3,0.30000000000000004,0.30000000000000004,True
171,6,CARD,12,12,37,11,53,3,1,5,10,3,0.30000000000000004,0.30000000000000004,False
172,6,CLF_UNION,27,9,73,11,73,3,1,5,10,3,0.30000000000000004,0.30000000000000004,False
173,6,ORD-UNION,12,3,25,11,25,3,1,5,10,3,0.30000000000000004,0.30000000000000004,False
174,6,CARD,16,4,39,11,50,3,1,5,10,3,0.30000000000000004,0.30000000000000004,True
175,6,CLF_UNION,22,7,67,11,68,3,1,5,10,3,0.30000000000000004,0.30000000000000004,True
176,6,ORD-UNION,15,1,31,11,32,3,1,5,10,3,0.30000000000000004,0.30000000000000004,True
177,6,CARD,16,4,39,11,50,3,1,5,10,3,0.30000000000000004,0.30000000000000004,False
178,6,CLF_UNION,22,7,67,11,68,3,1,5,10,3,0.30000000000000004,0.30000000000000004,False
179,6,ORD-UNION,15,1,31,11,32,3,1,5,10,3,0.30000000000000004,0.30000000000000004,False
180,7,CARD,20,1,29,17,61,15,4,5,10,3,0.30000000000000004,0.30000000000000004,True
181,7,CLF_UNION,27,0,55,17,55,15,4,5,10,3,0.30000000000000004,0.30000000000000004,True
182,7,ORD-UNION,1,0,1,17,1,15,4,5,10,3,0.30000000000000004,0.30000000000000004,True
183,7,CARD,23,2,39,17,51,3,1,5,10,3,0.30000000000000004,0.30000000000000004,False
184,7,CLF_UNION,24,4,59,17,59,3,1,5,10,3,0.30000000000000004,0.30000000000000004,False
185,7,ORD-UNION,23,2,39,17,39,3,1,5,10,3,0.30000000000000004,0.30000000000000004,False
186,7,CARD,27,3,38,17,52,3,1,5,10,3,0.30000000000000004,0.30000000000000004,True
187,7,CLF_UNION,32,2,62,17,62,3,1,5,10,3,0.30000000000000004,0.30000000000000004,True
188,7,ORD-UNION,27,0,35,17,35,3,1,5,10,3,0.30000000000000004,0.30000000000000004,True
189,7,CARD,27,3,38,17,52,3,1,5,10,3,0.30000000000000004,0.30000000000000004,False
190,7,CLF_UNION,32,2,62,17,62,3,1,5,10,3,0.30000000000000004,0.30000000000000004,False
191,7,ORD-UNION,27,0,35,17,35,3,1,5,10,3,0.30000000000000004,0.30000000000000004,False
192,7,CARD,15,2,30,17,58,3,1,5,10,3,0.30000000000000004,0.30000000000000004,True
193,7,CLF_UNION,17,3,58,17,60,3,1,5,10,3,0.30000000000000004,0.30000000000000004,True
194,7,ORD-UNION,15,2,30,17,32,3,1,5,10,3,0.30000000000000004,0.30000000000000004,True
195,7,CARD,15,2,30,17,58,3,1,5,10,3,0.30000000000000004,0.30000000000000004,False
196,7,CLF_UNION,17,3,58,17,60,3,1,5,10,3,0.30000000000000004,0.30000000000000004,False
197,7,ORD-UNION,15,2,30,17,32,3,1,5,10,3,0.30000000000000004,0.30000000000000004,False
198,7,CARD,24,0,35,17,53,3,1,5,10,3,0.30000000000000004,0.30000000000000004,True
199,7,CLF_UNION,26,3,57,17,59,3,1,5,10,3,0.30000000000000004,0.30000000000000004,True
200,7,ORD-UNION,24,0,35,17,37,3,1,5,10,3,0.30000000000000004,0.30000000000000004,True
201,7,CARD,24,0,35,17,53,3,1,5,10,3,0.30000000000000004,0.30000000000000004,False
202,7,CLF_UNION,26,3,57,17,59,3,1,5,10,3,0.30000000000000004,0.30000000000000004,False
203,7,ORD-UNION,24,0,35,17,37,3,1,5,10,3,0.30000000000000004,0.30000000000000004,False
204,7,CARD,13,4,33,17,56,3,1,5,10,3,0.30000000000000004,0.30000000000000004,True
205,7,CLF_UNION,16,9,58,17,59,3,1,5,10,3,0.30000000000000004,0.30000000000000004,True
206,7,ORD-UNION,13,3,32,17,33,3,1,5,10,3,0.30000000000000004,0.30000000000000004,True
207,7,CARD,13,4,33,17,56,3,1,5,10,3,0.30000000000000004,0.30000000000000004,False
208,7,CLF_UNION,16,9,58,17,59,3,1,5,10,3,0.30000000000000004,0.30000000000000004,False
209,7,ORD-UNION,13,3,32,17,33,3,1,5,10,3,0.30000000000000004,0.30000000000000004,False
210,8,CARD,17,3,38,25,48,15,4,5,10,3,0.30000000000000004,0.30000000000000004,True
211,8,CLF_UNION,20,1,52,25,56,15,4,5,10,3,0.30000000000000004,0.30000000000000004,True
212,8,ORD-UNION,0,0,0,25,4,15,4,5,10,3,0.30000000000000004,0.30000000000000004,True
213,8,CARD,19,0,31,25,55,3,1,5,10,3,0.30000000000000004,0.30000000000000004,False
214,8,CLF_UNION,21,2,57,25,61,3,1,5,10,3,0.30000000000000004,0.30000000000000004,False
215,8,ORD-UNION,19,0,31,25,35,3,1,5,10,3,0.30000000000000004,0.30000000000000004,False
216,8,CARD,21,1,36,25,52,3,1,5,10,3,0.30000000000000004,0.30000000000000004,True
217,8,CLF_UNION,22,0,56,25,58,3,1,5,10,3,0.30000000000000004,0.30000000000000004,True
218,8,ORD-UNION,21,0,35,25,37,3,1,5,10,3,0.30000000000000004,0.30000000000000004,True
219,8,CARD,21,1,36,25,52,3,1,5,10,3,0.30000000000000004,0.30000000000000004,False
220,8,CLF_UNION,22,0,56,25,58,3,1,5,10,3,0.30000000000000004,0.30000000000000004,False
221,8,ORD-UNION,21,0,35,25,37,3,1,5,10,3,0.30000000000000004,0.30000000000000004,False
222,8,CARD,22,0,31,25,56,3,1,5,10,3,0.30000000000000004,0.30000000000000004,True
223,8,CLF_UNION,26,4,63,25,66,3,1,5,10,3,0.30000000000000004,0.30000000000000004,True
224,8,ORD-UNION,22,0,31,25,34,3,1,5,10,3,0.30000000000000004,0.30000000000000004,True
225,8,CARD,22,0,31,25,56,3,1,5,10,3,0.30000000000000004,0.30000000000000004,False
226,8,CLF_UNION,26,4,63,25,66,3,1,5,10,3,0.30000000000000004,0.30000000000000004,False
227,8,ORD-UNION,22,0,31,25,34,3,1,5,10,3,0.30000000000000004,0.30000000000000004,False
228,8,CARD,23,3,40,25,50,3,1,5,10,3,0.30000000000000004,0.30000000000000004,True
229,8,CLF_UNION,26,2,58,25,58,3,1,5,10,3,0.30000000000000004,0.30000000000000004,True
230,8,ORD-UNION,23,1,38,25,38,3,1,5,10,3,0.30000000000000004,0.30000000000000004,True
231,8,CARD,23,3,40,25,50,3,1,5,10,3,0.30000000000000004,0.30000000000000004,False
232,8,CLF_UNION,26,2,58,25,58,3,1,5,10,3,0.30000000000000004,0.30000000000000004,False
233,8,ORD-UNION,23,1,38,25,38,3,1,5,10,3,0.30000000000000004,0.30000000000000004,False
234,8,CARD,21,2,38,25,50,3,1,5,10,3,0.30000000000000004,0.30000000000000004,True
235,8,CLF_UNION,23,4,57,25,59,3,1,5,10,3,0.30000000000000004,0.30000000000000004,True
236,8,ORD-UNION,21,2,37,25,39,3,1,5,10,3,0.30000000000000004,0.30000000000000004,True
237,8,CARD,21,2,38,25,50,3,1,5,10,3,0.30000000000000004,0.30000000000000004,False
238,8,CLF_UNION,23,4,57,25,59,3,1,5,10,3,0.30000000000000004,0.30000000000000004,False
239,8,ORD-UNION,21,2,37,25,39,3,1,5,10,3,0.30000000000000004,0.30000000000000004,False
240,9,CARD,22,0,39,29,51,15,4,5,10,3,0.30000000000000004,0.30000000000000004,True
241,9,CLF_UNION,20,4,55,29,55,15,4,5,10,3,0.30000000000000004,0.30000000000000004,True
242,9,ORD-UNION,0,0,0,29,0,15,4,5,10,3,0.30000000000000004,0.30000000000000004,True
243,9,CARD,15,7,41,29,49,3,1,5,10,3,0.30000000000000004,0.30000000000000004,False
244,9,CLF_UNION,17,9,58,29,58,3,1,5,10,3,0.30000000000000004,0.30000000000000004,False
245,9,ORD-UNION,15,7,41,29,41,3,1,5,10,3,0.30000000000000004,0.30000000000000004,False
246,9,CARD,15,3,36,29,54,3,1,5,10,3,0.30000000000000004,0.30000000000000004,True
247,9,CLF_UNION,19,8,63,29,63,3,1,5,10,3,0.30000000000000004,0.30000000000000004,True
248,9,ORD-UNION,15,3,36,29,36,3,1,5,10,3,0.30000000000000004,0.30000000000000004,True
249,9,CARD,15,3,36,29,54,3,1,5,10,3,0.30000000000000004,0.30000000000000004,False
250,9,CLF_UNION,19,8,63,29,63,3,1,5,10,3,0.30000000000000004,0.30000000000000004,False
251,9,ORD-UNION,15,3,36,29,36,3,1,5,10,3,0.30000000000000004,0.30000000000000004,False
252,9,CARD,17,6,36,29,49,3,1,5,10,3,0.30000000000000004,0.30000000000000004,True
253,9,CLF_UNION,20,9,54,29,59,3,1,5,10,3,0.30000000000000004,0.30000000000000004,True
254,9,ORD-UNION,17,6,36,29,41,3,1,5,10,3,0.30000000000000004,0.30000000000000004,True
255,9,CARD,17,6,36,29,49,3,1,5,10,3,0.30000000000000004,0.30000000000000004,False
256,9,CLF_UNION,20,9,54,29,59,3,1,5,10,3,0.30000000000000004,0.30000000000000004,False
257,9,ORD-UNION,17,6,36,29,41,3,1,5,10,3,0.30000000000000004,0.30000000000000004,False
258,9,CARD,15,4,35,29,54,3,1,5,10,3,0.30000000000000004,0.30000000000000004,True
259,9,CLF_UNION,21,11,61,29,62,3,1,5,10,3,0.30000000000000004,0.30000000000000004,True
260,9,ORD-UNION,15,4,35,29,36,3,1,5,10,3,0.30000000000000004,0.30000000000000004,True
261,9,CARD,15,4,35,29,54,3,1,5,10,3,0.30000000000000004,0.30000000000000004,False
262,9,CLF_UNION,21,11,61,29,62,3,1,5,10,3,0.30000000000000004,0.30000000000000004,False
263,9,ORD-UNION,15,4,35,29,36,3,1,5,10,3,0.30000000000000004,0.30000000000000004,False
264,9,CARD,22,2,36,29,52,3,1,5,10,3,0.30000000000000004,0.30000000000000004,True
265,9,CLF_UNION,25,7,58,29,60,3,1,5,10,3,0.30000000000000004,0.30000000000000004,True
266,9,ORD-UNION,22,2,36,29,38,3,1,5,10,3,0.30000000000000004,0.30000000000000004,True
267,9,CARD,22,2,36,29,52,3,1,5,10,3,0.30000000000000004,0.30000000000000004,False
268,9,CLF_UNION,25,7,58,29,60,3,1,5,10,3,0.30000000000000004,0.30000000000000004,False
269,9,ORD-UNION,22,2,36,29,38,3,1,5,10,3,0.30000000000000004,0.30000000000000004,False
270,10,CARD,27,0,39,33,49,15,4,5,10,3,0.30000000000000004,0.30000000000000004,True
271,10,CLF_UNION,27,0,54,33,56,15,4,5,10,3,0.30000000000000004,0.30000000000000004,True
272,10,ORD-UNION,1,0,1,33,3,15,4,5,10,3,0.30000000000000004,0.30000000000000004,True
273,10,CARD,26,0,39,33,49,4,1,5,10,3,0.30000000000000004,0.30000000000000004,False
274,10,CLF_UNION,21,7,55,33,57,4,1,5,10,3,0.30000000000000004,0.30000000000000004,False
275,10,ORD-UNION,15,0,24,33,26,4,1,5,10,3,0.30000000000000004,0.30000000000000004,False
276,10,CARD,20,3,40,33,48,4,1,5,10,3,0.30000000000000004,0.30000000000000004,True
277,10,CLF_UNION,21,5,55,33,57,4,1,5,10,3,0.30000000000000004,0.30000000000000004,True
278,10,ORD-UNION,15,1,24,33,26,4,1,5,10,3,0.30000000000000004,0.30000000000000004,True
279,10,CARD,20,3,40,33,48,4,1,5,10,3,0.30000000000000004,0.30000000000000004,False
280,10,CLF_UNION,21,5,55,33,57,4,1,5,10,3,0.30000000000000004,0.30000000000000004,False
281,10,ORD-UNION,15,1,24,33,26,4,1,5,10,3,0.30000000000000004,0.30000000000000004,False
282,10,CARD,12,2,28,33,48,4,1,5,10,3,0.30000000000000004,0.30000000000000004,True
283,10,CLF_UNION,15,0,42,33,56,4,1,5,10,3,0.30000000000000004,0.30000000000000004,True
284,10,ORD-UNION,11,0,17,33,31,4,1,5,10,3,0.30000000000000004,0.30000000000000004,True
285,10,CARD,12,2,28,33,48,4,1,5,10,3,0.30000000000000004,0.30000000000000004,False
286,10,CLF_UNION,15,0,42,33,56,4,1,5,10,3,0.30000000000000004,0.30000000000000004,False
287,10,ORD-UNION,11,0,17,33,31,4,1,5,10,3,0.30000000000000004,0.30000000000000004,False
288,10,CARD,20,3,38,33,48,4,1,5,10,3,0.30000000000000004,0.30000000000000004,True
289,10,CLF_UNION,23,2,51,33,55,4,1,5,10,3,0.30000000000000004,0.30000000000000004,True
290,10,ORD-UNION,16,1,24,33,28,4,1,5,10,3,0.30000000000000004,0.30000000000000004,True
291,10,CARD,20,3,38,33,48,4,1,5,10,3,0.30000000000000004,0.30000000000000004,False
292,10,CLF_UNION,23,2,51,33,55,4,1,5,10,3,0.30000000000000004,0.30000000000000004,False
293,10,ORD-UNION,16,1,24,33,28,4,1,5,10,3,0.30000000000000004,0.30000000000000004,False
294,10,CARD,21,4,41,33,47,4,1,5,10,3,0.30000000000000004,0.30000000000000004,True
295,10,CLF_UNION,21,7,55,33,57,4,1,5,10,3,0.30000000000000004,0.30000000000000004,True
296,10,ORD-UNION,18,4,36,33,38,4,1,5,10,3,0.30000000000000004,0.30000000000000004,True
297,10,CARD,21,4,41,33,47,4,1,5,10,3,0.30000000000000004,0.30000000000000004,False
298,10,CLF_UNION,21,7,55,33,57,4,1,5,10,3,0.30000000000000004,0.30000000000000004,False
299,10,ORD-UNION,18,4,36,33,38,4,1,5,10,3,0.30000000000000004,0.30000000000000004,False
300,11,CARD,19,1,30,42,54,15,4,5,10,3,0.30000000000000004,0.30000000000000004,True
301,11,CLF_UNION,23,0,51,42,57,15,4,5,10,3,0.30000000000000004,0.30000000000000004,True
302,11,ORD-UNION,2,0,3,42,9,15,4,5,10,3,0.30000000000000004,0.30000000000000004,True
303,11,CARD,23,0,36,42,48,4,1,5,10,3,0.30000000000000004,0.30000000000000004,False
304,11,CLF_UNION,23,0,52,42,58,4,1,5,10,3,0.30000000000000004,0.30000000000000004,False
305,11,ORD-UNION,21,0,27,42,33,4,1,5,10,3,0.30000000000000004,0.30000000000000004,False
306,11,CARD,17,0,26,42,52,4,1,5,10,3,0.30000000000000004,0.30000000000000004,True
307,11,CLF_UNION,17,0,50,42,62,4,1,5,10,3,0.30000000000000004,0.30000000000000004,True
308,11,ORD-UNION,16,0,19,42,31,4,1,5,10,3,0.30000000000000004,0.30000000000000004,True
309,11,CARD,17,0,26,42,52,4,1,5,10,3,0.30000000000000004,0.30000000000000004,False
310,11,CLF_UNION,17,0,50,42,62,4,1,5,10,3,0.30000000000000004,0.30000000000000004,False
311,11,ORD-UNION,16,0,19,42,31,4,1,5,10,3,0.30000000000000004,0.30000000000000004,False
312,11,CARD,27,0,39,42,48,4,1,5,10,3,0.30000000000000004,0.30000000000000004,True
313,11,CLF_UNION,29,2,55,42,58,4,1,5,10,3,0.30000000000000004,0.30000000000000004,True
314,11,ORD-UNION,26,0,37,42,40,4,1,5,10,3,0.30000000000000004,0.30000000000000004,True
315,11,CARD,27,0,39,42,48,4,1,5,10,3,0.30000000000000004,0.30000000000000004,False
316,11,CLF_UNION,29,2,55,42,58,4,1,5,10,3,0.30000000000000004,0.30000000000000004,False
317,11,ORD-UNION,26,0,37,42,40,4,1,5,10,3,0.30000000000000004,0.30000000000000004,False
318,11,CARD,17,2,36,42,47,4,1,5,10,3,0.30000000000000004,0.30000000000000004,True
319,11,CLF_UNION,18,3,50,42,57,4,1,5,10,3,0.30000000000000004,0.30000000000000004,True
320,11,ORD-UNION,15,0,24,42,31,4,1,5,10,3,0.30000000000000004,0.30000000000000004,True
321,11,CARD,17,2,36,42,47,4,1,5,10,3,0.30000000000000004,0.30000000000000004,False
322,11,CLF_UNION,18,3,50,42,57,4,1,5,10,3,0.30000000000000004,0.30000000000000004,False
323,11,ORD-UNION,15,0,24,42,31,4,1,5,10,3,0.30000000000000004,0.30000000000000004,False
324,11,CARD,13,5,37,42,49,4,1,5,10,3,0.30000000000000004,0.30000000000000004,True
325,11,CLF_UNION,16,6,55,42,59,4,1,5,10,3,0.30000000000000004,0.30000000000000004,True
326,11,ORD-UNION,11,2,24,42,28,4,1,5,10,3,0.30000000000000004,0.30000000000000004,True
327,11,CARD,13,5,37,42,49,4,1,5,10,3,0.30000000000000004,0.30000000000000004,False
328,11,CLF_UNION,16,6,55,42,59,4,1,5,10,3,0.30000000000000004,0.30000000000000004,False
329,11,ORD-UNION,11,2,24,42,28,4,1,5,10,3,0.30000000000000004,0.30000000000000004,False
330,12,CARD,23,0,35,47,52,15,4,5,10,3,0.30000000000000004,0.30000000000000004,True
331,12,CLF_UNION,26,0,52,47,55,15,4,5,10,3,0.30000000000000004,0.30000000000000004,True
332,12,ORD-UNION,1,0,2,47,5,15,4,5,10,3,0.30000000000000004,0.30000000000000004,True
333,12,CARD,22,1,36,47,51,4,1,5,10,3,0.30000000000000004,0.30000000000000004,False
334,12,CLF_UNION,25,2,54,47,57,4,1,5,10,3,0.30000000000000004,0.30000000000000004,False
335,12,ORD-UNION,21,0,30,47,33,4,1,5,10,3,0.30000000000000004,0.30000000000000004,False
336,12,CARD,17,2,37,47,49,4,1,5,10,3,0.30000000000000004,0.30000000000000004,True
337,12,CLF_UNION,20,2,53,47,57,4,1,5,10,3,0.30000000000000004,0.30000000000000004,True
338,12,ORD-UNION,15,0,26,47,30,4,1,5,10,3,0.30000000000000004,0.30000000000000004,True
339,12,CARD,17,2,37,47,49,4,1,5,10,3,0.30000000000000004,0.30000000000000004,False
340,12,CLF_UNION,20,2,53,47,57,4,1,5,10,3,0.30000000000000004,0.30000000000000004,False
341,12,ORD-UNION,15,0,26,47,30,4,1,5,10,3,0.30000000000000004,0.30000000000000004,False
342,12,CARD,22,2,38,47,47,4,1,5,10,3,0.30000000000000004,0.30000000000000004,True
343,12,CLF_UNION,23,1,51,47,56,4,1,5,10,3,0.30000000000000004,0.30000000000000004,True
344,12,ORD-UNION,21,0,31,47,36,4,1,5,10,3,0.30000000000000004,0.30000000000000004,True
345,12,CARD,22,2,38,47,47,4,1,5,10,3,0.30000000000000004,0.30000000000000004,False
346,12,CLF_UNION,23,1,51,47,56,4,1,5,10,3,0.30000000000000004,0.30000000000000004,False
347,12,ORD-UNION,21,0,31,47,36,4,1,5,10,3,0.30000000000000004,0.30000000000000004,False
348,12,CARD,18,4,40,47,47,4,1,5,10,3,0.30000000000000004,0.30000000000000004,True
349,12,CLF_UNION,20,2,54,47,57,4,1,5,10,3,0.30000000000000004,0.30000000000000004,True
350,12,ORD-UNION,17,0,27,47,30,4,1,5,10,3,0.30000000000000004,0.30000000000000004,True
351,12,CARD,18,4,40,47,47,4,1,5,10,3,0.30000000000000004,0.30000000000000004,False
352,12,CLF_UNION,20,2,54,47,57,4,1,5,10,3,0.30000000000000004,0.30000000000000004,False
353,12,ORD-UNION,17,0,27,47,30,4,1,5,10,3,0.30000000000000004,0.30000000000000004,False
354,12,CARD,23,3,39,47,46,4,1,5,10,3,0.30000000000000004,0.30000000000000004,True
355,12,CLF_UNION,24,4,51,47,56,4,1,5,10,3,0.30000000000000004,0.30000000000000004,True
356,12,ORD-UNION,21,1,31,47,36,4,1,5,10,3,0.30000000000000004,0.30000000000000004,True
357,12,CARD,23,3,39,47,46,4,1,5,10,3,0.30000000000000004,0.30000000000000004,False
358,12,CLF_UNION,24,4,51,47,56,4,1,5,10,3,0.30000000000000004,0.30000000000000004,False
359,12,ORD-UNION,21,1,31,47,36,4,1,5,10,3,0.30000000000000004,0.30000000000000004,False
360,13,CARD,27,0,41,57,49,15,4,5,10,3,0.30000000000000004,0.30000000000000004,True
361,13,CLF_UNION,26,1,55,57,55,15,4,5,10,3,0.30000000000000004,0.30000000000000004,True
362,13,ORD-UNION,1,0,1,57,1,15,4,5,10,3,0.30000000000000004,0.30000000000000004,True
363,13,CARD,26,0,40,57,50,5,1,5,10,3,0.30000000000000004,0.30000000000000004,False
364,13,CLF_UNION,26,2,58,57,58,5,1,5,10,3,0.30000000000000004,0.30000000000000004,False
365,13,ORD-UNION,20,0,28,57,28,5,1,5,10,3,0.30000000000000004,0.30000000000000004,False
366,13,CARD,14,0,30,57,46,5,1,5,10,3,0.30000000000000004,0.30000000000000004,True
367,13,CLF_UNION,15,0,41,57,55,5,1,5,10,3,0.30000000000000004,0.30000000000000004,True
368,13,ORD-UNION,12,0,19,57,33,5,1,5,10,3,0.30000000000000004,0.30000000000000004,True
369,13,CARD,14,0,30,57,46,5,1,5,10,3,0.30000000000000004,0.30000000000000004,False
370,13,CLF_UNION,15,0,41,57,55,5,1,5,10,3,0.30000000000000004,0.30000000000000004,False
371,13,ORD-UNION,12,0,19,57,33,5,1,5,10,3,0.30000000000000004,0.30000000000000004,False
372,13,CARD,21,2,37,57,47,5,1,5,10,3,0.30000000000000004,0.30000000000000004,True
373,13,CLF_UNION,22,1,49,57,55,5,1,5,10,3,0.30000000000000004,0.30000000000000004,True
374,13,ORD-UNION,19,0,26,57,32,5,1,5,10,3,0.30000000000000004,0.30000000000000004,True
375,13,CARD,21,2,37,57,47,5,1,5,10,3,0.30000000000000004,0.30000000000000004,False
376,13,CLF_UNION,22,1,49,57,55,5,1,5,10,3,0.30000000000000004,0.30000000000000004,False
377,13,ORD-UNION,19,0,26,57,32,5,1,5,10,3,0.30000000000000004,0.30000000000000004,False
378,13,CARD,18,0,34,57,47,5,1,5,10,3,0.30000000000000004,0.30000000000000004,True
379,13,CLF_UNION,18,0,47,57,56,5,1,5,10,3,0.30000000000000004,0.30000000000000004,True
380,13,ORD-UNION,14,0,20,57,29,5,1,5,10,3,0.30000000000000004,0.30000000000000004,True
381,13,CARD,18,0,34,57,47,5,1,5,10,3,0.30000000000000004,0.30000000000000004,False
382,13,CLF_UNION,18,0,47,57,56,5,1,5,10,3,0.30000000000000004,0.30000000000000004,False
383,13,ORD-UNION,14,0,20,57,29,5,1,5,10,3,0.30000000000000004,0.30000000000000004,False
384,13,CARD,16,0,34,57,49,5,1,5,10,3,0.30000000000000004,0.30000000000000004,True
385,13,CLF_UNION,16,0,51,57,58,5,1,5,10,3,0.30000000000000004,0.30000000000000004,True
386,13,ORD-UNION,14,0,23,57,30,5,1,5,10,3,0.30000000000000004,0.30000000000000004,True
387,13,CARD,16,0,34,57,49,5,1,5,10,3,0.30000000000000004,0.30000000000000004,False
388,13,CLF_UNION,16,0,51,57,58,5,1,5,10,3,0.30000000000000004,0.30000000000000004,False
389,13,ORD-UNION,14,0,23,57,30,5,1,5,10,3,0.30000000000000004,0.30000000000000004,False
390,14,CARD,18,0,27,63,52,15,4,5,10,3,0.30000000000000004,0.30000000000000004,True
391,14,CLF_UNION,20,1,44,63,55,15,4,5,10,3,0.30000000000000004,0.30000000000000004,True
392,14,ORD-UNION,1,0,1,63,12,15,4,5,10,3,0.30000000000000004,0.30000000000000004,True
393,14,CARD,20,1,34,63,45,5,1,5,10,3,0.30000000000000004,0.30000000000000004,False
394,14,CLF_UNION,20,2,46,63,57,5,1,5,10,3,0.30000000000000004,0.30000000000000004,False
395,14,ORD-UNION,16,0,24,63,35,5,1,5,10,3,0.30000000000000004,0.30000000000000004,False
396,14,CARD,18,3,35,63,47,5,1,5,10,3,0.30000000000000004,0.30000000000000004,True
397,14,CLF_UNION,19,2,48,63,56,5,1,5,10,3,0.30000000000000004,0.30000000000000004,True
398,14,ORD-UNION,16,0,22,63,30,5,1,5,10,3,0.30000000000000004,0.30000000000000004,True
399,14,CARD,18,3,35,63,47,5,1,5,10,3,0.30000000000000004,0.30000000000000004,False
400,14,CLF_UNION,19,2,48,63,56,5,1,5,10,3,0.30000000000000004,0.30000000000000004,False
401,14,ORD-UNION,16,0,22,63,30,5,1,5,10,3,0.30000000000000004,0.30000000000000004,False
402,14,CARD,18,0,37,63,48,5,1,5,10,3,0.30000000000000004,0.30000000000000004,True
403,14,CLF_UNION,18,0,52,63,57,5,1,5,10,3,0.30000000000000004,0.30000000000000004,True
404,14,ORD-UNION,15,0,20,63,25,5,1,5,10,3,0.30000000000000004,0.30000000000000004,True
405,14,CARD,18,0,37,63,48,5,1,5,10,3,0.30000000000000004,0.30000000000000004,False
406,14,CLF_UNION,18,0,52,63,57,5,1,5,10,3,0.30000000000000004,0.30000000000000004,False
407,14,ORD-UNION,15,0,20,63,25,5,1,5,10,3,0.30000000000000004,0.30000000000000004,False
408,14,CARD,24,0,45,63,45,5,1,5,10,3,0.30000000000000004,0.30000000000000004,True
409,14,CLF_UNION,24,0,57,63,57,5,1,5,10,3,0.30000000000000004,0.30000000000000004,True
410,14,ORD-UNION,20,0,27,63,27,5,1,5,10,3,0.30000000000000004,0.30000000000000004,True
411,14,CARD,24,0,45,63,45,5,1,5,10,3,0.30000000000000004,0.30000000000000004,False
412,14,CLF_UNION,24,0,57,63,57,5,1,5,10,3,0.30000000000000004,0.30000000000000004,False
413,14,ORD-UNION,20,0,27,63,27,5,1,5,10,3,0.30000000000000004,0.30000000000000004,False
414,14,CARD,16,0,33,63,48,5,1,5,10,3,0.30000000000000004,0.30000000000000004,True
415,14,CLF_UNION,15,1,46,63,55,5,1,5,10,3,0.30000000000000004,0.30000000000000004,True
416,14,ORD-UNION,11,0,21,63,30,5,1,5,10,3,0.30000000000000004,0.30000000000000004,True
417,14,CARD,16,0,33,63,48,5,1,5,10,3,0.30000000000000004,0.30000000000000004,False
418,14,CLF_UNION,15,1,46,63,55,5,1,5,10,3,0.30000000000000004,0.30000000000000004,False
419,14,ORD-UNION,11,0,21,63,30,5,1,5,10,3,0.30000000000000004,0.30000000000000004,False
420,15,CARD,15,4,33,74,52,15,4,5,10,3,0.30000000000000004,0.30000000000000004,True
421,15,CLF_UNION,22,0,50,74,55,15,4,5,10,3,0.30000000000000004,0.30000000000000004,True
422,15,ORD-UNION,2,0,5,74,10,15,4,5,10,3,0.30000000000000004,0.30000000000000004,True
423,15,CARD,22,0,40,74,45,5,1,5,10,3,0.30000000000000004,0.30000000000000004,False
424,15,CLF_UNION,22,2,54,74,59,5,1,5,10,3,0.30000000000000004,0.30000000000000004,False
425,15,ORD-UNION,17,0,29,74,34,5,1,5,10,3,0.30000000000000004,0.30000000000000004,False
426,15,CARD,20,2,37,74,47,5,1,5,10,3,0.30000000000000004,0.30000000000000004,True
427,15,CLF_UNION,22,1,49,74,55,5,1,5,10,3,0.30000000000000004,0.30000000000000004,True
428,15,ORD-UNION,20,1,32,74,38,5,1,5,10,3,0.30000000000000004,0.30000000000000004,True
429,15,CARD,20,2,37,74,47,5,1,5,10,3,0.30000000000000004,0.30000000000000004,False
430,15,CLF_UNION,22,1,49,74,55,5,1,5,10,3,0.30000000000000004,0.30000000000000004,False
431,15,ORD-UNION,20,1,32,74,38,5,1,5,10,3,0.30000000000000004,0.30000000000000004,False
432,15,CARD,15,4,40,74,47,5,1,5,10,3,0.30000000000000004,0.30000000000000004,True
433,15,CLF_UNION,18,2,53,74,56,5,1,5,10,3,0.30000000000000004,0.30000000000000004,True
434,15,ORD-UNION,14,1,27,74,30,5,1,5,10,3,0.30000000000000004,0.30000000000000004,True
435,15,CARD,15,4,40,74,47,5,1,5,10,3,0.30000000000000004,0.30000000000000004,False
436,15,CLF_UNION,18,2,53,74,56,5,1,5,10,3,0.30000000000000004,0.30000000000000004,False
437,15,ORD-UNION,14,1,27,74,30,5,1,5,10,3,0.30000000000000004,0.30000000000000004,False
438,15,CARD,16,4,37,74,47,5,1,5,10,3,0.30000000000000004,0.30000000000000004,True
439,15,CLF_UNION,20,1,50,74,56,5,1,5,10,3,0.30000000000000004,0.30000000000000004,True
440,15,ORD-UNION,16,0,25,74,31,5,1,5,10,3,0.30000000000000004,0.30000000000000004,True
441,15,CARD,16,4,37,74,47,5,1,5,10,3,0.30000000000000004,0.30000000000000004,False
442,15,CLF_UNION,20,1,50,74,56,5,1,5,10,3,0.30000000000000004,0.30000000000000004,False
443,15,ORD-UNION,16,0,25,74,31,5,1,5,10,3,0.30000000000000004,0.30000000000000004,False
444,15,CARD,16,0,34,74,47,5,1,5,10,3,0.30000000000000004,0.30000000000000004,True
445,15,CLF_UNION,16,0,47,74,56,5,1,5,10,3,0.30000000000000004,0.30000000000000004,True
446,15,ORD-UNION,16,0,30,74,39,5,1,5,10,3,0.30000000000000004,0.30000000000000004,True
447,15,CARD,16,0,34,74,47,5,1,5,10,3,0.30000000000000004,0.30000000000000004,False
448,15,CLF_UNION,16,0,47,74,56,5,1,5,10,3,0.30000000000000004,0.30000000000000004,False
449,15,ORD-UNION,16,0,30,74,39,5,1,5,10,3,0.30000000000000004,0.30000000000000004,False
450,16,CARD,6,1,30,81,52,15,4,5,10,3,0.30000000000000004,0.30000000000000004,True
451,16,CLF_UNION,7,1,47,81,55,15,4,5,10,3,0.30000000000000004,0.30000000000000004,True
452,16,ORD-UNION,1,0,1,81,9,15,4,5,10,3,0.30000000000000004,0.30000000000000004,True
453,16,CARD,5,1,33,81,49,5,1,5,10,3,0.30000000000000004,0.30000000000000004,False
454,16,CLF_UNION,7,2,51,81,59,5,1,5,10,3,0.30000000000000004,0.30000000000000004,False
455,16,ORD-UNION,5,0,20,81,28,5,1,5,10,3,0.30000000000000004,0.30000000000000004,False
456,16,CARD,22,1,39,81,46,5,1,5,10,3,0.30000000000000004,0.30000000000000004,True
457,16,CLF_UNION,24,1,51,81,56,5,1,5,10,3,0.30000000000000004,0.30000000000000004,True
458,16,ORD-UNION,21,0,29,81,34,5,1,5,10,3,0.30000000000000004,0.30000000000000004,True
459,16,CARD,22,1,39,81,46,5,1,5,10,3,0.30000000000000004,0.30000000000000004,False
460,16,CLF_UNION,24,1,51,81,56,5,1,5,10,3,0.30000000000000004,0.30000000000000004,False
461,16,ORD-UNION,21,0,29,81,34,5,1,5,10,3,0.30000000000000004,0.30000000000000004,False
462,16,CARD,17,1,33,81,47,5,1,5,10,3,0.30000000000000004,0.30000000000000004,True
463,16,CLF_UNION,18,1,46,81,56,5,1,5,10,3,0.30000000000000004,0.30000000000000004,True
464,16,ORD-UNION,15,0,22,81,32,5,1,5,10,3,0.30000000000000004,0.30000000000000004,True
465,16,CARD,17,1,33,81,47,5,1,5,10,3,0.30000000000000004,0.30000000000000004,False
466,16,CLF_UNION,18,1,46,81,56,5,1,5,10,3,0.30000000000000004,0.30000000000000004,False
467,16,ORD-UNION,15,0,22,81,32,5,1,5,10,3,0.30000000000000004,0.30000000000000004,False
468,16,CARD,20,3,39,81,46,5,1,5,10,3,0.30000000000000004,0.30000000000000004,True
469,16,CLF_UNION,21,2,50,81,55,5,1,5,10,3,0.30000000000000004,0.30000000000000004,True
470,16,ORD-UNION,19,0,29,81,34,5,1,5,10,3,0.30000000000000004,0.30000000000000004,True
471,16,CARD,20,3,39,81,46,5,1,5,10,3,0.30000000000000004,0.30000000000000004,False
472,16,CLF_UNION,21,2,50,81,55,5,1,5,10,3,0.30000000000000004,0.30000000000000004,False
473,16,ORD-UNION,19,0,29,81,34,5,1,5,10,3,0.30000000000000004,0.30000000000000004,False
474,16,CARD,15,0,33,81,47,5,1,5,10,3,0.30000000000000004,0.30000000000000004,True
475,16,CLF_UNION,15,0,46,81,56,5,1,5,10,3,0.30000000000000004,0.30000000000000004,True
476,16,ORD-UNION,13,0,27,81,37,5,1,5,10,3,0.30000000000000004,0.30000000000000004,True
477,16,CARD,15,0,33,81,47,5,1,5,10,3,0.30000000000000004,0.30000000000000004,False
478,16,CLF_UNION,15,0,46,81,56,5,1,5,10,3,0.30000000000000004,0.30000000000000004,False
479,16,ORD-UNION,13,0,27,81,37,5,1,5,10,3,0.30000000000000004,0.30000000000000004,False
480,17,CARD,18,2,34,93,50,15,4,5,10,3,0.30000000000000004,0.30000000000000004,True
481,17,CLF_UNION,21,0,49,93,55,15,4,5,10,3,0.30000000000000004,0.30000000000000004,True
482,17,ORD-UNION,0,0,0,93,6,15,4,5,10,3,0.30000000000000004,0.30000000000000004,True
483,17,CARD,16,4,37,93,47,5,1,5,10,3,0.30000000000000004,0.30000000000000004,False
484,17,CLF_UNION,20,2,51,93,57,5,1,5,10,3,0.30000000000000004,0.30000000000000004,False
485,17,ORD-UNION,13,1,23,93,29,5,1,5,10,3,0.30000000000000004,0.30000000000000004,False
486,17,CARD,11,3,27,93,46,5,1,5,10,3,0.30000000000000004,0.30000000000000004,True
487,17,CLF_UNION,12,3,39,93,56,5,1,5,10,3,0.30000000000000004,0.30000000000000004,True
488,17,ORD-UNION,11,1,19,93,36,5,1,5,10,3,0.30000000000000004,0.30000000000000004,True
489,17,CARD,11,3,27,93,46,5,1,5,10,3,0.30000000000000004,0.30000000000000004,False
490,17,CLF_UNION,12,3,39,93,56,5,1,5,10,3,0.30000000000000004,0.30000000000000004,False
491,17,ORD-UNION,11,1,19,93,36,5,1,5,10,3,0.30000000000000004,0.30000000000000004,False
492,17,CARD,20,3,38,93,48,5,1,5,10,3,0.30000000000000004,0.30000000000000004,True
493,17,CLF_UNION,25,1,52,93,56,5,1,5,10,3,0.30000000000000004,0.30000000000000004,True
494,17,ORD-UNION,18,0,29,93,33,5,1,5,10,3,0.30000000000000004,0.30000000000000004,True
495,17,CARD,20,3,38,93,48,5,1,5,10,3,0.30000000000000004,0.30000000000000004,False
496,17,CLF_UNION,25,1,52,93,56,5,1,5,10,3,0.30000000000000004,0.30000000000000004,False
497,17,ORD-UNION,18,0,29,93,33,5,1,5,10,3,0.30000000000000004,0.30000000000000004,False
498,17,CARD,25,2,39,93,47,5,1,5,10,3,0.30000000000000004,0.30000000000000004,True
499,17,CLF_UNION,28,0,51,93,55,5,1,5,10,3,0.30000000000000004,0.30000000000000004,True
500,17,ORD-UNION,22,0,30,93,34,5,1,5,10,3,0.30000000000000004,0.30000000000000004,True
501,17,CARD,25,2,39,93,47,5,1,5,10,3,0.30000000000000004,0.30000000000000004,False
502,17,CLF_UNION,28,0,51,93,55,5,1,5,10,3,0.30000000000000004,0.30000000000000004,False
503,17,ORD-UNION,22,0,30,93,34,5,1,5,10,3,0.30000000000000004,0.30000000000000004,False
504,17,CARD,15,3,37,93,47,5,1,5,10,3,0.30000000000000004,0.30000000000000004,True
505,17,CLF_UNION,17,3,50,93,56,5,1,5,10,3,0.30000000000000004,0.30000000000000004,True
506,17,ORD-UNION,13,0,28,93,34,5,1,5,10,3,0.30000000000000004,0.30000000000000004,True
507,17,CARD,15,3,37,93,47,5,1,5,10,3,0.30000000000000004,0.30000000000000004,False
508,17,CLF_UNION,17,3,50,93,56,5,1,5,10,3,0.30000000000000004,0.30000000000000004,False
509,17,ORD-UNION,13,0,28,93,34,5,1,5,10,3,0.30000000000000004,0.30000000000000004,False
510,18,CARD,5,1,18,105,54,15,4,5,10,3,0.30000000000000004,0.30000000000000004,True
511,18,CLF_UNION,6,0,37,105,55,15,4,5,10,3,0.30000000000000004,0.30000000000000004,True
512,18,ORD-UNION,0,0,2,105,20,15,4,5,10,3,0.30000000000000004,0.30000000000000004,True
513,18,CARD,6,0,27,105,45,5,1,5,10,3,0.30000000000000004,0.30000000000000004,False
514,18,CLF_UNION,6,0,38,105,56,5,1,5,10,3,0.30000000000000004,0.30000000000000004,False
515,18,ORD-UNION,4,0,19,105,37,5,1,5,10,3,0.30000000000000004,0.30000000000000004,False
516,18,CARD,17,0,41,105,45,5,1,5,10,3,0.30000000000000004,0.30000000000000004,True
517,18,CLF_UNION,16,2,54,105,58,5,1,5,10,3,0.30000000000000004,0.30000000000000004,True
518,18,ORD-UNION,16,0,32,105,36,5,1,5,10,3,0.30000000000000004,0.30000000000000004,True
519,18,CARD,17,0,41,105,45,5,1,5,10,3,0.30000000000000004,0.30000000000000004,False
520,18,CLF_UNION,16,2,54,105,58,5,1,5,10,3,0.30000000000000004,0.30000000000000004,False
521,18,ORD-UNION,16,0,32,105,36,5,1,5,10,3,0.30000000000000004,0.30000000000000004,False
522,18,CARD,16,3,39,105,45,5,1,5,10,3,0.30000000000000004,0.30000000000000004,True
523,18,CLF_UNION,18,2,50,105,56,5,1,5,10,3,0.30000000000000004,0.30000000000000004,True
524,18,ORD-UNION,14,0,27,105,33,5,1,5,10,3,0.30000000000000004,0.30000000000000004,True
525,18,CARD,16,3,39,105,45,5,1,5,10,3,0.30000000000000004,0.30000000000000004,False
526,18,CLF_UNION,18,2,50,105,56,5,1,5,10,3,0.30000000000000004,0.30000000000000004,False
527,18,ORD-UNION,14,0,27,105,33,5,1,5,10,3,0.30000000000000004,0.30000000000000004,False
528,18,CARD,15,0,36,105,45,5,1,5,10,3,0.30000000000000004,0.30000000000000004,True
529,18,CLF_UNION,14,1,47,105,56,5,1,5,10,3,0.30000000000000004,0.30000000000000004,True
530,18,ORD-UNION,13,0,30,105,39,5,1,5,10,3,0.30000000000000004,0.30000000000000004,True
531,18,CARD,15,0,36,105,45,5,1,5,10,3,0.30000000000000004,0.30000000000000004,False
532,18,CLF_UNION,14,1,47,105,56,5,1,5,10,3,0.30000000000000004,0.30000000000000004,False
533,18,ORD-UNION,13,0,30,105,39,5,1,5,10,3,0.30000000000000004,0.30000000000000004,False
534,18,CARD,16,1,37,105,45,5,1,5,10,3,0.30000000000000004,0.30000000000000004,True
535,18,CLF_UNION,17,1,48,105,56,5,1,5,10,3,0.30000000000000004,0.30000000000000004,True
536,18,ORD-UNION,14,0,30,105,38,5,1,5,10,3,0.30000000000000004,0.30000000000000004,True
537,18,CARD,16,1,37,105,45,5,1,5,10,3,0.30000000000000004,0.30000000000000004,False
538,18,CLF_UNION,17,1,48,105,56,5,1,5,10,3,0.30000000000000004,0.30000000000000004,False
539,18,ORD-UNION,14,0,30,105,38,5,1,5,10,3,0.30000000000000004,0.30000000000000004,False
540,19,CARD,8,1,23,117,52,15,4,5,10,3,0.30000000000000004,0.30000000000000004,True
541,19,CLF_UNION,9,1,40,117,55,15,4,5,10,3,0.30000000000000004,0.30000000000000004,True
542,19,ORD-UNION,1,0,2,117,17,15,4,5,10,3,0.30000000000000004,0.30000000000000004,True
543,19,CARD,10,0,30,117,45,5,1,5,10,3,0.30000000000000004,0.30000000000000004,False
544,19,CLF_UNION,9,1,41,117,56,5,1,5,10,3,0.30000000000000004,0.30000000000000004,False
545,19,ORD-UNION,8,0,22,117,37,5,1,5,10,3,0.30000000000000004,0.30000000000000004,False
546,19,CARD,18,0,39,117,45,5,1,5,10,3,0.30000000000000004,0.30000000000000004,True
547,19,CLF_UNION,18,0,49,117,55,5,1,5,10,3,0.30000000000000004,0.30000000000000004,True
548,19,ORD-UNION,16,0,30,117,36,5,1,5,10,3,0.30000000000000004,0.30000000000000004,True
549,19,CARD,18,0,39,117,45,5,1,5,10,3,0.30000000000000004,0.30000000000000004,False
550,19,CLF_UNION,18,0,49,117,55,5,1,5,10,3,0.30000000000000004,0.30000000000000004,False
551,19,ORD-UNION,16,0,30,117,36,5,1,5,10,3,0.30000000000000004,0.30000000000000004,False
552,19,CARD,12,3,39,117,45,5,1,5,10,3,0.30000000000000004,0.30000000000000004,True
553,19,CLF_UNION,15,0,49,117,55,5,1,5,10,3,0.30000000000000004,0.30000000000000004,True
554,19,ORD-UNION,9,0,26,117,32,5,1,5,10,3,0.30000000000000004,0.30000000000000004,True
555,19,CARD,12,3,39,117,45,5,1,5,10,3,0.30000000000000004,0.30000000000000004,False
556,19,CLF_UNION,15,0,49,117,55,5,1,5,10,3,0.30000000000000004,0.30000000000000004,False
557,19,ORD-UNION,9,0,26,117,32,5,1,5,10,3,0.30000000000000004,0.30000000000000004,False
558,19,CARD,10,2,29,117,47,5,1,5,10,3,0.30000000000000004,0.30000000000000004,True
559,19,CLF_UNION,13,1,41,117,55,5,1,5,10,3,0.30000000000000004,0.30000000000000004,True
560,19,ORD-UNION,10,1,24,117,38,5,1,5,10,3,0.30000000000000004,0.30000000000000004,True
561,19,CARD,10,2,29,117,47,5,1,5,10,3,0.30000000000000004,0.30000000000000004,False
562,19,CLF_UNION,13,1,41,117,55,5,1,5,10,3,0.30000000000000004,0.30000000000000004,False
563,19,ORD-UNION,10,1,24,117,38,5,1,5,10,3,0.30000000000000004,0.30000000000000004,False
564,19,CARD,16,4,36,117,46,5,1,5,10,3,0.30000000000000004,0.30000000000000004,True
565,19,CLF_UNION,20,1,48,117,56,5,1,5,10,3,0.30000000000000004,0.30000000000000004,True
566,19,ORD-UNION,14,0,23,117,31,5,1,5,10,3,0.30000000000000004,0.30000000000000004,True
567,19,CARD,16,4,36,117,46,5,1,5,10,3,0.30000000000000004,0.30000000000000004,False
568,19,CLF_UNION,20,1,48,117,56,5,1,5,10,3,0.30000000000000004,0.30000000000000004,False
569,19,ORD-UNION,14,0,23,117,31,5,1,5,10,3,0.30000000000000004,0.30000000000000004,False
570,20,CARD,7,2,24,136,47,15,4,5,10,3,0.30000000000000004,0.30000000000000004,True
571,20,CLF_UNION,10,0,36,136,55,15,4,5,10,3,0.30000000000000004,0.30000000000000004,True
572,20,ORD-UNION,0,0,0,136,19,15,4,5,10,3,0.30000000000000004,0.30000000000000004,True
573,20,CARD,10,0,23,136,48,9,2,5,10,3,0.30000000000000004,0.30000000000000004,False
574,20,CLF_UNION,10,0,40,136,59,9,2,5,10,3,0.30000000000000004,0.30000000000000004,False
575,20,ORD-UNION,7,0,10,136,29,9,2,5,10,3,0.30000000000000004,0.30000000000000004,False
576,20,CARD,9,0,23,136,48,9,2,5,10,3,0.30000000000000004,0.30000000000000004,True
577,20,CLF_UNION,10,0,38,136,57,9,2,5,10,3,0.30000000000000004,0.30000000000000004,True
578,20,ORD-UNION,5,0,11,136,30,9,2,5,10,3,0.30000000000000004,0.30000000000000004,True
579,20,CARD,9,0,23,136,48,9,2,5,10,3,0.30000000000000004,0.30000000000000004,False
580,20,CLF_UNION,10,0,38,136,57,9,2,5,10,3,0.30000000000000004,0.30000000000000004,False
581,20,ORD-UNION,5,0,11,136,30,9,2,5,10,3,0.30000000000000004,0.30000000000000004,False
582,20,CARD,0,0,12,136,49,9,2,5,10,3,0.30000000000000004,0.30000000000000004,True
583,20,CLF_UNION,0,0,30,136,59,9,2,5,10,3,0.30000000000000004,0.30000000000000004,True
584,20,ORD-UNION,0,0,3,136,32,9,2,5,10,3,0.30000000000000004,0.30000000000000004,True
585,20,CARD,0,0,12,136,49,9,2,5,10,3,0.30000000000000004,0.30000000000000004,False
586,20,CLF_UNION,0,0,30,136,59,9,2,5,10,3,0.30000000000000004,0.30000000000000004,False
587,20,ORD-UNION,0,0,3,136,32,9,2,5,10,3,0.30000000000000004,0.30000000000000004,False
588,20,CARD,10,0,26,136,49,9,2,5,10,3,0.30000000000000004,0.30000000000000004,True
589,20,CLF_UNION,9,1,41,136,56,9,2,5,10,3,0.30000000000000004,0.30000000000000004,True
590,20,ORD-UNION,6,0,13,136,28,9,2,5,10,3,0.30000000000000004,0.30000000000000004,True
591,20,CARD,10,0,26,136,49,9,2,5,10,3,0.30000000000000004,0.30000000000000004,False
592,20,CLF_UNION,9,1,41,136,56,9,2,5,10,3,0.30000000000000004,0.30000000000000004,False
593,20,ORD-UNION,6,0,13,136,28,9,2,5,10,3,0.30000000000000004,0.30000000000000004,False
594,20,CARD,17,0,28,136,50,9,2,5,10,3,0.30000000000000004,0.30000000000000004,True
595,20,CLF_UNION,19,0,45,136,57,9,2,5,10,3,0.30000000000000004,0.30000000000000004,True
596,20,ORD-UNION,9,0,10,136,22,9,2,5,10,3,0.30000000000000004,0.30000000000000004,True
597,20,CARD,17,0,28,136,50,9,2,5,10,3,0.30000000000000004,0.30000000000000004,False
598,20,CLF_UNION,19,0,45,136,57,9,2,5,10,3,0.30000000000000004,0.30000000000000004,False
599,20,ORD-UNION,9,0,10,136,22,9,2,5,10,3,0.30000000000000004,0.30000000000000004,False
600,21,CARD,18,5,34,149,48,15,4,5,10,3,0.30000000000000004,0.30000000000000004,True
601,21,CLF_UNION,23,0,47,149,55,15,4,5,10,3,0.30000000000000004,0.30000000000000004,True
602,21,ORD-UNION,0,0,1,149,9,15,4,5,10,3,0.30000000000000004,0.30000000000000004,True
603,21,CARD,21,0,32,149,50,9,2,5,10,3,0.30000000000000004,0.30000000000000004,False
604,21,CLF_UNION,23,0,49,149,57,9,2,5,10,3,0.30000000000000004,0.30000000000000004,False
605,21,ORD-UNION,14,0,17,149,25,9,2,5,10,3,0.30000000000000004,0.30000000000000004,False
606,21,CARD,10,0,28,149,52,9,2,5,10,3,0.30000000000000004,0.30000000000000004,True
607,21,CLF_UNION,14,1,50,149,60,9,2,5,10,3,0.30000000000000004,0.30000000000000004,True
608,21,ORD-UNION,4,0,13,149,23,9,2,5,10,3,0.30000000000000004,0.30000000000000004,True
609,21,CARD,10,0,28,149,52,9,2,5,10,3,0.30000000000000004,0.30000000000000004,False
610,21,CLF_UNION,14,1,50,149,60,9,2,5,10,3,0.30000000000000004,0.30000000000000004,False
611,21,ORD-UNION,4,0,13,149,23,9,2,5,10,3,0.30000000000000004,0.30000000000000004,False
612,21,CARD,13,0,30,149,50,9,2,5,10,3,0.30000000000000004,0.30000000000000004,True
613,21,CLF_UNION,14,3,53,149,63,9,2,5,10,3,0.30000000000000004,0.30000000000000004,True
614,21,ORD-UNION,7,0,15,149,25,9,2,5,10,3,0.30000000000000004,0.30000000000000004,True
615,21,CARD,13,0,30,149,50,9,2,5,10,3,0.30000000000000004,0.30000000000000004,False
616,21,CLF_UNION,14,3,53,149,63,9,2,5,10,3,0.30000000000000004,0.30000000000000004,False
617,21,ORD-UNION,7,0,15,149,25,9,2,5,10,3,0.30000000000000004,0.30000000000000004,False
618,21,CARD,6,0,23,149,50,9,2,5,10,3,0.30000000000000004,0.30000000000000004,True
619,21,CLF_UNION,6,0,40,149,57,9,2,5,10,3,0.30000000000000004,0.30000000000000004,True
620,21,ORD-UNION,6,0,7,149,24,9,2,5,10,3,0.30000000000000004,0.30000000000000004,True
621,21,CARD,6,0,23,149,50,9,2,5,10,3,0.30000000000000004,0.30000000000000004,False
622,21,CLF_UNION,6,0,40,149,57,9,2,5,10,3,0.30000000000000004,0.30000000000000004,False
623,21,ORD-UNION,6,0,7,149,24,9,2,5,10,3,0.30000000000000004,0.30000000000000004,False
624,21,CARD,9,0,24,149,51,9,2,5,10,3,0.30000000000000004,0.30000000000000004,True
625,21,CLF_UNION,12,2,46,149,61,9,2,5,10,3,0.30000000000000004,0.30000000000000004,True
626,21,ORD-UNION,4,0,8,149,23,9,2,5,10,3,0.30000000000000004,0.30000000000000004,True
627,21,CARD,9,0,24,149,51,9,2,5,10,3,0.30000000000000004,0.30000000000000004,False
628,21,CLF_UNION,12,2,46,149,61,9,2,5,10,3,0.30000000000000004,0.30000000000000004,False
629,21,ORD-UNION,4,0,8,149,23,9,2,5,10,3,0.30000000000000004,0.30000000000000004,False
630,22,CARD,5,1,24,162,49,15,4,5,10,3,0.30000000000000004,0.30000000000000004,True
631,22,CLF_UNION,6,0,40,162,57,15,4,5,10,3,0.30000000000000004,0.30000000000000004,True
632,22,ORD-UNION,0,0,1,162,18,15,4,5,10,3,0.30000000000000004,0.30000000000000004,True
633,22,CARD,6,0,21,162,52,9,2,5,10,3,0.30000000000000004,0.30000000000000004,False
634,22,CLF_UNION,6,0,38,162,55,9,2,5,10,3,0.30000000000000004,0.30000000000000004,False
635,22,ORD-UNION,5,0,10,162,27,9,2,5,10,3,0.30000000000000004,0.30000000000000004,False
636,22,CARD,15,0,29,162,54,9,2,5,10,3,0.30000000000000004,0.30000000000000004,True
637,22,CLF_UNION,16,0,48,162,55,9,2,5,10,3,0.30000000000000004,0.30000000000000004,True
638,22,ORD-UNION,8,0,14,162,21,9,2,5,10,3,0.30000000000000004,0.30000000000000004,True
639,22,CARD,15,0,29,162,54,9,2,5,10,3,0.30000000000000004,0.30000000000000004,False
640,22,CLF_UNION,16,0,48,162,55,9,2,5,10,3,0.30000000000000004,0.30000000000000004,False
641,22,ORD-UNION,8,0,14,162,21,9,2,5,10,3,0.30000000000000004,0.30000000000000004,False
642,22,CARD,14,0,23,162,52,9,2,5,10,3,0.30000000000000004,0.30000000000000004,True
643,22,CLF_UNION,14,0,41,162,56,9,2,5,10,3,0.30000000000000004,0.30000000000000004,True
644,22,ORD-UNION,9,0,9,162,24,9,2,5,10,3,0.30000000000000004,0.30000000000000004,True
645,22,CARD,14,0,23,162,52,9,2,5,10,3,0.30000000000000004,0.30000000000000004,False
646,22,CLF_UNION,14,0,41,162,56,9,2,5,10,3,0.30000000000000004,0.30000000000000004,False
647,22,ORD-UNION,9,0,9,162,24,9,2,5,10,3,0.30000000000000004,0.30000000000000004,False
648,22,CARD,9,0,31,162,47,9,2,5,10,3,0.30000000000000004,0.30000000000000004,True
649,22,CLF_UNION,9,0,43,162,55,9,2,5,10,3,0.30000000000000004,0.30000000000000004,True
650,22,ORD-UNION,6,0,15,162,27,9,2,5,10,3,0.30000000000000004,0.30000000000000004,True
651,22,CARD,9,0,31,162,47,9,2,5,10,3,0.30000000000000004,0.30000000000000004,False
652,22,CLF_UNION,9,0,43,162,55,9,2,5,10,3,0.30000000000000004,0.30000000000000004,False
653,22,ORD-UNION,6,0,15,162,27,9,2,5,10,3,0.30000000000000004,0.30000000000000004,False
654,22,CARD,14,0,28,162,48,9,2,5,10,3,0.30000000000000004,0.30000000000000004,True
655,22,CLF_UNION,15,0,41,162,55,9,2,5,10,3,0.30000000000000004,0.30000000000000004,True
656,22,ORD-UNION,7,0,8,162,22,9,2,5,10,3,0.30000000000000004,0.30000000000000004,True
657,22,CARD,14,0,28,162,48,9,2,5,10,3,0.30000000000000004,0.30000000000000004,False
658,22,CLF_UNION,15,0,41,162,55,9,2,5,10,3,0.30000000000000004,0.30000000000000004,False
659,22,ORD-UNION,7,0,8,162,22,9,2,5,10,3,0.30000000000000004,0.30000000000000004,False
660,23,CARD,11,2,27,175,49,15,4,5,10,3,0.30000000000000004,0.30000000000000004,True
661,23,CLF_UNION,14,1,41,175,55,15,4,5,10,3,0.30000000000000004,0.30000000000000004,True
662,23,ORD-UNION,0,0,1,175,15,15,4,5,10,3,0.30000000000000004,0.30000000000000004,True
663,23,CARD,15,0,28,175,48,9,2,5,10,3,0.30000000000000004,0.30000000000000004,False
664,23,CLF_UNION,15,0,42,175,56,9,2,5,10,3,0.30000000000000004,0.30000000000000004,False
665,23,ORD-UNION,10,0,15,175,29,9,2,5,10,3,0.30000000000000004,0.30000000000000004,False
666,23,CARD,10,0,23,175,48,9,2,5,10,3,0.30000000000000004,0.30000000000000004,True
667,23,CLF_UNION,10,0,36,175,55,9,2,5,10,3,0.30000000000000004,0.30000000000000004,True
668,23,ORD-UNION,5,0,8,175,27,9,2,5,10,3,0.30000000000000004,0.30000000000000004,True
669,23,CARD,10,0,23,175,48,9,2,5,10,3,0.30000000000000004,0.30000000000000004,False
670,23,CLF_UNION,10,0,36,175,55,9,2,5,10,3,0.30000000000000004,0.30000000000000004,False
671,23,ORD-UNION,5,0,8,175,27,9,2,5,10,3,0.30000000000000004,0.30000000000000004,False
672,23,CARD,5,0,19,175,47,9,2,5,10,3,0.30000000000000004,0.30000000000000004,True
673,23,CLF_UNION,5,0,31,175,55,9,2,5,10,3,0.30000000000000004,0.30000000000000004,True
674,23,ORD-UNION,2,0,7,175,31,9,2,5,10,3,0.30000000000000004,0.30000000000000004,True
675,23,CARD,5,0,19,175,47,9,2,5,10,3,0.30000000000000004,0.30000000000000004,False
676,23,CLF_UNION,5,0,31,175,55,9,2,5,10,3,0.30000000000000004,0.30000000000000004,False
677,23,ORD-UNION,2,0,7,175,31,9,2,5,10,3,0.30000000000000004,0.30000000000000004,False
678,23,CARD,15,0,27,175,49,9,2,5,10,3,0.30000000000000004,0.30000000000000004,True
679,23,CLF_UNION,15,0,41,175,55,9,2,5,10,3,0.30000000000000004,0.30000000000000004,True
680,23,ORD-UNION,7,0,11,175,25,9,2,5,10,3,0.30000000000000004,0.30000000000000004,True
681,23,CARD,15,0,27,175,49,9,2,5,10,3,0.30000000000000004,0.30000000000000004,False
682,23,CLF_UNION,15,0,41,175,55,9,2,5,10,3,0.30000000000000004,0.30000000000000004,False
683,23,ORD-UNION,7,0,11,175,25,9,2,5,10,3,0.30000000000000004,0.30000000000000004,False
684,23,CARD,10,0,21,175,50,9,2,5,10,3,0.30000000000000004,0.30000000000000004,True
685,23,CLF_UNION,10,0,36,175,55,9,2,5,10,3,0.30000000000000004,0.30000000000000004,True
686,23,ORD-UNION,8,0,13,175,32,9,2,5,10,3,0.30000000000000004,0.30000000000000004,True
687,23,CARD,10,0,21,175,50,9,2,5,10,3,0.30000000000000004,0.30000000000000004,False
688,23,CLF_UNION,10,0,36,175,55,9,2,5,10,3,0.30000000000000004,0.30000000000000004,False
689,23,ORD-UNION,8,0,13,175,32,9,2,5,10,3,0.30000000000000004,0.30000000000000004,False
690,24,CARD,6,2,21,189,50,15,4,5,10,3,0.30000000000000004,0.30000000000000004,True
691,24,CLF_UNION,9,1,36,189,55,15,4,5,10,3,0.30000000000000004,0.30000000000000004,True
692,24,ORD-UNION,1,0,3,189,22,15,4,5,10,3,0.30000000000000004,0.30000000000000004,True
693,24,CARD,10,0,22,189,49,9,2,5,10,3,0.30000000000000004,0.30000000000000004,False
694,24,CLF_UNION,10,0,36,189,55,9,2,5,10,3,0.30000000000000004,0.30000000000000004,False
695,24,ORD-UNION,3,0,10,189,29,9,2,5,10,3,0.30000000000000004,0.30000000000000004,False
696,24,CARD,3,0,20,189,50,9,2,5,10,3,0.30000000000000004,0.30000000000000004,True
697,24,CLF_UNION,3,0,36,189,56,9,2,5,10,3,0.30000000000000004,0.30000000000000004,True
698,24,ORD-UNION,2,0,10,189,30,9,2,5,10,3,0.30000000000000004,0.30000000000000004,True
699,24,CARD,3,0,20,189,50,9,2,5,10,3,0.30000000000000004,0.30000000000000004,False
700,24,CLF_UNION,3,0,36,189,56,9,2,5,10,3,0.30000000000000004,0.30000000000000004,False
701,24,ORD-UNION,2,0,10,189,30,9,2,5,10,3,0.30000000000000004,0.30000000000000004,False
702,24,CARD,4,0,19,189,48,9,2,5,10,3,0.30000000000000004,0.30000000000000004,True
703,24,CLF_UNION,4,0,33,189,56,9,2,5,10,3,0.30000000000000004,0.30000000000000004,True
704,24,ORD-UNION,3,0,8,189,31,9,2,5,10,3,0.30000000000000004,0.30000000000000004,True
705,24,CARD,4,0,19,189,48,9,2,5,10,3,0.30000000000000004,0.30000000000000004,False
706,24,CLF_UNION,4,0,33,189,56,9,2,5,10,3,0.30000000000000004,0.30000000000000004,False
707,24,ORD-UNION,3,0,8,189,31,9,2,5,10,3,0.30000000000000004,0.30000000000000004,False
708,24,CARD,7,0,22,189,48,9,2,5,10,3,0.30000000000000004,0.30000000000000004,True
709,24,CLF_UNION,7,0,37,189,57,9,2,5,10,3,0.30000000000000004,0.30000000000000004,True
710,24,ORD-UNION,6,0,13,189,33,9,2,5,10,3,0.30000000000000004,0.30000000000000004,True
711,24,CARD,7,0,22,189,48,9,2,5,10,3,0.30000000000000004,0.30000000000000004,False
712,24,CLF_UNION,7,0,37,189,57,9,2,5,10,3,0.30000000000000004,0.30000000000000004,False
713,24,ORD-UNION,6,0,13,189,33,9,2,5,10,3,0.30000000000000004,0.30000000000000004,False
714,24,CARD,9,0,23,189,52,9,2,5,10,3,0.30000000000000004,0.30000000000000004,True
715,24,CLF_UNION,9,0,43,189,58,9,2,5,10,3,0.30000000000000004,0.30000000000000004,True
716,24,ORD-UNION,5,0,12,189,27,9,2,5,10,3,0.30000000000000004,0.30000000000000004,True
717,24,CARD,9,0,23,189,52,9,2,5,10,3,0.30000000000000004,0.30000000000000004,False
718,24,CLF_UNION,9,0,43,189,58,9,2,5,10,3,0.30000000000000004,0.30000000000000004,False
719,24,ORD-UNION,5,0,12,189,27,9,2,5,10,3,0.30000000000000004,0.30000000000000004,False
720,1,CARD,0,19,25,1,65,15,5,5,10,3,0.30000000000000004,0.30000000000000004,True
721,1,CLF_UNION,13,26,63,1,63,15,5,5,10,3,0.30000000000000004,0.30000000000000004,True
722,1,ORD-UNION,0,0,0,1,0,15,5,5,10,3,0.30000000000000004,0.30000000000000004,True
723,1,CARD,7,10,25,1,65,1,1,5,10,3,0.30000000000000004,0.30000000000000004,False
724,1,CLF_UNION,22,25,75,1,75,1,1,5,10,3,0.30000000000000004,0.30000000000000004,False
725,1,ORD-UNION,7,10,25,1,25,1,1,5,10,3,0.30000000000000004,0.30000000000000004,False
726,1,CARD,3,14,25,1,65,1,1,5,10,3,0.30000000000000004,0.30000000000000004,True
727,1,CLF_UNION,17,28,75,1,75,1,1,5,10,3,0.30000000000000004,0.30000000000000004,True
728,1,ORD-UNION,3,14,25,1,25,1,1,5,10,3,0.30000000000000004,0.30000000000000004,True
729,1,CARD,3,14,25,1,65,1,1,5,10,3,0.30000000000000004,0.30000000000000004,False
730,1,CLF_UNION,17,28,75,1,75,1,1,5,10,3,0.30000000000000004,0.30000000000000004,False
731,1,ORD-UNION,3,14,25,1,25,1,1,5,10,3,0.30000000000000004,0.30000000000000004,False
732,1,CARD,0,17,25,1,65,1,1,5,10,3,0.30000000000000004,0.30000000000000004,True
733,1,CLF_UNION,10,27,75,1,75,1,1,5,10,3,0.30000000000000004,0.30000000000000004,True
734,1,ORD-UNION,0,17,25,1,25,1,1,5,10,3,0.30000000000000004,0.30000000000000004,True
735,1,CARD,0,17,25,1,65,1,1,5,10,3,0.30000000000000004,0.30000000000000004,False
736,1,CLF_UNION,10,27,75,1,75,1,1,5,10,3,0.30000000000000004,0.30000000000000004,False
737,1,ORD-UNION,0,17,25,1,25,1,1,5,10,3,0.30000000000000004,0.30000000000000004,False
738,1,CARD,6,10,24,1,66,1,1,5,10,3,0.30000000000000004,0.30000000000000004,True
739,1,CLF_UNION,19,23,76,1,76,1,1,5,10,3,0.30000000000000004,0.30000000000000004,True
740,1,ORD-UNION,6,10,24,1,24,1,1,5,10,3,0.30000000000000004,0.30000000000000004,True
741,1,CARD,6,10,24,1,66,1,1,5,10,3,0.30000000000000004,0.30000000000000004,False
742,1,CLF_UNION,19,23,76,1,76,1,1,5,10,3,0.30000000000000004,0.30000000000000004,False
743,1,ORD-UNION,6,10,24,1,24,1,1,5,10,3,0.30000000000000004,0.30000000000000004,False
744,1,CARD,5,14,25,1,65,1,1,5,10,3,0.30000000000000004,0.30000000000000004,True
745,1,CLF_UNION,19,28,75,1,75,1,1,5,10,3,0.30000000000000004,0.30000000000000004,True
746,1,ORD-UNION,5,14,25,1,25,1,1,5,10,3,0.30000000000000004,0.30000000000000004,True
747,1,CARD,5,14,25,1,65,1,1,5,10,3,0.30000000000000004,0.30000000000000004,False
748,1,CLF_UNION,19,28,75,1,75,1,1,5,10,3,0.30000000000000004,0.30000000000000004,False
749,1,ORD-UNION,5,14,25,1,25,1,1,5,10,3,0.30000000000000004,0.30000000000000004,False
750,2,CARD,9,8,36,3,54,15,5,5,10,3,0.30000000000000004,0.30000000000000004,True
751,2,CLF_UNION,15,16,68,3,68,15,5,5,10,3,0.30000000000000004,0.30000000000000004,True
752,2,ORD-UNION,0,0,0,3,0,15,5,5,10,3,0.30000000000000004,0.30000000000000004,True
753,2,CARD,10,8,36,3,54,2,1,5,10,3,0.30000000000000004,0.30000000000000004,False
754,2,CLF_UNION,15,20,76,3,76,2,1,5,10,3,0.30000000000000004,0.30000000000000004,False
755,2,ORD-UNION,10,8,36,3,36,2,1,5,10,3,0.30000000000000004,0.30000000000000004,False
756,2,CARD,7,15,35,3,55,2,1,5,10,3,0.30000000000000004,0.30000000000000004,True
757,2,CLF_UNION,12,27,76,3,76,2,1,5,10,3,0.30000000000000004,0.30000000000000004,True
758,2,ORD-UNION,7,15,35,3,35,2,1,5,10,3,0.30000000000000004,0.30000000000000004,True
759,2,CARD,7,15,35,3,55,2,1,5,10,3,0.30000000000000004,0.30000000000000004,False
760,2,CLF_UNION,12,27,76,3,76,2,1,5,10,3,0.30000000000000004,0.30000000000000004,False
761,2,ORD-UNION,7,15,35,3,35,2,1,5,10,3,0.30000000000000004,0.30000000000000004,False
762,2,CARD,13,11,35,3,55,2,1,5,10,3,0.30000000000000004,0.30000000000000004,True
763,2,CLF_UNION,16,24,75,3,75,2,1,5,10,3,0.30000000000000004,0.30000000000000004,True
764,2,ORD-UNION,13,11,35,3,35,2,1,5,10,3,0.30000000000000004,0.30000000000000004,True
765,2,CARD,13,11,35,3,55,2,1,5,10,3,0.30000000000000004,0.30000000000000004,False
766,2,CLF_UNION,16,24,75,3,75,2,1,5,10,3,0.30000000000000004,0.30000000000000004,False
767,2,ORD-UNION,13,11,35,3,35,2,1,5,10,3,0.30000000000000004,0.30000000000000004,False
768,2,CARD,9,18,37,3,53,2,1,5,10,3,0.30000000000000004,0.30000000000000004,True
769,2,CLF_UNION,16,30,75,3,75,2,1,5,10,3,0.30000000000000004,0.30000000000000004,True
770,2,ORD-UNION,9,18,37,3,37,2,1,5,10,3,0.30000000000000004,0.30000000000000004,True
771,2,CARD,9,18,37,3,53,2,1,5,10,3,0.30000000000000004,0.30000000000000004,False
772,2,CLF_UNION,16,30,75,3,75,2,1,5,10,3,0.30000000000000004,0.30000000000000004,False
773,2,ORD-UNION,9,18,37,3,37,2,1,5,10,3,0.30000000000000004,0.30000000000000004,False
774,2,CARD,13,9,36,3,54,2,1,5,10,3,0.30000000000000004,0.30000000000000004,True
775,2,CLF_UNION,15,21,76,3,76,2,1,5,10,3,0.30000000000000004,0.30000000000000004,True
776,2,ORD-UNION,13,9,36,3,36,2,1,5,10,3,0.30000000000000004,0.30000000000000004,True
777,2,CARD,13,9,36,3,54,2,1,5,10,3,0.30000000000000004,0.30000000000000004,False
778,2,CLF_UNION,15,21,76,3,76,2,1,5,10,3,0.30000000000000004,0.30000000000000004,False
779,2,ORD-UNION,13,9,36,3,36,2,1,5,10,3,0.30000000000000004,0.30000000000000004,False
780,3,CARD,5,16,41,5,49,15,5,5,10,3,0.30000000000000004,0.30000000000000004,True
781,3,CLF_UNION,6,20,57,5,57,15,5,5,10,3,0.30000000000000004,0.30000000000000004,True
782,3,ORD-UNION,0,0,0,5,0,15,5,5,10,3,0.30000000000000004,0.30000000000000004,True
783,3,CARD,6,12,33,5,57,2,1,5,10,3,0.30000000000000004,0.30000000000000004,False
784,3,CLF_UNION,12,18,67,5,67,2,1,5,10,3,0.30000000000000004,0.30000000000000004,False
785,3,ORD-UNION,6,12,33,5,33,2,1,5,10,3,0.30000000000000004,0.30000000000000004,False
786,3,CARD,10,13,36,5,54,2,1,5,10,3,0.30000000000000004,0.30000000000000004,True
787,3,CLF_UNION,16,19,64,5,64,2,1,5,10,3,0.30000000000000004,0.30000000000000004,True
788,3,ORD-UNION,10,13,36,5,36,2,1,5,10,3,0.30000000000000004,0.30000000000000004,True
789,3,CARD,10,13,36,5,54,2,1,5,10,3,0.30000000000000004,0.30000000000000004,False
790,3,CLF_UNION,16,19,64,5,64,2,1,5,10,3,0.30000000000000004,0.30000000000000004,False
791,3,ORD-UNION,10,13,36,5,36,2,1,5,10,3,0.30000000000000004,0.30000000000000004,False
792,3,CARD,12,13,35,5,55,2,1,5,10,3,0.30000000000000004,0.30000000000000004,True
793,3,CLF_UNION,19,20,65,5,65,2,1,5,10,3,0.30000000000000004,0.30000000000000004,True
794,3,ORD-UNION,12,13,35,5,35,2,1,5,10,3,0.30000000000000004,0.30000000000000004,True
795,3,CARD,12,13,35,5,55,2,1,5,10,3,0.30000000000000004,0.30000000000000004,False
796,3,CLF_UNION,19,20,65,5,65,2,1,5,10,3,0.30000000000000004,0.30000000000000004,False
797,3,ORD-UNION,12,13,35,5,35,2,1,5,10,3,0.30000000000000004,0.30000000000000004,False
798,3,CARD,5,13,35,5,55,2,1,5,10,3,0.30000000000000004,0.30000000000000004,True
799,3,CLF_UNION,10,18,65,5,65,2,1,5,10,3,0.30000000000000004,0.30000000000000004,True
800,3,ORD-UNION,5,13,35,5,35,2,1,5,10,3,0.30000000000000004,0.30000000000000004,True
801,3,CARD,5,13,35,5,55,2,1,5,10,3,0.30000000000000004,0.30000000000000004,False
802,3,CLF_UNION,10,18,65,5,65,2,1,5,10,3,0.30000000000000004,0.30000000000000004,False
803,3,ORD-UNION,5,13,35,5,35,2,1,5,10,3,0.30000000000000004,0.30000000000000004,False
804,3,CARD,7,12,35,5,55,2,1,5,10,3,0.30000000000000004,0.30000000000000004,True
805,3,CLF_UNION,12,17,65,5,65,2,1,5,10,3,0.30000000000000004,0.30000000000000004,True
806,3,ORD-UNION,7,12,35,5,35,2,1,5,10,3,0.30000000000000004,0.30000000000000004,True
807,3,CARD,7,12,35,5,55,2,1,5,10,3,0.30000000000000004,0.30000000000000004,False
808,3,CLF_UNION,12,17,65,5,65,2,1,5,10,3,0.30000000000000004,0.30000000000000004,False
809,3,ORD-UNION,7,12,35,5,35,2,1,5,10,3,0.30000000000000004,0.30000000000000004,False
810,4,CARD,2,23,40,8,50,15,5,5,10,3,0.30000000000000004,0.30000000000000004,True
811,4,CLF_UNION,2,27,55,8,55,15,5,5,10,3,0.30000000000000004,0.30000000000000004,True
812,4,ORD-UNION,0,1,1,8,1,15,5,5,10,3,0.30000000000000004,0.30000000000000004,True
813,4,CARD,1,22,35,8,55,2,1,5,10,3,0.30000000000000004,0.30000000000000004,False
814,4,CLF_UNION,7,28,65,8,65,2,1,5,10,3,0.30000000000000004,0.30000000000000004,False
815,4,ORD-UNION,1,22,35,8,35,2,1,5,10,3,0.30000000000000004,0.30000000000000004,False
816,4,CARD,12,13,35,8,54,2,1,5,10,3,0.30000000000000004,0.30000000000000004,True
817,4,CLF_UNION,21,22,63,8,64,2,1,5,10,3,0.30000000000000004,0.30000000000000004,True
818,4,ORD-UNION,12,13,35,8,36,2,1,5,10,3,0.30000000000000004,0.30000000000000004,True
819,4,CARD,12,13,35,8,54,2,1,5,10,3,0.30000000000000004,0.30000000000000004,False
820,4,CLF_UNION,21,22,63,8,64,2,1,5,10,3,0.30000000000000004,0.30000000000000004,False
821,4,ORD-UNION,12,13,35,8,36,2,1,5,10,3,0.30000000000000004,0.30000000000000004,False
822,4,CARD,13,8,32,8,58,2,1,5,10,3,0.30000000000000004,0.30000000000000004,True
823,4,CLF_UNION,19,14,68,8,68,2,1,5,10,3,0.30000000000000004,0.30000000000000004,True
824,4,ORD-UNION,13,8,32,8,32,2,1,5,10,3,0.30000000000000004,0.30000000000000004,True
825,4,CARD,13,8,32,8,58,2,1,5,10,3,0.30000000000000004,0.30000000000000004,False
826,4,CLF_UNION,19,14,68,8,68,2,1,5,10,3,0.30000000000000004,0.30000000000000004,False
827,4,ORD-UNION,13,8,32,8,32,2,1,5,10,3,0.30000000000000004,0.30000000000000004,False
828,4,CARD,6,15,37,8,53,2,1,5,10,3,0.30000000000000004,0.30000000000000004,True
829,4,CLF_UNION,12,21,63,8,63,2,1,5,10,3,0.30000000000000004,0.30000000000000004,True
830,4,ORD-UNION,6,15,37,8,37,2,1,5,10,3,0.30000000000000004,0.30000000000000004,True
831,4,CARD,6,15,37,8,53,2,1,5,10,3,0.30000000000000004,0.30000000000000004,False
832,4,CLF_UNION,12,21,63,8,63,2,1,5,10,3,0.30000000000000004,0.30000000000000004,False
833,4,ORD-UNION,6,15,37,8,37,2,1,5,10,3,0.30000000000000004,0.30000000000000004,False
834,4,CARD,6,18,37,8,53,2,1,5,10,3,0.30000000000000004,0.30000000000000004,True
835,4,CLF_UNION,13,25,63,8,63,2,1,5,10,3,0.30000000000000004,0.30000000000000004,True
836,4,ORD-UNION,6,18,37,8,37,2,1,5,10,3,0.30000000000000004,0.30000000000000004,True
837,4,CARD,6,18,37,8,53,2,1,5,10,3,0.30000000000000004,0.30000000000000004,False
838,4,CLF_UNION,13,25,63,8,63,2,1,5,10,3,0.30000000000000004,0.30000000000000004,False
839,4,ORD-UNION,6,18,37,8,37,2,1,5,10,3,0.30000000000000004,0.30000000000000004,False
840,5,CARD,2,21,39,11,49,15,5,5,10,3,0.30000000000000004,0.30000000000000004,True
841,5,CLF_UNION,5,20,54,11,56,15,5,5,10,3,0.30000000000000004,0.30000000000000004,True
842,5,ORD-UNION,0,1,1,11,3,15,5,5,10,3,0.30000000000000004,0.30000000000000004,True
843,5,CARD,2,21,37,11,51,3,1,5,10,3,0.30000000000000004,0.30000000000000004,False
844,5,CLF_UNION,4,23,59,11,61,3,1,5,10,3,0.30000000000000004,0.30000000000000004,False
845,5,ORD-UNION,2,21,37,11,39,3,1,5,10,3,0.30000000000000004,0.30000000000000004,False
846,5,CARD,7,5,38,11,52,3,1,5,10,3,0.30000000000000004,0.30000000000000004,True
847,5,CLF_UNION,11,9,62,11,62,3,1,5,10,3,0.30000000000000004,0.30000000000000004,True
848,5,ORD-UNION,7,5,38,11,38,3,1,5,10,3,0.30000000000000004,0.30000000000000004,True
849,5,CARD,7,5,38,11,52,3,1,5,10,3,0.30000000000000004,0.30000000000000004,False
850,5,CLF_UNION,11,9,62,11,62,3,1,5,10,3,0.30000000000000004,0.30000000000000004,False
851,5,ORD-UNION,7,5,38,11,38,3,1,5,10,3,0.30000000000000004,0.30000000000000004,False
852,5,CARD,9,16,38,11,51,3,1,5,10,3,0.30000000000000004,0.30000000000000004,True
853,5,CLF_UNION,12,19,60,11,61,3,1,5,10,3,0.30000000000000004,0.30000000000000004,True
854,5,ORD-UNION,9,16,38,11,39,3,1,5,10,3,0.30000000000000004,0.30000000000000004,True
855,5,CARD,9,16,38,11,51,3,1,5,10,3,0.30000000000000004,0.30000000000000004,False
856,5,CLF_UNION,12,19,60,11,61,3,1,5,10,3,0.30000000000000004,0.30000000000000004,False
857,5,ORD-UNION,9,16,38,11,39,3,1,5,10,3,0.30000000000000004,0.30000000000000004,False
858,5,CARD,2,16,37,11,53,3,1,5,10,3,0.30000000000000004,0.30000000000000004,True
859,5,CLF_UNION,7,21,63,11,63,3,1,5,10,3,0.30000000000000004,0.30000000000000004,True
860,5,ORD-UNION,2,16,37,11,37,3,1,5,10,3,0.30000000000000004,0.30000000000000004,True
861,5,CARD,2,16,37,11,53,3,1,5,10,3,0.30000000000000004,0.30000000000000004,False
862,5,CLF_UNION,7,21,63,11,63,3,1,5,10,3,0.30000000000000004,0.30000000000000004,False
863,5,ORD-UNION,2,16,37,11,37,3,1,5,10,3,0.30000000000000004,0.30000000000000004,False
864,5,CARD,5,21,37,11,53,3,1,5,10,3,0.30000000000000004,0.30000000000000004,True
865,5,CLF_UNION,10,26,63,11,63,3,1,5,10,3,0.30000000000000004,0.30000000000000004,True
866,5,ORD-UNION,5,21,37,11,37,3,1,5,10,3,0.30000000000000004,0.30000000000000004,True
867,5,CARD,5,21,37,11,53,3,1,5,10,3,0.30000000000000004,0.30000000000000004,False
868,5,CLF_UNION,10,26,63,11,63,3,1,5,10,3,0.30000000000000004,0.30000000000000004,False
869,5,ORD-UNION,5,21,37,11,37,3,1,5,10,3,0.30000000000000004,0.30000000000000004,False
870,6,CARD,12,16,40,14,49,15,5,5,10,3,0.30000000000000004,0.30000000000000004,True
871,6,CLF_UNION,13,15,55,14,56,15,5,5,10,3,0.30000000000000004,0.30000000000000004,True
872,6,ORD-UNION,0,0,0,14,1,15,5,5,10,3,0.30000000000000004,0.30000000000000004,True
873,6,CARD,10,14,38,14,51,3,1,5,10,3,0.30000000000000004,0.30000000000000004,False
874,6,CLF_UNION,14,16,58,14,59,3,1,5,10,3,0.30000000000000004,0.30000000000000004,False
875,6,ORD-UNION,10,14,38,14,39,3,1,5,10,3,0.30000000000000004,0.30000000000000004,False
876,6,CARD,12,12,33,14,55,3,1,5,10,3,0.30000000000000004,0.30000000000000004,True
877,6,CLF_UNION,18,16,59,14,61,3,1,5,10,3,0.30000000000000004,0.30000000000000004,True
878,6,ORD-UNION,12,12,33,14,35,3,1,5,10,3,0.30000000000000004,0.30000000000000004,True
879,6,CARD,12,12,33,14,55,3,1,5,10,3,0.30000000000000004,0.30000000000000004,False
880,6,CLF_UNION,18,16,59,14,61,3,1,5,10,3,0.30000000000000004,0.30000000000000004,False
881,6,ORD-UNION,12,12,33,14,35,3,1,5,10,3,0.30000000000000004,0.30000000000000004,False
882,6,CARD,8,12,35,14,54,3,1,5,10,3,0.30000000000000004,0.30000000000000004,True
883,6,CLF_UNION,14,13,57,14,58,3,1,5,10,3,0.30000000000000004,0.30000000000000004,True
884,6,ORD-UNION,8,12,35,14,36,3,1,5,10,3,0.30000000000000004,0.30000000000000004,True
885,6,CARD,8,12,35,14,54,3,1,5,10,3,0.30000000000000004,0.30000000000000004,False
886,6,CLF_UNION,14,13,57,14,58,3,1,5,10,3,0.30000000000000004,0.30000000000000004,False
887,6,ORD-UNION,8,12,35,14,36,3,1,5,10,3,0.30000000000000004,0.30000000000000004,False
888,6,CARD,10,12,33,14,54,3,1,5,10,3,0.30000000000000004,0.30000000000000004,True
889,6,CLF_UNION,14,16,59,14,62,3,1,5,10,3,0.30000000000000004,0.30000000000000004,True
890,6,ORD-UNION,10,12,33,14,36,3,1,5,10,3,0.30000000000000004,0.30000000000000004,True
891,6,CARD,10,12,33,14,54,3,1,5,10,3,0.30000000000000004,0.30000000000000004,False
892,6,CLF_UNION,14,16,59,14,62,3,1,5,10,3,0.30000000000000004,0.30000000000000004,False
893,6,ORD-UNION,10,12,33,14,36,3,1,5,10,3,0.30000000000000004,0.30000000000000004,False
894,6,CARD,11,11,36,14,52,3,1,5,10,3,0.30000000000000004,0.30000000000000004,True
895,6,CLF_UNION,16,14,57,14,59,3,1,5,10,3,0.30000000000000004,0.30000000000000004,True
896,6,ORD-UNION,11,11,36,14,38,3,1,5,10,3,0.30000000000000004,0.30000000000000004,True
897,6,CARD,11,11,36,14,52,3,1,5,10,3,0.30000000000000004,0.30000000000000004,False
898,6,CLF_UNION,16,14,57,14,59,3,1,5,10,3,0.30000000000000004,0.30000000000000004,False
899,6,ORD-UNION,11,11,36,14,38,3,1,5,10,3,0.30000000000000004,0.30000000000000004,False
900,7,CARD,10,4,41,20,47,15,5,5,10,3,0.30000000000000004,0.30000000000000004,True
901,7,CLF_UNION,8,7,54,20,56,15,5,5,10,3,0.30000000000000004,0.30000000000000004,True
902,7,ORD-UNION,0,0,0,20,2,15,5,5,10,3,0.30000000000000004,0.30000000000000004,True
903,7,CARD,5,9,39,20,49,5,2,5,10,3,0.30000000000000004,0.30000000000000004,False
904,7,CLF_UNION,6,10,56,20,58,5,2,5,10,3,0.30000000000000004,0.30000000000000004,False
905,7,ORD-UNION,4,7,30,20,32,5,2,5,10,3,0.30000000000000004,0.30000000000000004,False
906,7,CARD,5,21,39,20,51,5,2,5,10,3,0.30000000000000004,0.30000000000000004,True
907,7,CLF_UNION,6,21,56,20,56,5,2,5,10,3,0.30000000000000004,0.30000000000000004,True
908,7,ORD-UNION,5,16,30,20,30,5,2,5,10,3,0.30000000000000004,0.30000000000000004,True
909,7,CARD,5,21,39,20,51,5,2,5,10,3,0.30000000000000004,0.30000000000000004,False
910,7,CLF_UNION,6,21,56,20,56,5,2,5,10,3,0.30000000000000004,0.30000000000000004,False
911,7,ORD-UNION,5,16,30,20,30,5,2,5,10,3,0.30000000000000004,0.30000000000000004,False
912,7,CARD,1,20,40,20,50,5,2,5,10,3,0.30000000000000004,0.30000000000000004,True
913,7,CLF_UNION,3,22,58,20,58,5,2,5,10,3,0.30000000000000004,0.30000000000000004,True
914,7,ORD-UNION,0,17,30,20,30,5,2,5,10,3,0.30000000000000004,0.30000000000000004,True
915,7,CARD,1,20,40,20,50,5,2,5,10,3,0.30000000000000004,0.30000000000000004,False
916,7,CLF_UNION,3,22,58,20,58,5,2,5,10,3,0.30000000000000004,0.30000000000000004,False
917,7,ORD-UNION,0,17,30,20,30,5,2,5,10,3,0.30000000000000004,0.30000000000000004,False
918,7,CARD,6,14,39,20,49,5,2,5,10,3,0.30000000000000004,0.30000000000000004,True
919,7,CLF_UNION,7,14,56,20,58,5,2,5,10,3,0.30000000000000004,0.30000000000000004,True
920,7,ORD-UNION,6,11,30,20,32,5,2,5,10,3,0.30000000000000004,0.30000000000000004,True
921,7,CARD,6,14,39,20,49,5,2,5,10,3,0.30000000000000004,0.30000000000000004,False
922,7,CLF_UNION,7,14,56,20,58,5,2,5,10,3,0.30000000000000004,0.30000000000000004,False
923,7,ORD-UNION,6,11,30,20,32,5,2,5,10,3,0.30000000000000004,0.30000000000000004,False
924,7,CARD,17,11,36,20,49,5,2,5,10,3,0.30000000000000004,0.30000000000000004,True
925,7,CLF_UNION,17,11,52,20,57,5,2,5,10,3,0.30000000000000004,0.30000000000000004,True
926,7,ORD-UNION,16,9,31,20,36,5,2,5,10,3,0.30000000000000004,0.30000000000000004,True
927,7,CARD,17,11,36,20,49,5,2,5,10,3,0.30000000000000004,0.30000000000000004,False
928,7,CLF_UNION,17,11,52,20,57,5,2,5,10,3,0.30000000000000004,0.30000000000000004,False
929,7,ORD-UNION,16,9,31,20,36,5,2,5,10,3,0.30000000000000004,0.30000000000000004,False
930,8,CARD,15,13,42,24,47,15,5,5,10,3,0.30000000000000004,0.30000000000000004,True
931,8,CLF_UNION,16,12,54,24,55,15,5,5,10,3,0.30000000000000004,0.30000000000000004,True
932,8,ORD-UNION,0,1,1,24,2,15,5,5,10,3,0.30000000000000004,0.30000000000000004,True
933,8,CARD,11,17,41,24,48,5,2,5,10,3,0.30000000000000004,0.30000000000000004,False
934,8,CLF_UNION,15,21,65,24,66,5,2,5,10,3,0.30000000000000004,0.30000000000000004,False
935,8,ORD-UNION,11,17,39,24,40,5,2,5,10,3,0.30000000000000004,0.30000000000000004,False
936,8,CARD,8,16,40,24,49,5,2,5,10,3,0.30000000000000004,0.30000000000000004,True
937,8,CLF_UNION,8,20,59,24,60,5,2,5,10,3,0.30000000000000004,0.30000000000000004,True
938,8,ORD-UNION,8,15,37,24,38,5,2,5,10,3,0.30000000000000004,0.30000000000000004,True
939,8,CARD,8,16,40,24,49,5,2,5,10,3,0.30000000000000004,0.30000000000000004,False
940,8,CLF_UNION,8,20,59,24,60,5,2,5,10,3,0.30000000000000004,0.30000000000000004,False
941,8,ORD-UNION,8,15,37,24,38,5,2,5,10,3,0.30000000000000004,0.30000000000000004,False
942,8,CARD,5,23,41,24,48,5,2,5,10,3,0.30000000000000004,0.30000000000000004,True
943,8,CLF_UNION,7,24,57,24,58,5,2,5,10,3,0.30000000000000004,0.30000000000000004,True
944,8,ORD-UNION,4,22,37,24,38,5,2,5,10,3,0.30000000000000004,0.30000000000000004,True
945,8,CARD,5,23,41,24,48,5,2,5,10,3,0.30000000000000004,0.30000000000000004,False
946,8,CLF_UNION,7,24,57,24,58,5,2,5,10,3,0.30000000000000004,0.30000000000000004,False
947,8,ORD-UNION,4,22,37,24,38,5,2,5,10,3,0.30000000000000004,0.30000000000000004,False
948,8,CARD,6,11,36,24,50,5,2,5,10,3,0.30000000000000004,0.30000000000000004,True
949,8,CLF_UNION,7,13,54,24,58,5,2,5,10,3,0.30000000000000004,0.30000000000000004,True
950,8,ORD-UNION,6,11,35,24,39,5,2,5,10,3,0.30000000000000004,0.30000000000000004,True
951,8,CARD,6,11,36,24,50,5,2,5,10,3,0.30000000000000004,0.30000000000000004,False
952,8,CLF_UNION,7,13,54,24,58,5,2,5,10,3,0.30000000000000004,0.30000000000000004,False
953,8,ORD-UNION,6,11,35,24,39,5,2,5,10,3,0.30000000000000004,0.30000000000000004,False
954,8,CARD,6,10,34,24,52,5,2,5,10,3,0.30000000000000004,0.30000000000000004,True
955,8,CLF_UNION,10,15,58,24,62,5,2,5,10,3,0.30000000000000004,0.30000000000000004,True
956,8,ORD-UNION,6,10,32,24,36,5,2,5,10,3,0.30000000000000004,0.30000000000000004,True
957,8,CARD,6,10,34,24,52,5,2,5,10,3,0.30000000000000004,0.30000000000000004,False
958,8,CLF_UNION,10,15,58,24,62,5,2,5,10,3,0.30000000000000004,0.30000000000000004,False
959,8,ORD-UNION,6,10,32,24,36,5,2,5,10,3,0.30000000000000004,0.30000000000000004,False
960,9,CARD,10,16,43,28,47,15,5,5,10,3,0.30000000000000004,0.30000000000000004,True
961,9,CLF_UNION,7,21,55,28,55,15,5,5,10,3,0.30000000000000004,0.30000000000000004,True
962,9,ORD-UNION,0,0,0,28,0,15,5,5,10,3,0.30000000000000004,0.30000000000000004,True
963,9,CARD,8,19,43,28,47,5,2,5,10,3,0.30000000000000004,0.30000000000000004,False
964,9,CLF_UNION,9,19,55,28,55,5,2,5,10,3,0.30000000000000004,0.30000000000000004,False
965,9,ORD-UNION,8,19,42,28,42,5,2,5,10,3,0.30000000000000004,0.30000000000000004,False
966,9,CARD,8,8,37,28,49,5,2,5,10,3,0.30000000000000004,0.30000000000000004,True
967,9,CLF_UNION,9,9,53,28,57,5,2,5,10,3,0.30000000000000004,0.30000000000000004,True
968,9,ORD-UNION,8,8,33,28,37,5,2,5,10,3,0.30000000000000004,0.30000000000000004,True
969,9,CARD,8,8,37,28,49,5,2,5,10,3,0.30000000000000004,0.30000000000000004,False
970,9,CLF_UNION,9,9,53,28,57,5,2,5,10,3,0.30000000000000004,0.30000000000000004,False
971,9,ORD-UNION,8,8,33,28,37,5,2,5,10,3,0.30000000000000004,0.30000000000000004,False
972,9,CARD,14,14,40,28,48,5,2,5,10,3,0.30000000000000004,0.30000000000000004,True
973,9,CLF_UNION,16,15,54,28,56,5,2,5,10,3,0.30000000000000004,0.30000000000000004,True
974,9,ORD-UNION,12,11,33,28,35,5,2,5,10,3,0.30000000000000004,0.30000000000000004,True
975,9,CARD,14,14,40,28,48,5,2,5,10,3,0.30000000000000004,0.30000000000000004,False
976,9,CLF_UNION,16,15,54,28,56,5,2,5,10,3,0.30000000000000004,0.30000000000000004,False
977,9,ORD-UNION,12,11,33,28,35,5,2,5,10,3,0.30000000000000004,0.30000000000000004,False
978,9,CARD,6,10,42,28,48,5,2,5,10,3,0.30000000000000004,0.30000000000000004,True
979,9,CLF_UNION,7,10,55,28,55,5,2,5,10,3,0.30000000000000004,0.30000000000000004,True
980,9,ORD-UNION,5,9,34,28,34,5,2,5,10,3,0.30000000000000004,0.30000000000000004,True
981,9,CARD,6,10,42,28,48,5,2,5,10,3,0.30000000000000004,0.30000000000000004,False
982,9,CLF_UNION,7,10,55,28,55,5,2,5,10,3,0.30000000000000004,0.30000000000000004,False
983,9,ORD-UNION,5,9,34,28,34,5,2,5,10,3,0.30000000000000004,0.30000000000000004,False
984,9,CARD,7,16,40,28,50,5,2,5,10,3,0.30000000000000004,0.30000000000000004,True
985,9,CLF_UNION,8,16,57,28,57,5,2,5,10,3,0.30000000000000004,0.30000000000000004,True
986,9,ORD-UNION,6,16,39,28,39,5,2,5,10,3,0.30000000000000004,0.30000000000000004,True
987,9,CARD,7,16,40,28,50,5,2,5,10,3,0.30000000000000004,0.30000000000000004,False
988,9,CLF_UNION,8,16,57,28,57,5,2,5,10,3,0.30000000000000004,0.30000000000000004,False
989,9,ORD-UNION,6,16,39,28,39,5,2,5,10,3,0.30000000000000004,0.30000000000000004,False
990,10,CARD,16,7,36,38,49,15,5,5,10,3,0.30000000000000004,0.30000000000000004,True
991,10,CLF_UNION,17,7,50,38,55,15,5,5,10,3,0.30000000000000004,0.30000000000000004,True
992,10,ORD-UNION,1,0,1,38,6,15,5,5,10,3,0.30000000000000004,0.30000000000000004,True
993,10,CARD,14,10,40,38,45,5,2,5,10,3,0.30000000000000004,0.30000000000000004,False
994,10,CLF_UNION,14,10,51,38,56,5,2,5,10,3,0.30000000000000004,0.30000000000000004,False
995,10,ORD-UNION,14,10,37,38,42,5,2,5,10,3,0.30000000000000004,0.30000000000000004,False
996,10,CARD,6,20,38,38,49,5,2,5,10,3,0.30000000000000004,0.30000000000000004,True
997,10,CLF_UNION,7,20,56,38,59,5,2,5,10,3,0.30000000000000004,0.30000000000000004,True
998,10,ORD-UNION,5,20,35,38,38,5,2,5,10,3,0.30000000000000004,0.30000000000000004,True
999,10,CARD,6,20,38,38,49,5,2,5,10,3,0.30000000000000004,0.30000000000000004,False
1000,10,CLF_UNION,7,20,56,38,59,5,2,5,10,3,0.30000000000000004,0.30000000000000004,False
1001,10,ORD-UNION,5,20,35,38,38,5,2,5,10,3,0.30000000000000004,0.30000000000000004,False
1002,10,CARD,12,9,42,38,46,5,2,5,10,3,0.30000000000000004,0.30000000000000004,True
1003,10,CLF_UNION,11,11,55,38,57,5,2,5,10,3,0.30000000000000004,0.30000000000000004,True
1004,10,ORD-UNION,11,9,39,38,41,5,2,5,10,3,0.30000000000000004,0.30000000000000004,True
1005,10,CARD,12,9,42,38,46,5,2,5,10,3,0.30000000000000004,0.30000000000000004,False
1006,10,CLF_UNION,11,11,55,38,57,5,2,5,10,3,0.30000000000000004,0.30000000000000004,False
1007,10,ORD-UNION,11,9,39,38,41,5,2,5,10,3,0.30000000000000004,0.30000000000000004,False
1008,10,CARD,1,25,38,38,49,5,2,5,10,3,0.30000000000000004,0.30000000000000004,True
1009,10,CLF_UNION,1,25,57,38,60,5,2,5,10,3,0.30000000000000004,0.30000000000000004,True
1010,10,ORD-UNION,0,25,34,38,37,5,2,5,10,3,0.30000000000000004,0.30000000000000004,True
1011,10,CARD,1,25,38,38,49,5,2,5,10,3,0.30000000000000004,0.30000000000000004,False
1012,10,CLF_UNION,1,25,57,38,60,5,2,5,10,3,0.30000000000000004,0.30000000000000004,False
1013,10,ORD-UNION,0,25,34,38,37,5,2,5,10,3,0.30000000000000004,0.30000000000000004,False
1014,10,CARD,13,13,41,38,46,5,2,5,10,3,0.30000000000000004,0.30000000000000004,True
1015,10,CLF_UNION,13,14,54,38,57,5,2,5,10,3,0.30000000000000004,0.30000000000000004,True
1016,10,ORD-UNION,12,13,39,38,42,5,2,5,10,3,0.30000000000000004,0.30000000000000004,True
1017,10,CARD,13,13,41,38,46,5,2,5,10,3,0.30000000000000004,0.30000000000000004,False
1018,10,CLF_UNION,13,14,54,38,57,5,2,5,10,3,0.30000000000000004,0.30000000000000004,False
1019,10,ORD-UNION,12,13,39,38,42,5,2,5,10,3,0.30000000000000004,0.30000000000000004,False
1020,11,CARD,7,15,35,43,48,15,5,5,10,3,0.30000000000000004,0.30000000000000004,True
1021,11,CLF_UNION,10,12,49,43,56,15,5,5,10,3,0.30000000000000004,0.30000000000000004,True
1022,11,ORD-UNION,1,5,8,43,15,15,5,5,10,3,0.30000000000000004,0.30000000000000004,True
1023,11,CARD,7,15,37,43,46,5,2,5,10,3,0.30000000000000004,0.30000000000000004,False
1024,11,CLF_UNION,7,15,51,43,58,5,2,5,10,3,0.30000000000000004,0.30000000000000004,False
1025,11,ORD-UNION,7,15,37,43,44,5,2,5,10,3,0.30000000000000004,0.30000000000000004,False
1026,11,CARD,10,15,41,43,46,5,2,5,10,3,0.30000000000000004,0.30000000000000004,True
1027,11,CLF_UNION,13,15,56,43,58,5,2,5,10,3,0.30000000000000004,0.30000000000000004,True
1028,11,ORD-UNION,10,15,38,43,41,5,2,5,10,3,0.30000000000000004,0.30000000000000004,True
1029,11,CARD,10,15,41,43,46,5,2,5,10,3,0.30000000000000004,0.30000000000000004,False
1030,11,CLF_UNION,13,15,56,43,58,5,2,5,10,3,0.30000000000000004,0.30000000000000004,False
1031,11,ORD-UNION,10,15,38,43,41,5,2,5,10,3,0.30000000000000004,0.30000000000000004,False
1032,11,CARD,12,14,43,43,46,5,2,5,10,3,0.30000000000000004,0.30000000000000004,True
1033,11,CLF_UNION,12,14,56,43,57,5,2,5,10,3,0.30000000000000004,0.30000000000000004,True
1034,11,ORD-UNION,12,14,41,43,42,5,2,5,10,3,0.30000000000000004,0.30000000000000004,True
1035,11,CARD,12,14,43,43,46,5,2,5,10,3,0.30000000000000004,0.30000000000000004,False
1036,11,CLF_UNION,12,14,56,43,57,5,2,5,10,3,0.30000000000000004,0.30000000000000004,False
1037,11,ORD-UNION,12,14,41,43,42,5,2,5,10,3,0.30000000000000004,0.30000000000000004,False
1038,11,CARD,11,13,40,43,45,5,2,5,10,3,0.30000000000000004,0.30000000000000004,True
1039,11,CLF_UNION,11,13,52,43,57,5,2,5,10,3,0.30000000000000004,0.30000000000000004,True
1040,11,ORD-UNION,10,13,39,43,44,5,2,5,10,3,0.30000000000000004,0.30000000000000004,True
1041,11,CARD,11,13,40,43,45,5,2,5,10,3,0.30000000000000004,0.30000000000000004,False
1042,11,CLF_UNION,11,13,52,43,57,5,2,5,10,3,0.30000000000000004,0.30000000000000004,False
1043,11,ORD-UNION,10,13,39,43,44,5,2,5,10,3,0.30000000000000004,0.30000000000000004,False
1044,11,CARD,10,14,39,43,46,5,2,5,10,3,0.30000000000000004,0.30000000000000004,True
1045,11,CLF_UNION,11,13,53,43,58,5,2,5,10,3,0.30000000000000004,0.30000000000000004,True
1046,11,ORD-UNION,10,14,37,43,42,5,2,5,10,3,0.30000000000000004,0.30000000000000004,True
1047,11,CARD,10,14,39,43,46,5,2,5,10,3,0.30000000000000004,0.30000000000000004,False
1048,11,CLF_UNION,11,13,53,43,58,5,2,5,10,3,0.30000000000000004,0.30000000000000004,False
1049,11,ORD-UNION,10,14,37,43,42,5,2,5,10,3,0.30000000000000004,0.30000000000000004,False
1050,12,CARD,18,13,43,53,46,15,5,5,10,3,0.30000000000000004,0.30000000000000004,True
1051,12,CLF_UNION,14,17,54,53,55,15,5,5,10,3,0.30000000000000004,0.30000000000000004,True
1052,12,ORD-UNION,3,0,5,53,6,15,5,5,10,3,0.30000000000000004,0.30000000000000004,True
1053,12,CARD,11,20,43,53,46,13,2,5,10,3,0.30000000000000004,0.30000000000000004,False
1054,12,CLF_UNION,15,16,54,53,55,13,2,5,10,3,0.30000000000000004,0.30000000000000004,False
1055,12,ORD-UNION,2,0,3,53,4,13,2,5,10,3,0.30000000000000004,0.30000000000000004,False
1056,12,CARD,6,6,39,53,46,13,2,5,10,3,0.30000000000000004,0.30000000000000004,True
1057,12,CLF_UNION,9,3,50,53,55,13,2,5,10,3,0.30000000000000004,0.30000000000000004,True
1058,12,ORD-UNION,0,0,0,53,5,13,2,5,10,3,0.30000000000000004,0.30000000000000004,True
1059,12,CARD,6,6,39,53,46,13,2,5,10,3,0.30000000000000004,0.30000000000000004,False
1060,12,CLF_UNION,9,3,50,53,55,13,2,5,10,3,0.30000000000000004,0.30000000000000004,False
1061,12,ORD-UNION,0,0,0,53,5,13,2,5,10,3,0.30000000000000004,0.30000000000000004,False
1062,12,CARD,8,9,39,53,47,13,2,5,10,3,0.30000000000000004,0.30000000000000004,True
1063,12,CLF_UNION,7,10,52,53,56,13,2,5,10,3,0.30000000000000004,0.30000000000000004,True
1064,12,ORD-UNION,0,0,1,53,5,13,2,5,10,3,0.30000000000000004,0.30000000000000004,True
1065,12,CARD,8,9,39,53,47,13,2,5,10,3,0.30000000000000004,0.30000000000000004,False
1066,12,CLF_UNION,7,10,52,53,56,13,2,5,10,3,0.30000000000000004,0.30000000000000004,False
1067,12,ORD-UNION,0,0,1,53,5,13,2,5,10,3,0.30000000000000004,0.30000000000000004,False
1068,12,CARD,13,13,42,53,45,13,2,5,10,3,0.30000000000000004,0.30000000000000004,True
1069,12,CLF_UNION,13,13,52,53,55,13,2,5,10,3,0.30000000000000004,0.30000000000000004,True
1070,12,ORD-UNION,0,0,0,53,3,13,2,5,10,3,0.30000000000000004,0.30000000000000004,True
1071,12,CARD,13,13,42,53,45,13,2,5,10,3,0.30000000000000004,0.30000000000000004,False
1072,12,CLF_UNION,13,13,52,53,55,13,2,5,10,3,0.30000000000000004,0.30000000000000004,False
1073,12,ORD-UNION,0,0,0,53,3,13,2,5,10,3,0.30000000000000004,0.30000000000000004,False
1074,12,CARD,11,3,41,53,47,13,2,5,10,3,0.30000000000000004,0.30000000000000004,True
1075,12,CLF_UNION,13,1,53,53,55,13,2,5,10,3,0.30000000000000004,0.30000000000000004,True
1076,12,ORD-UNION,2,0,3,53,5,13,2,5,10,3,0.30000000000000004,0.30000000000000004,True
1077,12,CARD,11,3,41,53,47,13,2,5,10,3,0.30000000000000004,0.30000000000000004,False
1078,12,CLF_UNION,13,1,53,53,55,13,2,5,10,3,0.30000000000000004,0.30000000000000004,False
1079,12,ORD-UNION,2,0,3,53,5,13,2,5,10,3,0.30000000000000004,0.30000000000000004,False
