,budget,model,correct,wrong,total,n_pref_input,n_pref_output,theta_size,theta_additivity,n_items,n_test_subsets,n_tiers,alpha,p,real theta
0,1,CARD,13,6,25,1,65,15,4,5,10,9,0.30000000000000004,0.30000000000000004,True
1,1,CLF_UNION,33,8,62,1,62,15,4,5,10,9,0.30000000000000004,0.30000000000000004,True
2,1,ORD-UNION,0,0,0,1,0,15,4,5,10,9,0.30000000000000004,0.30000000000000004,True
3,1,CARD,16,2,24,1,66,1,1,5,10,9,0.30000000000000004,0.30000000000000004,False
4,1,CLF_UNION,34,20,76,1,76,1,1,5,10,9,0.30000000000000004,0.30000000000000004,False
5,1,ORD-UNION,16,2,24,1,24,1,1,5,10,9,0.30000000000000004,0.30000000000000004,False
6,1,CARD,19,2,24,1,66,1,1,5,10,9,0.30000000000000004,0.30000000000000004,True
7,1,CLF_UNION,38,21,76,1,76,1,1,5,10,9,0.30000000000000004,0.30000000000000004,True
8,1,ORD-UNION,19,2,24,1,24,1,1,5,10,9,0.30000000000000004,0.30000000000000004,True
9,1,CARD,19,2,24,1,66,1,1,5,10,9,0.30000000000000004,0.30000000000000004,False
10,1,CLF_UNION,38,21,76,1,76,1,1,5,10,9,0.30000000000000004,0.30000000000000004,False
11,1,ORD-UNION,19,2,24,1,24,1,1,5,10,9,0.30000000000000004,0.30000000000000004,False
12,1,CARD,17,0,21,1,69,1,1,5,10,9,0.30000000000000004,0.30000000000000004,True
13,1,CLF_UNION,34,17,79,1,79,1,1,5,10,9,0.30000000000000004,0.30000000000000004,True
14,1,ORD-UNION,17,0,21,1,21,1,1,5,10,9,0.30000000000000004,0.30000000000000004,True
15,1,CARD,17,0,21,1,69,1,1,5,10,9,0.30000000000000004,0.30000000000000004,False
16,1,CLF_UNION,34,17,79,1,79,1,1,5,10,9,0.30000000000000004,0.30000000000000004,False
17,1,ORD-UNION,17,0,21,1,21,1,1,5,10,9,0.30000000000000004,0.30000000000000004,False
18,1,CARD,18,2,24,1,66,1,1,5,10,9,0.30000000000000004,0.30000000000000004,True
19,1,CLF_UNION,36,20,76,1,76,1,1,5,10,9,0.30000000000000004,0.30000000000000004,True
20,1,ORD-UNION,18,2,24,1,24,1,1,5,10,9,0.30000000000000004,0.30000000000000004,True
21,1,CARD,18,2,24,1,66,1,1,5,10,9,0.30000000000000004,0.30000000000000004,False
22,1,CLF_UNION,36,20,76,1,76,1,1,5,10,9,0.30000000000000004,0.30000000000000004,False
23,1,ORD-UNION,18,2,24,1,24,1,1,5,10,9,0.30000000000000004,0.30000000000000004,False
24,1,CARD,21,0,21,1,69,1,1,5,10,9,0.30000000000000004,0.30000000000000004,True
25,1,CLF_UNION,42,21,79,1,79,1,1,5,10,9,0.30000000000000004,0.30000000000000004,True
26,1,ORD-UNION,21,0,21,1,21,1,1,5,10,9,0.30000000000000004,0.30000000000000004,True
27,1,CARD,21,0,21,1,69,1,1,5,10,9,0.30000000000000004,0.30000000000000004,False
28,1,CLF_UNION,42,21,79,1,79,1,1,5,10,9,0.30000000000000004,0.30000000000000004,False
29,1,ORD-UNION,21,0,21,1,21,1,1,5,10,9,0.30000000000000004,0.30000000000000004,False
30,2,CARD,20,10,33,3,57,15,4,5,10,9,0.30000000000000004,0.30000000000000004,True
31,2,CLF_UNION,38,4,57,3,57,15,4,5,10,9,0.30000000000000004,0.30000000000000004,True
32,2,ORD-UNION,0,0,0,3,0,15,4,5,10,9,0.30000000000000004,0.30000000000000004,True
33,2,CARD,23,8,35,3,55,2,1,5,10,9,0.30000000000000004,0.30000000000000004,False
34,2,CLF_UNION,38,24,79,3,79,2,1,5,10,9,0.30000000000000004,0.30000000000000004,False
35,2,ORD-UNION,23,8,35,3,35,2,1,5,10,9,0.30000000000000004,0.30000000000000004,False
36,2,CARD,31,2,36,3,53,2,1,5,10,9,0.30000000000000004,0.30000000000000004,True
37,2,CLF_UNION,40,17,75,3,76,2,1,5,10,9,0.30000000000000004,0.30000000000000004,True
38,2,ORD-UNION,31,2,36,3,37,2,1,5,10,9,0.30000000000000004,0.30000000000000004,True
39,2,CARD,31,2,36,3,53,2,1,5,10,9,0.30000000000000004,0.30000000000000004,False
40,2,CLF_UNION,40,17,75,3,76,2,1,5,10,9,0.30000000000000004,0.30000000000000004,False
41,2,ORD-UNION,31,2,36,3,37,2,1,5,10,9,0.30000000000000004,0.30000000000000004,False
42,2,CARD,29,4,37,3,53,2,1,5,10,9,0.30000000000000004,0.30000000000000004,True
43,2,CLF_UNION,37,20,76,3,76,2,1,5,10,9,0.30000000000000004,0.30000000000000004,True
44,2,ORD-UNION,29,4,37,3,37,2,1,5,10,9,0.30000000000000004,0.30000000000000004,True
45,2,CARD,29,4,37,3,53,2,1,5,10,9,0.30000000000000004,0.30000000000000004,False
46,2,CLF_UNION,37,20,76,3,76,2,1,5,10,9,0.30000000000000004,0.30000000000000004,False
47,2,ORD-UNION,29,4,37,3,37,2,1,5,10,9,0.30000000000000004,0.30000000000000004,False
48,2,CARD,27,6,37,3,53,2,1,5,10,9,0.30000000000000004,0.30000000000000004,True
49,2,CLF_UNION,37,22,75,3,75,2,1,5,10,9,0.30000000000000004,0.30000000000000004,True
50,2,ORD-UNION,27,6,37,3,37,2,1,5,10,9,0.30000000000000004,0.30000000000000004,True
51,2,CARD,27,6,37,3,53,2,1,5,10,9,0.30000000000000004,0.30000000000000004,False
52,2,CLF_UNION,37,22,75,3,75,2,1,5,10,9,0.30000000000000004,0.30000000000000004,False
53,2,ORD-UNION,27,6,37,3,37,2,1,5,10,9,0.30000000000000004,0.30000000000000004,False
54,2,CARD,26,6,35,3,55,2,1,5,10,9,0.30000000000000004,0.30000000000000004,True
55,2,CLF_UNION,42,22,79,3,79,2,1,5,10,9,0.30000000000000004,0.30000000000000004,True
56,2,ORD-UNION,26,6,35,3,35,2,1,5,10,9,0.30000000000000004,0.30000000000000004,True
57,2,CARD,26,6,35,3,55,2,1,5,10,9,0.30000000000000004,0.30000000000000004,False
58,2,CLF_UNION,42,22,79,3,79,2,1,5,10,9,0.30000000000000004,0.30000000000000004,False
59,2,ORD-UNION,26,6,35,3,35,2,1,5,10,9,0.30000000000000004,0.30000000000000004,False
60,3,CARD,27,6,35,6,55,15,4,5,10,9,0.30000000000000004,0.30000000000000004,True
61,3,CLF_UNION,37,7,57,6,57,15,4,5,10,9,0.30000000000000004,0.30000000000000004,True
62,3,ORD-UNION,0,0,0,6,0,15,4,5,10,9,0.30000000000000004,0.30000000000000004,True
63,3,CARD,27,6,35,6,55,2,1,5,10,9,0.30000000000000004,0.30000000000000004,False
64,3,CLF_UNION,37,16,68,6,68,2,1,5,10,9,0.30000000000000004,0.30000000000000004,False
65,3,ORD-UNION,27,6,35,6,35,2,1,5,10,9,0.30000000000000004,0.30000000000000004,False
66,3,CARD,20,10,33,6,57,2,1,5,10,9,0.30000000000000004,0.30000000000000004,True
67,3,CLF_UNION,32,23,71,6,71,2,1,5,10,9,0.30000000000000004,0.30000000000000004,True
68,3,ORD-UNION,20,10,33,6,33,2,1,5,10,9,0.30000000000000004,0.30000000000000004,True
69,3,CARD,20,10,33,6,57,2,1,5,10,9,0.30000000000000004,0.30000000000000004,False
70,3,CLF_UNION,32,23,71,6,71,2,1,5,10,9,0.30000000000000004,0.30000000000000004,False
71,3,ORD-UNION,20,10,33,6,33,2,1,5,10,9,0.30000000000000004,0.30000000000000004,False
72,3,CARD,20,10,35,6,55,2,1,5,10,9,0.30000000000000004,0.30000000000000004,True
73,3,CLF_UNION,28,24,71,6,71,2,1,5,10,9,0.30000000000000004,0.30000000000000004,True
74,3,ORD-UNION,20,10,35,6,35,2,1,5,10,9,0.30000000000000004,0.30000000000000004,True
75,3,CARD,20,10,35,6,55,2,1,5,10,9,0.30000000000000004,0.30000000000000004,False
76,3,CLF_UNION,28,24,71,6,71,2,1,5,10,9,0.30000000000000004,0.30000000000000004,False
77,3,ORD-UNION,20,10,35,6,35,2,1,5,10,9,0.30000000000000004,0.30000000000000004,False
78,3,CARD,22,9,35,6,55,2,1,5,10,9,0.30000000000000004,0.30000000000000004,True
79,3,CLF_UNION,33,22,71,6,71,2,1,5,10,9,0.30000000000000004,0.30000000000000004,True
80,3,ORD-UNION,22,9,35,6,35,2,1,5,10,9,0.30000000000000004,0.30000000000000004,True
81,3,CARD,22,9,35,6,55,2,1,5,10,9,0.30000000000000004,0.30000000000000004,False
82,3,CLF_UNION,33,22,71,6,71,2,1,5,10,9,0.30000000000000004,0.30000000000000004,False
83,3,ORD-UNION,22,9,35,6,35,2,1,5,10,9,0.30000000000000004,0.30000000000000004,False
84,3,CARD,23,7,32,6,57,2,1,5,10,9,0.30000000000000004,0.30000000000000004,True
85,3,CLF_UNION,31,15,66,6,67,2,1,5,10,9,0.30000000000000004,0.30000000000000004,True
86,3,ORD-UNION,23,7,32,6,33,2,1,5,10,9,0.30000000000000004,0.30000000000000004,True
87,3,CARD,23,7,32,6,57,2,1,5,10,9,0.30000000000000004,0.30000000000000004,False
88,3,CLF_UNION,31,15,66,6,67,2,1,5,10,9,0.30000000000000004,0.30000000000000004,False
89,3,ORD-UNION,23,7,32,6,33,2,1,5,10,9,0.30000000000000004,0.30000000000000004,False
90,4,CARD,27,5,37,9,53,15,4,5,10,9,0.30000000000000004,0.30000000000000004,True
91,4,CLF_UNION,36,4,55,9,55,15,4,5,10,9,0.30000000000000004,0.30000000000000004,True
92,4,ORD-UNION,0,0,0,9,0,15,4,5,10,9,0.30000000000000004,0.30000000000000004,True
93,4,CARD,27,5,37,9,53,3,1,5,10,9,0.30000000000000004,0.30000000000000004,False
94,4,CLF_UNION,33,12,60,9,60,3,1,5,10,9,0.30000000000000004,0.30000000000000004,False
95,4,ORD-UNION,26,5,36,9,36,3,1,5,10,9,0.30000000000000004,0.30000000000000004,False
96,4,CARD,32,4,39,9,50,3,1,5,10,9,0.30000000000000004,0.30000000000000004,True
97,4,CLF_UNION,39,11,63,9,64,3,1,5,10,9,0.30000000000000004,0.30000000000000004,True
98,4,ORD-UNION,30,2,35,9,36,3,1,5,10,9,0.30000000000000004,0.30000000000000004,True
99,4,CARD,32,4,39,9,50,3,1,5,10,9,0.30000000000000004,0.30000000000000004,False
100,4,CLF_UNION,39,11,63,9,64,3,1,5,10,9,0.30000000000000004,0.30000000000000004,False
101,4,ORD-UNION,30,2,35,9,36,3,1,5,10,9,0.30000000000000004,0.30000000000000004,False
102,4,CARD,22,9,37,9,53,3,1,5,10,9,0.30000000000000004,0.30000000000000004,True
103,4,CLF_UNION,27,16,60,9,60,3,1,5,10,9,0.30000000000000004,0.30000000000000004,True
104,4,ORD-UNION,21,8,35,9,35,3,1,5,10,9,0.30000000000000004,0.30000000000000004,True
105,4,CARD,22,9,37,9,53,3,1,5,10,9,0.30000000000000004,0.30000000000000004,False
106,4,CLF_UNION,27,16,60,9,60,3,1,5,10,9,0.30000000000000004,0.30000000000000004,False
107,4,ORD-UNION,21,8,35,9,35,3,1,5,10,9,0.30000000000000004,0.30000000000000004,False
108,4,CARD,30,3,36,9,54,3,1,5,10,9,0.30000000000000004,0.30000000000000004,True
109,4,CLF_UNION,35,9,59,9,59,3,1,5,10,9,0.30000000000000004,0.30000000000000004,True
110,4,ORD-UNION,30,3,36,9,36,3,1,5,10,9,0.30000000000000004,0.30000000000000004,True
111,4,CARD,30,3,36,9,54,3,1,5,10,9,0.30000000000000004,0.30000000000000004,False
112,4,CLF_UNION,35,9,59,9,59,3,1,5,10,9,0.30000000000000004,0.30000000000000004,False
113,4,ORD-UNION,30,3,36,9,36,3,1,5,10,9,0.30000000000000004,0.30000000000000004,False
114,4,CARD,30,5,39,9,50,3,1,5,10,9,0.30000000000000004,0.30000000000000004,True
115,4,CLF_UNION,35,11,61,9,62,3,1,5,10,9,0.30000000000000004,0.30000000000000004,True
116,4,ORD-UNION,29,3,35,9,36,3,1,5,10,9,0.30000000000000004,0.30000000000000004,True
117,4,CARD,30,5,39,9,50,3,1,5,10,9,0.30000000000000004,0.30000000000000004,False
118,4,CLF_UNION,35,11,61,9,62,3,1,5,10,9,0.30000000000000004,0.30000000000000004,False
119,4,ORD-UNION,29,3,35,9,36,3,1,5,10,9,0.30000000000000004,0.30000000000000004,False
120,5,CARD,26,13,43,14,47,15,4,5,10,9,0.30000000000000004,0.30000000000000004,True
121,5,CLF_UNION,39,1,55,14,55,15,4,5,10,9,0.30000000000000004,0.30000000000000004,True
122,5,ORD-UNION,1,0,1,14,1,15,4,5,10,9,0.30000000000000004,0.30000000000000004,True
123,5,CARD,28,9,42,14,48,3,1,5,10,9,0.30000000000000004,0.30000000000000004,False
124,5,CLF_UNION,30,14,60,14,60,3,1,5,10,9,0.30000000000000004,0.30000000000000004,False
125,5,ORD-UNION,27,9,40,14,40,3,1,5,10,9,0.30000000000000004,0.30000000000000004,False
126,5,CARD,27,3,40,14,50,3,1,5,10,9,0.30000000000000004,0.30000000000000004,True
127,5,CLF_UNION,31,8,63,14,63,3,1,5,10,9,0.30000000000000004,0.30000000000000004,True
128,5,ORD-UNION,27,3,40,14,40,3,1,5,10,9,0.30000000000000004,0.30000000000000004,True
129,5,CARD,27,3,40,14,50,3,1,5,10,9,0.30000000000000004,0.30000000000000004,False
130,5,CLF_UNION,31,8,63,14,63,3,1,5,10,9,0.30000000000000004,0.30000000000000004,False
131,5,ORD-UNION,27,3,40,14,40,3,1,5,10,9,0.30000000000000004,0.30000000000000004,False
132,5,CARD,23,6,37,14,53,3,1,5,10,9,0.30000000000000004,0.30000000000000004,True
133,5,CLF_UNION,31,14,63,14,63,3,1,5,10,9,0.30000000000000004,0.30000000000000004,True
134,5,ORD-UNION,23,6,37,14,37,3,1,5,10,9,0.30000000000000004,0.30000000000000004,True
135,5,CARD,23,6,37,14,53,3,1,5,10,9,0.30000000000000004,0.30000000000000004,False
136,5,CLF_UNION,31,14,63,14,63,3,1,5,10,9,0.30000000000000004,0.30000000000000004,False
137,5,ORD-UNION,23,6,37,14,37,3,1,5,10,9,0.30000000000000004,0.30000000000000004,False
138,5,CARD,32,1,38,14,51,3,1,5,10,9,0.30000000000000004,0.30000000000000004,True
139,5,CLF_UNION,38,7,60,14,61,3,1,5,10,9,0.30000000000000004,0.30000000000000004,True
140,5,ORD-UNION,32,1,38,14,39,3,1,5,10,9,0.30000000000000004,0.30000000000000004,True
141,5,CARD,32,1,38,14,51,3,1,5,10,9,0.30000000000000004,0.30000000000000004,False
142,5,CLF_UNION,38,7,60,14,61,3,1,5,10,9,0.30000000000000004,0.30000000000000004,False
143,5,ORD-UNION,32,1,38,14,39,3,1,5,10,9,0.30000000000000004,0.30000000000000004,False
144,5,CARD,28,1,37,14,50,3,1,5,10,9,0.30000000000000004,0.30000000000000004,True
145,5,CLF_UNION,33,7,59,14,62,3,1,5,10,9,0.30000000000000004,0.30000000000000004,True
146,5,ORD-UNION,28,1,37,14,40,3,1,5,10,9,0.30000000000000004,0.30000000000000004,True
147,5,CARD,28,1,37,14,50,3,1,5,10,9,0.30000000000000004,0.30000000000000004,False
148,5,CLF_UNION,33,7,59,14,62,3,1,5,10,9,0.30000000000000004,0.30000000000000004,False
149,5,ORD-UNION,28,1,37,14,40,3,1,5,10,9,0.30000000000000004,0.30000000000000004,False
150,6,CARD,38,0,42,19,48,15,4,5,10,9,0.30000000000000004,0.30000000000000004,True
151,6,CLF_UNION,41,0,55,19,55,15,4,5,10,9,0.30000000000000004,0.30000000000000004,True
152,6,ORD-UNION,1,0,1,19,1,15,4,5,10,9,0.30000000000000004,0.30000000000000004,True
153,6,CARD,36,3,43,19,47,4,1,5,10,9,0.30000000000000004,0.30000000000000004,False
154,6,CLF_UNION,38,5,57,19,57,4,1,5,10,9,0.30000000000000004,0.30000000000000004,False
155,6,ORD-UNION,36,0,40,19,40,4,1,5,10,9,0.30000000000000004,0.30000000000000004,False
156,6,CARD,33,2,41,19,49,4,1,5,10,9,0.30000000000000004,0.30000000000000004,True
157,6,CLF_UNION,36,4,57,19,57,4,1,5,10,9,0.30000000000000004,0.30000000000000004,True
158,6,ORD-UNION,33,1,39,19,39,4,1,5,10,9,0.30000000000000004,0.30000000000000004,True
159,6,CARD,33,2,41,19,49,4,1,5,10,9,0.30000000000000004,0.30000000000000004,False
160,6,CLF_UNION,36,4,57,19,57,4,1,5,10,9,0.30000000000000004,0.30000000000000004,False
161,6,ORD-UNION,33,1,39,19,39,4,1,5,10,9,0.30000000000000004,0.30000000000000004,False
162,6,CARD,34,2,39,19,48,4,1,5,10,9,0.30000000000000004,0.30000000000000004,True
163,6,CLF_UNION,35,2,53,19,56,4,1,5,10,9,0.30000000000000004,0.30000000000000004,True
164,6,ORD-UNION,33,1,36,19,39,4,1,5,10,9,0.30000000000000004,0.30000000000000004,True
165,6,CARD,34,2,39,19,48,4,1,5,10,9,0.30000000000000004,0.30000000000000004,False
166,6,CLF_UNION,35,2,53,19,56,4,1,5,10,9,0.30000000000000004,0.30000000000000004,False
167,6,ORD-UNION,33,1,36,19,39,4,1,5,10,9,0.30000000000000004,0.30000000000000004,False
168,6,CARD,32,3,41,19,49,4,1,5,10,9,0.30000000000000004,0.30000000000000004,True
169,6,CLF_UNION,35,4,57,19,57,4,1,5,10,9,0.30000000000000004,0.30000000000000004,True
170,6,ORD-UNION,32,1,38,19,38,4,1,5,10,9,0.30000000000000004,0.30000000000000004,True
171,6,CARD,32,3,41,19,49,4,1,5,10,9,0.30000000000000004,0.30000000000000004,False
172,6,CLF_UNION,35,4,57,19,57,4,1,5,10,9,0.30000000000000004,0.30000000000000004,False
173,6,ORD-UNION,32,1,38,19,38,4,1,5,10,9,0.30000000000000004,0.30000000000000004,False
174,6,CARD,33,2,38,19,52,4,1,5,10,9,0.30000000000000004,0.30000000000000004,True
175,6,CLF_UNION,36,7,60,19,60,4,1,5,10,9,0.30000000000000004,0.30000000000000004,True
176,6,ORD-UNION,33,1,37,19,37,4,1,5,10,9,0.30000000000000004,0.30000000000000004,True
177,6,CARD,33,2,38,19,52,4,1,5,10,9,0.30000000000000004,0.30000000000000004,False
178,6,CLF_UNION,36,7,60,19,60,4,1,5,10,9,0.30000000000000004,0.30000000000000004,False
179,6,ORD-UNION,33,1,37,19,37,4,1,5,10,9,0.30000000000000004,0.30000000000000004,False
180,7,CARD,30,1,33,26,48,15,4,5,10,9,0.30000000000000004,0.30000000000000004,True
181,7,CLF_UNION,31,1,47,26,56,15,4,5,10,9,0.30000000000000004,0.30000000000000004,True
182,7,ORD-UNION,7,0,7,26,16,15,4,5,10,9,0.30000000000000004,0.30000000000000004,True
183,7,CARD,28,3,35,26,46,5,1,5,10,9,0.30000000000000004,0.30000000000000004,False
184,7,CLF_UNION,30,2,46,26,55,5,1,5,10,9,0.30000000000000004,0.30000000000000004,False
185,7,ORD-UNION,25,1,27,26,36,5,1,5,10,9,0.30000000000000004,0.30000000000000004,False
186,7,CARD,32,4,39,26,48,5,1,5,10,9,0.30000000000000004,0.30000000000000004,True
187,7,CLF_UNION,38,0,52,26,55,5,1,5,10,9,0.30000000000000004,0.30000000000000004,True
188,7,ORD-UNION,29,0,30,26,33,5,1,5,10,9,0.30000000000000004,0.30000000000000004,True
189,7,CARD,32,4,39,26,48,5,1,5,10,9,0.30000000000000004,0.30000000000000004,False
190,7,CLF_UNION,38,0,52,26,55,5,1,5,10,9,0.30000000000000004,0.30000000000000004,False
191,7,ORD-UNION,29,0,30,26,33,5,1,5,10,9,0.30000000000000004,0.30000000000000004,False
192,7,CARD,37,2,43,26,47,5,1,5,10,9,0.30000000000000004,0.30000000000000004,True
193,7,CLF_UNION,41,0,55,26,55,5,1,5,10,9,0.30000000000000004,0.30000000000000004,True
194,7,ORD-UNION,33,0,34,26,34,5,1,5,10,9,0.30000000000000004,0.30000000000000004,True
195,7,CARD,37,2,43,26,47,5,1,5,10,9,0.30000000000000004,0.30000000000000004,False
196,7,CLF_UNION,41,0,55,26,55,5,1,5,10,9,0.30000000000000004,0.30000000000000004,False
197,7,ORD-UNION,33,0,34,26,34,5,1,5,10,9,0.30000000000000004,0.30000000000000004,False
198,7,CARD,34,3,43,26,46,5,1,5,10,9,0.30000000000000004,0.30000000000000004,True
199,7,CLF_UNION,36,1,54,26,55,5,1,5,10,9,0.30000000000000004,0.30000000000000004,True
200,7,ORD-UNION,31,1,34,26,35,5,1,5,10,9,0.30000000000000004,0.30000000000000004,True
201,7,CARD,34,3,43,26,46,5,1,5,10,9,0.30000000000000004,0.30000000000000004,False
202,7,CLF_UNION,36,1,54,26,55,5,1,5,10,9,0.30000000000000004,0.30000000000000004,False
203,7,ORD-UNION,31,1,34,26,35,5,1,5,10,9,0.30000000000000004,0.30000000000000004,False
204,7,CARD,34,1,38,26,46,5,1,5,10,9,0.30000000000000004,0.30000000000000004,True
205,7,CLF_UNION,36,0,49,26,55,5,1,5,10,9,0.30000000000000004,0.30000000000000004,True
206,7,ORD-UNION,32,0,33,26,39,5,1,5,10,9,0.30000000000000004,0.30000000000000004,True
207,7,CARD,34,1,38,26,46,5,1,5,10,9,0.30000000000000004,0.30000000000000004,False
208,7,CLF_UNION,36,0,49,26,55,5,1,5,10,9,0.30000000000000004,0.30000000000000004,False
209,7,ORD-UNION,32,0,33,26,39,5,1,5,10,9,0.30000000000000004,0.30000000000000004,False
210,8,CARD,34,2,39,34,49,15,4,5,10,9,0.30000000000000004,0.30000000000000004,True
211,8,CLF_UNION,38,0,54,34,56,15,4,5,10,9,0.30000000000000004,0.30000000000000004,True
212,8,ORD-UNION,4,0,4,34,6,15,4,5,10,9,0.30000000000000004,0.30000000000000004,True
213,8,CARD,35,2,41,34,47,5,1,5,10,9,0.30000000000000004,0.30000000000000004,False
214,8,CLF_UNION,38,2,55,34,57,5,1,5,10,9,0.30000000000000004,0.30000000000000004,False
215,8,ORD-UNION,34,0,35,34,37,5,1,5,10,9,0.30000000000000004,0.30000000000000004,False
216,8,CARD,31,4,43,34,45,5,1,5,10,9,0.30000000000000004,0.30000000000000004,True
217,8,CLF_UNION,35,1,56,34,58,5,1,5,10,9,0.30000000000000004,0.30000000000000004,True
218,8,ORD-UNION,29,0,33,34,35,5,1,5,10,9,0.30000000000000004,0.30000000000000004,True
219,8,CARD,31,4,43,34,45,5,1,5,10,9,0.30000000000000004,0.30000000000000004,False
220,8,CLF_UNION,35,1,56,34,58,5,1,5,10,9,0.30000000000000004,0.30000000000000004,False
221,8,ORD-UNION,29,0,33,34,35,5,1,5,10,9,0.30000000000000004,0.30000000000000004,False
222,8,CARD,31,2,40,34,45,5,1,5,10,9,0.30000000000000004,0.30000000000000004,True
223,8,CLF_UNION,33,1,52,34,57,5,1,5,10,9,0.30000000000000004,0.30000000000000004,True
224,8,ORD-UNION,29,0,32,34,37,5,1,5,10,9,0.30000000000000004,0.30000000000000004,True
225,8,CARD,31,2,40,34,45,5,1,5,10,9,0.30000000000000004,0.30000000000000004,False
226,8,CLF_UNION,33,1,52,34,57,5,1,5,10,9,0.30000000000000004,0.30000000000000004,False
227,8,ORD-UNION,29,0,32,34,37,5,1,5,10,9,0.30000000000000004,0.30000000000000004,False
228,8,CARD,26,0,37,34,47,5,1,5,10,9,0.30000000000000004,0.30000000000000004,True
229,8,CLF_UNION,27,1,51,34,57,5,1,5,10,9,0.30000000000000004,0.30000000000000004,True
230,8,ORD-UNION,24,0,28,34,34,5,1,5,10,9,0.30000000000000004,0.30000000000000004,True
231,8,CARD,26,0,37,34,47,5,1,5,10,9,0.30000000000000004,0.30000000000000004,False
232,8,CLF_UNION,27,1,51,34,57,5,1,5,10,9,0.30000000000000004,0.30000000000000004,False
233,8,ORD-UNION,24,0,28,34,34,5,1,5,10,9,0.30000000000000004,0.30000000000000004,False
234,8,CARD,29,8,41,34,46,5,1,5,10,9,0.30000000000000004,0.30000000000000004,True
235,8,CLF_UNION,35,3,54,34,57,5,1,5,10,9,0.30000000000000004,0.30000000000000004,True
236,8,ORD-UNION,29,0,30,34,33,5,1,5,10,9,0.30000000000000004,0.30000000000000004,True
237,8,CARD,29,8,41,34,46,5,1,5,10,9,0.30000000000000004,0.30000000000000004,False
238,8,CLF_UNION,35,3,54,34,57,5,1,5,10,9,0.30000000000000004,0.30000000000000004,False
239,8,ORD-UNION,29,0,30,34,33,5,1,5,10,9,0.30000000000000004,0.30000000000000004,False
240,9,CARD,38,1,41,41,48,15,4,5,10,9,0.30000000000000004,0.30000000000000004,True
241,9,CLF_UNION,38,1,54,41,55,15,4,5,10,9,0.30000000000000004,0.30000000000000004,True
242,9,ORD-UNION,4,0,4,41,5,15,4,5,10,9,0.30000000000000004,0.30000000000000004,True
243,9,CARD,38,1,43,41,46,5,1,5,10,9,0.30000000000000004,0.30000000000000004,False
244,9,CLF_UNION,39,4,61,41,62,5,1,5,10,9,0.30000000000000004,0.30000000000000004,False
245,9,ORD-UNION,38,0,41,41,42,5,1,5,10,9,0.30000000000000004,0.30000000000000004,False
246,9,CARD,32,2,42,41,45,5,1,5,10,9,0.30000000000000004,0.30000000000000004,True
247,9,CLF_UNION,34,1,54,41,57,5,1,5,10,9,0.30000000000000004,0.30000000000000004,True
248,9,ORD-UNION,30,0,32,41,35,5,1,5,10,9,0.30000000000000004,0.30000000000000004,True
249,9,CARD,32,2,42,41,45,5,1,5,10,9,0.30000000000000004,0.30000000000000004,False
250,9,CLF_UNION,34,1,54,41,57,5,1,5,10,9,0.30000000000000004,0.30000000000000004,False
251,9,ORD-UNION,30,0,32,41,35,5,1,5,10,9,0.30000000000000004,0.30000000000000004,False
252,9,CARD,37,2,42,41,47,5,1,5,10,9,0.30000000000000004,0.30000000000000004,True
253,9,CLF_UNION,40,4,58,41,59,5,1,5,10,9,0.30000000000000004,0.30000000000000004,True
254,9,ORD-UNION,37,1,39,41,40,5,1,5,10,9,0.30000000000000004,0.30000000000000004,True
255,9,CARD,37,2,42,41,47,5,1,5,10,9,0.30000000000000004,0.30000000000000004,False
256,9,CLF_UNION,40,4,58,41,59,5,1,5,10,9,0.30000000000000004,0.30000000000000004,False
257,9,ORD-UNION,37,1,39,41,40,5,1,5,10,9,0.30000000000000004,0.30000000000000004,False
258,9,CARD,33,3,38,41,46,5,1,5,10,9,0.30000000000000004,0.30000000000000004,True
259,9,CLF_UNION,36,4,56,41,62,5,1,5,10,9,0.30000000000000004,0.30000000000000004,True
260,9,ORD-UNION,33,0,34,41,40,5,1,5,10,9,0.30000000000000004,0.30000000000000004,True
261,9,CARD,33,3,38,41,46,5,1,5,10,9,0.30000000000000004,0.30000000000000004,False
262,9,CLF_UNION,36,4,56,41,62,5,1,5,10,9,0.30000000000000004,0.30000000000000004,False
263,9,ORD-UNION,33,0,34,41,40,5,1,5,10,9,0.30000000000000004,0.30000000000000004,False
264,9,CARD,29,0,32,41,48,5,1,5,10,9,0.30000000000000004,0.30000000000000004,True
265,9,CLF_UNION,31,3,50,41,60,5,1,5,10,9,0.30000000000000004,0.30000000000000004,True
266,9,ORD-UNION,29,0,31,41,41,5,1,5,10,9,0.30000000000000004,0.30000000000000004,True
267,9,CARD,29,0,32,41,48,5,1,5,10,9,0.30000000000000004,0.30000000000000004,False
268,9,CLF_UNION,31,3,50,41,60,5,1,5,10,9,0.30000000000000004,0.30000000000000004,False
269,9,ORD-UNION,29,0,31,41,41,5,1,5,10,9,0.30000000000000004,0.30000000000000004,False
270,10,CARD,36,0,39,51,48,15,4,5,10,9,0.30000000000000004,0.30000000000000004,True
271,10,CLF_UNION,36,0,52,51,55,15,4,5,10,9,0.30000000000000004,0.30000000000000004,True
272,10,ORD-UNION,2,0,2,51,5,15,4,5,10,9,0.30000000000000004,0.30000000000000004,True
273,10,CARD,35,0,40,51,47,5,1,5,10,9,0.30000000000000004,0.30000000000000004,False
274,10,CLF_UNION,36,0,54,51,57,5,1,5,10,9,0.30000000000000004,0.30000000000000004,False
275,10,ORD-UNION,34,0,36,51,39,5,1,5,10,9,0.30000000000000004,0.30000000000000004,False
276,10,CARD,26,2,35,51,48,5,1,5,10,9,0.30000000000000004,0.30000000000000004,True
277,10,CLF_UNION,29,1,49,51,56,5,1,5,10,9,0.30000000000000004,0.30000000000000004,True
278,10,ORD-UNION,26,0,28,51,35,5,1,5,10,9,0.30000000000000004,0.30000000000000004,True
279,10,CARD,26,2,35,51,48,5,1,5,10,9,0.30000000000000004,0.30000000000000004,False
280,10,CLF_UNION,29,1,49,51,56,5,1,5,10,9,0.30000000000000004,0.30000000000000004,False
281,10,ORD-UNION,26,0,28,51,35,5,1,5,10,9,0.30000000000000004,0.30000000000000004,False
282,10,CARD,37,0,43,51,47,5,1,5,10,9,0.30000000000000004,0.30000000000000004,True
283,10,CLF_UNION,39,0,55,51,55,5,1,5,10,9,0.30000000000000004,0.30000000000000004,True
284,10,ORD-UNION,36,0,40,51,40,5,1,5,10,9,0.30000000000000004,0.30000000000000004,True
285,10,CARD,37,0,43,51,47,5,1,5,10,9,0.30000000000000004,0.30000000000000004,False
286,10,CLF_UNION,39,0,55,51,55,5,1,5,10,9,0.30000000000000004,0.30000000000000004,False
287,10,ORD-UNION,36,0,40,51,40,5,1,5,10,9,0.30000000000000004,0.30000000000000004,False
288,10,CARD,29,4,37,51,47,5,1,5,10,9,0.30000000000000004,0.30000000000000004,True
289,10,CLF_UNION,33,2,50,51,56,5,1,5,10,9,0.30000000000000004,0.30000000000000004,True
290,10,ORD-UNION,29,0,31,51,37,5,1,5,10,9,0.30000000000000004,0.30000000000000004,True
291,10,CARD,29,4,37,51,47,5,1,5,10,9,0.30000000000000004,0.30000000000000004,False
292,10,CLF_UNION,33,2,50,51,56,5,1,5,10,9,0.30000000000000004,0.30000000000000004,False
293,10,ORD-UNION,29,0,31,51,37,5,1,5,10,9,0.30000000000000004,0.30000000000000004,False
294,10,CARD,31,0,38,51,46,5,1,5,10,9,0.30000000000000004,0.30000000000000004,True
295,10,CLF_UNION,31,0,49,51,55,5,1,5,10,9,0.30000000000000004,0.30000000000000004,True
296,10,ORD-UNION,29,0,31,51,37,5,1,5,10,9,0.30000000000000004,0.30000000000000004,True
297,10,CARD,31,0,38,51,46,5,1,5,10,9,0.30000000000000004,0.30000000000000004,False
298,10,CLF_UNION,31,0,49,51,55,5,1,5,10,9,0.30000000000000004,0.30000000000000004,False
299,10,ORD-UNION,29,0,31,51,37,5,1,5,10,9,0.30000000000000004,0.30000000000000004,False
300,11,CARD,37,1,40,59,47,15,4,5,10,9,0.30000000000000004,0.30000000000000004,True
301,11,CLF_UNION,38,0,52,59,55,15,4,5,10,9,0.30000000000000004,0.30000000000000004,True
302,11,ORD-UNION,5,0,5,59,8,15,4,5,10,9,0.30000000000000004,0.30000000000000004,True
303,11,CARD,35,1,40,59,47,5,1,5,10,9,0.30000000000000004,0.30000000000000004,False
304,11,CLF_UNION,37,1,52,59,55,5,1,5,10,9,0.30000000000000004,0.30000000000000004,False
305,11,ORD-UNION,35,0,37,59,40,5,1,5,10,9,0.30000000000000004,0.30000000000000004,False
306,11,CARD,40,2,44,59,45,5,1,5,10,9,0.30000000000000004,0.30000000000000004,True
307,11,CLF_UNION,41,1,54,59,55,5,1,5,10,9,0.30000000000000004,0.30000000000000004,True
308,11,ORD-UNION,40,0,41,59,42,5,1,5,10,9,0.30000000000000004,0.30000000000000004,True
309,11,CARD,40,2,44,59,45,5,1,5,10,9,0.30000000000000004,0.30000000000000004,False
310,11,CLF_UNION,41,1,54,59,55,5,1,5,10,9,0.30000000000000004,0.30000000000000004,False
311,11,ORD-UNION,40,0,41,59,42,5,1,5,10,9,0.30000000000000004,0.30000000000000004,False
312,11,CARD,36,3,42,59,46,5,1,5,10,9,0.30000000000000004,0.30000000000000004,True
313,11,CLF_UNION,37,3,54,59,56,5,1,5,10,9,0.30000000000000004,0.30000000000000004,True
314,11,ORD-UNION,36,0,38,59,40,5,1,5,10,9,0.30000000000000004,0.30000000000000004,True
315,11,CARD,36,3,42,59,46,5,1,5,10,9,0.30000000000000004,0.30000000000000004,False
316,11,CLF_UNION,37,3,54,59,56,5,1,5,10,9,0.30000000000000004,0.30000000000000004,False
317,11,ORD-UNION,36,0,38,59,40,5,1,5,10,9,0.30000000000000004,0.30000000000000004,False
318,11,CARD,27,7,42,59,47,5,1,5,10,9,0.30000000000000004,0.30000000000000004,True
319,11,CLF_UNION,30,7,55,59,56,5,1,5,10,9,0.30000000000000004,0.30000000000000004,True
320,11,ORD-UNION,26,1,30,59,31,5,1,5,10,9,0.30000000000000004,0.30000000000000004,True
321,11,CARD,27,7,42,59,47,5,1,5,10,9,0.30000000000000004,0.30000000000000004,False
322,11,CLF_UNION,30,7,55,59,56,5,1,5,10,9,0.30000000000000004,0.30000000000000004,False
323,11,ORD-UNION,26,1,30,59,31,5,1,5,10,9,0.30000000000000004,0.30000000000000004,False
324,11,CARD,25,1,30,59,47,5,1,5,10,9,0.30000000000000004,0.30000000000000004,True
325,11,CLF_UNION,27,1,43,59,56,5,1,5,10,9,0.30000000000000004,0.30000000000000004,True
326,11,ORD-UNION,24,0,26,59,39,5,1,5,10,9,0.30000000000000004,0.30000000000000004,True
327,11,CARD,25,1,30,59,47,5,1,5,10,9,0.30000000000000004,0.30000000000000004,False
328,11,CLF_UNION,27,1,43,59,56,5,1,5,10,9,0.30000000000000004,0.30000000000000004,False
329,11,ORD-UNION,24,0,26,59,39,5,1,5,10,9,0.30000000000000004,0.30000000000000004,False
330,12,CARD,26,0,28,70,49,15,4,5,10,9,0.30000000000000004,0.30000000000000004,True
331,12,CLF_UNION,25,2,44,70,57,15,4,5,10,9,0.30000000000000004,0.30000000000000004,True
332,12,ORD-UNION,12,0,13,70,26,15,4,5,10,9,0.30000000000000004,0.30000000000000004,True
333,12,CARD,26,0,31,70,46,5,1,5,10,9,0.30000000000000004,0.30000000000000004,False
334,12,CLF_UNION,24,4,43,70,56,5,1,5,10,9,0.30000000000000004,0.30000000000000004,False
335,12,ORD-UNION,22,0,24,70,37,5,1,5,10,9,0.30000000000000004,0.30000000000000004,False
336,12,CARD,30,0,36,70,45,5,1,5,10,9,0.30000000000000004,0.30000000000000004,True
337,12,CLF_UNION,30,1,47,70,56,5,1,5,10,9,0.30000000000000004,0.30000000000000004,True
338,12,ORD-UNION,29,0,32,70,41,5,1,5,10,9,0.30000000000000004,0.30000000000000004,True
339,12,CARD,30,0,36,70,45,5,1,5,10,9,0.30000000000000004,0.30000000000000004,False
340,12,CLF_UNION,30,1,47,70,56,5,1,5,10,9,0.30000000000000004,0.30000000000000004,False
341,12,ORD-UNION,29,0,32,70,41,5,1,5,10,9,0.30000000000000004,0.30000000000000004,False
342,12,CARD,32,0,41,70,47,5,1,5,10,9,0.30000000000000004,0.30000000000000004,True
343,12,CLF_UNION,31,3,54,70,56,5,1,5,10,9,0.30000000000000004,0.30000000000000004,True
344,12,ORD-UNION,29,0,34,70,36,5,1,5,10,9,0.30000000000000004,0.30000000000000004,True
345,12,CARD,32,0,41,70,47,5,1,5,10,9,0.30000000000000004,0.30000000000000004,False
346,12,CLF_UNION,31,3,54,70,56,5,1,5,10,9,0.30000000000000004,0.30000000000000004,False
347,12,ORD-UNION,29,0,34,70,36,5,1,5,10,9,0.30000000000000004,0.30000000000000004,False
348,12,CARD,27,0,32,70,45,5,1,5,10,9,0.30000000000000004,0.30000000000000004,True
349,12,CLF_UNION,27,0,43,70,56,5,1,5,10,9,0.30000000000000004,0.30000000000000004,True
350,12,ORD-UNION,27,0,29,70,42,5,1,5,10,9,0.30000000000000004,0.30000000000000004,True
351,12,CARD,27,0,32,70,45,5,1,5,10,9,0.30000000000000004,0.30000000000000004,False
352,12,CLF_UNION,27,0,43,70,56,5,1,5,10,9,0.30000000000000004,0.30000000000000004,False
353,12,ORD-UNION,27,0,29,70,42,5,1,5,10,9,0.30000000000000004,0.30000000000000004,False
354,12,CARD,30,0,34,70,47,5,1,5,10,9,0.30000000000000004,0.30000000000000004,True
355,12,CLF_UNION,29,2,48,70,57,5,1,5,10,9,0.30000000000000004,0.30000000000000004,True
356,12,ORD-UNION,27,0,28,70,37,5,1,5,10,9,0.30000000000000004,0.30000000000000004,True
357,12,CARD,30,0,34,70,47,5,1,5,10,9,0.30000000000000004,0.30000000000000004,False
358,12,CLF_UNION,29,2,48,70,57,5,1,5,10,9,0.30000000000000004,0.30000000000000004,False
359,12,ORD-UNION,27,0,28,70,37,5,1,5,10,9,0.30000000000000004,0.30000000000000004,False
360,13,CARD,37,2,40,79,47,15,4,5,10,9,0.30000000000000004,0.30000000000000004,True
361,13,CLF_UNION,39,0,52,79,55,15,4,5,10,9,0.30000000000000004,0.30000000000000004,True
362,13,ORD-UNION,9,0,9,79,12,15,4,5,10,9,0.30000000000000004,0.30000000000000004,True
363,13,CARD,38,0,41,79,46,5,1,5,10,9,0.30000000000000004,0.30000000000000004,False
364,13,CLF_UNION,38,1,52,79,55,5,1,5,10,9,0.30000000000000004,0.30000000000000004,False
365,13,ORD-UNION,38,0,41,79,44,5,1,5,10,9,0.30000000000000004,0.30000000000000004,False
366,13,CARD,30,0,36,79,45,5,1,5,10,9,0.30000000000000004,0.30000000000000004,True
367,13,CLF_UNION,30,0,46,79,55,5,1,5,10,9,0.30000000000000004,0.30000000000000004,True
368,13,ORD-UNION,30,0,34,79,43,5,1,5,10,9,0.30000000000000004,0.30000000000000004,True
369,13,CARD,30,0,36,79,45,5,1,5,10,9,0.30000000000000004,0.30000000000000004,False
370,13,CLF_UNION,30,0,46,79,55,5,1,5,10,9,0.30000000000000004,0.30000000000000004,False
371,13,ORD-UNION,30,0,34,79,43,5,1,5,10,9,0.30000000000000004,0.30000000000000004,False
372,13,CARD,40,1,44,79,46,5,1,5,10,9,0.30000000000000004,0.30000000000000004,True
373,13,CLF_UNION,40,2,55,79,55,5,1,5,10,9,0.30000000000000004,0.30000000000000004,True
374,13,ORD-UNION,39,0,42,79,42,5,1,5,10,9,0.30000000000000004,0.30000000000000004,True
375,13,CARD,40,1,44,79,46,5,1,5,10,9,0.30000000000000004,0.30000000000000004,False
376,13,CLF_UNION,40,2,55,79,55,5,1,5,10,9,0.30000000000000004,0.30000000000000004,False
377,13,ORD-UNION,39,0,42,79,42,5,1,5,10,9,0.30000000000000004,0.30000000000000004,False
378,13,CARD,30,0,36,79,45,5,1,5,10,9,0.30000000000000004,0.30000000000000004,True
379,13,CLF_UNION,30,0,46,79,55,5,1,5,10,9,0.30000000000000004,0.30000000000000004,True
380,13,ORD-UNION,30,0,34,79,43,5,1,5,10,9,0.30000000000000004,0.30000000000000004,True
381,13,CARD,30,0,36,79,45,5,1,5,10,9,0.30000000000000004,0.30000000000000004,False
382,13,CLF_UNION,30,0,46,79,55,5,1,5,10,9,0.30000000000000004,0.30000000000000004,False
383,13,ORD-UNION,30,0,34,79,43,5,1,5,10,9,0.30000000000000004,0.30000000000000004,False
384,13,CARD,30,0,33,79,45,5,1,5,10,9,0.30000000000000004,0.30000000000000004,True
385,13,CLF_UNION,30,0,43,79,55,5,1,5,10,9,0.30000000000000004,0.30000000000000004,True
386,13,ORD-UNION,30,0,33,79,45,5,1,5,10,9,0.30000000000000004,0.30000000000000004,True
387,13,CARD,30,0,33,79,45,5,1,5,10,9,0.30000000000000004,0.30000000000000004,False
388,13,CLF_UNION,30,0,43,79,55,5,1,5,10,9,0.30000000000000004,0.30000000000000004,False
389,13,ORD-UNION,30,0,33,79,45,5,1,5,10,9,0.30000000000000004,0.30000000000000004,False
390,14,CARD,38,1,42,91,45,15,4,5,10,9,0.30000000000000004,0.30000000000000004,True
391,14,CLF_UNION,39,0,52,91,55,15,4,5,10,9,0.30000000000000004,0.30000000000000004,True
392,14,ORD-UNION,3,0,3,91,6,15,4,5,10,9,0.30000000000000004,0.30000000000000004,True
393,14,CARD,37,2,42,91,45,5,1,5,10,9,0.30000000000000004,0.30000000000000004,False
394,14,CLF_UNION,38,1,52,91,55,5,1,5,10,9,0.30000000000000004,0.30000000000000004,False
395,14,ORD-UNION,37,0,39,91,42,5,1,5,10,9,0.30000000000000004,0.30000000000000004,False
396,14,CARD,32,3,43,91,45,5,1,5,10,9,0.30000000000000004,0.30000000000000004,True
397,14,CLF_UNION,32,3,53,91,55,5,1,5,10,9,0.30000000000000004,0.30000000000000004,True
398,14,ORD-UNION,32,3,41,91,43,5,1,5,10,9,0.30000000000000004,0.30000000000000004,True
399,14,CARD,32,3,43,91,45,5,1,5,10,9,0.30000000000000004,0.30000000000000004,False
400,14,CLF_UNION,32,3,53,91,55,5,1,5,10,9,0.30000000000000004,0.30000000000000004,False
401,14,ORD-UNION,32,3,41,91,43,5,1,5,10,9,0.30000000000000004,0.30000000000000004,False
402,14,CARD,22,0,26,91,46,5,1,5,10,9,0.30000000000000004,0.30000000000000004,True
403,14,CLF_UNION,22,1,37,91,55,5,1,5,10,9,0.30000000000000004,0.30000000000000004,True
404,14,ORD-UNION,22,0,25,91,43,5,1,5,10,9,0.30000000000000004,0.30000000000000004,True
405,14,CARD,22,0,26,91,46,5,1,5,10,9,0.30000000000000004,0.30000000000000004,False
406,14,CLF_UNION,22,1,37,91,55,5,1,5,10,9,0.30000000000000004,0.30000000000000004,False
407,14,ORD-UNION,22,0,25,91,43,5,1,5,10,9,0.30000000000000004,0.30000000000000004,False
408,14,CARD,26,2,35,91,46,5,1,5,10,9,0.30000000000000004,0.30000000000000004,True
409,14,CLF_UNION,26,3,46,91,55,5,1,5,10,9,0.30000000000000004,0.30000000000000004,True
410,14,ORD-UNION,26,1,32,91,41,5,1,5,10,9,0.30000000000000004,0.30000000000000004,True
411,14,CARD,26,2,35,91,46,5,1,5,10,9,0.30000000000000004,0.30000000000000004,False
412,14,CLF_UNION,26,3,46,91,55,5,1,5,10,9,0.30000000000000004,0.30000000000000004,False
413,14,ORD-UNION,26,1,32,91,41,5,1,5,10,9,0.30000000000000004,0.30000000000000004,False
414,14,CARD,24,2,31,91,46,5,1,5,10,9,0.30000000000000004,0.30000000000000004,True
415,14,CLF_UNION,24,3,42,91,55,5,1,5,10,9,0.30000000000000004,0.30000000000000004,True
416,14,ORD-UNION,22,1,27,91,40,5,1,5,10,9,0.30000000000000004,0.30000000000000004,True
417,14,CARD,24,2,31,91,46,5,1,5,10,9,0.30000000000000004,0.30000000000000004,False
418,14,CLF_UNION,24,3,42,91,55,5,1,5,10,9,0.30000000000000004,0.30000000000000004,False
419,14,ORD-UNION,22,1,27,91,40,5,1,5,10,9,0.30000000000000004,0.30000000000000004,False
420,15,CARD,19,0,25,104,47,15,4,5,10,9,0.30000000000000004,0.30000000000000004,True
421,15,CLF_UNION,19,0,37,104,55,15,4,5,10,9,0.30000000000000004,0.30000000000000004,True
422,15,ORD-UNION,5,0,5,104,23,15,4,5,10,9,0.30000000000000004,0.30000000000000004,True
423,15,CARD,19,0,27,104,45,5,1,5,10,9,0.30000000000000004,0.30000000000000004,False
424,15,CLF_UNION,19,0,37,104,55,5,1,5,10,9,0.30000000000000004,0.30000000000000004,False
425,15,ORD-UNION,19,0,26,104,44,5,1,5,10,9,0.30000000000000004,0.30000000000000004,False
426,15,CARD,35,0,42,104,45,5,1,5,10,9,0.30000000000000004,0.30000000000000004,True
427,15,CLF_UNION,35,0,52,104,55,5,1,5,10,9,0.30000000000000004,0.30000000000000004,True
428,15,ORD-UNION,35,0,42,104,45,5,1,5,10,9,0.30000000000000004,0.30000000000000004,True
429,15,CARD,35,0,42,104,45,5,1,5,10,9,0.30000000000000004,0.30000000000000004,False
430,15,CLF_UNION,35,0,52,104,55,5,1,5,10,9,0.30000000000000004,0.30000000000000004,False
431,15,ORD-UNION,35,0,42,104,45,5,1,5,10,9,0.30000000000000004,0.30000000000000004,False
432,15,CARD,25,1,31,104,45,5,1,5,10,9,0.30000000000000004,0.30000000000000004,True
433,15,CLF_UNION,24,2,41,104,55,5,1,5,10,9,0.30000000000000004,0.30000000000000004,True
434,15,ORD-UNION,24,1,30,104,44,5,1,5,10,9,0.30000000000000004,0.30000000000000004,True
435,15,CARD,25,1,31,104,45,5,1,5,10,9,0.30000000000000004,0.30000000000000004,False
436,15,CLF_UNION,24,2,41,104,55,5,1,5,10,9,0.30000000000000004,0.30000000000000004,False
437,15,ORD-UNION,24,1,30,104,44,5,1,5,10,9,0.30000000000000004,0.30000000000000004,False
438,15,CARD,21,1,27,104,45,5,1,5,10,9,0.30000000000000004,0.30000000000000004,True
439,15,CLF_UNION,21,1,38,104,56,5,1,5,10,9,0.30000000000000004,0.30000000000000004,True
440,15,ORD-UNION,21,1,26,104,44,5,1,5,10,9,0.30000000000000004,0.30000000000000004,True
441,15,CARD,21,1,27,104,45,5,1,5,10,9,0.30000000000000004,0.30000000000000004,False
442,15,CLF_UNION,21,1,38,104,56,5,1,5,10,9,0.30000000000000004,0.30000000000000004,False
443,15,ORD-UNION,21,1,26,104,44,5,1,5,10,9,0.30000000000000004,0.30000000000000004,False
444,15,CARD,32,1,39,104,45,5,1,5,10,9,0.30000000000000004,0.30000000000000004,True
445,15,CLF_UNION,33,0,50,104,56,5,1,5,10,9,0.30000000000000004,0.30000000000000004,True
446,15,ORD-UNION,32,1,39,104,45,5,1,5,10,9,0.30000000000000004,0.30000000000000004,True
447,15,CARD,32,1,39,104,45,5,1,5,10,9,0.30000000000000004,0.30000000000000004,False
448,15,CLF_UNION,33,0,50,104,56,5,1,5,10,9,0.30000000000000004,0.30000000000000004,False
449,15,ORD-UNION,32,1,39,104,45,5,1,5,10,9,0.30000000000000004,0.30000000000000004,False
450,16,CARD,12,1,18,117,47,15,4,5,10,9,0.30000000000000004,0.30000000000000004,True
451,16,CLF_UNION,14,0,30,117,55,15,4,5,10,9,0.30000000000000004,0.30000000000000004,True
452,16,ORD-UNION,0,0,0,117,25,15,4,5,10,9,0.30000000000000004,0.30000000000000004,True
453,16,CARD,14,0,20,117,45,5,1,5,10,9,0.30000000000000004,0.30000000000000004,False
454,16,CLF_UNION,14,0,30,117,55,5,1,5,10,9,0.30000000000000004,0.30000000000000004,False
455,16,ORD-UNION,14,0,19,117,44,5,1,5,10,9,0.30000000000000004,0.30000000000000004,False
456,16,CARD,13,0,20,117,45,5,1,5,10,9,0.30000000000000004,0.30000000000000004,True
457,16,CLF_UNION,13,1,31,117,56,5,1,5,10,9,0.30000000000000004,0.30000000000000004,True
458,16,ORD-UNION,13,0,19,117,44,5,1,5,10,9,0.30000000000000004,0.30000000000000004,True
459,16,CARD,13,0,20,117,45,5,1,5,10,9,0.30000000000000004,0.30000000000000004,False
460,16,CLF_UNION,13,1,31,117,56,5,1,5,10,9,0.30000000000000004,0.30000000000000004,False
461,16,ORD-UNION,13,0,19,117,44,5,1,5,10,9,0.30000000000000004,0.30000000000000004,False
462,16,CARD,34,0,40,117,45,5,1,5,10,9,0.30000000000000004,0.30000000000000004,True
463,16,CLF_UNION,34,1,53,117,58,5,1,5,10,9,0.30000000000000004,0.30000000000000004,True
464,16,ORD-UNION,34,0,39,117,44,5,1,5,10,9,0.30000000000000004,0.30000000000000004,True
465,16,CARD,34,0,40,117,45,5,1,5,10,9,0.30000000000000004,0.30000000000000004,False
466,16,CLF_UNION,34,1,53,117,58,5,1,5,10,9,0.30000000000000004,0.30000000000000004,False
467,16,ORD-UNION,34,0,39,117,44,5,1,5,10,9,0.30000000000000004,0.30000000000000004,False
468,16,CARD,31,0,35,117,45,5,1,5,10,9,0.30000000000000004,0.30000000000000004,True
469,16,CLF_UNION,31,0,46,117,56,5,1,5,10,9,0.30000000000000004,0.30000000000000004,True
470,16,ORD-UNION,31,0,35,117,45,5,1,5,10,9,0.30000000000000004,0.30000000000000004,True
471,16,CARD,31,0,35,117,45,5,1,5,10,9,0.30000000000000004,0.30000000000000004,False
472,16,CLF_UNION,31,0,46,117,56,5,1,5,10,9,0.30000000000000004,0.30000000000000004,False
473,16,ORD-UNION,31,0,35,117,45,5,1,5,10,9,0.30000000000000004,0.30000000000000004,False
474,16,CARD,17,1,28,117,45,5,1,5,10,9,0.30000000000000004,0.30000000000000004,True
475,16,CLF_UNION,18,1,39,117,56,5,1,5,10,9,0.30000000000000004,0.30000000000000004,True
476,16,ORD-UNION,17,1,26,117,43,5,1,5,10,9,0.30000000000000004,0.30000000000000004,True
477,16,CARD,17,1,28,117,45,5,1,5,10,9,0.30000000000000004,0.30000000000000004,False
478,16,CLF_UNION,18,1,39,117,56,5,1,5,10,9,0.30000000000000004,0.30000000000000004,False
479,16,ORD-UNION,17,1,26,117,43,5,1,5,10,9,0.30000000000000004,0.30000000000000004,False
480,17,CARD,31,2,35,130,46,15,4,5,10,9,0.30000000000000004,0.30000000000000004,True
481,17,CLF_UNION,34,0,46,130,55,15,4,5,10,9,0.30000000000000004,0.30000000000000004,True
482,17,ORD-UNION,3,0,3,130,12,15,4,5,10,9,0.30000000000000004,0.30000000000000004,True
483,17,CARD,33,1,36,130,45,5,1,5,10,9,0.30000000000000004,0.30000000000000004,False
484,17,CLF_UNION,33,1,46,130,55,5,1,5,10,9,0.30000000000000004,0.30000000000000004,False
485,17,ORD-UNION,33,1,36,130,45,5,1,5,10,9,0.30000000000000004,0.30000000000000004,False
486,17,CARD,27,2,35,130,46,5,1,5,10,9,0.30000000000000004,0.30000000000000004,True
487,17,CLF_UNION,28,1,46,130,55,5,1,5,10,9,0.30000000000000004,0.30000000000000004,True
488,17,ORD-UNION,27,2,35,130,44,5,1,5,10,9,0.30000000000000004,0.30000000000000004,True
489,17,CARD,27,2,35,130,46,5,1,5,10,9,0.30000000000000004,0.30000000000000004,False
490,17,CLF_UNION,28,1,46,130,55,5,1,5,10,9,0.30000000000000004,0.30000000000000004,False
491,17,ORD-UNION,27,2,35,130,44,5,1,5,10,9,0.30000000000000004,0.30000000000000004,False
492,17,CARD,22,0,27,130,45,5,1,5,10,9,0.30000000000000004,0.30000000000000004,True
493,17,CLF_UNION,22,1,38,130,56,5,1,5,10,9,0.30000000000000004,0.30000000000000004,True
494,17,ORD-UNION,22,0,27,130,45,5,1,5,10,9,0.30000000000000004,0.30000000000000004,True
495,17,CARD,22,0,27,130,45,5,1,5,10,9,0.30000000000000004,0.30000000000000004,False
496,17,CLF_UNION,22,1,38,130,56,5,1,5,10,9,0.30000000000000004,0.30000000000000004,False
497,17,ORD-UNION,22,0,27,130,45,5,1,5,10,9,0.30000000000000004,0.30000000000000004,False
498,17,CARD,34,2,40,130,45,5,1,5,10,9,0.30000000000000004,0.30000000000000004,True
499,17,CLF_UNION,34,2,51,130,56,5,1,5,10,9,0.30000000000000004,0.30000000000000004,True
500,17,ORD-UNION,34,2,40,130,45,5,1,5,10,9,0.30000000000000004,0.30000000000000004,True
501,17,CARD,34,2,40,130,45,5,1,5,10,9,0.30000000000000004,0.30000000000000004,False
502,17,CLF_UNION,34,2,51,130,56,5,1,5,10,9,0.30000000000000004,0.30000000000000004,False
503,17,ORD-UNION,34,2,40,130,45,5,1,5,10,9,0.30000000000000004,0.30000000000000004,False
504,17,CARD,17,0,21,130,46,5,1,5,10,9,0.30000000000000004,0.30000000000000004,True
505,17,CLF_UNION,17,0,32,130,55,5,1,5,10,9,0.30000000000000004,0.30000000000000004,True
506,17,ORD-UNION,17,0,20,130,43,5,1,5,10,9,0.30000000000000004,0.30000000000000004,True
507,17,CARD,17,0,21,130,46,5,1,5,10,9,0.30000000000000004,0.30000000000000004,False
508,17,CLF_UNION,17,0,32,130,55,5,1,5,10,9,0.30000000000000004,0.30000000000000004,False
509,17,ORD-UNION,17,0,20,130,43,5,1,5,10,9,0.30000000000000004,0.30000000000000004,False
510,18,CARD,27,2,32,143,47,15,4,5,10,9,0.30000000000000004,0.30000000000000004,True
511,18,CLF_UNION,29,0,44,143,55,15,4,5,10,9,0.30000000000000004,0.30000000000000004,True
512,18,ORD-UNION,7,0,8,143,19,15,4,5,10,9,0.30000000000000004,0.30000000000000004,True
513,18,CARD,28,1,34,143,45,5,1,5,10,9,0.30000000000000004,0.30000000000000004,False
514,18,CLF_UNION,27,2,44,143,55,5,1,5,10,9,0.30000000000000004,0.30000000000000004,False
515,18,ORD-UNION,27,1,33,143,44,5,1,5,10,9,0.30000000000000004,0.30000000000000004,False
516,18,CARD,27,1,33,143,45,5,1,5,10,9,0.30000000000000004,0.30000000000000004,True
517,18,CLF_UNION,27,1,43,143,55,5,1,5,10,9,0.30000000000000004,0.30000000000000004,True
518,18,ORD-UNION,27,1,32,143,44,5,1,5,10,9,0.30000000000000004,0.30000000000000004,True
519,18,CARD,27,1,33,143,45,5,1,5,10,9,0.30000000000000004,0.30000000000000004,False
520,18,CLF_UNION,27,1,43,143,55,5,1,5,10,9,0.30000000000000004,0.30000000000000004,False
521,18,ORD-UNION,27,1,32,143,44,5,1,5,10,9,0.30000000000000004,0.30000000000000004,False
522,18,CARD,22,1,28,143,45,5,1,5,10,9,0.30000000000000004,0.30000000000000004,True
523,18,CLF_UNION,22,2,39,143,56,5,1,5,10,9,0.30000000000000004,0.30000000000000004,True
524,18,ORD-UNION,22,1,28,143,45,5,1,5,10,9,0.30000000000000004,0.30000000000000004,True
525,18,CARD,22,1,28,143,45,5,1,5,10,9,0.30000000000000004,0.30000000000000004,False
526,18,CLF_UNION,22,2,39,143,56,5,1,5,10,9,0.30000000000000004,0.30000000000000004,False
527,18,ORD-UNION,22,1,28,143,45,5,1,5,10,9,0.30000000000000004,0.30000000000000004,False
528,18,CARD,30,0,37,143,46,5,1,5,10,9,0.30000000000000004,0.30000000000000004,True
529,18,CLF_UNION,30,2,49,143,56,5,1,5,10,9,0.30000000000000004,0.30000000000000004,True
530,18,ORD-UNION,30,0,37,143,44,5,1,5,10,9,0.30000000000000004,0.30000000000000004,True
531,18,CARD,30,0,37,143,46,5,1,5,10,9,0.30000000000000004,0.30000000000000004,False
532,18,CLF_UNION,30,2,49,143,56,5,1,5,10,9,0.30000000000000004,0.30000000000000004,False
533,18,ORD-UNION,30,0,37,143,44,5,1,5,10,9,0.30000000000000004,0.30000000000000004,False
534,18,CARD,32,0,37,143,46,5,1,5,10,9,0.30000000000000004,0.30000000000000004,True
535,18,CLF_UNION,32,1,48,143,55,5,1,5,10,9,0.30000000000000004,0.30000000000000004,True
536,18,ORD-UNION,32,0,37,143,44,5,1,5,10,9,0.30000000000000004,0.30000000000000004,True
537,18,CARD,32,0,37,143,46,5,1,5,10,9,0.30000000000000004,0.30000000000000004,False
538,18,CLF_UNION,32,1,48,143,55,5,1,5,10,9,0.30000000000000004,0.30000000000000004,False
539,18,ORD-UNION,32,0,37,143,44,5,1,5,10,9,0.30000000000000004,0.30000000000000004,False
540,19,CARD,21,1,24,157,45,15,4,5,10,9,0.30000000000000004,0.30000000000000004,True
541,19,CLF_UNION,22,0,34,157,55,15,4,5,10,9,0.30000000000000004,0.30000000000000004,True
542,19,ORD-UNION,4,0,4,157,25,15,4,5,10,9,0.30000000000000004,0.30000000000000004,True
543,19,CARD,22,0,24,157,45,5,1,5,10,9,0.30000000000000004,0.30000000000000004,False
544,19,CLF_UNION,22,1,35,157,56,5,1,5,10,9,0.30000000000000004,0.30000000000000004,False
545,19,ORD-UNION,22,0,24,157,45,5,1,5,10,9,0.30000000000000004,0.30000000000000004,False
546,19,CARD,21,0,28,157,45,5,1,5,10,9,0.30000000000000004,0.30000000000000004,True
547,19,CLF_UNION,21,0,38,157,55,5,1,5,10,9,0.30000000000000004,0.30000000000000004,True
548,19,ORD-UNION,21,0,28,157,45,5,1,5,10,9,0.30000000000000004,0.30000000000000004,True
549,19,CARD,21,0,28,157,45,5,1,5,10,9,0.30000000000000004,0.30000000000000004,False
550,19,CLF_UNION,21,0,38,157,55,5,1,5,10,9,0.30000000000000004,0.30000000000000004,False
551,19,ORD-UNION,21,0,28,157,45,5,1,5,10,9,0.30000000000000004,0.30000000000000004,False
552,19,CARD,22,0,28,157,45,5,1,5,10,9,0.30000000000000004,0.30000000000000004,True
553,19,CLF_UNION,22,0,38,157,55,5,1,5,10,9,0.30000000000000004,0.30000000000000004,True
554,19,ORD-UNION,22,0,26,157,43,5,1,5,10,9,0.30000000000000004,0.30000000000000004,True
555,19,CARD,22,0,28,157,45,5,1,5,10,9,0.30000000000000004,0.30000000000000004,False
556,19,CLF_UNION,22,0,38,157,55,5,1,5,10,9,0.30000000000000004,0.30000000000000004,False
557,19,ORD-UNION,22,0,26,157,43,5,1,5,10,9,0.30000000000000004,0.30000000000000004,False
558,19,CARD,31,1,35,157,46,5,1,5,10,9,0.30000000000000004,0.30000000000000004,True
559,19,CLF_UNION,31,3,47,157,56,5,1,5,10,9,0.30000000000000004,0.30000000000000004,True
560,19,ORD-UNION,31,1,35,157,44,5,1,5,10,9,0.30000000000000004,0.30000000000000004,True
561,19,CARD,31,1,35,157,46,5,1,5,10,9,0.30000000000000004,0.30000000000000004,False
562,19,CLF_UNION,31,3,47,157,56,5,1,5,10,9,0.30000000000000004,0.30000000000000004,False
563,19,ORD-UNION,31,1,35,157,44,5,1,5,10,9,0.30000000000000004,0.30000000000000004,False
564,19,CARD,37,0,39,157,46,5,1,5,10,9,0.30000000000000004,0.30000000000000004,True
565,19,CLF_UNION,37,1,50,157,55,5,1,5,10,9,0.30000000000000004,0.30000000000000004,True
566,19,ORD-UNION,37,0,39,157,44,5,1,5,10,9,0.30000000000000004,0.30000000000000004,True
567,19,CARD,37,0,39,157,46,5,1,5,10,9,0.30000000000000004,0.30000000000000004,False
568,19,CLF_UNION,37,1,50,157,55,5,1,5,10,9,0.30000000000000004,0.30000000000000004,False
569,19,ORD-UNION,37,0,39,157,44,5,1,5,10,9,0.30000000000000004,0.30000000000000004,False
570,20,CARD,30,0,35,176,46,15,4,5,10,9,0.30000000000000004,0.30000000000000004,True
571,20,CLF_UNION,30,0,46,176,55,15,4,5,10,9,0.30000000000000004,0.30000000000000004,True
572,20,ORD-UNION,5,0,5,176,14,15,4,5,10,9,0.30000000000000004,0.30000000000000004,True
573,20,CARD,30,0,36,176,45,6,2,5,10,9,0.30000000000000004,0.30000000000000004,False
574,20,CLF_UNION,30,0,46,176,55,6,2,5,10,9,0.30000000000000004,0.30000000000000004,False
575,20,ORD-UNION,29,0,34,176,43,6,2,5,10,9,0.30000000000000004,0.30000000000000004,False
576,20,CARD,17,0,24,176,45,6,2,5,10,9,0.30000000000000004,0.30000000000000004,True
577,20,CLF_UNION,17,0,34,176,55,6,2,5,10,9,0.30000000000000004,0.30000000000000004,True
578,20,ORD-UNION,16,0,20,176,41,6,2,5,10,9,0.30000000000000004,0.30000000000000004,True
579,20,CARD,17,0,24,176,45,6,2,5,10,9,0.30000000000000004,0.30000000000000004,False
580,20,CLF_UNION,17,0,34,176,55,6,2,5,10,9,0.30000000000000004,0.30000000000000004,False
581,20,ORD-UNION,16,0,20,176,41,6,2,5,10,9,0.30000000000000004,0.30000000000000004,False
582,20,CARD,27,1,30,176,46,6,2,5,10,9,0.30000000000000004,0.30000000000000004,True
583,20,CLF_UNION,28,0,41,176,55,6,2,5,10,9,0.30000000000000004,0.30000000000000004,True
584,20,ORD-UNION,27,0,28,176,42,6,2,5,10,9,0.30000000000000004,0.30000000000000004,True
585,20,CARD,27,1,30,176,46,6,2,5,10,9,0.30000000000000004,0.30000000000000004,False
586,20,CLF_UNION,28,0,41,176,55,6,2,5,10,9,0.30000000000000004,0.30000000000000004,False
587,20,ORD-UNION,27,0,28,176,42,6,2,5,10,9,0.30000000000000004,0.30000000000000004,False
588,20,CARD,27,0,33,176,45,6,2,5,10,9,0.30000000000000004,0.30000000000000004,True
589,20,CLF_UNION,27,0,44,176,56,6,2,5,10,9,0.30000000000000004,0.30000000000000004,True
590,20,ORD-UNION,27,0,30,176,42,6,2,5,10,9,0.30000000000000004,0.30000000000000004,True
591,20,CARD,27,0,33,176,45,6,2,5,10,9,0.30000000000000004,0.30000000000000004,False
592,20,CLF_UNION,27,0,44,176,56,6,2,5,10,9,0.30000000000000004,0.30000000000000004,False
593,20,ORD-UNION,27,0,30,176,42,6,2,5,10,9,0.30000000000000004,0.30000000000000004,False
594,20,CARD,22,0,28,176,47,6,2,5,10,9,0.30000000000000004,0.30000000000000004,True
595,20,CLF_UNION,22,0,40,176,55,6,2,5,10,9,0.30000000000000004,0.30000000000000004,True
596,20,ORD-UNION,22,0,27,176,42,6,2,5,10,9,0.30000000000000004,0.30000000000000004,True
597,20,CARD,22,0,28,176,47,6,2,5,10,9,0.30000000000000004,0.30000000000000004,False
598,20,CLF_UNION,22,0,40,176,55,6,2,5,10,9,0.30000000000000004,0.30000000000000004,False
599,20,ORD-UNION,22,0,27,176,42,6,2,5,10,9,0.30000000000000004,0.30000000000000004,False
600,21,CARD,26,1,29,191,47,15,4,5,10,9,0.30000000000000004,0.30000000000000004,True
601,21,CLF_UNION,27,0,41,191,55,15,4,5,10,9,0.30000000000000004,0.30000000000000004,True
602,21,ORD-UNION,12,0,13,191,27,15,4,5,10,9,0.30000000000000004,0.30000000000000004,True
603,21,CARD,27,0,31,191,45,6,2,5,10,9,0.30000000000000004,0.30000000000000004,False
604,21,CLF_UNION,27,0,42,191,56,6,2,5,10,9,0.30000000000000004,0.30000000000000004,False
605,21,ORD-UNION,27,0,31,191,45,6,2,5,10,9,0.30000000000000004,0.30000000000000004,False
606,21,CARD,22,0,30,191,45,6,2,5,10,9,0.30000000000000004,0.30000000000000004,True
607,21,CLF_UNION,22,0,40,191,55,6,2,5,10,9,0.30000000000000004,0.30000000000000004,True
608,21,ORD-UNION,21,0,26,191,41,6,2,5,10,9,0.30000000000000004,0.30000000000000004,True
609,21,CARD,22,0,30,191,45,6,2,5,10,9,0.30000000000000004,0.30000000000000004,False
610,21,CLF_UNION,22,0,40,191,55,6,2,5,10,9,0.30000000000000004,0.30000000000000004,False
611,21,ORD-UNION,21,0,26,191,41,6,2,5,10,9,0.30000000000000004,0.30000000000000004,False
612,21,CARD,28,0,31,191,46,6,2,5,10,9,0.30000000000000004,0.30000000000000004,True
613,21,CLF_UNION,28,0,42,191,55,6,2,5,10,9,0.30000000000000004,0.30000000000000004,True
614,21,ORD-UNION,28,0,30,191,43,6,2,5,10,9,0.30000000000000004,0.30000000000000004,True
615,21,CARD,28,0,31,191,46,6,2,5,10,9,0.30000000000000004,0.30000000000000004,False
616,21,CLF_UNION,28,0,42,191,55,6,2,5,10,9,0.30000000000000004,0.30000000000000004,False
617,21,ORD-UNION,28,0,30,191,43,6,2,5,10,9,0.30000000000000004,0.30000000000000004,False
618,21,CARD,33,0,36,191,45,6,2,5,10,9,0.30000000000000004,0.30000000000000004,True
619,21,CLF_UNION,33,0,46,191,55,6,2,5,10,9,0.30000000000000004,0.30000000000000004,True
620,21,ORD-UNION,33,0,36,191,45,6,2,5,10,9,0.30000000000000004,0.30000000000000004,True
621,21,CARD,33,0,36,191,45,6,2,5,10,9,0.30000000000000004,0.30000000000000004,False
622,21,CLF_UNION,33,0,46,191,55,6,2,5,10,9,0.30000000000000004,0.30000000000000004,False
623,21,ORD-UNION,33,0,36,191,45,6,2,5,10,9,0.30000000000000004,0.30000000000000004,False
624,21,CARD,23,1,26,191,46,6,2,5,10,9,0.30000000000000004,0.30000000000000004,True
625,21,CLF_UNION,23,1,37,191,55,6,2,5,10,9,0.30000000000000004,0.30000000000000004,True
626,21,ORD-UNION,23,1,26,191,44,6,2,5,10,9,0.30000000000000004,0.30000000000000004,True
627,21,CARD,23,1,26,191,46,6,2,5,10,9,0.30000000000000004,0.30000000000000004,False
628,21,CLF_UNION,23,1,37,191,55,6,2,5,10,9,0.30000000000000004,0.30000000000000004,False
629,21,ORD-UNION,23,1,26,191,44,6,2,5,10,9,0.30000000000000004,0.30000000000000004,False
630,22,CARD,26,1,32,212,47,15,4,5,10,9,0.30000000000000004,0.30000000000000004,True
631,22,CLF_UNION,28,0,44,212,55,15,4,5,10,9,0.30000000000000004,0.30000000000000004,True
632,22,ORD-UNION,8,0,8,212,19,15,4,5,10,9,0.30000000000000004,0.30000000000000004,True
633,22,CARD,27,1,33,212,46,6,2,5,10,9,0.30000000000000004,0.30000000000000004,False
634,22,CLF_UNION,28,0,44,212,55,6,2,5,10,9,0.30000000000000004,0.30000000000000004,False
635,22,ORD-UNION,27,0,30,212,41,6,2,5,10,9,0.30000000000000004,0.30000000000000004,False
636,22,CARD,21,2,28,212,47,6,2,5,10,9,0.30000000000000004,0.30000000000000004,True
637,22,CLF_UNION,22,1,40,212,55,6,2,5,10,9,0.30000000000000004,0.30000000000000004,True
638,22,ORD-UNION,20,1,24,212,39,6,2,5,10,9,0.30000000000000004,0.30000000000000004,True
639,22,CARD,21,2,28,212,47,6,2,5,10,9,0.30000000000000004,0.30000000000000004,False
640,22,CLF_UNION,22,1,40,212,55,6,2,5,10,9,0.30000000000000004,0.30000000000000004,False
641,22,ORD-UNION,20,1,24,212,39,6,2,5,10,9,0.30000000000000004,0.30000000000000004,False
642,22,CARD,21,1,28,212,45,6,2,5,10,9,0.30000000000000004,0.30000000000000004,True
643,22,CLF_UNION,21,1,38,212,55,6,2,5,10,9,0.30000000000000004,0.30000000000000004,True
644,22,ORD-UNION,21,1,27,212,44,6,2,5,10,9,0.30000000000000004,0.30000000000000004,True
645,22,CARD,21,1,28,212,45,6,2,5,10,9,0.30000000000000004,0.30000000000000004,False
646,22,CLF_UNION,21,1,38,212,55,6,2,5,10,9,0.30000000000000004,0.30000000000000004,False
647,22,ORD-UNION,21,1,27,212,44,6,2,5,10,9,0.30000000000000004,0.30000000000000004,False
648,22,CARD,16,1,19,212,45,6,2,5,10,9,0.30000000000000004,0.30000000000000004,True
649,22,CLF_UNION,17,0,29,212,55,6,2,5,10,9,0.30000000000000004,0.30000000000000004,True
650,22,ORD-UNION,16,0,18,212,44,6,2,5,10,9,0.30000000000000004,0.30000000000000004,True
651,22,CARD,16,1,19,212,45,6,2,5,10,9,0.30000000000000004,0.30000000000000004,False
652,22,CLF_UNION,17,0,29,212,55,6,2,5,10,9,0.30000000000000004,0.30000000000000004,False
653,22,ORD-UNION,16,0,18,212,44,6,2,5,10,9,0.30000000000000004,0.30000000000000004,False
654,22,CARD,15,0,22,212,47,6,2,5,10,9,0.30000000000000004,0.30000000000000004,True
655,22,CLF_UNION,15,0,34,212,55,6,2,5,10,9,0.30000000000000004,0.30000000000000004,True
656,22,ORD-UNION,14,0,20,212,41,6,2,5,10,9,0.30000000000000004,0.30000000000000004,True
657,22,CARD,15,0,22,212,47,6,2,5,10,9,0.30000000000000004,0.30000000000000004,False
658,22,CLF_UNION,15,0,34,212,55,6,2,5,10,9,0.30000000000000004,0.30000000000000004,False
659,22,ORD-UNION,14,0,20,212,41,6,2,5,10,9,0.30000000000000004,0.30000000000000004,False
660,23,CARD,22,1,27,234,46,15,4,5,10,9,0.30000000000000004,0.30000000000000004,True
661,23,CLF_UNION,23,0,38,234,55,15,4,5,10,9,0.30000000000000004,0.30000000000000004,True
662,23,ORD-UNION,12,0,12,234,29,15,4,5,10,9,0.30000000000000004,0.30000000000000004,True
663,23,CARD,20,3,28,234,45,12,2,5,10,9,0.30000000000000004,0.30000000000000004,False
664,23,CLF_UNION,23,0,38,234,55,12,2,5,10,9,0.30000000000000004,0.30000000000000004,False
665,23,ORD-UNION,15,0,15,234,32,12,2,5,10,9,0.30000000000000004,0.30000000000000004,False
666,23,CARD,13,0,17,234,48,12,2,5,10,9,0.30000000000000004,0.30000000000000004,True
667,23,CLF_UNION,15,0,31,234,56,12,2,5,10,9,0.30000000000000004,0.30000000000000004,True
668,23,ORD-UNION,8,0,9,234,34,12,2,5,10,9,0.30000000000000004,0.30000000000000004,True
669,23,CARD,13,0,17,234,48,12,2,5,10,9,0.30000000000000004,0.30000000000000004,False
670,23,CLF_UNION,15,0,31,234,56,12,2,5,10,9,0.30000000000000004,0.30000000000000004,False
671,23,ORD-UNION,8,0,9,234,34,12,2,5,10,9,0.30000000000000004,0.30000000000000004,False
672,23,CARD,20,6,30,234,48,12,2,5,10,9,0.30000000000000004,0.30000000000000004,True
673,23,CLF_UNION,27,0,44,234,56,12,2,5,10,9,0.30000000000000004,0.30000000000000004,True
674,23,ORD-UNION,12,0,12,234,24,12,2,5,10,9,0.30000000000000004,0.30000000000000004,True
675,23,CARD,20,6,30,234,48,12,2,5,10,9,0.30000000000000004,0.30000000000000004,False
676,23,CLF_UNION,27,0,44,234,56,12,2,5,10,9,0.30000000000000004,0.30000000000000004,False
677,23,ORD-UNION,12,0,12,234,24,12,2,5,10,9,0.30000000000000004,0.30000000000000004,False
678,23,CARD,17,0,20,234,47,12,2,5,10,9,0.30000000000000004,0.30000000000000004,True
679,23,CLF_UNION,17,0,33,234,56,12,2,5,10,9,0.30000000000000004,0.30000000000000004,True
680,23,ORD-UNION,14,0,15,234,38,12,2,5,10,9,0.30000000000000004,0.30000000000000004,True
681,23,CARD,17,0,20,234,47,12,2,5,10,9,0.30000000000000004,0.30000000000000004,False
682,23,CLF_UNION,17,0,33,234,56,12,2,5,10,9,0.30000000000000004,0.30000000000000004,False
683,23,ORD-UNION,14,0,15,234,38,12,2,5,10,9,0.30000000000000004,0.30000000000000004,False
684,23,CARD,15,0,22,234,46,12,2,5,10,9,0.30000000000000004,0.30000000000000004,True
685,23,CLF_UNION,15,0,33,234,55,12,2,5,10,9,0.30000000000000004,0.30000000000000004,True
686,23,ORD-UNION,10,0,11,234,33,12,2,5,10,9,0.30000000000000004,0.30000000000000004,True
687,23,CARD,15,0,22,234,46,12,2,5,10,9,0.30000000000000004,0.30000000000000004,False
688,23,CLF_UNION,15,0,33,234,55,12,2,5,10,9,0.30000000000000004,0.30000000000000004,False
689,23,ORD-UNION,10,0,11,234,33,12,2,5,10,9,0.30000000000000004,0.30000000000000004,False
690,24,CARD,32,0,32,256,49,15,4,5,10,9,0.30000000000000004,0.30000000000000004,True
691,24,CLF_UNION,32,0,47,256,56,15,4,5,10,9,0.30000000000000004,0.30000000000000004,True
692,24,ORD-UNION,15,0,15,256,24,15,4,5,10,9,0.30000000000000004,0.30000000000000004,True
693,24,CARD,30,2,36,256,45,11,2,5,10,9,0.30000000000000004,0.30000000000000004,False
694,24,CLF_UNION,32,0,48,256,57,11,2,5,10,9,0.30000000000000004,0.30000000000000004,False
695,24,ORD-UNION,21,0,21,256,30,11,2,5,10,9,0.30000000000000004,0.30000000000000004,False
696,24,CARD,15,0,21,256,46,11,2,5,10,9,0.30000000000000004,0.30000000000000004,True
697,24,CLF_UNION,15,0,32,256,55,11,2,5,10,9,0.30000000000000004,0.30000000000000004,True
698,24,ORD-UNION,13,0,13,256,36,11,2,5,10,9,0.30000000000000004,0.30000000000000004,True
699,24,CARD,15,0,21,256,46,11,2,5,10,9,0.30000000000000004,0.30000000000000004,False
700,24,CLF_UNION,15,0,32,256,55,11,2,5,10,9,0.30000000000000004,0.30000000000000004,False
701,24,ORD-UNION,13,0,13,256,36,11,2,5,10,9,0.30000000000000004,0.30000000000000004,False
702,24,CARD,0,0,1,256,47,11,2,5,10,9,0.30000000000000004,0.30000000000000004,True
703,24,CLF_UNION,0,0,16,256,58,11,2,5,10,9,0.30000000000000004,0.30000000000000004,True
704,24,ORD-UNION,0,0,0,256,42,11,2,5,10,9,0.30000000000000004,0.30000000000000004,True
705,24,CARD,0,0,1,256,47,11,2,5,10,9,0.30000000000000004,0.30000000000000004,False
706,24,CLF_UNION,0,0,16,256,58,11,2,5,10,9,0.30000000000000004,0.30000000000000004,False
707,24,ORD-UNION,0,0,0,256,42,11,2,5,10,9,0.30000000000000004,0.30000000000000004,False
708,24,CARD,15,0,21,256,45,11,2,5,10,9,0.30000000000000004,0.30000000000000004,True
709,24,CLF_UNION,13,3,33,256,57,11,2,5,10,9,0.30000000000000004,0.30000000000000004,True
710,24,ORD-UNION,10,0,10,256,34,11,2,5,10,9,0.30000000000000004,0.30000000000000004,True
711,24,CARD,15,0,21,256,45,11,2,5,10,9,0.30000000000000004,0.30000000000000004,False
712,24,CLF_UNION,13,3,33,256,57,11,2,5,10,9,0.30000000000000004,0.30000000000000004,False
713,24,ORD-UNION,10,0,10,256,34,11,2,5,10,9,0.30000000000000004,0.30000000000000004,False
714,24,CARD,0,0,4,256,46,11,2,5,10,9,0.30000000000000004,0.30000000000000004,True
715,24,CLF_UNION,0,0,17,256,57,11,2,5,10,9,0.30000000000000004,0.30000000000000004,True
716,24,ORD-UNION,0,0,0,256,40,11,2,5,10,9,0.30000000000000004,0.30000000000000004,True
717,24,CARD,0,0,4,256,46,11,2,5,10,9,0.30000000000000004,0.30000000000000004,False
718,24,CLF_UNION,0,0,17,256,57,11,2,5,10,9,0.30000000000000004,0.30000000000000004,False
719,24,ORD-UNION,0,0,0,256,40,11,2,5,10,9,0.30000000000000004,0.30000000000000004,False
720,1,CARD,2,15,21,1,69,15,4,5,10,9,0.30000000000000004,0.30000000000000004,True
721,1,CLF_UNION,26,22,67,1,67,15,4,5,10,9,0.30000000000000004,0.30000000000000004,True
722,1,ORD-UNION,0,0,0,1,0,15,4,5,10,9,0.30000000000000004,0.30000000000000004,True
723,1,CARD,14,5,24,1,66,1,1,5,10,9,0.30000000000000004,0.30000000000000004,False
724,1,CLF_UNION,33,24,76,1,76,1,1,5,10,9,0.30000000000000004,0.30000000000000004,False
725,1,ORD-UNION,14,5,24,1,24,1,1,5,10,9,0.30000000000000004,0.30000000000000004,False
726,1,CARD,11,12,25,1,65,1,1,5,10,9,0.30000000000000004,0.30000000000000004,True
727,1,CLF_UNION,28,29,75,1,75,1,1,5,10,9,0.30000000000000004,0.30000000000000004,True
728,1,ORD-UNION,11,12,25,1,25,1,1,5,10,9,0.30000000000000004,0.30000000000000004,True
729,1,CARD,11,12,25,1,65,1,1,5,10,9,0.30000000000000004,0.30000000000000004,False
730,1,CLF_UNION,28,29,75,1,75,1,1,5,10,9,0.30000000000000004,0.30000000000000004,False
731,1,ORD-UNION,11,12,25,1,25,1,1,5,10,9,0.30000000000000004,0.30000000000000004,False
732,1,CARD,16,8,24,1,66,1,1,5,10,9,0.30000000000000004,0.30000000000000004,True
733,1,CLF_UNION,33,25,76,1,76,1,1,5,10,9,0.30000000000000004,0.30000000000000004,True
734,1,ORD-UNION,16,8,24,1,24,1,1,5,10,9,0.30000000000000004,0.30000000000000004,True
735,1,CARD,16,8,24,1,66,1,1,5,10,9,0.30000000000000004,0.30000000000000004,False
736,1,CLF_UNION,33,25,76,1,76,1,1,5,10,9,0.30000000000000004,0.30000000000000004,False
737,1,ORD-UNION,16,8,24,1,24,1,1,5,10,9,0.30000000000000004,0.30000000000000004,False
738,1,CARD,14,4,21,1,69,1,1,5,10,9,0.30000000000000004,0.30000000000000004,True
739,1,CLF_UNION,34,24,79,1,79,1,1,5,10,9,0.30000000000000004,0.30000000000000004,True
740,1,ORD-UNION,14,4,21,1,21,1,1,5,10,9,0.30000000000000004,0.30000000000000004,True
741,1,CARD,14,4,21,1,69,1,1,5,10,9,0.30000000000000004,0.30000000000000004,False
742,1,CLF_UNION,34,24,79,1,79,1,1,5,10,9,0.30000000000000004,0.30000000000000004,False
743,1,ORD-UNION,14,4,21,1,21,1,1,5,10,9,0.30000000000000004,0.30000000000000004,False
744,1,CARD,10,8,21,1,69,1,1,5,10,9,0.30000000000000004,0.30000000000000004,True
745,1,CLF_UNION,33,31,79,1,79,1,1,5,10,9,0.30000000000000004,0.30000000000000004,True
746,1,ORD-UNION,10,8,21,1,21,1,1,5,10,9,0.30000000000000004,0.30000000000000004,True
747,1,CARD,10,8,21,1,69,1,1,5,10,9,0.30000000000000004,0.30000000000000004,False
748,1,CLF_UNION,33,31,79,1,79,1,1,5,10,9,0.30000000000000004,0.30000000000000004,False
749,1,ORD-UNION,10,8,21,1,21,1,1,5,10,9,0.30000000000000004,0.30000000000000004,False
750,2,CARD,19,12,33,3,57,15,4,5,10,9,0.30000000000000004,0.30000000000000004,True
751,2,CLF_UNION,34,14,63,3,63,15,4,5,10,9,0.30000000000000004,0.30000000000000004,True
752,2,ORD-UNION,0,0,0,3,0,15,4,5,10,9,0.30000000000000004,0.30000000000000004,True
753,2,CARD,22,7,33,3,57,2,1,5,10,9,0.30000000000000004,0.30000000000000004,False
754,2,CLF_UNION,37,18,71,3,71,2,1,5,10,9,0.30000000000000004,0.30000000000000004,False
755,2,ORD-UNION,22,3,29,3,29,2,1,5,10,9,0.30000000000000004,0.30000000000000004,False
756,2,CARD,20,14,35,3,55,2,1,5,10,9,0.30000000000000004,0.30000000000000004,True
757,2,CLF_UNION,28,24,69,3,69,2,1,5,10,9,0.30000000000000004,0.30000000000000004,True
758,2,ORD-UNION,17,13,31,3,31,2,1,5,10,9,0.30000000000000004,0.30000000000000004,True
759,2,CARD,20,14,35,3,55,2,1,5,10,9,0.30000000000000004,0.30000000000000004,False
760,2,CLF_UNION,28,24,69,3,69,2,1,5,10,9,0.30000000000000004,0.30000000000000004,False
761,2,ORD-UNION,17,13,31,3,31,2,1,5,10,9,0.30000000000000004,0.30000000000000004,False
762,2,CARD,27,7,37,3,53,2,1,5,10,9,0.30000000000000004,0.30000000000000004,True
763,2,CLF_UNION,34,19,69,3,69,2,1,5,10,9,0.30000000000000004,0.30000000000000004,True
764,2,ORD-UNION,22,7,31,3,31,2,1,5,10,9,0.30000000000000004,0.30000000000000004,True
765,2,CARD,27,7,37,3,53,2,1,5,10,9,0.30000000000000004,0.30000000000000004,False
766,2,CLF_UNION,34,19,69,3,69,2,1,5,10,9,0.30000000000000004,0.30000000000000004,False
767,2,ORD-UNION,22,7,31,3,31,2,1,5,10,9,0.30000000000000004,0.30000000000000004,False
768,2,CARD,18,16,36,3,54,2,1,5,10,9,0.30000000000000004,0.30000000000000004,True
769,2,CLF_UNION,26,27,67,3,67,2,1,5,10,9,0.30000000000000004,0.30000000000000004,True
770,2,ORD-UNION,15,16,33,3,33,2,1,5,10,9,0.30000000000000004,0.30000000000000004,True
771,2,CARD,18,16,36,3,54,2,1,5,10,9,0.30000000000000004,0.30000000000000004,False
772,2,CLF_UNION,26,27,67,3,67,2,1,5,10,9,0.30000000000000004,0.30000000000000004,False
773,2,ORD-UNION,15,16,33,3,33,2,1,5,10,9,0.30000000000000004,0.30000000000000004,False
774,2,CARD,23,10,34,3,55,2,1,5,10,9,0.30000000000000004,0.30000000000000004,True
775,2,CLF_UNION,36,21,70,3,71,2,1,5,10,9,0.30000000000000004,0.30000000000000004,True
776,2,ORD-UNION,21,6,28,3,29,2,1,5,10,9,0.30000000000000004,0.30000000000000004,True
777,2,CARD,23,10,34,3,55,2,1,5,10,9,0.30000000000000004,0.30000000000000004,False
778,2,CLF_UNION,36,21,70,3,71,2,1,5,10,9,0.30000000000000004,0.30000000000000004,False
779,2,ORD-UNION,21,6,28,3,29,2,1,5,10,9,0.30000000000000004,0.30000000000000004,False
780,3,CARD,17,16,36,6,53,15,4,5,10,9,0.30000000000000004,0.30000000000000004,True
781,3,CLF_UNION,27,20,60,6,61,15,4,5,10,9,0.30000000000000004,0.30000000000000004,True
782,3,ORD-UNION,0,0,0,6,1,15,4,5,10,9,0.30000000000000004,0.30000000000000004,True
783,3,CARD,17,16,36,6,53,2,1,5,10,9,0.30000000000000004,0.30000000000000004,False
784,3,CLF_UNION,25,29,68,6,69,2,1,5,10,9,0.30000000000000004,0.30000000000000004,False
785,3,ORD-UNION,17,16,36,6,37,2,1,5,10,9,0.30000000000000004,0.30000000000000004,False
786,3,CARD,16,11,33,6,57,2,1,5,10,9,0.30000000000000004,0.30000000000000004,True
787,3,CLF_UNION,27,24,71,6,71,2,1,5,10,9,0.30000000000000004,0.30000000000000004,True
788,3,ORD-UNION,16,11,33,6,33,2,1,5,10,9,0.30000000000000004,0.30000000000000004,True
789,3,CARD,16,11,33,6,57,2,1,5,10,9,0.30000000000000004,0.30000000000000004,False
790,3,CLF_UNION,27,24,71,6,71,2,1,5,10,9,0.30000000000000004,0.30000000000000004,False
791,3,ORD-UNION,16,11,33,6,33,2,1,5,10,9,0.30000000000000004,0.30000000000000004,False
792,3,CARD,19,11,31,6,59,2,1,5,10,9,0.30000000000000004,0.30000000000000004,True
793,3,CLF_UNION,31,23,69,6,69,2,1,5,10,9,0.30000000000000004,0.30000000000000004,True
794,3,ORD-UNION,19,11,31,6,31,2,1,5,10,9,0.30000000000000004,0.30000000000000004,True
795,3,CARD,19,11,31,6,59,2,1,5,10,9,0.30000000000000004,0.30000000000000004,False
796,3,CLF_UNION,31,23,69,6,69,2,1,5,10,9,0.30000000000000004,0.30000000000000004,False
797,3,ORD-UNION,19,11,31,6,31,2,1,5,10,9,0.30000000000000004,0.30000000000000004,False
798,3,CARD,24,9,35,6,55,2,1,5,10,9,0.30000000000000004,0.30000000000000004,True
799,3,CLF_UNION,38,23,77,6,77,2,1,5,10,9,0.30000000000000004,0.30000000000000004,True
800,3,ORD-UNION,24,9,35,6,35,2,1,5,10,9,0.30000000000000004,0.30000000000000004,True
801,3,CARD,24,9,35,6,55,2,1,5,10,9,0.30000000000000004,0.30000000000000004,False
802,3,CLF_UNION,38,23,77,6,77,2,1,5,10,9,0.30000000000000004,0.30000000000000004,False
803,3,ORD-UNION,24,9,35,6,35,2,1,5,10,9,0.30000000000000004,0.30000000000000004,False
804,3,CARD,20,12,32,6,58,2,1,5,10,9,0.30000000000000004,0.30000000000000004,True
805,3,CLF_UNION,30,37,83,6,83,2,1,5,10,9,0.30000000000000004,0.30000000000000004,True
806,3,ORD-UNION,20,12,32,6,32,2,1,5,10,9,0.30000000000000004,0.30000000000000004,True
807,3,CARD,20,12,32,6,58,2,1,5,10,9,0.30000000000000004,0.30000000000000004,False
808,3,CLF_UNION,30,37,83,6,83,2,1,5,10,9,0.30000000000000004,0.30000000000000004,False
809,3,ORD-UNION,20,12,32,6,32,2,1,5,10,9,0.30000000000000004,0.30000000000000004,False
810,4,CARD,24,9,41,10,49,15,4,5,10,9,0.30000000000000004,0.30000000000000004,True
811,4,CLF_UNION,24,12,55,10,55,15,4,5,10,9,0.30000000000000004,0.30000000000000004,True
812,4,ORD-UNION,1,0,1,10,1,15,4,5,10,9,0.30000000000000004,0.30000000000000004,True
813,4,CARD,26,7,41,10,49,4,1,5,10,9,0.30000000000000004,0.30000000000000004,False
814,4,CLF_UNION,27,11,59,10,59,4,1,5,10,9,0.30000000000000004,0.30000000000000004,False
815,4,ORD-UNION,23,6,34,10,34,4,1,5,10,9,0.30000000000000004,0.30000000000000004,False
816,4,CARD,31,7,42,10,47,4,1,5,10,9,0.30000000000000004,0.30000000000000004,True
817,4,CLF_UNION,34,9,61,10,62,4,1,5,10,9,0.30000000000000004,0.30000000000000004,True
818,4,ORD-UNION,29,4,34,10,35,4,1,5,10,9,0.30000000000000004,0.30000000000000004,True
819,4,CARD,31,7,42,10,47,4,1,5,10,9,0.30000000000000004,0.30000000000000004,False
820,4,CLF_UNION,34,9,61,10,62,4,1,5,10,9,0.30000000000000004,0.30000000000000004,False
821,4,ORD-UNION,29,4,34,10,35,4,1,5,10,9,0.30000000000000004,0.30000000000000004,False
822,4,CARD,25,9,38,10,51,4,1,5,10,9,0.30000000000000004,0.30000000000000004,True
823,4,CLF_UNION,29,13,60,10,61,4,1,5,10,9,0.30000000000000004,0.30000000000000004,True
824,4,ORD-UNION,22,7,30,10,31,4,1,5,10,9,0.30000000000000004,0.30000000000000004,True
825,4,CARD,25,9,38,10,51,4,1,5,10,9,0.30000000000000004,0.30000000000000004,False
826,4,CLF_UNION,29,13,60,10,61,4,1,5,10,9,0.30000000000000004,0.30000000000000004,False
827,4,ORD-UNION,22,7,30,10,31,4,1,5,10,9,0.30000000000000004,0.30000000000000004,False
828,4,CARD,29,2,41,10,48,4,1,5,10,9,0.30000000000000004,0.30000000000000004,True
829,4,CLF_UNION,28,5,60,10,61,4,1,5,10,9,0.30000000000000004,0.30000000000000004,True
830,4,ORD-UNION,26,2,34,10,35,4,1,5,10,9,0.30000000000000004,0.30000000000000004,True
831,4,CARD,29,2,41,10,48,4,1,5,10,9,0.30000000000000004,0.30000000000000004,False
832,4,CLF_UNION,28,5,60,10,61,4,1,5,10,9,0.30000000000000004,0.30000000000000004,False
833,4,ORD-UNION,26,2,34,10,35,4,1,5,10,9,0.30000000000000004,0.30000000000000004,False
834,4,CARD,19,17,40,10,49,4,1,5,10,9,0.30000000000000004,0.30000000000000004,True
835,4,CLF_UNION,22,19,57,10,58,4,1,5,10,9,0.30000000000000004,0.30000000000000004,True
836,4,ORD-UNION,16,16,36,10,37,4,1,5,10,9,0.30000000000000004,0.30000000000000004,True
837,4,CARD,19,17,40,10,49,4,1,5,10,9,0.30000000000000004,0.30000000000000004,False
838,4,CLF_UNION,22,19,57,10,58,4,1,5,10,9,0.30000000000000004,0.30000000000000004,False
839,4,ORD-UNION,16,16,36,10,37,4,1,5,10,9,0.30000000000000004,0.30000000000000004,False
840,5,CARD,27,9,41,14,49,15,4,5,10,9,0.30000000000000004,0.30000000000000004,True
841,5,CLF_UNION,31,9,55,14,55,15,4,5,10,9,0.30000000000000004,0.30000000000000004,True
842,5,ORD-UNION,0,0,0,14,0,15,4,5,10,9,0.30000000000000004,0.30000000000000004,True
843,5,CARD,28,11,44,14,46,4,1,5,10,9,0.30000000000000004,0.30000000000000004,False
844,5,CLF_UNION,31,12,58,14,58,4,1,5,10,9,0.30000000000000004,0.30000000000000004,False
845,5,ORD-UNION,27,10,42,14,42,4,1,5,10,9,0.30000000000000004,0.30000000000000004,False
846,5,CARD,26,13,43,14,47,4,1,5,10,9,0.30000000000000004,0.30000000000000004,True
847,5,CLF_UNION,28,15,58,14,58,4,1,5,10,9,0.30000000000000004,0.30000000000000004,True
848,5,ORD-UNION,25,12,40,14,40,4,1,5,10,9,0.30000000000000004,0.30000000000000004,True
849,5,CARD,26,13,43,14,47,4,1,5,10,9,0.30000000000000004,0.30000000000000004,False
850,5,CLF_UNION,28,15,58,14,58,4,1,5,10,9,0.30000000000000004,0.30000000000000004,False
851,5,ORD-UNION,25,12,40,14,40,4,1,5,10,9,0.30000000000000004,0.30000000000000004,False
852,5,CARD,24,14,40,14,47,4,1,5,10,9,0.30000000000000004,0.30000000000000004,True
853,5,CLF_UNION,25,19,58,14,61,4,1,5,10,9,0.30000000000000004,0.30000000000000004,True
854,5,ORD-UNION,22,14,38,14,41,4,1,5,10,9,0.30000000000000004,0.30000000000000004,True
855,5,CARD,24,14,40,14,47,4,1,5,10,9,0.30000000000000004,0.30000000000000004,False
856,5,CLF_UNION,25,19,58,14,61,4,1,5,10,9,0.30000000000000004,0.30000000000000004,False
857,5,ORD-UNION,22,14,38,14,41,4,1,5,10,9,0.30000000000000004,0.30000000000000004,False
858,5,CARD,29,6,39,14,50,4,1,5,10,9,0.30000000000000004,0.30000000000000004,True
859,5,CLF_UNION,34,11,61,14,62,4,1,5,10,9,0.30000000000000004,0.30000000000000004,True
860,5,ORD-UNION,27,5,36,14,37,4,1,5,10,9,0.30000000000000004,0.30000000000000004,True
861,5,CARD,29,6,39,14,50,4,1,5,10,9,0.30000000000000004,0.30000000000000004,False
862,5,CLF_UNION,34,11,61,14,62,4,1,5,10,9,0.30000000000000004,0.30000000000000004,False
863,5,ORD-UNION,27,5,36,14,37,4,1,5,10,9,0.30000000000000004,0.30000000000000004,False
864,5,CARD,24,14,44,14,46,4,1,5,10,9,0.30000000000000004,0.30000000000000004,True
865,5,CLF_UNION,26,18,60,14,60,4,1,5,10,9,0.30000000000000004,0.30000000000000004,True
866,5,ORD-UNION,24,13,43,14,43,4,1,5,10,9,0.30000000000000004,0.30000000000000004,True
867,5,CARD,24,14,44,14,46,4,1,5,10,9,0.30000000000000004,0.30000000000000004,False
868,5,CLF_UNION,26,18,60,14,60,4,1,5,10,9,0.30000000000000004,0.30000000000000004,False
869,5,ORD-UNION,24,13,43,14,43,4,1,5,10,9,0.30000000000000004,0.30000000000000004,False
870,6,CARD,29,6,39,18,50,15,4,5,10,9,0.30000000000000004,0.30000000000000004,True
871,6,CLF_UNION,31,10,55,18,56,15,4,5,10,9,0.30000000000000004,0.30000000000000004,True
872,6,ORD-UNION,0,0,0,18,1,15,4,5,10,9,0.30000000000000004,0.30000000000000004,True
873,6,CARD,22,16,42,18,47,5,1,5,10,9,0.30000000000000004,0.30000000000000004,False
874,6,CLF_UNION,30,10,54,18,55,5,1,5,10,9,0.30000000000000004,0.30000000000000004,False
875,6,ORD-UNION,15,5,22,18,23,5,1,5,10,9,0.30000000000000004,0.30000000000000004,False
876,6,CARD,22,15,42,18,47,5,1,5,10,9,0.30000000000000004,0.30000000000000004,True
877,6,CLF_UNION,26,13,54,18,55,5,1,5,10,9,0.30000000000000004,0.30000000000000004,True
878,6,ORD-UNION,13,6,24,18,25,5,1,5,10,9,0.30000000000000004,0.30000000000000004,True
879,6,CARD,22,15,42,18,47,5,1,5,10,9,0.30000000000000004,0.30000000000000004,False
880,6,CLF_UNION,26,13,54,18,55,5,1,5,10,9,0.30000000000000004,0.30000000000000004,False
881,6,ORD-UNION,13,6,24,18,25,5,1,5,10,9,0.30000000000000004,0.30000000000000004,False
882,6,CARD,19,16,42,18,46,5,1,5,10,9,0.30000000000000004,0.30000000000000004,True
883,6,CLF_UNION,24,12,53,18,55,5,1,5,10,9,0.30000000000000004,0.30000000000000004,True
884,6,ORD-UNION,17,6,27,18,29,5,1,5,10,9,0.30000000000000004,0.30000000000000004,True
885,6,CARD,19,16,42,18,46,5,1,5,10,9,0.30000000000000004,0.30000000000000004,False
886,6,CLF_UNION,24,12,53,18,55,5,1,5,10,9,0.30000000000000004,0.30000000000000004,False
887,6,ORD-UNION,17,6,27,18,29,5,1,5,10,9,0.30000000000000004,0.30000000000000004,False
888,6,CARD,16,19,39,18,49,5,1,5,10,9,0.30000000000000004,0.30000000000000004,True
889,6,CLF_UNION,26,12,53,18,55,5,1,5,10,9,0.30000000000000004,0.30000000000000004,True
890,6,ORD-UNION,12,8,24,18,26,5,1,5,10,9,0.30000000000000004,0.30000000000000004,True
891,6,CARD,16,19,39,18,49,5,1,5,10,9,0.30000000000000004,0.30000000000000004,False
892,6,CLF_UNION,26,12,53,18,55,5,1,5,10,9,0.30000000000000004,0.30000000000000004,False
893,6,ORD-UNION,12,8,24,18,26,5,1,5,10,9,0.30000000000000004,0.30000000000000004,False
894,6,CARD,25,12,41,18,49,5,1,5,10,9,0.30000000000000004,0.30000000000000004,True
895,6,CLF_UNION,27,14,55,18,55,5,1,5,10,9,0.30000000000000004,0.30000000000000004,True
896,6,ORD-UNION,16,6,22,18,22,5,1,5,10,9,0.30000000000000004,0.30000000000000004,True
897,6,CARD,25,12,41,18,49,5,1,5,10,9,0.30000000000000004,0.30000000000000004,False
898,6,CLF_UNION,27,14,55,18,55,5,1,5,10,9,0.30000000000000004,0.30000000000000004,False
899,6,ORD-UNION,16,6,22,18,22,5,1,5,10,9,0.30000000000000004,0.30000000000000004,False
900,7,CARD,20,13,36,24,48,15,4,5,10,9,0.30000000000000004,0.30000000000000004,True
901,7,CLF_UNION,25,11,49,24,55,15,4,5,10,9,0.30000000000000004,0.30000000000000004,True
902,7,ORD-UNION,0,1,1,24,7,15,4,5,10,9,0.30000000000000004,0.30000000000000004,True
903,7,CARD,28,8,39,24,45,5,1,5,10,9,0.30000000000000004,0.30000000000000004,False
904,7,CLF_UNION,26,10,49,24,55,5,1,5,10,9,0.30000000000000004,0.30000000000000004,False
905,7,ORD-UNION,25,7,35,24,41,5,1,5,10,9,0.30000000000000004,0.30000000000000004,False
906,7,CARD,31,9,44,24,45,5,1,5,10,9,0.30000000000000004,0.30000000000000004,True
907,7,CLF_UNION,29,11,54,24,55,5,1,5,10,9,0.30000000000000004,0.30000000000000004,True
908,7,ORD-UNION,26,5,34,24,35,5,1,5,10,9,0.30000000000000004,0.30000000000000004,True
909,7,CARD,31,9,44,24,45,5,1,5,10,9,0.30000000000000004,0.30000000000000004,False
910,7,CLF_UNION,29,11,54,24,55,5,1,5,10,9,0.30000000000000004,0.30000000000000004,False
911,7,ORD-UNION,26,5,34,24,35,5,1,5,10,9,0.30000000000000004,0.30000000000000004,False
912,7,CARD,28,13,44,24,46,5,1,5,10,9,0.30000000000000004,0.30000000000000004,True
913,7,CLF_UNION,30,13,56,24,56,5,1,5,10,9,0.30000000000000004,0.30000000000000004,True
914,7,ORD-UNION,25,11,39,24,39,5,1,5,10,9,0.30000000000000004,0.30000000000000004,True
915,7,CARD,28,13,44,24,46,5,1,5,10,9,0.30000000000000004,0.30000000000000004,False
916,7,CLF_UNION,30,13,56,24,56,5,1,5,10,9,0.30000000000000004,0.30000000000000004,False
917,7,ORD-UNION,25,11,39,24,39,5,1,5,10,9,0.30000000000000004,0.30000000000000004,False
918,7,CARD,26,8,38,24,47,5,1,5,10,9,0.30000000000000004,0.30000000000000004,True
919,7,CLF_UNION,29,8,51,24,56,5,1,5,10,9,0.30000000000000004,0.30000000000000004,True
920,7,ORD-UNION,25,6,35,24,40,5,1,5,10,9,0.30000000000000004,0.30000000000000004,True
921,7,CARD,26,8,38,24,47,5,1,5,10,9,0.30000000000000004,0.30000000000000004,False
922,7,CLF_UNION,29,8,51,24,56,5,1,5,10,9,0.30000000000000004,0.30000000000000004,False
923,7,ORD-UNION,25,6,35,24,40,5,1,5,10,9,0.30000000000000004,0.30000000000000004,False
924,7,CARD,30,7,41,24,46,5,1,5,10,9,0.30000000000000004,0.30000000000000004,True
925,7,CLF_UNION,30,7,52,24,55,5,1,5,10,9,0.30000000000000004,0.30000000000000004,True
926,7,ORD-UNION,29,6,37,24,40,5,1,5,10,9,0.30000000000000004,0.30000000000000004,True
927,7,CARD,30,7,41,24,46,5,1,5,10,9,0.30000000000000004,0.30000000000000004,False
928,7,CLF_UNION,30,7,52,24,55,5,1,5,10,9,0.30000000000000004,0.30000000000000004,False
929,7,ORD-UNION,29,6,37,24,40,5,1,5,10,9,0.30000000000000004,0.30000000000000004,False
930,8,CARD,17,15,35,30,50,15,4,5,10,9,0.30000000000000004,0.30000000000000004,True
931,8,CLF_UNION,25,11,50,30,55,15,4,5,10,9,0.30000000000000004,0.30000000000000004,True
932,8,ORD-UNION,0,0,0,30,5,15,4,5,10,9,0.30000000000000004,0.30000000000000004,True
933,8,CARD,17,13,34,30,51,5,2,5,10,9,0.30000000000000004,0.30000000000000004,False
934,8,CLF_UNION,25,17,56,30,61,5,2,5,10,9,0.30000000000000004,0.30000000000000004,False
935,8,ORD-UNION,17,13,34,30,39,5,2,5,10,9,0.30000000000000004,0.30000000000000004,False
936,8,CARD,22,14,39,30,50,5,2,5,10,9,0.30000000000000004,0.30000000000000004,True
937,8,CLF_UNION,28,18,59,30,60,5,2,5,10,9,0.30000000000000004,0.30000000000000004,True
938,8,ORD-UNION,22,14,39,30,40,5,2,5,10,9,0.30000000000000004,0.30000000000000004,True
939,8,CARD,22,14,39,30,50,5,2,5,10,9,0.30000000000000004,0.30000000000000004,False
940,8,CLF_UNION,28,18,59,30,60,5,2,5,10,9,0.30000000000000004,0.30000000000000004,False
941,8,ORD-UNION,22,14,39,30,40,5,2,5,10,9,0.30000000000000004,0.30000000000000004,False
942,8,CARD,25,14,41,30,49,5,2,5,10,9,0.30000000000000004,0.30000000000000004,True
943,8,CLF_UNION,31,17,60,30,60,5,2,5,10,9,0.30000000000000004,0.30000000000000004,True
944,8,ORD-UNION,25,13,40,30,40,5,2,5,10,9,0.30000000000000004,0.30000000000000004,True
945,8,CARD,25,14,41,30,49,5,2,5,10,9,0.30000000000000004,0.30000000000000004,False
946,8,CLF_UNION,31,17,60,30,60,5,2,5,10,9,0.30000000000000004,0.30000000000000004,False
947,8,ORD-UNION,25,13,40,30,40,5,2,5,10,9,0.30000000000000004,0.30000000000000004,False
948,8,CARD,17,16,37,30,52,5,2,5,10,9,0.30000000000000004,0.30000000000000004,True
949,8,CLF_UNION,23,22,61,30,62,5,2,5,10,9,0.30000000000000004,0.30000000000000004,True
950,8,ORD-UNION,16,16,35,30,36,5,2,5,10,9,0.30000000000000004,0.30000000000000004,True
951,8,CARD,17,16,37,30,52,5,2,5,10,9,0.30000000000000004,0.30000000000000004,False
952,8,CLF_UNION,23,22,61,30,62,5,2,5,10,9,0.30000000000000004,0.30000000000000004,False
953,8,ORD-UNION,16,16,35,30,36,5,2,5,10,9,0.30000000000000004,0.30000000000000004,False
954,8,CARD,35,4,41,30,48,5,2,5,10,9,0.30000000000000004,0.30000000000000004,True
955,8,CLF_UNION,41,3,58,30,59,5,2,5,10,9,0.30000000000000004,0.30000000000000004,True
956,8,ORD-UNION,32,2,34,30,35,5,2,5,10,9,0.30000000000000004,0.30000000000000004,True
957,8,CARD,35,4,41,30,48,5,2,5,10,9,0.30000000000000004,0.30000000000000004,False
958,8,CLF_UNION,41,3,58,30,59,5,2,5,10,9,0.30000000000000004,0.30000000000000004,False
959,8,ORD-UNION,32,2,34,30,35,5,2,5,10,9,0.30000000000000004,0.30000000000000004,False
960,9,CARD,21,13,35,36,50,15,4,5,10,9,0.30000000000000004,0.30000000000000004,True
961,9,CLF_UNION,26,13,52,36,57,15,4,5,10,9,0.30000000000000004,0.30000000000000004,True
962,9,ORD-UNION,1,0,1,36,6,15,4,5,10,9,0.30000000000000004,0.30000000000000004,True
963,9,CARD,25,9,36,36,49,6,2,5,10,9,0.30000000000000004,0.30000000000000004,False
964,9,CLF_UNION,27,11,51,36,56,6,2,5,10,9,0.30000000000000004,0.30000000000000004,False
965,9,ORD-UNION,20,4,26,36,31,6,2,5,10,9,0.30000000000000004,0.30000000000000004,False
966,9,CARD,22,13,40,36,47,6,2,5,10,9,0.30000000000000004,0.30000000000000004,True
967,9,CLF_UNION,25,13,53,36,56,6,2,5,10,9,0.30000000000000004,0.30000000000000004,True
968,9,ORD-UNION,15,7,25,36,28,6,2,5,10,9,0.30000000000000004,0.30000000000000004,True
969,9,CARD,22,13,40,36,47,6,2,5,10,9,0.30000000000000004,0.30000000000000004,False
970,9,CLF_UNION,25,13,53,36,56,6,2,5,10,9,0.30000000000000004,0.30000000000000004,False
971,9,ORD-UNION,15,7,25,36,28,6,2,5,10,9,0.30000000000000004,0.30000000000000004,False
972,9,CARD,18,12,36,36,49,6,2,5,10,9,0.30000000000000004,0.30000000000000004,True
973,9,CLF_UNION,22,14,53,36,58,6,2,5,10,9,0.30000000000000004,0.30000000000000004,True
974,9,ORD-UNION,17,8,31,36,36,6,2,5,10,9,0.30000000000000004,0.30000000000000004,True
975,9,CARD,18,12,36,36,49,6,2,5,10,9,0.30000000000000004,0.30000000000000004,False
976,9,CLF_UNION,22,14,53,36,58,6,2,5,10,9,0.30000000000000004,0.30000000000000004,False
977,9,ORD-UNION,17,8,31,36,36,6,2,5,10,9,0.30000000000000004,0.30000000000000004,False
978,9,CARD,27,11,41,36,49,6,2,5,10,9,0.30000000000000004,0.30000000000000004,True
979,9,CLF_UNION,34,9,56,36,56,6,2,5,10,9,0.30000000000000004,0.30000000000000004,True
980,9,ORD-UNION,23,5,31,36,31,6,2,5,10,9,0.30000000000000004,0.30000000000000004,True
981,9,CARD,27,11,41,36,49,6,2,5,10,9,0.30000000000000004,0.30000000000000004,False
982,9,CLF_UNION,34,9,56,36,56,6,2,5,10,9,0.30000000000000004,0.30000000000000004,False
983,9,ORD-UNION,23,5,31,36,31,6,2,5,10,9,0.30000000000000004,0.30000000000000004,False
984,9,CARD,22,13,41,36,48,6,2,5,10,9,0.30000000000000004,0.30000000000000004,True
985,9,CLF_UNION,25,13,54,36,55,6,2,5,10,9,0.30000000000000004,0.30000000000000004,True
986,9,ORD-UNION,19,8,31,36,32,6,2,5,10,9,0.30000000000000004,0.30000000000000004,True
987,9,CARD,22,13,41,36,48,6,2,5,10,9,0.30000000000000004,0.30000000000000004,False
988,9,CLF_UNION,25,13,54,36,55,6,2,5,10,9,0.30000000000000004,0.30000000000000004,False
989,9,ORD-UNION,19,8,31,36,32,6,2,5,10,9,0.30000000000000004,0.30000000000000004,False
990,10,CARD,12,19,33,43,52,15,4,5,10,9,0.30000000000000004,0.30000000000000004,True
991,10,CLF_UNION,21,16,50,43,55,15,4,5,10,9,0.30000000000000004,0.30000000000000004,True
992,10,ORD-UNION,2,0,2,43,7,15,4,5,10,9,0.30000000000000004,0.30000000000000004,True
993,10,CARD,24,8,34,43,51,8,2,5,10,9,0.30000000000000004,0.30000000000000004,False
994,10,CLF_UNION,24,13,50,43,55,8,2,5,10,9,0.30000000000000004,0.30000000000000004,False
995,10,ORD-UNION,14,4,20,43,25,8,2,5,10,9,0.30000000000000004,0.30000000000000004,False
996,10,CARD,24,11,37,43,47,8,2,5,10,9,0.30000000000000004,0.30000000000000004,True
997,10,CLF_UNION,24,13,49,43,55,8,2,5,10,9,0.30000000000000004,0.30000000000000004,True
998,10,ORD-UNION,20,6,26,43,32,8,2,5,10,9,0.30000000000000004,0.30000000000000004,True
999,10,CARD,24,11,37,43,47,8,2,5,10,9,0.30000000000000004,0.30000000000000004,False
1000,10,CLF_UNION,24,13,49,43,55,8,2,5,10,9,0.30000000000000004,0.30000000000000004,False
1001,10,ORD-UNION,20,6,26,43,32,8,2,5,10,9,0.30000000000000004,0.30000000000000004,False
1002,10,CARD,23,8,37,43,49,8,2,5,10,9,0.30000000000000004,0.30000000000000004,True
1003,10,CLF_UNION,24,10,52,43,56,8,2,5,10,9,0.30000000000000004,0.30000000000000004,True
1004,10,ORD-UNION,13,5,22,43,26,8,2,5,10,9,0.30000000000000004,0.30000000000000004,True
1005,10,CARD,23,8,37,43,49,8,2,5,10,9,0.30000000000000004,0.30000000000000004,False
1006,10,CLF_UNION,24,10,52,43,56,8,2,5,10,9,0.30000000000000004,0.30000000000000004,False
1007,10,ORD-UNION,13,5,22,43,26,8,2,5,10,9,0.30000000000000004,0.30000000000000004,False
1008,10,CARD,28,7,40,43,47,8,2,5,10,9,0.30000000000000004,0.30000000000000004,True
1009,10,CLF_UNION,29,9,54,43,57,8,2,5,10,9,0.30000000000000004,0.30000000000000004,True
1010,10,ORD-UNION,17,3,23,43,26,8,2,5,10,9,0.30000000000000004,0.30000000000000004,True
1011,10,CARD,28,7,40,43,47,8,2,5,10,9,0.30000000000000004,0.30000000000000004,False
1012,10,CLF_UNION,29,9,54,43,57,8,2,5,10,9,0.30000000000000004,0.30000000000000004,False
1013,10,ORD-UNION,17,3,23,43,26,8,2,5,10,9,0.30000000000000004,0.30000000000000004,False
1014,10,CARD,25,12,41,43,49,8,2,5,10,9,0.30000000000000004,0.30000000000000004,True
1015,10,CLF_UNION,23,19,56,43,56,8,2,5,10,9,0.30000000000000004,0.30000000000000004,True
1016,10,ORD-UNION,2,6,10,43,10,8,2,5,10,9,0.30000000000000004,0.30000000000000004,True
1017,10,CARD,25,12,41,43,49,8,2,5,10,9,0.30000000000000004,0.30000000000000004,False
1018,10,CLF_UNION,23,19,56,43,56,8,2,5,10,9,0.30000000000000004,0.30000000000000004,False
1019,10,ORD-UNION,2,6,10,43,10,8,2,5,10,9,0.30000000000000004,0.30000000000000004,False
1020,11,CARD,24,8,33,54,52,15,4,5,10,9,0.30000000000000004,0.30000000000000004,True
1021,11,CLF_UNION,24,13,51,54,56,15,4,5,10,9,0.30000000000000004,0.30000000000000004,True
1022,11,ORD-UNION,1,1,2,54,7,15,4,5,10,9,0.30000000000000004,0.30000000000000004,True
1023,11,CARD,18,17,38,54,47,6,2,5,10,9,0.30000000000000004,0.30000000000000004,False
1024,11,CLF_UNION,25,16,54,54,59,6,2,5,10,9,0.30000000000000004,0.30000000000000004,False
1025,11,ORD-UNION,15,14,32,54,37,6,2,5,10,9,0.30000000000000004,0.30000000000000004,False
1026,11,CARD,25,7,39,54,46,6,2,5,10,9,0.30000000000000004,0.30000000000000004,True
1027,11,CLF_UNION,28,9,56,54,61,6,2,5,10,9,0.30000000000000004,0.30000000000000004,True
1028,11,ORD-UNION,21,5,33,54,38,6,2,5,10,9,0.30000000000000004,0.30000000000000004,True
1029,11,CARD,25,7,39,54,46,6,2,5,10,9,0.30000000000000004,0.30000000000000004,False
1030,11,CLF_UNION,28,9,56,54,61,6,2,5,10,9,0.30000000000000004,0.30000000000000004,False
1031,11,ORD-UNION,21,5,33,54,38,6,2,5,10,9,0.30000000000000004,0.30000000000000004,False
1032,11,CARD,29,5,38,54,45,6,2,5,10,9,0.30000000000000004,0.30000000000000004,True
1033,11,CLF_UNION,29,11,55,54,62,6,2,5,10,9,0.30000000000000004,0.30000000000000004,True
1034,11,ORD-UNION,29,5,38,54,45,6,2,5,10,9,0.30000000000000004,0.30000000000000004,True
1035,11,CARD,29,5,38,54,45,6,2,5,10,9,0.30000000000000004,0.30000000000000004,False
1036,11,CLF_UNION,29,11,55,54,62,6,2,5,10,9,0.30000000000000004,0.30000000000000004,False
1037,11,ORD-UNION,29,5,38,54,45,6,2,5,10,9,0.30000000000000004,0.30000000000000004,False
1038,11,CARD,31,7,40,54,49,6,2,5,10,9,0.30000000000000004,0.30000000000000004,True
1039,11,CLF_UNION,37,6,57,54,58,6,2,5,10,9,0.30000000000000004,0.30000000000000004,True
1040,11,ORD-UNION,28,7,37,54,38,6,2,5,10,9,0.30000000000000004,0.30000000000000004,True
1041,11,CARD,31,7,40,54,49,6,2,5,10,9,0.30000000000000004,0.30000000000000004,False
1042,11,CLF_UNION,37,6,57,54,58,6,2,5,10,9,0.30000000000000004,0.30000000000000004,False
1043,11,ORD-UNION,28,7,37,54,38,6,2,5,10,9,0.30000000000000004,0.30000000000000004,False
1044,11,CARD,18,17,41,54,47,6,2,5,10,9,0.30000000000000004,0.30000000000000004,True
1045,11,CLF_UNION,24,20,61,54,63,6,2,5,10,9,0.30000000000000004,0.30000000000000004,True
1046,11,ORD-UNION,16,17,39,54,41,6,2,5,10,9,0.30000000000000004,0.30000000000000004,True
1047,11,CARD,18,17,41,54,47,6,2,5,10,9,0.30000000000000004,0.30000000000000004,False
1048,11,CLF_UNION,24,20,61,54,63,6,2,5,10,9,0.30000000000000004,0.30000000000000004,False
1049,11,ORD-UNION,16,17,39,54,41,6,2,5,10,9,0.30000000000000004,0.30000000000000004,False
1050,12,CARD,22,14,37,66,48,15,4,5,10,9,0.30000000000000004,0.30000000000000004,True
1051,12,CLF_UNION,23,13,50,66,55,15,4,5,10,9,0.30000000000000004,0.30000000000000004,True
1052,12,ORD-UNION,2,1,3,66,8,15,4,5,10,9,0.30000000000000004,0.30000000000000004,True
1053,12,CARD,22,14,40,66,45,7,2,5,10,9,0.30000000000000004,0.30000000000000004,False
1054,12,CLF_UNION,21,15,50,66,55,7,2,5,10,9,0.30000000000000004,0.30000000000000004,False
1055,12,ORD-UNION,22,14,40,66,45,7,2,5,10,9,0.30000000000000004,0.30000000000000004,False
1056,12,CARD,9,26,40,66,47,7,2,5,10,9,0.30000000000000004,0.30000000000000004,True
1057,12,CLF_UNION,23,16,56,66,58,7,2,5,10,9,0.30000000000000004,0.30000000000000004,True
1058,12,ORD-UNION,8,25,38,66,41,7,2,5,10,9,0.30000000000000004,0.30000000000000004,True
1059,12,CARD,9,26,40,66,47,7,2,5,10,9,0.30000000000000004,0.30000000000000004,False
1060,12,CLF_UNION,23,16,56,66,58,7,2,5,10,9,0.30000000000000004,0.30000000000000004,False
1061,12,ORD-UNION,8,25,38,66,41,7,2,5,10,9,0.30000000000000004,0.30000000000000004,False
1062,12,CARD,24,12,40,66,45,7,2,5,10,9,0.30000000000000004,0.30000000000000004,True
1063,12,CLF_UNION,27,9,50,66,55,7,2,5,10,9,0.30000000000000004,0.30000000000000004,True
1064,12,ORD-UNION,24,11,39,66,44,7,2,5,10,9,0.30000000000000004,0.30000000000000004,True
1065,12,CARD,24,12,40,66,45,7,2,5,10,9,0.30000000000000004,0.30000000000000004,False
1066,12,CLF_UNION,27,9,50,66,55,7,2,5,10,9,0.30000000000000004,0.30000000000000004,False
1067,12,ORD-UNION,24,11,39,66,44,7,2,5,10,9,0.30000000000000004,0.30000000000000004,False
1068,12,CARD,23,13,42,66,46,7,2,5,10,9,0.30000000000000004,0.30000000000000004,True
1069,12,CLF_UNION,30,8,56,66,58,7,2,5,10,9,0.30000000000000004,0.30000000000000004,True
1070,12,ORD-UNION,23,13,41,66,43,7,2,5,10,9,0.30000000000000004,0.30000000000000004,True
1071,12,CARD,23,13,42,66,46,7,2,5,10,9,0.30000000000000004,0.30000000000000004,False
1072,12,CLF_UNION,30,8,56,66,58,7,2,5,10,9,0.30000000000000004,0.30000000000000004,False
1073,12,ORD-UNION,23,13,41,66,43,7,2,5,10,9,0.30000000000000004,0.30000000000000004,False
1074,12,CARD,26,10,41,66,46,7,2,5,10,9,0.30000000000000004,0.30000000000000004,True
1075,12,CLF_UNION,31,8,56,66,58,7,2,5,10,9,0.30000000000000004,0.30000000000000004,True
1076,12,ORD-UNION,26,10,41,66,44,7,2,5,10,9,0.30000000000000004,0.30000000000000004,True
1077,12,CARD,26,10,41,66,46,7,2,5,10,9,0.30000000000000004,0.30000000000000004,False
1078,12,CLF_UNION,31,8,56,66,58,7,2,5,10,9,0.30000000000000004,0.30000000000000004,False
1079,12,ORD-UNION,26,10,41,66,44,7,2,5,10,9,0.30000000000000004,0.30000000000000004,False
