,budget,model,correct,wrong,total,n_pref_input,n_pref_output,theta_size,theta_additivity,n_items,n_test_subsets,n_tiers,alpha,p,real theta
0,1,CARD,12,8,25,1,65,9,5,5,10,9,0.1,0.30000000000000004,True
1,1,CLF_UNION,37,9,65,1,65,9,5,5,10,9,0.1,0.30000000000000004,True
2,1,ORD-UNION,0,0,0,1,0,9,5,5,10,9,0.1,0.30000000000000004,True
3,1,CARD,20,3,25,1,65,1,1,5,10,9,0.1,0.30000000000000004,False
4,1,CLF_UNION,35,18,75,1,75,1,1,5,10,9,0.1,0.30000000000000004,False
5,1,ORD-UNION,20,3,25,1,25,1,1,5,10,9,0.1,0.30000000000000004,False
6,1,CARD,21,0,21,1,69,1,1,5,10,9,0.1,0.30000000000000004,True
7,1,CLF_UNION,40,19,79,1,79,1,1,5,10,9,0.1,0.30000000000000004,True
8,1,ORD-UNION,21,0,21,1,21,1,1,5,10,9,0.1,0.30000000000000004,True
9,1,CARD,21,0,21,1,69,1,1,5,10,9,0.1,0.30000000000000004,False
10,1,CLF_UNION,40,19,79,1,79,1,1,5,10,9,0.1,0.30000000000000004,False
11,1,ORD-UNION,21,0,21,1,21,1,1,5,10,9,0.1,0.30000000000000004,False
12,1,CARD,15,4,21,1,69,1,1,5,10,9,0.1,0.30000000000000004,True
13,1,CLF_UNION,38,27,79,1,79,1,1,5,10,9,0.1,0.30000000000000004,True
14,1,ORD-UNION,15,4,21,1,21,1,1,5,10,9,0.1,0.30000000000000004,True
15,1,CARD,15,4,21,1,69,1,1,5,10,9,0.1,0.30000000000000004,False
16,1,CLF_UNION,38,27,79,1,79,1,1,5,10,9,0.1,0.30000000000000004,False
17,1,ORD-UNION,15,4,21,1,21,1,1,5,10,9,0.1,0.30000000000000004,False
18,1,CARD,17,2,21,1,69,1,1,5,10,9,0.1,0.30000000000000004,True
19,1,CLF_UNION,38,23,79,1,79,1,1,5,10,9,0.1,0.30000000000000004,True
20,1,ORD-UNION,17,2,21,1,21,1,1,5,10,9,0.1,0.30000000000000004,True
21,1,CARD,17,2,21,1,69,1,1,5,10,9,0.1,0.30000000000000004,False
22,1,CLF_UNION,38,23,79,1,79,1,1,5,10,9,0.1,0.30000000000000004,False
23,1,ORD-UNION,17,2,21,1,21,1,1,5,10,9,0.1,0.30000000000000004,False
24,1,CARD,16,5,21,1,69,1,1,5,10,9,0.1,0.30000000000000004,True
25,1,CLF_UNION,38,27,79,1,79,1,1,5,10,9,0.1,0.30000000000000004,True
26,1,ORD-UNION,16,5,21,1,21,1,1,5,10,9,0.1,0.30000000000000004,True
27,1,CARD,16,5,21,1,69,1,1,5,10,9,0.1,0.30000000000000004,False
28,1,CLF_UNION,38,27,79,1,79,1,1,5,10,9,0.1,0.30000000000000004,False
29,1,ORD-UNION,16,5,21,1,21,1,1,5,10,9,0.1,0.30000000000000004,False
30,2,CARD,21,13,36,3,54,9,5,5,10,9,0.1,0.30000000000000004,True
31,2,CLF_UNION,38,7,59,3,59,9,5,5,10,9,0.1,0.30000000000000004,True
32,2,ORD-UNION,2,0,2,3,2,9,5,5,10,9,0.1,0.30000000000000004,True
33,2,CARD,30,3,33,3,57,2,1,5,10,9,0.1,0.30000000000000004,False
34,2,CLF_UNION,41,20,79,3,79,2,1,5,10,9,0.1,0.30000000000000004,False
35,2,ORD-UNION,30,3,33,3,33,2,1,5,10,9,0.1,0.30000000000000004,False
36,2,CARD,31,3,37,3,53,2,1,5,10,9,0.1,0.30000000000000004,True
37,2,CLF_UNION,42,18,76,3,76,2,1,5,10,9,0.1,0.30000000000000004,True
38,2,ORD-UNION,31,3,37,3,37,2,1,5,10,9,0.1,0.30000000000000004,True
39,2,CARD,31,3,37,3,53,2,1,5,10,9,0.1,0.30000000000000004,False
40,2,CLF_UNION,42,18,76,3,76,2,1,5,10,9,0.1,0.30000000000000004,False
41,2,ORD-UNION,31,3,37,3,37,2,1,5,10,9,0.1,0.30000000000000004,False
42,2,CARD,26,8,35,3,55,2,1,5,10,9,0.1,0.30000000000000004,True
43,2,CLF_UNION,39,20,76,3,76,2,1,5,10,9,0.1,0.30000000000000004,True
44,2,ORD-UNION,26,8,35,3,35,2,1,5,10,9,0.1,0.30000000000000004,True
45,2,CARD,26,8,35,3,55,2,1,5,10,9,0.1,0.30000000000000004,False
46,2,CLF_UNION,39,20,76,3,76,2,1,5,10,9,0.1,0.30000000000000004,False
47,2,ORD-UNION,26,8,35,3,35,2,1,5,10,9,0.1,0.30000000000000004,False
48,2,CARD,29,5,37,3,53,2,1,5,10,9,0.1,0.30000000000000004,True
49,2,CLF_UNION,39,21,75,3,75,2,1,5,10,9,0.1,0.30000000000000004,True
50,2,ORD-UNION,29,5,37,3,37,2,1,5,10,9,0.1,0.30000000000000004,True
51,2,CARD,29,5,37,3,53,2,1,5,10,9,0.1,0.30000000000000004,False
52,2,CLF_UNION,39,21,75,3,75,2,1,5,10,9,0.1,0.30000000000000004,False
53,2,ORD-UNION,29,5,37,3,37,2,1,5,10,9,0.1,0.30000000000000004,False
54,2,CARD,26,7,35,3,54,2,1,5,10,9,0.1,0.30000000000000004,True
55,2,CLF_UNION,38,22,75,3,76,2,1,5,10,9,0.1,0.30000000000000004,True
56,2,ORD-UNION,26,7,35,3,36,2,1,5,10,9,0.1,0.30000000000000004,True
57,2,CARD,26,7,35,3,54,2,1,5,10,9,0.1,0.30000000000000004,False
58,2,CLF_UNION,38,22,75,3,76,2,1,5,10,9,0.1,0.30000000000000004,False
59,2,ORD-UNION,26,7,35,3,36,2,1,5,10,9,0.1,0.30000000000000004,False
60,3,CARD,22,9,36,6,51,9,5,5,10,9,0.1,0.30000000000000004,True
61,3,CLF_UNION,29,14,59,6,62,9,5,5,10,9,0.1,0.30000000000000004,True
62,3,ORD-UNION,4,0,4,6,7,9,5,5,10,9,0.1,0.30000000000000004,True
63,3,CARD,24,7,35,6,52,3,1,5,10,9,0.1,0.30000000000000004,False
64,3,CLF_UNION,37,18,74,6,77,3,1,5,10,9,0.1,0.30000000000000004,False
65,3,ORD-UNION,23,0,25,6,28,3,1,5,10,9,0.1,0.30000000000000004,False
66,3,CARD,31,4,39,6,51,3,1,5,10,9,0.1,0.30000000000000004,True
67,3,CLF_UNION,37,19,73,6,73,3,1,5,10,9,0.1,0.30000000000000004,True
68,3,ORD-UNION,26,3,31,6,31,3,1,5,10,9,0.1,0.30000000000000004,True
69,3,CARD,31,4,39,6,51,3,1,5,10,9,0.1,0.30000000000000004,False
70,3,CLF_UNION,37,19,73,6,73,3,1,5,10,9,0.1,0.30000000000000004,False
71,3,ORD-UNION,26,3,31,6,31,3,1,5,10,9,0.1,0.30000000000000004,False
72,3,CARD,29,7,39,6,51,3,1,5,10,9,0.1,0.30000000000000004,True
73,3,CLF_UNION,39,17,73,6,73,3,1,5,10,9,0.1,0.30000000000000004,True
74,3,ORD-UNION,27,1,30,6,30,3,1,5,10,9,0.1,0.30000000000000004,True
75,3,CARD,29,7,39,6,51,3,1,5,10,9,0.1,0.30000000000000004,False
76,3,CLF_UNION,39,17,73,6,73,3,1,5,10,9,0.1,0.30000000000000004,False
77,3,ORD-UNION,27,1,30,6,30,3,1,5,10,9,0.1,0.30000000000000004,False
78,3,CARD,35,3,40,6,50,3,1,5,10,9,0.1,0.30000000000000004,True
79,3,CLF_UNION,42,14,69,6,69,3,1,5,10,9,0.1,0.30000000000000004,True
80,3,ORD-UNION,34,1,36,6,36,3,1,5,10,9,0.1,0.30000000000000004,True
81,3,CARD,35,3,40,6,50,3,1,5,10,9,0.1,0.30000000000000004,False
82,3,CLF_UNION,42,14,69,6,69,3,1,5,10,9,0.1,0.30000000000000004,False
83,3,ORD-UNION,34,1,36,6,36,3,1,5,10,9,0.1,0.30000000000000004,False
84,3,CARD,26,5,35,6,55,3,1,5,10,9,0.1,0.30000000000000004,True
85,3,CLF_UNION,38,18,73,6,73,3,1,5,10,9,0.1,0.30000000000000004,True
86,3,ORD-UNION,22,2,27,6,27,3,1,5,10,9,0.1,0.30000000000000004,True
87,3,CARD,26,5,35,6,55,3,1,5,10,9,0.1,0.30000000000000004,False
88,3,CLF_UNION,38,18,73,6,73,3,1,5,10,9,0.1,0.30000000000000004,False
89,3,ORD-UNION,22,2,27,6,27,3,1,5,10,9,0.1,0.30000000000000004,False
90,4,CARD,28,10,42,10,48,9,5,5,10,9,0.1,0.30000000000000004,True
91,4,CLF_UNION,35,6,55,10,55,9,5,5,10,9,0.1,0.30000000000000004,True
92,4,ORD-UNION,2,0,2,10,2,9,5,5,10,9,0.1,0.30000000000000004,True
93,4,CARD,36,3,42,10,48,3,1,5,10,9,0.1,0.30000000000000004,False
94,4,CLF_UNION,40,11,68,10,68,3,1,5,10,9,0.1,0.30000000000000004,False
95,4,ORD-UNION,34,1,38,10,38,3,1,5,10,9,0.1,0.30000000000000004,False
96,4,CARD,31,6,41,10,49,3,1,5,10,9,0.1,0.30000000000000004,True
97,4,CLF_UNION,39,20,79,10,79,3,1,5,10,9,0.1,0.30000000000000004,True
98,4,ORD-UNION,25,0,29,10,29,3,1,5,10,9,0.1,0.30000000000000004,True
99,4,CARD,31,6,41,10,49,3,1,5,10,9,0.1,0.30000000000000004,False
100,4,CLF_UNION,39,20,79,10,79,3,1,5,10,9,0.1,0.30000000000000004,False
101,4,ORD-UNION,25,0,29,10,29,3,1,5,10,9,0.1,0.30000000000000004,False
102,4,CARD,26,11,39,10,50,3,1,5,10,9,0.1,0.30000000000000004,True
103,4,CLF_UNION,39,19,72,10,73,3,1,5,10,9,0.1,0.30000000000000004,True
104,4,ORD-UNION,25,3,30,10,31,3,1,5,10,9,0.1,0.30000000000000004,True
105,4,CARD,26,11,39,10,50,3,1,5,10,9,0.1,0.30000000000000004,False
106,4,CLF_UNION,39,19,72,10,73,3,1,5,10,9,0.1,0.30000000000000004,False
107,4,ORD-UNION,25,3,30,10,31,3,1,5,10,9,0.1,0.30000000000000004,False
108,4,CARD,28,8,40,10,49,3,1,5,10,9,0.1,0.30000000000000004,True
109,4,CLF_UNION,39,17,71,10,72,3,1,5,10,9,0.1,0.30000000000000004,True
110,4,ORD-UNION,28,1,32,10,33,3,1,5,10,9,0.1,0.30000000000000004,True
111,4,CARD,28,8,40,10,49,3,1,5,10,9,0.1,0.30000000000000004,False
112,4,CLF_UNION,39,17,71,10,72,3,1,5,10,9,0.1,0.30000000000000004,False
113,4,ORD-UNION,28,1,32,10,33,3,1,5,10,9,0.1,0.30000000000000004,False
114,4,CARD,31,8,42,10,48,3,1,5,10,9,0.1,0.30000000000000004,True
115,4,CLF_UNION,40,18,72,10,72,3,1,5,10,9,0.1,0.30000000000000004,True
116,4,ORD-UNION,29,3,34,10,34,3,1,5,10,9,0.1,0.30000000000000004,True
117,4,CARD,31,8,42,10,48,3,1,5,10,9,0.1,0.30000000000000004,False
118,4,CLF_UNION,40,18,72,10,72,3,1,5,10,9,0.1,0.30000000000000004,False
119,4,ORD-UNION,29,3,34,10,34,3,1,5,10,9,0.1,0.30000000000000004,False
120,5,CARD,25,10,38,15,49,9,5,5,10,9,0.1,0.30000000000000004,True
121,5,CLF_UNION,33,7,53,15,56,9,5,5,10,9,0.1,0.30000000000000004,True
122,5,ORD-UNION,2,0,2,15,5,9,5,5,10,9,0.1,0.30000000000000004,True
123,5,CARD,34,2,38,15,49,4,1,5,10,9,0.1,0.30000000000000004,False
124,5,CLF_UNION,36,6,56,15,59,4,1,5,10,9,0.1,0.30000000000000004,False
125,5,ORD-UNION,31,2,34,15,37,4,1,5,10,9,0.1,0.30000000000000004,False
126,5,CARD,37,4,44,15,45,4,1,5,10,9,0.1,0.30000000000000004,True
127,5,CLF_UNION,40,9,63,15,64,4,1,5,10,9,0.1,0.30000000000000004,True
128,5,ORD-UNION,37,1,39,15,40,4,1,5,10,9,0.1,0.30000000000000004,True
129,5,CARD,37,4,44,15,45,4,1,5,10,9,0.1,0.30000000000000004,False
130,5,CLF_UNION,40,9,63,15,64,4,1,5,10,9,0.1,0.30000000000000004,False
131,5,ORD-UNION,37,1,39,15,40,4,1,5,10,9,0.1,0.30000000000000004,False
132,5,CARD,37,3,43,15,46,4,1,5,10,9,0.1,0.30000000000000004,True
133,5,CLF_UNION,40,2,56,15,57,4,1,5,10,9,0.1,0.30000000000000004,True
134,5,ORD-UNION,34,0,34,15,35,4,1,5,10,9,0.1,0.30000000000000004,True
135,5,CARD,37,3,43,15,46,4,1,5,10,9,0.1,0.30000000000000004,False
136,5,CLF_UNION,40,2,56,15,57,4,1,5,10,9,0.1,0.30000000000000004,False
137,5,ORD-UNION,34,0,34,15,35,4,1,5,10,9,0.1,0.30000000000000004,False
138,5,CARD,36,2,44,15,46,4,1,5,10,9,0.1,0.30000000000000004,True
139,5,CLF_UNION,38,3,60,15,60,4,1,5,10,9,0.1,0.30000000000000004,True
140,5,ORD-UNION,33,2,39,15,39,4,1,5,10,9,0.1,0.30000000000000004,True
141,5,CARD,36,2,44,15,46,4,1,5,10,9,0.1,0.30000000000000004,False
142,5,CLF_UNION,38,3,60,15,60,4,1,5,10,9,0.1,0.30000000000000004,False
143,5,ORD-UNION,33,2,39,15,39,4,1,5,10,9,0.1,0.30000000000000004,False
144,5,CARD,35,3,43,15,46,4,1,5,10,9,0.1,0.30000000000000004,True
145,5,CLF_UNION,39,6,61,15,62,4,1,5,10,9,0.1,0.30000000000000004,True
146,5,ORD-UNION,32,1,36,15,37,4,1,5,10,9,0.1,0.30000000000000004,True
147,5,CARD,35,3,43,15,46,4,1,5,10,9,0.1,0.30000000000000004,False
148,5,CLF_UNION,39,6,61,15,62,4,1,5,10,9,0.1,0.30000000000000004,False
149,5,ORD-UNION,32,1,36,15,37,4,1,5,10,9,0.1,0.30000000000000004,False
150,6,CARD,36,3,42,20,48,9,5,5,10,9,0.1,0.30000000000000004,True
151,6,CLF_UNION,35,6,55,20,55,9,5,5,10,9,0.1,0.30000000000000004,True
152,6,ORD-UNION,4,0,4,20,4,9,5,5,10,9,0.1,0.30000000000000004,True
153,6,CARD,36,5,44,20,46,5,1,5,10,9,0.1,0.30000000000000004,False
154,6,CLF_UNION,33,13,61,20,61,5,1,5,10,9,0.1,0.30000000000000004,False
155,6,ORD-UNION,20,0,20,20,20,5,1,5,10,9,0.1,0.30000000000000004,False
156,6,CARD,34,1,41,20,46,5,1,5,10,9,0.1,0.30000000000000004,True
157,6,CLF_UNION,35,2,53,20,56,5,1,5,10,9,0.1,0.30000000000000004,True
158,6,ORD-UNION,28,0,29,20,32,5,1,5,10,9,0.1,0.30000000000000004,True
159,6,CARD,34,1,41,20,46,5,1,5,10,9,0.1,0.30000000000000004,False
160,6,CLF_UNION,35,2,53,20,56,5,1,5,10,9,0.1,0.30000000000000004,False
161,6,ORD-UNION,28,0,29,20,32,5,1,5,10,9,0.1,0.30000000000000004,False
162,6,CARD,36,1,43,20,46,5,1,5,10,9,0.1,0.30000000000000004,True
163,6,CLF_UNION,36,4,58,20,59,5,1,5,10,9,0.1,0.30000000000000004,True
164,6,ORD-UNION,29,0,29,20,30,5,1,5,10,9,0.1,0.30000000000000004,True
165,6,CARD,36,1,43,20,46,5,1,5,10,9,0.1,0.30000000000000004,False
166,6,CLF_UNION,36,4,58,20,59,5,1,5,10,9,0.1,0.30000000000000004,False
167,6,ORD-UNION,29,0,29,20,30,5,1,5,10,9,0.1,0.30000000000000004,False
168,6,CARD,35,2,40,20,47,5,1,5,10,9,0.1,0.30000000000000004,True
169,6,CLF_UNION,36,5,54,20,57,5,1,5,10,9,0.1,0.30000000000000004,True
170,6,ORD-UNION,21,0,21,20,24,5,1,5,10,9,0.1,0.30000000000000004,True
171,6,CARD,35,2,40,20,47,5,1,5,10,9,0.1,0.30000000000000004,False
172,6,CLF_UNION,36,5,54,20,57,5,1,5,10,9,0.1,0.30000000000000004,False
173,6,ORD-UNION,21,0,21,20,24,5,1,5,10,9,0.1,0.30000000000000004,False
174,6,CARD,34,4,41,20,46,5,1,5,10,9,0.1,0.30000000000000004,True
175,6,CLF_UNION,36,4,53,20,56,5,1,5,10,9,0.1,0.30000000000000004,True
176,6,ORD-UNION,25,0,25,20,28,5,1,5,10,9,0.1,0.30000000000000004,True
177,6,CARD,34,4,41,20,46,5,1,5,10,9,0.1,0.30000000000000004,False
178,6,CLF_UNION,36,4,53,20,56,5,1,5,10,9,0.1,0.30000000000000004,False
179,6,ORD-UNION,25,0,25,20,28,5,1,5,10,9,0.1,0.30000000000000004,False
180,7,CARD,34,2,40,25,48,9,5,5,10,9,0.1,0.30000000000000004,True
181,7,CLF_UNION,36,3,55,25,57,9,5,5,10,9,0.1,0.30000000000000004,True
182,7,ORD-UNION,7,0,7,25,9,9,5,5,10,9,0.1,0.30000000000000004,True
183,7,CARD,36,2,43,25,45,5,1,5,10,9,0.1,0.30000000000000004,False
184,7,CLF_UNION,35,4,55,25,57,5,1,5,10,9,0.1,0.30000000000000004,False
185,7,ORD-UNION,24,1,27,25,29,5,1,5,10,9,0.1,0.30000000000000004,False
186,7,CARD,39,1,42,25,45,5,1,5,10,9,0.1,0.30000000000000004,True
187,7,CLF_UNION,39,2,53,25,56,5,1,5,10,9,0.1,0.30000000000000004,True
188,7,ORD-UNION,31,0,31,25,34,5,1,5,10,9,0.1,0.30000000000000004,True
189,7,CARD,39,1,42,25,45,5,1,5,10,9,0.1,0.30000000000000004,False
190,7,CLF_UNION,39,2,53,25,56,5,1,5,10,9,0.1,0.30000000000000004,False
191,7,ORD-UNION,31,0,31,25,34,5,1,5,10,9,0.1,0.30000000000000004,False
192,7,CARD,33,8,44,25,45,5,1,5,10,9,0.1,0.30000000000000004,True
193,7,CLF_UNION,33,9,55,25,56,5,1,5,10,9,0.1,0.30000000000000004,True
194,7,ORD-UNION,25,5,30,25,31,5,1,5,10,9,0.1,0.30000000000000004,True
195,7,CARD,33,8,44,25,45,5,1,5,10,9,0.1,0.30000000000000004,False
196,7,CLF_UNION,33,9,55,25,56,5,1,5,10,9,0.1,0.30000000000000004,False
197,7,ORD-UNION,25,5,30,25,31,5,1,5,10,9,0.1,0.30000000000000004,False
198,7,CARD,36,0,41,25,46,5,1,5,10,9,0.1,0.30000000000000004,True
199,7,CLF_UNION,36,0,53,25,56,5,1,5,10,9,0.1,0.30000000000000004,True
200,7,ORD-UNION,31,0,31,25,34,5,1,5,10,9,0.1,0.30000000000000004,True
201,7,CARD,36,0,41,25,46,5,1,5,10,9,0.1,0.30000000000000004,False
202,7,CLF_UNION,36,0,53,25,56,5,1,5,10,9,0.1,0.30000000000000004,False
203,7,ORD-UNION,31,0,31,25,34,5,1,5,10,9,0.1,0.30000000000000004,False
204,7,CARD,32,4,41,25,46,5,1,5,10,9,0.1,0.30000000000000004,True
205,7,CLF_UNION,31,6,52,25,55,5,1,5,10,9,0.1,0.30000000000000004,True
206,7,ORD-UNION,26,1,29,25,32,5,1,5,10,9,0.1,0.30000000000000004,True
207,7,CARD,32,4,41,25,46,5,1,5,10,9,0.1,0.30000000000000004,False
208,7,CLF_UNION,31,6,52,25,55,5,1,5,10,9,0.1,0.30000000000000004,False
209,7,ORD-UNION,26,1,29,25,32,5,1,5,10,9,0.1,0.30000000000000004,False
210,8,CARD,36,1,39,33,50,9,5,5,10,9,0.1,0.30000000000000004,True
211,8,CLF_UNION,37,2,54,33,55,9,5,5,10,9,0.1,0.30000000000000004,True
212,8,ORD-UNION,4,0,4,33,5,9,5,5,10,9,0.1,0.30000000000000004,True
213,8,CARD,38,1,44,33,45,5,1,5,10,9,0.1,0.30000000000000004,False
214,8,CLF_UNION,38,1,54,33,55,5,1,5,10,9,0.1,0.30000000000000004,False
215,8,ORD-UNION,26,1,28,33,29,5,1,5,10,9,0.1,0.30000000000000004,False
216,8,CARD,40,1,43,33,47,5,1,5,10,9,0.1,0.30000000000000004,True
217,8,CLF_UNION,41,1,55,33,55,5,1,5,10,9,0.1,0.30000000000000004,True
218,8,ORD-UNION,34,0,35,33,35,5,1,5,10,9,0.1,0.30000000000000004,True
219,8,CARD,40,1,43,33,47,5,1,5,10,9,0.1,0.30000000000000004,False
220,8,CLF_UNION,41,1,55,33,55,5,1,5,10,9,0.1,0.30000000000000004,False
221,8,ORD-UNION,34,0,35,33,35,5,1,5,10,9,0.1,0.30000000000000004,False
222,8,CARD,22,2,32,33,46,5,1,5,10,9,0.1,0.30000000000000004,True
223,8,CLF_UNION,22,2,43,33,55,5,1,5,10,9,0.1,0.30000000000000004,True
224,8,ORD-UNION,15,1,17,33,29,5,1,5,10,9,0.1,0.30000000000000004,True
225,8,CARD,22,2,32,33,46,5,1,5,10,9,0.1,0.30000000000000004,False
226,8,CLF_UNION,22,2,43,33,55,5,1,5,10,9,0.1,0.30000000000000004,False
227,8,ORD-UNION,15,1,17,33,29,5,1,5,10,9,0.1,0.30000000000000004,False
228,8,CARD,29,0,35,33,46,5,1,5,10,9,0.1,0.30000000000000004,True
229,8,CLF_UNION,30,0,46,33,55,5,1,5,10,9,0.1,0.30000000000000004,True
230,8,ORD-UNION,23,0,24,33,33,5,1,5,10,9,0.1,0.30000000000000004,True
231,8,CARD,29,0,35,33,46,5,1,5,10,9,0.1,0.30000000000000004,False
232,8,CLF_UNION,30,0,46,33,55,5,1,5,10,9,0.1,0.30000000000000004,False
233,8,ORD-UNION,23,0,24,33,33,5,1,5,10,9,0.1,0.30000000000000004,False
234,8,CARD,32,5,41,33,46,5,1,5,10,9,0.1,0.30000000000000004,True
235,8,CLF_UNION,33,5,52,33,55,5,1,5,10,9,0.1,0.30000000000000004,True
236,8,ORD-UNION,22,2,26,33,29,5,1,5,10,9,0.1,0.30000000000000004,True
237,8,CARD,32,5,41,33,46,5,1,5,10,9,0.1,0.30000000000000004,False
238,8,CLF_UNION,33,5,52,33,55,5,1,5,10,9,0.1,0.30000000000000004,False
239,8,ORD-UNION,22,2,26,33,29,5,1,5,10,9,0.1,0.30000000000000004,False
240,9,CARD,23,13,42,41,47,9,5,5,10,9,0.1,0.30000000000000004,True
241,9,CLF_UNION,32,6,55,41,56,9,5,5,10,9,0.1,0.30000000000000004,True
242,9,ORD-UNION,7,0,7,41,8,9,5,5,10,9,0.1,0.30000000000000004,True
243,9,CARD,28,9,42,41,47,4,1,5,10,9,0.1,0.30000000000000004,False
244,9,CLF_UNION,30,7,56,41,57,4,1,5,10,9,0.1,0.30000000000000004,False
245,9,ORD-UNION,28,4,37,41,38,4,1,5,10,9,0.1,0.30000000000000004,False
246,9,CARD,29,4,39,41,47,4,1,5,10,9,0.1,0.30000000000000004,True
247,9,CLF_UNION,30,4,51,41,55,4,1,5,10,9,0.1,0.30000000000000004,True
248,9,ORD-UNION,28,1,34,41,38,4,1,5,10,9,0.1,0.30000000000000004,True
249,9,CARD,29,4,39,41,47,4,1,5,10,9,0.1,0.30000000000000004,False
250,9,CLF_UNION,30,4,51,41,55,4,1,5,10,9,0.1,0.30000000000000004,False
251,9,ORD-UNION,28,1,34,41,38,4,1,5,10,9,0.1,0.30000000000000004,False
252,9,CARD,23,2,30,41,48,4,1,5,10,9,0.1,0.30000000000000004,True
253,9,CLF_UNION,25,1,45,41,57,4,1,5,10,9,0.1,0.30000000000000004,True
254,9,ORD-UNION,23,0,24,41,36,4,1,5,10,9,0.1,0.30000000000000004,True
255,9,CARD,23,2,30,41,48,4,1,5,10,9,0.1,0.30000000000000004,False
256,9,CLF_UNION,25,1,45,41,57,4,1,5,10,9,0.1,0.30000000000000004,False
257,9,ORD-UNION,23,0,24,41,36,4,1,5,10,9,0.1,0.30000000000000004,False
258,9,CARD,35,1,38,41,47,4,1,5,10,9,0.1,0.30000000000000004,True
259,9,CLF_UNION,35,3,51,41,56,4,1,5,10,9,0.1,0.30000000000000004,True
260,9,ORD-UNION,35,1,38,41,43,4,1,5,10,9,0.1,0.30000000000000004,True
261,9,CARD,35,1,38,41,47,4,1,5,10,9,0.1,0.30000000000000004,False
262,9,CLF_UNION,35,3,51,41,56,4,1,5,10,9,0.1,0.30000000000000004,False
263,9,ORD-UNION,35,1,38,41,43,4,1,5,10,9,0.1,0.30000000000000004,False
264,9,CARD,34,4,41,41,47,4,1,5,10,9,0.1,0.30000000000000004,True
265,9,CLF_UNION,36,3,54,41,56,4,1,5,10,9,0.1,0.30000000000000004,True
266,9,ORD-UNION,33,0,34,41,36,4,1,5,10,9,0.1,0.30000000000000004,True
267,9,CARD,34,4,41,41,47,4,1,5,10,9,0.1,0.30000000000000004,False
268,9,CLF_UNION,36,3,54,41,56,4,1,5,10,9,0.1,0.30000000000000004,False
269,9,ORD-UNION,33,0,34,41,36,4,1,5,10,9,0.1,0.30000000000000004,False
270,10,CARD,25,0,32,50,46,9,5,5,10,9,0.1,0.30000000000000004,True
271,10,CLF_UNION,25,2,44,50,56,9,5,5,10,9,0.1,0.30000000000000004,True
272,10,ORD-UNION,14,0,14,50,26,9,5,5,10,9,0.1,0.30000000000000004,True
273,10,CARD,25,0,29,50,49,4,1,5,10,9,0.1,0.30000000000000004,False
274,10,CLF_UNION,23,3,45,50,57,4,1,5,10,9,0.1,0.30000000000000004,False
275,10,ORD-UNION,25,0,27,50,39,4,1,5,10,9,0.1,0.30000000000000004,False
276,10,CARD,34,6,43,50,46,4,1,5,10,9,0.1,0.30000000000000004,True
277,10,CLF_UNION,32,8,55,50,56,4,1,5,10,9,0.1,0.30000000000000004,True
278,10,ORD-UNION,34,3,39,50,40,4,1,5,10,9,0.1,0.30000000000000004,True
279,10,CARD,34,6,43,50,46,4,1,5,10,9,0.1,0.30000000000000004,False
280,10,CLF_UNION,32,8,55,50,56,4,1,5,10,9,0.1,0.30000000000000004,False
281,10,ORD-UNION,34,3,39,50,40,4,1,5,10,9,0.1,0.30000000000000004,False
282,10,CARD,25,3,30,50,47,4,1,5,10,9,0.1,0.30000000000000004,True
283,10,CLF_UNION,27,1,43,50,56,4,1,5,10,9,0.1,0.30000000000000004,True
284,10,ORD-UNION,25,1,28,50,41,4,1,5,10,9,0.1,0.30000000000000004,True
285,10,CARD,25,3,30,50,47,4,1,5,10,9,0.1,0.30000000000000004,False
286,10,CLF_UNION,27,1,43,50,56,4,1,5,10,9,0.1,0.30000000000000004,False
287,10,ORD-UNION,25,1,28,50,41,4,1,5,10,9,0.1,0.30000000000000004,False
288,10,CARD,31,0,37,50,46,4,1,5,10,9,0.1,0.30000000000000004,True
289,10,CLF_UNION,29,2,49,50,56,4,1,5,10,9,0.1,0.30000000000000004,True
290,10,ORD-UNION,31,0,35,50,42,4,1,5,10,9,0.1,0.30000000000000004,True
291,10,CARD,31,0,37,50,46,4,1,5,10,9,0.1,0.30000000000000004,False
292,10,CLF_UNION,29,2,49,50,56,4,1,5,10,9,0.1,0.30000000000000004,False
293,10,ORD-UNION,31,0,35,50,42,4,1,5,10,9,0.1,0.30000000000000004,False
294,10,CARD,28,2,33,50,48,4,1,5,10,9,0.1,0.30000000000000004,True
295,10,CLF_UNION,28,5,50,50,58,4,1,5,10,9,0.1,0.30000000000000004,True
296,10,ORD-UNION,28,2,32,50,41,4,1,5,10,9,0.1,0.30000000000000004,True
297,10,CARD,28,2,33,50,48,4,1,5,10,9,0.1,0.30000000000000004,False
298,10,CLF_UNION,28,5,50,50,58,4,1,5,10,9,0.1,0.30000000000000004,False
299,10,ORD-UNION,28,2,32,50,41,4,1,5,10,9,0.1,0.30000000000000004,False
300,11,CARD,30,4,38,60,49,9,5,5,10,9,0.1,0.30000000000000004,True
301,11,CLF_UNION,36,5,57,60,60,9,5,5,10,9,0.1,0.30000000000000004,True
302,11,ORD-UNION,13,0,13,60,16,9,5,5,10,9,0.1,0.30000000000000004,True
303,11,CARD,32,3,40,60,47,5,1,5,10,9,0.1,0.30000000000000004,False
304,11,CLF_UNION,35,4,54,60,57,5,1,5,10,9,0.1,0.30000000000000004,False
305,11,ORD-UNION,30,2,36,60,39,5,1,5,10,9,0.1,0.30000000000000004,False
306,11,CARD,31,1,33,60,47,5,1,5,10,9,0.1,0.30000000000000004,True
307,11,CLF_UNION,33,1,45,60,55,5,1,5,10,9,0.1,0.30000000000000004,True
308,11,ORD-UNION,31,0,32,60,42,5,1,5,10,9,0.1,0.30000000000000004,True
309,11,CARD,31,1,33,60,47,5,1,5,10,9,0.1,0.30000000000000004,False
310,11,CLF_UNION,33,1,45,60,55,5,1,5,10,9,0.1,0.30000000000000004,False
311,11,ORD-UNION,31,0,32,60,42,5,1,5,10,9,0.1,0.30000000000000004,False
312,11,CARD,29,2,32,60,48,5,1,5,10,9,0.1,0.30000000000000004,True
313,11,CLF_UNION,32,3,46,60,56,5,1,5,10,9,0.1,0.30000000000000004,True
314,11,ORD-UNION,27,0,28,60,38,5,1,5,10,9,0.1,0.30000000000000004,True
315,11,CARD,29,2,32,60,48,5,1,5,10,9,0.1,0.30000000000000004,False
316,11,CLF_UNION,32,3,46,60,56,5,1,5,10,9,0.1,0.30000000000000004,False
317,11,ORD-UNION,27,0,28,60,38,5,1,5,10,9,0.1,0.30000000000000004,False
318,11,CARD,29,4,38,60,47,5,1,5,10,9,0.1,0.30000000000000004,True
319,11,CLF_UNION,32,4,51,60,56,5,1,5,10,9,0.1,0.30000000000000004,True
320,11,ORD-UNION,27,2,32,60,37,5,1,5,10,9,0.1,0.30000000000000004,True
321,11,CARD,29,4,38,60,47,5,1,5,10,9,0.1,0.30000000000000004,False
322,11,CLF_UNION,32,4,51,60,56,5,1,5,10,9,0.1,0.30000000000000004,False
323,11,ORD-UNION,27,2,32,60,37,5,1,5,10,9,0.1,0.30000000000000004,False
324,11,CARD,30,1,37,60,47,5,1,5,10,9,0.1,0.30000000000000004,True
325,11,CLF_UNION,33,2,51,60,57,5,1,5,10,9,0.1,0.30000000000000004,True
326,11,ORD-UNION,26,0,30,60,36,5,1,5,10,9,0.1,0.30000000000000004,True
327,11,CARD,30,1,37,60,47,5,1,5,10,9,0.1,0.30000000000000004,False
328,11,CLF_UNION,33,2,51,60,57,5,1,5,10,9,0.1,0.30000000000000004,False
329,11,ORD-UNION,26,0,30,60,36,5,1,5,10,9,0.1,0.30000000000000004,False
330,12,CARD,32,2,37,71,49,9,5,5,10,9,0.1,0.30000000000000004,True
331,12,CLF_UNION,34,0,53,71,57,9,5,5,10,9,0.1,0.30000000000000004,True
332,12,ORD-UNION,21,0,21,71,25,9,5,5,10,9,0.1,0.30000000000000004,True
333,12,CARD,32,1,40,71,46,5,1,5,10,9,0.1,0.30000000000000004,False
334,12,CLF_UNION,33,1,51,71,55,5,1,5,10,9,0.1,0.30000000000000004,False
335,12,ORD-UNION,30,0,36,71,40,5,1,5,10,9,0.1,0.30000000000000004,False
336,12,CARD,34,1,42,71,45,5,1,5,10,9,0.1,0.30000000000000004,True
337,12,CLF_UNION,34,2,53,71,56,5,1,5,10,9,0.1,0.30000000000000004,True
338,12,ORD-UNION,30,1,38,71,41,5,1,5,10,9,0.1,0.30000000000000004,True
339,12,CARD,34,1,42,71,45,5,1,5,10,9,0.1,0.30000000000000004,False
340,12,CLF_UNION,34,2,53,71,56,5,1,5,10,9,0.1,0.30000000000000004,False
341,12,ORD-UNION,30,1,38,71,41,5,1,5,10,9,0.1,0.30000000000000004,False
342,12,CARD,30,1,36,71,46,5,1,5,10,9,0.1,0.30000000000000004,True
343,12,CLF_UNION,30,1,47,71,55,5,1,5,10,9,0.1,0.30000000000000004,True
344,12,ORD-UNION,24,0,26,71,34,5,1,5,10,9,0.1,0.30000000000000004,True
345,12,CARD,30,1,36,71,46,5,1,5,10,9,0.1,0.30000000000000004,False
346,12,CLF_UNION,30,1,47,71,55,5,1,5,10,9,0.1,0.30000000000000004,False
347,12,ORD-UNION,24,0,26,71,34,5,1,5,10,9,0.1,0.30000000000000004,False
348,12,CARD,30,2,34,71,46,5,1,5,10,9,0.1,0.30000000000000004,True
349,12,CLF_UNION,30,2,46,71,56,5,1,5,10,9,0.1,0.30000000000000004,True
350,12,ORD-UNION,29,1,32,71,42,5,1,5,10,9,0.1,0.30000000000000004,True
351,12,CARD,30,2,34,71,46,5,1,5,10,9,0.1,0.30000000000000004,False
352,12,CLF_UNION,30,2,46,71,56,5,1,5,10,9,0.1,0.30000000000000004,False
353,12,ORD-UNION,29,1,32,71,42,5,1,5,10,9,0.1,0.30000000000000004,False
354,12,CARD,35,1,42,71,46,5,1,5,10,9,0.1,0.30000000000000004,True
355,12,CLF_UNION,35,1,53,71,55,5,1,5,10,9,0.1,0.30000000000000004,True
356,12,ORD-UNION,33,0,36,71,38,5,1,5,10,9,0.1,0.30000000000000004,True
357,12,CARD,35,1,42,71,46,5,1,5,10,9,0.1,0.30000000000000004,False
358,12,CLF_UNION,35,1,53,71,55,5,1,5,10,9,0.1,0.30000000000000004,False
359,12,ORD-UNION,33,0,36,71,38,5,1,5,10,9,0.1,0.30000000000000004,False
360,13,CARD,18,4,23,83,48,9,5,5,10,9,0.1,0.30000000000000004,True
361,13,CLF_UNION,22,0,39,83,58,9,5,5,10,9,0.1,0.30000000000000004,True
362,13,ORD-UNION,13,0,13,83,32,9,5,5,10,9,0.1,0.30000000000000004,True
363,13,CARD,20,1,24,83,47,5,1,5,10,9,0.1,0.30000000000000004,False
364,13,CLF_UNION,21,1,37,83,56,5,1,5,10,9,0.1,0.30000000000000004,False
365,13,ORD-UNION,18,0,20,83,39,5,1,5,10,9,0.1,0.30000000000000004,False
366,13,CARD,34,1,38,83,46,5,1,5,10,9,0.1,0.30000000000000004,True
367,13,CLF_UNION,34,2,49,83,55,5,1,5,10,9,0.1,0.30000000000000004,True
368,13,ORD-UNION,31,1,33,83,39,5,1,5,10,9,0.1,0.30000000000000004,True
369,13,CARD,34,1,38,83,46,5,1,5,10,9,0.1,0.30000000000000004,False
370,13,CLF_UNION,34,2,49,83,55,5,1,5,10,9,0.1,0.30000000000000004,False
371,13,ORD-UNION,31,1,33,83,39,5,1,5,10,9,0.1,0.30000000000000004,False
372,13,CARD,34,1,38,83,46,5,1,5,10,9,0.1,0.30000000000000004,True
373,13,CLF_UNION,35,0,49,83,55,5,1,5,10,9,0.1,0.30000000000000004,True
374,13,ORD-UNION,29,0,31,83,37,5,1,5,10,9,0.1,0.30000000000000004,True
375,13,CARD,34,1,38,83,46,5,1,5,10,9,0.1,0.30000000000000004,False
376,13,CLF_UNION,35,0,49,83,55,5,1,5,10,9,0.1,0.30000000000000004,False
377,13,ORD-UNION,29,0,31,83,37,5,1,5,10,9,0.1,0.30000000000000004,False
378,13,CARD,24,2,30,83,46,5,1,5,10,9,0.1,0.30000000000000004,True
379,13,CLF_UNION,25,2,42,83,56,5,1,5,10,9,0.1,0.30000000000000004,True
380,13,ORD-UNION,23,2,28,83,42,5,1,5,10,9,0.1,0.30000000000000004,True
381,13,CARD,24,2,30,83,46,5,1,5,10,9,0.1,0.30000000000000004,False
382,13,CLF_UNION,25,2,42,83,56,5,1,5,10,9,0.1,0.30000000000000004,False
383,13,ORD-UNION,23,2,28,83,42,5,1,5,10,9,0.1,0.30000000000000004,False
384,13,CARD,37,0,42,83,46,5,1,5,10,9,0.1,0.30000000000000004,True
385,13,CLF_UNION,38,1,54,83,56,5,1,5,10,9,0.1,0.30000000000000004,True
386,13,ORD-UNION,36,0,39,83,41,5,1,5,10,9,0.1,0.30000000000000004,True
387,13,CARD,37,0,42,83,46,5,1,5,10,9,0.1,0.30000000000000004,False
388,13,CLF_UNION,38,1,54,83,56,5,1,5,10,9,0.1,0.30000000000000004,False
389,13,ORD-UNION,36,0,39,83,41,5,1,5,10,9,0.1,0.30000000000000004,False
390,14,CARD,28,3,33,94,48,9,5,5,10,9,0.1,0.30000000000000004,True
391,14,CLF_UNION,33,1,47,94,56,9,5,5,10,9,0.1,0.30000000000000004,True
392,14,ORD-UNION,18,0,18,94,27,9,5,5,10,9,0.1,0.30000000000000004,True
393,14,CARD,31,0,34,94,47,5,1,5,10,9,0.1,0.30000000000000004,False
394,14,CLF_UNION,30,5,48,94,57,5,1,5,10,9,0.1,0.30000000000000004,False
395,14,ORD-UNION,27,0,30,94,39,5,1,5,10,9,0.1,0.30000000000000004,False
396,14,CARD,21,0,25,94,46,5,1,5,10,9,0.1,0.30000000000000004,True
397,14,CLF_UNION,21,1,37,94,55,5,1,5,10,9,0.1,0.30000000000000004,True
398,14,ORD-UNION,21,0,25,94,44,5,1,5,10,9,0.1,0.30000000000000004,True
399,14,CARD,21,0,25,94,46,5,1,5,10,9,0.1,0.30000000000000004,False
400,14,CLF_UNION,21,1,37,94,55,5,1,5,10,9,0.1,0.30000000000000004,False
401,14,ORD-UNION,21,0,25,94,44,5,1,5,10,9,0.1,0.30000000000000004,False
402,14,CARD,25,1,32,94,46,5,1,5,10,9,0.1,0.30000000000000004,True
403,14,CLF_UNION,26,1,44,94,56,5,1,5,10,9,0.1,0.30000000000000004,True
404,14,ORD-UNION,24,0,29,94,41,5,1,5,10,9,0.1,0.30000000000000004,True
405,14,CARD,25,1,32,94,46,5,1,5,10,9,0.1,0.30000000000000004,False
406,14,CLF_UNION,26,1,44,94,56,5,1,5,10,9,0.1,0.30000000000000004,False
407,14,ORD-UNION,24,0,29,94,41,5,1,5,10,9,0.1,0.30000000000000004,False
408,14,CARD,30,2,36,94,45,5,1,5,10,9,0.1,0.30000000000000004,True
409,14,CLF_UNION,30,2,46,94,55,5,1,5,10,9,0.1,0.30000000000000004,True
410,14,ORD-UNION,29,2,35,94,44,5,1,5,10,9,0.1,0.30000000000000004,True
411,14,CARD,30,2,36,94,45,5,1,5,10,9,0.1,0.30000000000000004,False
412,14,CLF_UNION,30,2,46,94,55,5,1,5,10,9,0.1,0.30000000000000004,False
413,14,ORD-UNION,29,2,35,94,44,5,1,5,10,9,0.1,0.30000000000000004,False
414,14,CARD,32,1,36,94,45,5,1,5,10,9,0.1,0.30000000000000004,True
415,14,CLF_UNION,32,2,47,94,55,5,1,5,10,9,0.1,0.30000000000000004,True
416,14,ORD-UNION,32,1,36,94,45,5,1,5,10,9,0.1,0.30000000000000004,True
417,14,CARD,32,1,36,94,45,5,1,5,10,9,0.1,0.30000000000000004,False
418,14,CLF_UNION,32,2,47,94,55,5,1,5,10,9,0.1,0.30000000000000004,False
419,14,ORD-UNION,32,1,36,94,45,5,1,5,10,9,0.1,0.30000000000000004,False
420,15,CARD,27,3,33,109,48,9,5,5,10,9,0.1,0.30000000000000004,True
421,15,CLF_UNION,30,3,51,109,60,9,5,5,10,9,0.1,0.30000000000000004,True
422,15,ORD-UNION,24,0,24,109,33,9,5,5,10,9,0.1,0.30000000000000004,True
423,15,CARD,29,2,36,109,45,5,1,5,10,9,0.1,0.30000000000000004,False
424,15,CLF_UNION,29,2,46,109,55,5,1,5,10,9,0.1,0.30000000000000004,False
425,15,ORD-UNION,29,2,36,109,45,5,1,5,10,9,0.1,0.30000000000000004,False
426,15,CARD,31,1,37,109,45,5,1,5,10,9,0.1,0.30000000000000004,True
427,15,CLF_UNION,31,1,47,109,55,5,1,5,10,9,0.1,0.30000000000000004,True
428,15,ORD-UNION,31,0,36,109,44,5,1,5,10,9,0.1,0.30000000000000004,True
429,15,CARD,31,1,37,109,45,5,1,5,10,9,0.1,0.30000000000000004,False
430,15,CLF_UNION,31,1,47,109,55,5,1,5,10,9,0.1,0.30000000000000004,False
431,15,ORD-UNION,31,0,36,109,44,5,1,5,10,9,0.1,0.30000000000000004,False
432,15,CARD,29,2,35,109,45,5,1,5,10,9,0.1,0.30000000000000004,True
433,15,CLF_UNION,29,2,45,109,55,5,1,5,10,9,0.1,0.30000000000000004,True
434,15,ORD-UNION,29,2,35,109,45,5,1,5,10,9,0.1,0.30000000000000004,True
435,15,CARD,29,2,35,109,45,5,1,5,10,9,0.1,0.30000000000000004,False
436,15,CLF_UNION,29,2,45,109,55,5,1,5,10,9,0.1,0.30000000000000004,False
437,15,ORD-UNION,29,2,35,109,45,5,1,5,10,9,0.1,0.30000000000000004,False
438,15,CARD,35,0,40,109,45,5,1,5,10,9,0.1,0.30000000000000004,True
439,15,CLF_UNION,35,0,50,109,55,5,1,5,10,9,0.1,0.30000000000000004,True
440,15,ORD-UNION,34,0,38,109,43,5,1,5,10,9,0.1,0.30000000000000004,True
441,15,CARD,35,0,40,109,45,5,1,5,10,9,0.1,0.30000000000000004,False
442,15,CLF_UNION,35,0,50,109,55,5,1,5,10,9,0.1,0.30000000000000004,False
443,15,ORD-UNION,34,0,38,109,43,5,1,5,10,9,0.1,0.30000000000000004,False
444,15,CARD,28,1,36,109,45,5,1,5,10,9,0.1,0.30000000000000004,True
445,15,CLF_UNION,28,1,46,109,55,5,1,5,10,9,0.1,0.30000000000000004,True
446,15,ORD-UNION,28,1,35,109,44,5,1,5,10,9,0.1,0.30000000000000004,True
447,15,CARD,28,1,36,109,45,5,1,5,10,9,0.1,0.30000000000000004,False
448,15,CLF_UNION,28,1,46,109,55,5,1,5,10,9,0.1,0.30000000000000004,False
449,15,ORD-UNION,28,1,35,109,44,5,1,5,10,9,0.1,0.30000000000000004,False
450,16,CARD,17,4,24,125,46,9,5,5,10,9,0.1,0.30000000000000004,True
451,16,CLF_UNION,21,0,36,125,56,9,5,5,10,9,0.1,0.30000000000000004,True
452,16,ORD-UNION,14,0,15,125,35,9,5,5,10,9,0.1,0.30000000000000004,True
453,16,CARD,20,1,25,125,45,5,1,5,10,9,0.1,0.30000000000000004,False
454,16,CLF_UNION,20,2,37,125,57,5,1,5,10,9,0.1,0.30000000000000004,False
455,16,ORD-UNION,20,0,24,125,44,5,1,5,10,9,0.1,0.30000000000000004,False
456,16,CARD,30,0,34,125,45,5,1,5,10,9,0.1,0.30000000000000004,True
457,16,CLF_UNION,30,0,45,125,56,5,1,5,10,9,0.1,0.30000000000000004,True
458,16,ORD-UNION,30,0,34,125,45,5,1,5,10,9,0.1,0.30000000000000004,True
459,16,CARD,30,0,34,125,45,5,1,5,10,9,0.1,0.30000000000000004,False
460,16,CLF_UNION,30,0,45,125,56,5,1,5,10,9,0.1,0.30000000000000004,False
461,16,ORD-UNION,30,0,34,125,45,5,1,5,10,9,0.1,0.30000000000000004,False
462,16,CARD,25,1,32,125,45,5,1,5,10,9,0.1,0.30000000000000004,True
463,16,CLF_UNION,25,3,44,125,56,5,1,5,10,9,0.1,0.30000000000000004,True
464,16,ORD-UNION,25,1,32,125,45,5,1,5,10,9,0.1,0.30000000000000004,True
465,16,CARD,25,1,32,125,45,5,1,5,10,9,0.1,0.30000000000000004,False
466,16,CLF_UNION,25,3,44,125,56,5,1,5,10,9,0.1,0.30000000000000004,False
467,16,ORD-UNION,25,1,32,125,45,5,1,5,10,9,0.1,0.30000000000000004,False
468,16,CARD,29,2,37,125,45,5,1,5,10,9,0.1,0.30000000000000004,True
469,16,CLF_UNION,29,4,49,125,57,5,1,5,10,9,0.1,0.30000000000000004,True
470,16,ORD-UNION,29,1,35,125,43,5,1,5,10,9,0.1,0.30000000000000004,True
471,16,CARD,29,2,37,125,45,5,1,5,10,9,0.1,0.30000000000000004,False
472,16,CLF_UNION,29,4,49,125,57,5,1,5,10,9,0.1,0.30000000000000004,False
473,16,ORD-UNION,29,1,35,125,43,5,1,5,10,9,0.1,0.30000000000000004,False
474,16,CARD,38,1,42,125,45,5,1,5,10,9,0.1,0.30000000000000004,True
475,16,CLF_UNION,38,2,53,125,56,5,1,5,10,9,0.1,0.30000000000000004,True
476,16,ORD-UNION,37,1,41,125,44,5,1,5,10,9,0.1,0.30000000000000004,True
477,16,CARD,38,1,42,125,45,5,1,5,10,9,0.1,0.30000000000000004,False
478,16,CLF_UNION,38,2,53,125,56,5,1,5,10,9,0.1,0.30000000000000004,False
479,16,ORD-UNION,37,1,41,125,44,5,1,5,10,9,0.1,0.30000000000000004,False
480,17,CARD,20,0,22,140,48,9,5,5,10,9,0.1,0.30000000000000004,True
481,17,CLF_UNION,21,0,36,140,56,9,5,5,10,9,0.1,0.30000000000000004,True
482,17,ORD-UNION,18,0,18,140,38,9,5,5,10,9,0.1,0.30000000000000004,True
483,17,CARD,21,0,25,140,45,5,1,5,10,9,0.1,0.30000000000000004,False
484,17,CLF_UNION,21,1,36,140,56,5,1,5,10,9,0.1,0.30000000000000004,False
485,17,ORD-UNION,21,0,25,140,45,5,1,5,10,9,0.1,0.30000000000000004,False
486,17,CARD,31,3,39,140,45,5,1,5,10,9,0.1,0.30000000000000004,True
487,17,CLF_UNION,31,3,49,140,55,5,1,5,10,9,0.1,0.30000000000000004,True
488,17,ORD-UNION,31,3,39,140,45,5,1,5,10,9,0.1,0.30000000000000004,True
489,17,CARD,31,3,39,140,45,5,1,5,10,9,0.1,0.30000000000000004,False
490,17,CLF_UNION,31,3,49,140,55,5,1,5,10,9,0.1,0.30000000000000004,False
491,17,ORD-UNION,31,3,39,140,45,5,1,5,10,9,0.1,0.30000000000000004,False
492,17,CARD,25,4,36,140,45,5,1,5,10,9,0.1,0.30000000000000004,True
493,17,CLF_UNION,24,5,46,140,55,5,1,5,10,9,0.1,0.30000000000000004,True
494,17,ORD-UNION,25,4,36,140,45,5,1,5,10,9,0.1,0.30000000000000004,True
495,17,CARD,25,4,36,140,45,5,1,5,10,9,0.1,0.30000000000000004,False
496,17,CLF_UNION,24,5,46,140,55,5,1,5,10,9,0.1,0.30000000000000004,False
497,17,ORD-UNION,25,4,36,140,45,5,1,5,10,9,0.1,0.30000000000000004,False
498,17,CARD,28,3,35,140,45,5,1,5,10,9,0.1,0.30000000000000004,True
499,17,CLF_UNION,28,3,45,140,55,5,1,5,10,9,0.1,0.30000000000000004,True
500,17,ORD-UNION,28,2,34,140,44,5,1,5,10,9,0.1,0.30000000000000004,True
501,17,CARD,28,3,35,140,45,5,1,5,10,9,0.1,0.30000000000000004,False
502,17,CLF_UNION,28,3,45,140,55,5,1,5,10,9,0.1,0.30000000000000004,False
503,17,ORD-UNION,28,2,34,140,44,5,1,5,10,9,0.1,0.30000000000000004,False
504,17,CARD,15,0,20,140,45,5,1,5,10,9,0.1,0.30000000000000004,True
505,17,CLF_UNION,15,0,30,140,55,5,1,5,10,9,0.1,0.30000000000000004,True
506,17,ORD-UNION,15,0,20,140,45,5,1,5,10,9,0.1,0.30000000000000004,True
507,17,CARD,15,0,20,140,45,5,1,5,10,9,0.1,0.30000000000000004,False
508,17,CLF_UNION,15,0,30,140,55,5,1,5,10,9,0.1,0.30000000000000004,False
509,17,ORD-UNION,15,0,20,140,45,5,1,5,10,9,0.1,0.30000000000000004,False
510,18,CARD,20,0,25,156,46,9,5,5,10,9,0.1,0.30000000000000004,True
511,18,CLF_UNION,20,1,38,156,57,9,5,5,10,9,0.1,0.30000000000000004,True
512,18,ORD-UNION,17,0,18,156,37,9,5,5,10,9,0.1,0.30000000000000004,True
513,18,CARD,21,0,24,156,47,8,2,5,10,9,0.1,0.30000000000000004,False
514,18,CLF_UNION,21,2,40,156,59,8,2,5,10,9,0.1,0.30000000000000004,False
515,18,ORD-UNION,15,0,16,156,35,8,2,5,10,9,0.1,0.30000000000000004,False
516,18,CARD,27,2,31,156,45,8,2,5,10,9,0.1,0.30000000000000004,True
517,18,CLF_UNION,29,1,43,156,57,8,2,5,10,9,0.1,0.30000000000000004,True
518,18,ORD-UNION,24,0,24,156,38,8,2,5,10,9,0.1,0.30000000000000004,True
519,18,CARD,27,2,31,156,45,8,2,5,10,9,0.1,0.30000000000000004,False
520,18,CLF_UNION,29,1,43,156,57,8,2,5,10,9,0.1,0.30000000000000004,False
521,18,ORD-UNION,24,0,24,156,38,8,2,5,10,9,0.1,0.30000000000000004,False
522,18,CARD,28,0,29,156,47,8,2,5,10,9,0.1,0.30000000000000004,True
523,18,CLF_UNION,27,2,43,156,57,8,2,5,10,9,0.1,0.30000000000000004,True
524,18,ORD-UNION,24,0,24,156,38,8,2,5,10,9,0.1,0.30000000000000004,True
525,18,CARD,28,0,29,156,47,8,2,5,10,9,0.1,0.30000000000000004,False
526,18,CLF_UNION,27,2,43,156,57,8,2,5,10,9,0.1,0.30000000000000004,False
527,18,ORD-UNION,24,0,24,156,38,8,2,5,10,9,0.1,0.30000000000000004,False
528,18,CARD,27,2,34,156,47,8,2,5,10,9,0.1,0.30000000000000004,True
529,18,CLF_UNION,29,3,53,156,62,8,2,5,10,9,0.1,0.30000000000000004,True
530,18,ORD-UNION,20,0,21,156,30,8,2,5,10,9,0.1,0.30000000000000004,True
531,18,CARD,27,2,34,156,47,8,2,5,10,9,0.1,0.30000000000000004,False
532,18,CLF_UNION,29,3,53,156,62,8,2,5,10,9,0.1,0.30000000000000004,False
533,18,ORD-UNION,20,0,21,156,30,8,2,5,10,9,0.1,0.30000000000000004,False
534,18,CARD,29,0,36,156,45,8,2,5,10,9,0.1,0.30000000000000004,True
535,18,CLF_UNION,29,0,47,156,56,8,2,5,10,9,0.1,0.30000000000000004,True
536,18,ORD-UNION,24,0,25,156,34,8,2,5,10,9,0.1,0.30000000000000004,True
537,18,CARD,29,0,36,156,45,8,2,5,10,9,0.1,0.30000000000000004,False
538,18,CLF_UNION,29,0,47,156,56,8,2,5,10,9,0.1,0.30000000000000004,False
539,18,ORD-UNION,24,0,25,156,34,8,2,5,10,9,0.1,0.30000000000000004,False
540,19,CARD,21,2,26,175,46,9,5,5,10,9,0.1,0.30000000000000004,True
541,19,CLF_UNION,23,0,39,175,57,9,5,5,10,9,0.1,0.30000000000000004,True
542,19,ORD-UNION,16,0,16,175,34,9,5,5,10,9,0.1,0.30000000000000004,True
543,19,CARD,21,2,26,175,46,8,2,5,10,9,0.1,0.30000000000000004,False
544,19,CLF_UNION,23,2,42,175,60,8,2,5,10,9,0.1,0.30000000000000004,False
545,19,ORD-UNION,13,0,14,175,32,8,2,5,10,9,0.1,0.30000000000000004,False
546,19,CARD,26,0,28,175,48,8,2,5,10,9,0.1,0.30000000000000004,True
547,19,CLF_UNION,26,1,44,175,58,8,2,5,10,9,0.1,0.30000000000000004,True
548,19,ORD-UNION,21,0,21,175,35,8,2,5,10,9,0.1,0.30000000000000004,True
549,19,CARD,26,0,28,175,48,8,2,5,10,9,0.1,0.30000000000000004,False
550,19,CLF_UNION,26,1,44,175,58,8,2,5,10,9,0.1,0.30000000000000004,False
551,19,ORD-UNION,21,0,21,175,35,8,2,5,10,9,0.1,0.30000000000000004,False
552,19,CARD,28,1,33,175,45,8,2,5,10,9,0.1,0.30000000000000004,True
553,19,CLF_UNION,29,3,48,175,60,8,2,5,10,9,0.1,0.30000000000000004,True
554,19,ORD-UNION,22,0,23,175,35,8,2,5,10,9,0.1,0.30000000000000004,True
555,19,CARD,28,1,33,175,45,8,2,5,10,9,0.1,0.30000000000000004,False
556,19,CLF_UNION,29,3,48,175,60,8,2,5,10,9,0.1,0.30000000000000004,False
557,19,ORD-UNION,22,0,23,175,35,8,2,5,10,9,0.1,0.30000000000000004,False
558,19,CARD,24,0,29,175,48,8,2,5,10,9,0.1,0.30000000000000004,True
559,19,CLF_UNION,24,2,52,175,65,8,2,5,10,9,0.1,0.30000000000000004,True
560,19,ORD-UNION,23,0,25,175,38,8,2,5,10,9,0.1,0.30000000000000004,True
561,19,CARD,24,0,29,175,48,8,2,5,10,9,0.1,0.30000000000000004,False
562,19,CLF_UNION,24,2,52,175,65,8,2,5,10,9,0.1,0.30000000000000004,False
563,19,ORD-UNION,23,0,25,175,38,8,2,5,10,9,0.1,0.30000000000000004,False
564,19,CARD,12,0,18,175,46,8,2,5,10,9,0.1,0.30000000000000004,True
565,19,CLF_UNION,12,0,33,175,59,8,2,5,10,9,0.1,0.30000000000000004,True
566,19,ORD-UNION,11,0,12,175,38,8,2,5,10,9,0.1,0.30000000000000004,True
567,19,CARD,12,0,18,175,46,8,2,5,10,9,0.1,0.30000000000000004,False
568,19,CLF_UNION,12,0,33,175,59,8,2,5,10,9,0.1,0.30000000000000004,False
569,19,ORD-UNION,11,0,12,175,38,8,2,5,10,9,0.1,0.30000000000000004,False
570,20,CARD,7,0,11,193,47,9,5,5,10,9,0.1,0.30000000000000004,True
571,20,CLF_UNION,7,0,26,193,58,9,5,5,10,9,0.1,0.30000000000000004,True
572,20,ORD-UNION,6,0,8,193,40,9,5,5,10,9,0.1,0.30000000000000004,True
573,20,CARD,7,0,11,193,47,8,2,5,10,9,0.1,0.30000000000000004,False
574,20,CLF_UNION,7,0,27,193,59,8,2,5,10,9,0.1,0.30000000000000004,False
575,20,ORD-UNION,6,0,8,193,40,8,2,5,10,9,0.1,0.30000000000000004,False
576,20,CARD,23,1,26,193,46,8,2,5,10,9,0.1,0.30000000000000004,True
577,20,CLF_UNION,24,1,41,193,59,8,2,5,10,9,0.1,0.30000000000000004,True
578,20,ORD-UNION,18,0,19,193,37,8,2,5,10,9,0.1,0.30000000000000004,True
579,20,CARD,23,1,26,193,46,8,2,5,10,9,0.1,0.30000000000000004,False
580,20,CLF_UNION,24,1,41,193,59,8,2,5,10,9,0.1,0.30000000000000004,False
581,20,ORD-UNION,18,0,19,193,37,8,2,5,10,9,0.1,0.30000000000000004,False
582,20,CARD,31,0,35,193,45,8,2,5,10,9,0.1,0.30000000000000004,True
583,20,CLF_UNION,31,2,49,193,59,8,2,5,10,9,0.1,0.30000000000000004,True
584,20,ORD-UNION,30,0,32,193,42,8,2,5,10,9,0.1,0.30000000000000004,True
585,20,CARD,31,0,35,193,45,8,2,5,10,9,0.1,0.30000000000000004,False
586,20,CLF_UNION,31,2,49,193,59,8,2,5,10,9,0.1,0.30000000000000004,False
587,20,ORD-UNION,30,0,32,193,42,8,2,5,10,9,0.1,0.30000000000000004,False
588,20,CARD,22,3,29,193,47,8,2,5,10,9,0.1,0.30000000000000004,True
589,20,CLF_UNION,25,2,47,193,61,8,2,5,10,9,0.1,0.30000000000000004,True
590,20,ORD-UNION,13,0,13,193,27,8,2,5,10,9,0.1,0.30000000000000004,True
591,20,CARD,22,3,29,193,47,8,2,5,10,9,0.1,0.30000000000000004,False
592,20,CLF_UNION,25,2,47,193,61,8,2,5,10,9,0.1,0.30000000000000004,False
593,20,ORD-UNION,13,0,13,193,27,8,2,5,10,9,0.1,0.30000000000000004,False
594,20,CARD,21,0,25,193,46,8,2,5,10,9,0.1,0.30000000000000004,True
595,20,CLF_UNION,21,0,39,193,58,8,2,5,10,9,0.1,0.30000000000000004,True
596,20,ORD-UNION,20,0,22,193,41,8,2,5,10,9,0.1,0.30000000000000004,True
597,20,CARD,21,0,25,193,46,8,2,5,10,9,0.1,0.30000000000000004,False
598,20,CLF_UNION,21,0,39,193,58,8,2,5,10,9,0.1,0.30000000000000004,False
599,20,ORD-UNION,20,0,22,193,41,8,2,5,10,9,0.1,0.30000000000000004,False
600,21,CARD,17,0,20,211,47,9,5,5,10,9,0.1,0.30000000000000004,True
601,21,CLF_UNION,17,0,33,211,56,9,5,5,10,9,0.1,0.30000000000000004,True
602,21,ORD-UNION,15,0,15,211,38,9,5,5,10,9,0.1,0.30000000000000004,True
603,21,CARD,17,0,20,211,47,8,2,5,10,9,0.1,0.30000000000000004,False
604,21,CLF_UNION,17,0,33,211,56,8,2,5,10,9,0.1,0.30000000000000004,False
605,21,ORD-UNION,15,0,16,211,39,8,2,5,10,9,0.1,0.30000000000000004,False
606,21,CARD,16,0,20,211,46,8,2,5,10,9,0.1,0.30000000000000004,True
607,21,CLF_UNION,16,0,35,211,59,8,2,5,10,9,0.1,0.30000000000000004,True
608,21,ORD-UNION,15,0,17,211,41,8,2,5,10,9,0.1,0.30000000000000004,True
609,21,CARD,16,0,20,211,46,8,2,5,10,9,0.1,0.30000000000000004,False
610,21,CLF_UNION,16,0,35,211,59,8,2,5,10,9,0.1,0.30000000000000004,False
611,21,ORD-UNION,15,0,17,211,41,8,2,5,10,9,0.1,0.30000000000000004,False
612,21,CARD,17,0,19,211,45,8,2,5,10,9,0.1,0.30000000000000004,True
613,21,CLF_UNION,17,0,30,211,56,8,2,5,10,9,0.1,0.30000000000000004,True
614,21,ORD-UNION,12,0,13,211,39,8,2,5,10,9,0.1,0.30000000000000004,True
615,21,CARD,17,0,19,211,45,8,2,5,10,9,0.1,0.30000000000000004,False
616,21,CLF_UNION,17,0,30,211,56,8,2,5,10,9,0.1,0.30000000000000004,False
617,21,ORD-UNION,12,0,13,211,39,8,2,5,10,9,0.1,0.30000000000000004,False
618,21,CARD,14,0,17,211,47,8,2,5,10,9,0.1,0.30000000000000004,True
619,21,CLF_UNION,15,1,32,211,58,8,2,5,10,9,0.1,0.30000000000000004,True
620,21,ORD-UNION,11,0,13,211,39,8,2,5,10,9,0.1,0.30000000000000004,True
621,21,CARD,14,0,17,211,47,8,2,5,10,9,0.1,0.30000000000000004,False
622,21,CLF_UNION,15,1,32,211,58,8,2,5,10,9,0.1,0.30000000000000004,False
623,21,ORD-UNION,11,0,13,211,39,8,2,5,10,9,0.1,0.30000000000000004,False
624,21,CARD,13,0,21,211,47,8,2,5,10,9,0.1,0.30000000000000004,True
625,21,CLF_UNION,14,0,35,211,57,8,2,5,10,9,0.1,0.30000000000000004,True
626,21,ORD-UNION,10,0,14,211,36,8,2,5,10,9,0.1,0.30000000000000004,True
627,21,CARD,13,0,21,211,47,8,2,5,10,9,0.1,0.30000000000000004,False
628,21,CLF_UNION,14,0,35,211,57,8,2,5,10,9,0.1,0.30000000000000004,False
629,21,ORD-UNION,10,0,14,211,36,8,2,5,10,9,0.1,0.30000000000000004,False
630,22,CARD,27,0,31,229,47,9,5,5,10,9,0.1,0.30000000000000004,True
631,22,CLF_UNION,28,0,44,229,56,9,5,5,10,9,0.1,0.30000000000000004,True
632,22,ORD-UNION,22,0,23,229,35,9,5,5,10,9,0.1,0.30000000000000004,True
633,22,CARD,27,0,31,229,47,8,2,5,10,9,0.1,0.30000000000000004,False
634,22,CLF_UNION,28,1,47,229,59,8,2,5,10,9,0.1,0.30000000000000004,False
635,22,ORD-UNION,20,0,22,229,34,8,2,5,10,9,0.1,0.30000000000000004,False
636,22,CARD,27,0,30,229,46,8,2,5,10,9,0.1,0.30000000000000004,True
637,22,CLF_UNION,27,3,46,229,60,8,2,5,10,9,0.1,0.30000000000000004,True
638,22,ORD-UNION,18,0,19,229,33,8,2,5,10,9,0.1,0.30000000000000004,True
639,22,CARD,27,0,30,229,46,8,2,5,10,9,0.1,0.30000000000000004,False
640,22,CLF_UNION,27,3,46,229,60,8,2,5,10,9,0.1,0.30000000000000004,False
641,22,ORD-UNION,18,0,19,229,33,8,2,5,10,9,0.1,0.30000000000000004,False
642,22,CARD,16,0,17,229,47,8,2,5,10,9,0.1,0.30000000000000004,True
643,22,CLF_UNION,16,2,32,229,58,8,2,5,10,9,0.1,0.30000000000000004,True
644,22,ORD-UNION,10,0,11,229,37,8,2,5,10,9,0.1,0.30000000000000004,True
645,22,CARD,16,0,17,229,47,8,2,5,10,9,0.1,0.30000000000000004,False
646,22,CLF_UNION,16,2,32,229,58,8,2,5,10,9,0.1,0.30000000000000004,False
647,22,ORD-UNION,10,0,11,229,37,8,2,5,10,9,0.1,0.30000000000000004,False
648,22,CARD,21,0,25,229,47,8,2,5,10,9,0.1,0.30000000000000004,True
649,22,CLF_UNION,21,1,42,229,60,8,2,5,10,9,0.1,0.30000000000000004,True
650,22,ORD-UNION,14,0,15,229,33,8,2,5,10,9,0.1,0.30000000000000004,True
651,22,CARD,21,0,25,229,47,8,2,5,10,9,0.1,0.30000000000000004,False
652,22,CLF_UNION,21,1,42,229,60,8,2,5,10,9,0.1,0.30000000000000004,False
653,22,ORD-UNION,14,0,15,229,33,8,2,5,10,9,0.1,0.30000000000000004,False
654,22,CARD,8,0,11,229,46,8,2,5,10,9,0.1,0.30000000000000004,True
655,22,CLF_UNION,8,0,23,229,56,8,2,5,10,9,0.1,0.30000000000000004,True
656,22,ORD-UNION,7,0,8,229,41,8,2,5,10,9,0.1,0.30000000000000004,True
657,22,CARD,8,0,11,229,46,8,2,5,10,9,0.1,0.30000000000000004,False
658,22,CLF_UNION,8,0,23,229,56,8,2,5,10,9,0.1,0.30000000000000004,False
659,22,ORD-UNION,7,0,8,229,41,8,2,5,10,9,0.1,0.30000000000000004,False
660,23,CARD,20,0,24,251,46,9,5,5,10,9,0.1,0.30000000000000004,True
661,23,CLF_UNION,20,1,35,251,55,9,5,5,10,9,0.1,0.30000000000000004,True
662,23,ORD-UNION,15,0,15,251,35,9,5,5,10,9,0.1,0.30000000000000004,True
663,23,CARD,20,1,25,251,45,6,2,5,10,9,0.1,0.30000000000000004,False
664,23,CLF_UNION,20,1,35,251,55,6,2,5,10,9,0.1,0.30000000000000004,False
665,23,ORD-UNION,20,1,25,251,45,6,2,5,10,9,0.1,0.30000000000000004,False
666,23,CARD,16,0,19,251,45,6,2,5,10,9,0.1,0.30000000000000004,True
667,23,CLF_UNION,16,0,29,251,55,6,2,5,10,9,0.1,0.30000000000000004,True
668,23,ORD-UNION,16,0,19,251,45,6,2,5,10,9,0.1,0.30000000000000004,True
669,23,CARD,16,0,19,251,45,6,2,5,10,9,0.1,0.30000000000000004,False
670,23,CLF_UNION,16,0,29,251,55,6,2,5,10,9,0.1,0.30000000000000004,False
671,23,ORD-UNION,16,0,19,251,45,6,2,5,10,9,0.1,0.30000000000000004,False
672,23,CARD,21,1,24,251,45,6,2,5,10,9,0.1,0.30000000000000004,True
673,23,CLF_UNION,22,0,34,251,55,6,2,5,10,9,0.1,0.30000000000000004,True
674,23,ORD-UNION,21,1,24,251,45,6,2,5,10,9,0.1,0.30000000000000004,True
675,23,CARD,21,1,24,251,45,6,2,5,10,9,0.1,0.30000000000000004,False
676,23,CLF_UNION,22,0,34,251,55,6,2,5,10,9,0.1,0.30000000000000004,False
677,23,ORD-UNION,21,1,24,251,45,6,2,5,10,9,0.1,0.30000000000000004,False
678,23,CARD,8,0,11,251,45,6,2,5,10,9,0.1,0.30000000000000004,True
679,23,CLF_UNION,8,0,21,251,55,6,2,5,10,9,0.1,0.30000000000000004,True
680,23,ORD-UNION,8,0,11,251,45,6,2,5,10,9,0.1,0.30000000000000004,True
681,23,CARD,8,0,11,251,45,6,2,5,10,9,0.1,0.30000000000000004,False
682,23,CLF_UNION,8,0,21,251,55,6,2,5,10,9,0.1,0.30000000000000004,False
683,23,ORD-UNION,8,0,11,251,45,6,2,5,10,9,0.1,0.30000000000000004,False
684,23,CARD,16,0,19,251,45,6,2,5,10,9,0.1,0.30000000000000004,True
685,23,CLF_UNION,16,0,29,251,55,6,2,5,10,9,0.1,0.30000000000000004,True
686,23,ORD-UNION,16,0,19,251,45,6,2,5,10,9,0.1,0.30000000000000004,True
687,23,CARD,16,0,19,251,45,6,2,5,10,9,0.1,0.30000000000000004,False
688,23,CLF_UNION,16,0,29,251,55,6,2,5,10,9,0.1,0.30000000000000004,False
689,23,ORD-UNION,16,0,19,251,45,6,2,5,10,9,0.1,0.30000000000000004,False
690,24,CARD,23,0,27,273,45,9,5,5,10,9,0.1,0.30000000000000004,True
691,24,CLF_UNION,23,1,38,273,56,9,5,5,10,9,0.1,0.30000000000000004,True
692,24,ORD-UNION,21,0,21,273,39,9,5,5,10,9,0.1,0.30000000000000004,True
693,24,CARD,23,0,26,273,46,6,2,5,10,9,0.1,0.30000000000000004,False
694,24,CLF_UNION,23,0,39,273,57,6,2,5,10,9,0.1,0.30000000000000004,False
695,24,ORD-UNION,23,0,26,273,44,6,2,5,10,9,0.1,0.30000000000000004,False
696,24,CARD,0,0,4,273,45,6,2,5,10,9,0.1,0.30000000000000004,True
697,24,CLF_UNION,0,0,14,273,55,6,2,5,10,9,0.1,0.30000000000000004,True
698,24,ORD-UNION,0,0,4,273,45,6,2,5,10,9,0.1,0.30000000000000004,True
699,24,CARD,0,0,4,273,45,6,2,5,10,9,0.1,0.30000000000000004,False
700,24,CLF_UNION,0,0,14,273,55,6,2,5,10,9,0.1,0.30000000000000004,False
701,24,ORD-UNION,0,0,4,273,45,6,2,5,10,9,0.1,0.30000000000000004,False
702,24,CARD,14,0,18,273,46,6,2,5,10,9,0.1,0.30000000000000004,True
703,24,CLF_UNION,14,0,29,273,55,6,2,5,10,9,0.1,0.30000000000000004,True
704,24,ORD-UNION,14,0,18,273,44,6,2,5,10,9,0.1,0.30000000000000004,True
705,24,CARD,14,0,18,273,46,6,2,5,10,9,0.1,0.30000000000000004,False
706,24,CLF_UNION,14,0,29,273,55,6,2,5,10,9,0.1,0.30000000000000004,False
707,24,ORD-UNION,14,0,18,273,44,6,2,5,10,9,0.1,0.30000000000000004,False
708,24,CARD,15,0,19,273,45,6,2,5,10,9,0.1,0.30000000000000004,True
709,24,CLF_UNION,15,0,29,273,55,6,2,5,10,9,0.1,0.30000000000000004,True
710,24,ORD-UNION,15,0,19,273,45,6,2,5,10,9,0.1,0.30000000000000004,True
711,24,CARD,15,0,19,273,45,6,2,5,10,9,0.1,0.30000000000000004,False
712,24,CLF_UNION,15,0,29,273,55,6,2,5,10,9,0.1,0.30000000000000004,False
713,24,ORD-UNION,15,0,19,273,45,6,2,5,10,9,0.1,0.30000000000000004,False
714,24,CARD,28,0,32,273,45,6,2,5,10,9,0.1,0.30000000000000004,True
715,24,CLF_UNION,28,1,43,273,56,6,2,5,10,9,0.1,0.30000000000000004,True
716,24,ORD-UNION,28,0,32,273,45,6,2,5,10,9,0.1,0.30000000000000004,True
717,24,CARD,28,0,32,273,45,6,2,5,10,9,0.1,0.30000000000000004,False
718,24,CLF_UNION,28,1,43,273,56,6,2,5,10,9,0.1,0.30000000000000004,False
719,24,ORD-UNION,28,0,32,273,45,6,2,5,10,9,0.1,0.30000000000000004,False
720,1,CARD,4,17,25,1,65,9,2,5,10,9,0.1,0.30000000000000004,True
721,1,CLF_UNION,15,31,63,1,63,9,2,5,10,9,0.1,0.30000000000000004,True
722,1,ORD-UNION,0,0,0,1,0,9,2,5,10,9,0.1,0.30000000000000004,True
723,1,CARD,2,12,16,1,74,1,1,5,10,9,0.1,0.30000000000000004,False
724,1,CLF_UNION,27,37,84,1,84,1,1,5,10,9,0.1,0.30000000000000004,False
725,1,ORD-UNION,2,12,16,1,16,1,1,5,10,9,0.1,0.30000000000000004,False
726,1,CARD,3,16,25,1,65,1,1,5,10,9,0.1,0.30000000000000004,True
727,1,CLF_UNION,19,32,75,1,75,1,1,5,10,9,0.1,0.30000000000000004,True
728,1,ORD-UNION,3,16,25,1,25,1,1,5,10,9,0.1,0.30000000000000004,True
729,1,CARD,3,16,25,1,65,1,1,5,10,9,0.1,0.30000000000000004,False
730,1,CLF_UNION,19,32,75,1,75,1,1,5,10,9,0.1,0.30000000000000004,False
731,1,ORD-UNION,3,16,25,1,25,1,1,5,10,9,0.1,0.30000000000000004,False
732,1,CARD,0,21,24,1,66,1,1,5,10,9,0.1,0.30000000000000004,True
733,1,CLF_UNION,17,38,76,1,76,1,1,5,10,9,0.1,0.30000000000000004,True
734,1,ORD-UNION,0,21,24,1,24,1,1,5,10,9,0.1,0.30000000000000004,True
735,1,CARD,0,21,24,1,66,1,1,5,10,9,0.1,0.30000000000000004,False
736,1,CLF_UNION,17,38,76,1,76,1,1,5,10,9,0.1,0.30000000000000004,False
737,1,ORD-UNION,0,21,24,1,24,1,1,5,10,9,0.1,0.30000000000000004,False
738,1,CARD,0,23,25,1,65,1,1,5,10,9,0.1,0.30000000000000004,True
739,1,CLF_UNION,17,40,75,1,75,1,1,5,10,9,0.1,0.30000000000000004,True
740,1,ORD-UNION,0,23,25,1,25,1,1,5,10,9,0.1,0.30000000000000004,True
741,1,CARD,0,23,25,1,65,1,1,5,10,9,0.1,0.30000000000000004,False
742,1,CLF_UNION,17,40,75,1,75,1,1,5,10,9,0.1,0.30000000000000004,False
743,1,ORD-UNION,0,23,25,1,25,1,1,5,10,9,0.1,0.30000000000000004,False
744,1,CARD,5,15,21,1,69,1,1,5,10,9,0.1,0.30000000000000004,True
745,1,CLF_UNION,23,33,79,1,79,1,1,5,10,9,0.1,0.30000000000000004,True
746,1,ORD-UNION,5,15,21,1,21,1,1,5,10,9,0.1,0.30000000000000004,True
747,1,CARD,5,15,21,1,69,1,1,5,10,9,0.1,0.30000000000000004,False
748,1,CLF_UNION,23,33,79,1,79,1,1,5,10,9,0.1,0.30000000000000004,False
749,1,ORD-UNION,5,15,21,1,21,1,1,5,10,9,0.1,0.30000000000000004,False
750,2,CARD,23,10,37,3,53,9,2,5,10,9,0.1,0.30000000000000004,True
751,2,CLF_UNION,36,22,75,3,75,9,2,5,10,9,0.1,0.30000000000000004,True
752,2,ORD-UNION,2,0,2,3,2,9,2,5,10,9,0.1,0.30000000000000004,True
753,2,CARD,20,11,35,3,55,2,1,5,10,9,0.1,0.30000000000000004,False
754,2,CLF_UNION,36,22,75,3,75,2,1,5,10,9,0.1,0.30000000000000004,False
755,2,ORD-UNION,20,11,35,3,35,2,1,5,10,9,0.1,0.30000000000000004,False
756,2,CARD,9,17,33,3,57,2,1,5,10,9,0.1,0.30000000000000004,True
757,2,CLF_UNION,28,26,79,3,79,2,1,5,10,9,0.1,0.30000000000000004,True
758,2,ORD-UNION,9,17,33,3,33,2,1,5,10,9,0.1,0.30000000000000004,True
759,2,CARD,9,17,33,3,57,2,1,5,10,9,0.1,0.30000000000000004,False
760,2,CLF_UNION,28,26,79,3,79,2,1,5,10,9,0.1,0.30000000000000004,False
761,2,ORD-UNION,9,17,33,3,33,2,1,5,10,9,0.1,0.30000000000000004,False
762,2,CARD,21,8,33,3,57,2,1,5,10,9,0.1,0.30000000000000004,True
763,2,CLF_UNION,38,17,79,3,79,2,1,5,10,9,0.1,0.30000000000000004,True
764,2,ORD-UNION,21,8,33,3,33,2,1,5,10,9,0.1,0.30000000000000004,True
765,2,CARD,21,8,33,3,57,2,1,5,10,9,0.1,0.30000000000000004,False
766,2,CLF_UNION,38,17,79,3,79,2,1,5,10,9,0.1,0.30000000000000004,False
767,2,ORD-UNION,21,8,33,3,33,2,1,5,10,9,0.1,0.30000000000000004,False
768,2,CARD,15,17,36,3,53,2,1,5,10,9,0.1,0.30000000000000004,True
769,2,CLF_UNION,32,23,74,3,75,2,1,5,10,9,0.1,0.30000000000000004,True
770,2,ORD-UNION,15,17,36,3,37,2,1,5,10,9,0.1,0.30000000000000004,True
771,2,CARD,15,17,36,3,53,2,1,5,10,9,0.1,0.30000000000000004,False
772,2,CLF_UNION,32,23,74,3,75,2,1,5,10,9,0.1,0.30000000000000004,False
773,2,ORD-UNION,15,17,36,3,37,2,1,5,10,9,0.1,0.30000000000000004,False
774,2,CARD,21,9,36,3,54,2,1,5,10,9,0.1,0.30000000000000004,True
775,2,CLF_UNION,37,19,76,3,76,2,1,5,10,9,0.1,0.30000000000000004,True
776,2,ORD-UNION,21,9,36,3,36,2,1,5,10,9,0.1,0.30000000000000004,True
777,2,CARD,21,9,36,3,54,2,1,5,10,9,0.1,0.30000000000000004,False
778,2,CLF_UNION,37,19,76,3,76,2,1,5,10,9,0.1,0.30000000000000004,False
779,2,ORD-UNION,21,9,36,3,36,2,1,5,10,9,0.1,0.30000000000000004,False
780,3,CARD,25,10,39,6,50,9,2,5,10,9,0.1,0.30000000000000004,True
781,3,CLF_UNION,30,8,56,6,57,9,2,5,10,9,0.1,0.30000000000000004,True
782,3,ORD-UNION,2,0,3,6,4,9,2,5,10,9,0.1,0.30000000000000004,True
783,3,CARD,25,10,39,6,50,4,1,5,10,9,0.1,0.30000000000000004,False
784,3,CLF_UNION,31,11,62,6,63,4,1,5,10,9,0.1,0.30000000000000004,False
785,3,ORD-UNION,7,2,10,6,11,4,1,5,10,9,0.1,0.30000000000000004,False
786,3,CARD,22,15,38,6,51,4,1,5,10,9,0.1,0.30000000000000004,True
787,3,CLF_UNION,32,14,60,6,61,4,1,5,10,9,0.1,0.30000000000000004,True
788,3,ORD-UNION,8,2,10,6,11,4,1,5,10,9,0.1,0.30000000000000004,True
789,3,CARD,22,15,38,6,51,4,1,5,10,9,0.1,0.30000000000000004,False
790,3,CLF_UNION,32,14,60,6,61,4,1,5,10,9,0.1,0.30000000000000004,False
791,3,ORD-UNION,8,2,10,6,11,4,1,5,10,9,0.1,0.30000000000000004,False
792,3,CARD,19,14,42,6,48,4,1,5,10,9,0.1,0.30000000000000004,True
793,3,CLF_UNION,22,18,63,6,63,4,1,5,10,9,0.1,0.30000000000000004,True
794,3,ORD-UNION,4,3,11,6,11,4,1,5,10,9,0.1,0.30000000000000004,True
795,3,CARD,19,14,42,6,48,4,1,5,10,9,0.1,0.30000000000000004,False
796,3,CLF_UNION,22,18,63,6,63,4,1,5,10,9,0.1,0.30000000000000004,False
797,3,ORD-UNION,4,3,11,6,11,4,1,5,10,9,0.1,0.30000000000000004,False
798,3,CARD,17,14,41,6,48,4,1,5,10,9,0.1,0.30000000000000004,True
799,3,CLF_UNION,21,16,60,6,61,4,1,5,10,9,0.1,0.30000000000000004,True
800,3,ORD-UNION,9,8,20,6,21,4,1,5,10,9,0.1,0.30000000000000004,True
801,3,CARD,17,14,41,6,48,4,1,5,10,9,0.1,0.30000000000000004,False
802,3,CLF_UNION,21,16,60,6,61,4,1,5,10,9,0.1,0.30000000000000004,False
803,3,ORD-UNION,9,8,20,6,21,4,1,5,10,9,0.1,0.30000000000000004,False
804,3,CARD,17,12,41,6,49,4,1,5,10,9,0.1,0.30000000000000004,True
805,3,CLF_UNION,23,11,61,6,61,4,1,5,10,9,0.1,0.30000000000000004,True
806,3,ORD-UNION,7,2,14,6,14,4,1,5,10,9,0.1,0.30000000000000004,True
807,3,CARD,17,12,41,6,49,4,1,5,10,9,0.1,0.30000000000000004,False
808,3,CLF_UNION,23,11,61,6,61,4,1,5,10,9,0.1,0.30000000000000004,False
809,3,ORD-UNION,7,2,14,6,14,4,1,5,10,9,0.1,0.30000000000000004,False
810,4,CARD,29,5,44,10,46,9,2,5,10,9,0.1,0.30000000000000004,True
811,4,CLF_UNION,30,4,55,10,55,9,2,5,10,9,0.1,0.30000000000000004,True
812,4,ORD-UNION,1,0,2,10,2,9,2,5,10,9,0.1,0.30000000000000004,True
813,4,CARD,28,5,43,10,47,4,1,5,10,9,0.1,0.30000000000000004,False
814,4,CLF_UNION,29,5,56,10,56,4,1,5,10,9,0.1,0.30000000000000004,False
815,4,ORD-UNION,25,5,39,10,39,4,1,5,10,9,0.1,0.30000000000000004,False
816,4,CARD,19,20,42,10,47,4,1,5,10,9,0.1,0.30000000000000004,True
817,4,CLF_UNION,21,24,60,10,61,4,1,5,10,9,0.1,0.30000000000000004,True
818,4,ORD-UNION,17,20,40,10,41,4,1,5,10,9,0.1,0.30000000000000004,True
819,4,CARD,19,20,42,10,47,4,1,5,10,9,0.1,0.30000000000000004,False
820,4,CLF_UNION,21,24,60,10,61,4,1,5,10,9,0.1,0.30000000000000004,False
821,4,ORD-UNION,17,20,40,10,41,4,1,5,10,9,0.1,0.30000000000000004,False
822,4,CARD,19,14,42,10,48,4,1,5,10,9,0.1,0.30000000000000004,True
823,4,CLF_UNION,19,17,57,10,57,4,1,5,10,9,0.1,0.30000000000000004,True
824,4,ORD-UNION,17,12,37,10,37,4,1,5,10,9,0.1,0.30000000000000004,True
825,4,CARD,19,14,42,10,48,4,1,5,10,9,0.1,0.30000000000000004,False
826,4,CLF_UNION,19,17,57,10,57,4,1,5,10,9,0.1,0.30000000000000004,False
827,4,ORD-UNION,17,12,37,10,37,4,1,5,10,9,0.1,0.30000000000000004,False
828,4,CARD,24,16,44,10,45,4,1,5,10,9,0.1,0.30000000000000004,True
829,4,CLF_UNION,25,15,54,10,55,4,1,5,10,9,0.1,0.30000000000000004,True
830,4,ORD-UNION,24,14,42,10,43,4,1,5,10,9,0.1,0.30000000000000004,True
831,4,CARD,24,16,44,10,45,4,1,5,10,9,0.1,0.30000000000000004,False
832,4,CLF_UNION,25,15,54,10,55,4,1,5,10,9,0.1,0.30000000000000004,False
833,4,ORD-UNION,24,14,42,10,43,4,1,5,10,9,0.1,0.30000000000000004,False
834,4,CARD,27,10,43,10,47,4,1,5,10,9,0.1,0.30000000000000004,True
835,4,CLF_UNION,27,11,56,10,56,4,1,5,10,9,0.1,0.30000000000000004,True
836,4,ORD-UNION,27,10,42,10,42,4,1,5,10,9,0.1,0.30000000000000004,True
837,4,CARD,27,10,43,10,47,4,1,5,10,9,0.1,0.30000000000000004,False
838,4,CLF_UNION,27,11,56,10,56,4,1,5,10,9,0.1,0.30000000000000004,False
839,4,ORD-UNION,27,10,42,10,42,4,1,5,10,9,0.1,0.30000000000000004,False
840,5,CARD,27,10,43,15,46,9,2,5,10,9,0.1,0.30000000000000004,True
841,5,CLF_UNION,31,7,54,15,55,9,2,5,10,9,0.1,0.30000000000000004,True
842,5,ORD-UNION,3,0,3,15,4,9,2,5,10,9,0.1,0.30000000000000004,True
843,5,CARD,27,10,43,15,46,4,1,5,10,9,0.1,0.30000000000000004,False
844,5,CLF_UNION,27,11,54,15,55,4,1,5,10,9,0.1,0.30000000000000004,False
845,5,ORD-UNION,27,10,43,15,44,4,1,5,10,9,0.1,0.30000000000000004,False
846,5,CARD,20,15,44,15,46,4,1,5,10,9,0.1,0.30000000000000004,True
847,5,CLF_UNION,21,16,56,15,56,4,1,5,10,9,0.1,0.30000000000000004,True
848,5,ORD-UNION,18,14,41,15,41,4,1,5,10,9,0.1,0.30000000000000004,True
849,5,CARD,20,15,44,15,46,4,1,5,10,9,0.1,0.30000000000000004,False
850,5,CLF_UNION,21,16,56,15,56,4,1,5,10,9,0.1,0.30000000000000004,False
851,5,ORD-UNION,18,14,41,15,41,4,1,5,10,9,0.1,0.30000000000000004,False
852,5,CARD,22,15,41,15,48,4,1,5,10,9,0.1,0.30000000000000004,True
853,5,CLF_UNION,23,16,57,15,58,4,1,5,10,9,0.1,0.30000000000000004,True
854,5,ORD-UNION,22,14,40,15,41,4,1,5,10,9,0.1,0.30000000000000004,True
855,5,CARD,22,15,41,15,48,4,1,5,10,9,0.1,0.30000000000000004,False
856,5,CLF_UNION,23,16,57,15,58,4,1,5,10,9,0.1,0.30000000000000004,False
857,5,ORD-UNION,22,14,40,15,41,4,1,5,10,9,0.1,0.30000000000000004,False
858,5,CARD,31,4,42,15,47,4,1,5,10,9,0.1,0.30000000000000004,True
859,5,CLF_UNION,32,5,56,15,57,4,1,5,10,9,0.1,0.30000000000000004,True
860,5,ORD-UNION,29,3,38,15,39,4,1,5,10,9,0.1,0.30000000000000004,True
861,5,CARD,31,4,42,15,47,4,1,5,10,9,0.1,0.30000000000000004,False
862,5,CLF_UNION,32,5,56,15,57,4,1,5,10,9,0.1,0.30000000000000004,False
863,5,ORD-UNION,29,3,38,15,39,4,1,5,10,9,0.1,0.30000000000000004,False
864,5,CARD,28,9,43,15,47,4,1,5,10,9,0.1,0.30000000000000004,True
865,5,CLF_UNION,29,9,56,15,56,4,1,5,10,9,0.1,0.30000000000000004,True
866,5,ORD-UNION,28,9,43,15,43,4,1,5,10,9,0.1,0.30000000000000004,True
867,5,CARD,28,9,43,15,47,4,1,5,10,9,0.1,0.30000000000000004,False
868,5,CLF_UNION,29,9,56,15,56,4,1,5,10,9,0.1,0.30000000000000004,False
869,5,ORD-UNION,28,9,43,15,43,4,1,5,10,9,0.1,0.30000000000000004,False
870,6,CARD,22,13,41,20,48,9,2,5,10,9,0.1,0.30000000000000004,True
871,6,CLF_UNION,27,11,55,20,56,9,2,5,10,9,0.1,0.30000000000000004,True
872,6,ORD-UNION,3,1,6,20,7,9,2,5,10,9,0.1,0.30000000000000004,True
873,6,CARD,16,17,39,20,50,5,2,5,10,9,0.1,0.30000000000000004,False
874,6,CLF_UNION,26,15,59,20,60,5,2,5,10,9,0.1,0.30000000000000004,False
875,6,ORD-UNION,16,17,39,20,40,5,2,5,10,9,0.1,0.30000000000000004,False
876,6,CARD,11,22,42,20,47,5,2,5,10,9,0.1,0.30000000000000004,True
877,6,CLF_UNION,15,21,55,20,56,5,2,5,10,9,0.1,0.30000000000000004,True
878,6,ORD-UNION,11,21,41,20,42,5,2,5,10,9,0.1,0.30000000000000004,True
879,6,CARD,11,22,42,20,47,5,2,5,10,9,0.1,0.30000000000000004,False
880,6,CLF_UNION,15,21,55,20,56,5,2,5,10,9,0.1,0.30000000000000004,False
881,6,ORD-UNION,11,21,41,20,42,5,2,5,10,9,0.1,0.30000000000000004,False
882,6,CARD,14,17,41,20,49,5,2,5,10,9,0.1,0.30000000000000004,True
883,6,CLF_UNION,20,16,58,20,58,5,2,5,10,9,0.1,0.30000000000000004,True
884,6,ORD-UNION,14,15,39,20,39,5,2,5,10,9,0.1,0.30000000000000004,True
885,6,CARD,14,17,41,20,49,5,2,5,10,9,0.1,0.30000000000000004,False
886,6,CLF_UNION,20,16,58,20,58,5,2,5,10,9,0.1,0.30000000000000004,False
887,6,ORD-UNION,14,15,39,20,39,5,2,5,10,9,0.1,0.30000000000000004,False
888,6,CARD,18,16,39,20,48,5,2,5,10,9,0.1,0.30000000000000004,True
889,6,CLF_UNION,22,15,54,20,57,5,2,5,10,9,0.1,0.30000000000000004,True
890,6,ORD-UNION,18,15,38,20,41,5,2,5,10,9,0.1,0.30000000000000004,True
891,6,CARD,18,16,39,20,48,5,2,5,10,9,0.1,0.30000000000000004,False
892,6,CLF_UNION,22,15,54,20,57,5,2,5,10,9,0.1,0.30000000000000004,False
893,6,ORD-UNION,18,15,38,20,41,5,2,5,10,9,0.1,0.30000000000000004,False
894,6,CARD,23,12,37,20,47,5,2,5,10,9,0.1,0.30000000000000004,True
895,6,CLF_UNION,28,9,51,20,57,5,2,5,10,9,0.1,0.30000000000000004,True
896,6,ORD-UNION,23,12,37,20,43,5,2,5,10,9,0.1,0.30000000000000004,True
897,6,CARD,23,12,37,20,47,5,2,5,10,9,0.1,0.30000000000000004,False
898,6,CLF_UNION,28,9,51,20,57,5,2,5,10,9,0.1,0.30000000000000004,False
899,6,ORD-UNION,23,12,37,20,43,5,2,5,10,9,0.1,0.30000000000000004,False
900,7,CARD,20,17,44,25,46,9,2,5,10,9,0.1,0.30000000000000004,True
901,7,CLF_UNION,23,15,55,25,55,9,2,5,10,9,0.1,0.30000000000000004,True
902,7,ORD-UNION,6,2,9,25,9,9,2,5,10,9,0.1,0.30000000000000004,True
903,7,CARD,16,20,43,25,47,6,2,5,10,9,0.1,0.30000000000000004,False
904,7,CLF_UNION,26,15,59,25,59,6,2,5,10,9,0.1,0.30000000000000004,False
905,7,ORD-UNION,16,17,40,25,40,6,2,5,10,9,0.1,0.30000000000000004,False
906,7,CARD,15,13,41,25,48,6,2,5,10,9,0.1,0.30000000000000004,True
907,7,CLF_UNION,21,16,61,25,61,6,2,5,10,9,0.1,0.30000000000000004,True
908,7,ORD-UNION,15,13,41,25,42,6,2,5,10,9,0.1,0.30000000000000004,True
909,7,CARD,15,13,41,25,48,6,2,5,10,9,0.1,0.30000000000000004,False
910,7,CLF_UNION,21,16,61,25,61,6,2,5,10,9,0.1,0.30000000000000004,False
911,7,ORD-UNION,15,13,41,25,42,6,2,5,10,9,0.1,0.30000000000000004,False
912,7,CARD,11,17,32,25,49,6,2,5,10,9,0.1,0.30000000000000004,True
913,7,CLF_UNION,21,15,51,25,59,6,2,5,10,9,0.1,0.30000000000000004,True
914,7,ORD-UNION,9,16,29,25,38,6,2,5,10,9,0.1,0.30000000000000004,True
915,7,CARD,11,17,32,25,49,6,2,5,10,9,0.1,0.30000000000000004,False
916,7,CLF_UNION,21,15,51,25,59,6,2,5,10,9,0.1,0.30000000000000004,False
917,7,ORD-UNION,9,16,29,25,38,6,2,5,10,9,0.1,0.30000000000000004,False
918,7,CARD,7,20,37,25,48,6,2,5,10,9,0.1,0.30000000000000004,True
919,7,CLF_UNION,12,25,60,25,64,6,2,5,10,9,0.1,0.30000000000000004,True
920,7,ORD-UNION,7,20,37,25,42,6,2,5,10,9,0.1,0.30000000000000004,True
921,7,CARD,7,20,37,25,48,6,2,5,10,9,0.1,0.30000000000000004,False
922,7,CLF_UNION,12,25,60,25,64,6,2,5,10,9,0.1,0.30000000000000004,False
923,7,ORD-UNION,7,20,37,25,42,6,2,5,10,9,0.1,0.30000000000000004,False
924,7,CARD,16,18,40,25,47,6,2,5,10,9,0.1,0.30000000000000004,True
925,7,CLF_UNION,22,18,56,25,59,6,2,5,10,9,0.1,0.30000000000000004,True
926,7,ORD-UNION,16,17,39,25,42,6,2,5,10,9,0.1,0.30000000000000004,True
927,7,CARD,16,18,40,25,47,6,2,5,10,9,0.1,0.30000000000000004,False
928,7,CLF_UNION,22,18,56,25,59,6,2,5,10,9,0.1,0.30000000000000004,False
929,7,ORD-UNION,16,17,39,25,42,6,2,5,10,9,0.1,0.30000000000000004,False
930,8,CARD,18,3,41,32,47,9,2,5,10,9,0.1,0.30000000000000004,True
931,8,CLF_UNION,14,8,53,32,55,9,2,5,10,9,0.1,0.30000000000000004,True
932,8,ORD-UNION,3,0,5,32,7,9,2,5,10,9,0.1,0.30000000000000004,True
933,8,CARD,5,17,42,32,46,6,2,5,10,9,0.1,0.30000000000000004,False
934,8,CLF_UNION,11,13,56,32,58,6,2,5,10,9,0.1,0.30000000000000004,False
935,8,ORD-UNION,2,13,31,32,33,6,2,5,10,9,0.1,0.30000000000000004,False
936,8,CARD,12,19,38,32,49,6,2,5,10,9,0.1,0.30000000000000004,True
937,8,CLF_UNION,28,9,58,32,61,6,2,5,10,9,0.1,0.30000000000000004,True
938,8,ORD-UNION,9,19,35,32,38,6,2,5,10,9,0.1,0.30000000000000004,True
939,8,CARD,12,19,38,32,49,6,2,5,10,9,0.1,0.30000000000000004,False
940,8,CLF_UNION,28,9,58,32,61,6,2,5,10,9,0.1,0.30000000000000004,False
941,8,ORD-UNION,9,19,35,32,38,6,2,5,10,9,0.1,0.30000000000000004,False
942,8,CARD,10,19,33,32,51,6,2,5,10,9,0.1,0.30000000000000004,True
943,8,CLF_UNION,27,12,57,32,63,6,2,5,10,9,0.1,0.30000000000000004,True
944,8,ORD-UNION,8,17,28,32,34,6,2,5,10,9,0.1,0.30000000000000004,True
945,8,CARD,10,19,33,32,51,6,2,5,10,9,0.1,0.30000000000000004,False
946,8,CLF_UNION,27,12,57,32,63,6,2,5,10,9,0.1,0.30000000000000004,False
947,8,ORD-UNION,8,17,28,32,34,6,2,5,10,9,0.1,0.30000000000000004,False
948,8,CARD,13,17,41,32,46,6,2,5,10,9,0.1,0.30000000000000004,True
949,8,CLF_UNION,20,12,53,32,56,6,2,5,10,9,0.1,0.30000000000000004,True
950,8,ORD-UNION,8,14,31,32,34,6,2,5,10,9,0.1,0.30000000000000004,True
951,8,CARD,13,17,41,32,46,6,2,5,10,9,0.1,0.30000000000000004,False
952,8,CLF_UNION,20,12,53,32,56,6,2,5,10,9,0.1,0.30000000000000004,False
953,8,ORD-UNION,8,14,31,32,34,6,2,5,10,9,0.1,0.30000000000000004,False
954,8,CARD,18,11,36,32,46,6,2,5,10,9,0.1,0.30000000000000004,True
955,8,CLF_UNION,23,8,51,32,58,6,2,5,10,9,0.1,0.30000000000000004,True
956,8,ORD-UNION,12,7,25,32,33,6,2,5,10,9,0.1,0.30000000000000004,True
957,8,CARD,18,11,36,32,46,6,2,5,10,9,0.1,0.30000000000000004,False
958,8,CLF_UNION,23,8,51,32,58,6,2,5,10,9,0.1,0.30000000000000004,False
959,8,ORD-UNION,12,7,25,32,33,6,2,5,10,9,0.1,0.30000000000000004,False
960,9,CARD,21,13,37,38,47,9,2,5,10,9,0.1,0.30000000000000004,True
961,9,CLF_UNION,24,12,49,38,55,9,2,5,10,9,0.1,0.30000000000000004,True
962,9,ORD-UNION,17,5,23,38,29,9,2,5,10,9,0.1,0.30000000000000004,True
963,9,CARD,23,12,37,38,47,6,2,5,10,9,0.1,0.30000000000000004,False
964,9,CLF_UNION,26,13,53,38,59,6,2,5,10,9,0.1,0.30000000000000004,False
965,9,ORD-UNION,23,10,35,38,41,6,2,5,10,9,0.1,0.30000000000000004,False
966,9,CARD,28,8,41,38,46,6,2,5,10,9,0.1,0.30000000000000004,True
967,9,CLF_UNION,29,7,52,38,55,6,2,5,10,9,0.1,0.30000000000000004,True
968,9,ORD-UNION,22,8,35,38,38,6,2,5,10,9,0.1,0.30000000000000004,True
969,9,CARD,28,8,41,38,46,6,2,5,10,9,0.1,0.30000000000000004,False
970,9,CLF_UNION,29,7,52,38,55,6,2,5,10,9,0.1,0.30000000000000004,False
971,9,ORD-UNION,22,8,35,38,38,6,2,5,10,9,0.1,0.30000000000000004,False
972,9,CARD,23,3,35,38,48,6,2,5,10,9,0.1,0.30000000000000004,True
973,9,CLF_UNION,23,3,51,38,58,6,2,5,10,9,0.1,0.30000000000000004,True
974,9,ORD-UNION,19,3,31,38,38,6,2,5,10,9,0.1,0.30000000000000004,True
975,9,CARD,23,3,35,38,48,6,2,5,10,9,0.1,0.30000000000000004,False
976,9,CLF_UNION,23,3,51,38,58,6,2,5,10,9,0.1,0.30000000000000004,False
977,9,ORD-UNION,19,3,31,38,38,6,2,5,10,9,0.1,0.30000000000000004,False
978,9,CARD,23,17,41,38,46,6,2,5,10,9,0.1,0.30000000000000004,True
979,9,CLF_UNION,25,16,53,38,56,6,2,5,10,9,0.1,0.30000000000000004,True
980,9,ORD-UNION,18,16,35,38,38,6,2,5,10,9,0.1,0.30000000000000004,True
981,9,CARD,23,17,41,38,46,6,2,5,10,9,0.1,0.30000000000000004,False
982,9,CLF_UNION,25,16,53,38,56,6,2,5,10,9,0.1,0.30000000000000004,False
983,9,ORD-UNION,18,16,35,38,38,6,2,5,10,9,0.1,0.30000000000000004,False
984,9,CARD,29,5,38,38,50,6,2,5,10,9,0.1,0.30000000000000004,True
985,9,CLF_UNION,32,7,58,38,60,6,2,5,10,9,0.1,0.30000000000000004,True
986,9,ORD-UNION,23,0,27,38,29,6,2,5,10,9,0.1,0.30000000000000004,True
987,9,CARD,29,5,38,38,50,6,2,5,10,9,0.1,0.30000000000000004,False
988,9,CLF_UNION,32,7,58,38,60,6,2,5,10,9,0.1,0.30000000000000004,False
989,9,ORD-UNION,23,0,27,38,29,6,2,5,10,9,0.1,0.30000000000000004,False
990,10,CARD,19,3,32,44,54,9,2,5,10,9,0.1,0.30000000000000004,True
991,10,CLF_UNION,21,5,53,44,57,9,2,5,10,9,0.1,0.30000000000000004,True
992,10,ORD-UNION,16,2,19,44,23,9,2,5,10,9,0.1,0.30000000000000004,True
993,10,CARD,18,6,39,44,47,7,2,5,10,9,0.1,0.30000000000000004,False
994,10,CLF_UNION,21,6,53,44,57,7,2,5,10,9,0.1,0.30000000000000004,False
995,10,ORD-UNION,18,2,30,44,34,7,2,5,10,9,0.1,0.30000000000000004,False
996,10,CARD,27,7,42,44,46,7,2,5,10,9,0.1,0.30000000000000004,True
997,10,CLF_UNION,29,7,56,44,58,7,2,5,10,9,0.1,0.30000000000000004,True
998,10,ORD-UNION,22,4,30,44,32,7,2,5,10,9,0.1,0.30000000000000004,True
999,10,CARD,27,7,42,44,46,7,2,5,10,9,0.1,0.30000000000000004,False
1000,10,CLF_UNION,29,7,56,44,58,7,2,5,10,9,0.1,0.30000000000000004,False
1001,10,ORD-UNION,22,4,30,44,32,7,2,5,10,9,0.1,0.30000000000000004,False
1002,10,CARD,15,12,37,44,46,7,2,5,10,9,0.1,0.30000000000000004,True
1003,10,CLF_UNION,17,10,50,44,57,7,2,5,10,9,0.1,0.30000000000000004,True
1004,10,ORD-UNION,15,12,36,44,43,7,2,5,10,9,0.1,0.30000000000000004,True
1005,10,CARD,15,12,37,44,46,7,2,5,10,9,0.1,0.30000000000000004,False
1006,10,CLF_UNION,17,10,50,44,57,7,2,5,10,9,0.1,0.30000000000000004,False
1007,10,ORD-UNION,15,12,36,44,43,7,2,5,10,9,0.1,0.30000000000000004,False
1008,10,CARD,26,8,40,44,47,7,2,5,10,9,0.1,0.30000000000000004,True
1009,10,CLF_UNION,29,7,55,44,58,7,2,5,10,9,0.1,0.30000000000000004,True
1010,10,ORD-UNION,19,1,24,44,27,7,2,5,10,9,0.1,0.30000000000000004,True
1011,10,CARD,26,8,40,44,47,7,2,5,10,9,0.1,0.30000000000000004,False
1012,10,CLF_UNION,29,7,55,44,58,7,2,5,10,9,0.1,0.30000000000000004,False
1013,10,ORD-UNION,19,1,24,44,27,7,2,5,10,9,0.1,0.30000000000000004,False
1014,10,CARD,29,5,41,44,46,7,2,5,10,9,0.1,0.30000000000000004,True
1015,10,CLF_UNION,30,6,53,44,56,7,2,5,10,9,0.1,0.30000000000000004,True
1016,10,ORD-UNION,27,5,39,44,42,7,2,5,10,9,0.1,0.30000000000000004,True
1017,10,CARD,29,5,41,44,46,7,2,5,10,9,0.1,0.30000000000000004,False
1018,10,CLF_UNION,30,6,53,44,56,7,2,5,10,9,0.1,0.30000000000000004,False
1019,10,ORD-UNION,27,5,39,44,42,7,2,5,10,9,0.1,0.30000000000000004,False
1020,11,CARD,28,11,42,54,47,9,2,5,10,9,0.1,0.30000000000000004,True
1021,11,CLF_UNION,31,10,54,54,55,9,2,5,10,9,0.1,0.30000000000000004,True
1022,11,ORD-UNION,16,3,20,54,21,9,2,5,10,9,0.1,0.30000000000000004,True
1023,11,CARD,27,11,41,54,48,7,2,5,10,9,0.1,0.30000000000000004,False
1024,11,CLF_UNION,33,9,55,54,56,7,2,5,10,9,0.1,0.30000000000000004,False
1025,11,ORD-UNION,25,9,37,54,38,7,2,5,10,9,0.1,0.30000000000000004,False
1026,11,CARD,24,9,37,54,47,7,2,5,10,9,0.1,0.30000000000000004,True
1027,11,CLF_UNION,27,8,49,54,55,7,2,5,10,9,0.1,0.30000000000000004,True
1028,11,ORD-UNION,22,7,33,54,39,7,2,5,10,9,0.1,0.30000000000000004,True
1029,11,CARD,24,9,37,54,47,7,2,5,10,9,0.1,0.30000000000000004,False
1030,11,CLF_UNION,27,8,49,54,55,7,2,5,10,9,0.1,0.30000000000000004,False
1031,11,ORD-UNION,22,7,33,54,39,7,2,5,10,9,0.1,0.30000000000000004,False
1032,11,CARD,21,4,35,54,48,7,2,5,10,9,0.1,0.30000000000000004,True
1033,11,CLF_UNION,23,5,49,54,56,7,2,5,10,9,0.1,0.30000000000000004,True
1034,11,ORD-UNION,19,3,31,54,38,7,2,5,10,9,0.1,0.30000000000000004,True
1035,11,CARD,21,4,35,54,48,7,2,5,10,9,0.1,0.30000000000000004,False
1036,11,CLF_UNION,23,5,49,54,56,7,2,5,10,9,0.1,0.30000000000000004,False
1037,11,ORD-UNION,19,3,31,54,38,7,2,5,10,9,0.1,0.30000000000000004,False
1038,11,CARD,19,13,38,54,47,7,2,5,10,9,0.1,0.30000000000000004,True
1039,11,CLF_UNION,18,15,50,54,55,7,2,5,10,9,0.1,0.30000000000000004,True
1040,11,ORD-UNION,18,13,37,54,42,7,2,5,10,9,0.1,0.30000000000000004,True
1041,11,CARD,19,13,38,54,47,7,2,5,10,9,0.1,0.30000000000000004,False
1042,11,CLF_UNION,18,15,50,54,55,7,2,5,10,9,0.1,0.30000000000000004,False
1043,11,ORD-UNION,18,13,37,54,42,7,2,5,10,9,0.1,0.30000000000000004,False
1044,11,CARD,25,4,41,54,47,7,2,5,10,9,0.1,0.30000000000000004,True
1045,11,CLF_UNION,23,7,53,54,55,7,2,5,10,9,0.1,0.30000000000000004,True
1046,11,ORD-UNION,22,2,34,54,36,7,2,5,10,9,0.1,0.30000000000000004,True
1047,11,CARD,25,4,41,54,47,7,2,5,10,9,0.1,0.30000000000000004,False
1048,11,CLF_UNION,23,7,53,54,55,7,2,5,10,9,0.1,0.30000000000000004,False
1049,11,ORD-UNION,22,2,34,54,36,7,2,5,10,9,0.1,0.30000000000000004,False
