,budget,model,correct,wrong,total,n_pref_input,n_pref_output,theta_size,theta_additivity,n_items,n_test_subsets,n_tiers,alpha,p,real theta
0,1,CARD,13,7,25,1,65,9,3,5,10,6,0.1,0.30000000000000004,True
1,1,CLF_UNION,37,16,73,1,73,9,3,5,10,6,0.1,0.30000000000000004,True
2,1,ORD-UNION,0,0,0,1,0,9,3,5,10,6,0.1,0.30000000000000004,True
3,1,CARD,15,5,25,1,65,1,1,5,10,6,0.1,0.30000000000000004,False
4,1,CLF_UNION,33,23,75,1,75,1,1,5,10,6,0.1,0.30000000000000004,False
5,1,ORD-UNION,15,5,25,1,25,1,1,5,10,6,0.1,0.30000000000000004,False
6,1,CARD,16,2,21,1,69,1,1,5,10,6,0.1,0.30000000000000004,True
7,1,CLF_UNION,36,22,79,1,79,1,1,5,10,6,0.1,0.30000000000000004,True
8,1,ORD-UNION,16,2,21,1,21,1,1,5,10,6,0.1,0.30000000000000004,True
9,1,CARD,16,2,21,1,69,1,1,5,10,6,0.1,0.30000000000000004,False
10,1,CLF_UNION,36,22,79,1,79,1,1,5,10,6,0.1,0.30000000000000004,False
11,1,ORD-UNION,16,2,21,1,21,1,1,5,10,6,0.1,0.30000000000000004,False
12,1,CARD,11,5,21,1,69,1,1,5,10,6,0.1,0.30000000000000004,True
13,1,CLF_UNION,33,27,79,1,79,1,1,5,10,6,0.1,0.30000000000000004,True
14,1,ORD-UNION,11,5,21,1,21,1,1,5,10,6,0.1,0.30000000000000004,True
15,1,CARD,11,5,21,1,69,1,1,5,10,6,0.1,0.30000000000000004,False
16,1,CLF_UNION,33,27,79,1,79,1,1,5,10,6,0.1,0.30000000000000004,False
17,1,ORD-UNION,11,5,21,1,21,1,1,5,10,6,0.1,0.30000000000000004,False
18,1,CARD,9,7,21,1,69,1,1,5,10,6,0.1,0.30000000000000004,True
19,1,CLF_UNION,29,27,79,1,79,1,1,5,10,6,0.1,0.30000000000000004,True
20,1,ORD-UNION,9,7,21,1,21,1,1,5,10,6,0.1,0.30000000000000004,True
21,1,CARD,9,7,21,1,69,1,1,5,10,6,0.1,0.30000000000000004,False
22,1,CLF_UNION,29,27,79,1,79,1,1,5,10,6,0.1,0.30000000000000004,False
23,1,ORD-UNION,9,7,21,1,21,1,1,5,10,6,0.1,0.30000000000000004,False
24,1,CARD,11,6,21,1,69,1,1,5,10,6,0.1,0.30000000000000004,True
25,1,CLF_UNION,32,27,79,1,79,1,1,5,10,6,0.1,0.30000000000000004,True
26,1,ORD-UNION,11,6,21,1,21,1,1,5,10,6,0.1,0.30000000000000004,True
27,1,CARD,11,6,21,1,69,1,1,5,10,6,0.1,0.30000000000000004,False
28,1,CLF_UNION,32,27,79,1,79,1,1,5,10,6,0.1,0.30000000000000004,False
29,1,ORD-UNION,11,6,21,1,21,1,1,5,10,6,0.1,0.30000000000000004,False
30,2,CARD,23,8,36,3,54,9,3,5,10,6,0.1,0.30000000000000004,True
31,2,CLF_UNION,37,9,65,3,65,9,3,5,10,6,0.1,0.30000000000000004,True
32,2,ORD-UNION,1,0,1,3,1,9,3,5,10,6,0.1,0.30000000000000004,True
33,2,CARD,25,5,33,3,57,2,1,5,10,6,0.1,0.30000000000000004,False
34,2,CLF_UNION,36,22,79,3,79,2,1,5,10,6,0.1,0.30000000000000004,False
35,2,ORD-UNION,25,5,33,3,33,2,1,5,10,6,0.1,0.30000000000000004,False
36,2,CARD,27,7,37,3,53,2,1,5,10,6,0.1,0.30000000000000004,True
37,2,CLF_UNION,38,22,76,3,76,2,1,5,10,6,0.1,0.30000000000000004,True
38,2,ORD-UNION,27,7,37,3,37,2,1,5,10,6,0.1,0.30000000000000004,True
39,2,CARD,27,7,37,3,53,2,1,5,10,6,0.1,0.30000000000000004,False
40,2,CLF_UNION,38,22,76,3,76,2,1,5,10,6,0.1,0.30000000000000004,False
41,2,ORD-UNION,27,7,37,3,37,2,1,5,10,6,0.1,0.30000000000000004,False
42,2,CARD,23,7,35,3,55,2,1,5,10,6,0.1,0.30000000000000004,True
43,2,CLF_UNION,37,19,76,3,76,2,1,5,10,6,0.1,0.30000000000000004,True
44,2,ORD-UNION,23,7,35,3,35,2,1,5,10,6,0.1,0.30000000000000004,True
45,2,CARD,23,7,35,3,55,2,1,5,10,6,0.1,0.30000000000000004,False
46,2,CLF_UNION,37,19,76,3,76,2,1,5,10,6,0.1,0.30000000000000004,False
47,2,ORD-UNION,23,7,35,3,35,2,1,5,10,6,0.1,0.30000000000000004,False
48,2,CARD,25,7,37,3,53,2,1,5,10,6,0.1,0.30000000000000004,True
49,2,CLF_UNION,35,21,75,3,75,2,1,5,10,6,0.1,0.30000000000000004,True
50,2,ORD-UNION,25,7,37,3,37,2,1,5,10,6,0.1,0.30000000000000004,True
51,2,CARD,25,7,37,3,53,2,1,5,10,6,0.1,0.30000000000000004,False
52,2,CLF_UNION,35,21,75,3,75,2,1,5,10,6,0.1,0.30000000000000004,False
53,2,ORD-UNION,25,7,37,3,37,2,1,5,10,6,0.1,0.30000000000000004,False
54,2,CARD,16,13,35,3,54,2,1,5,10,6,0.1,0.30000000000000004,True
55,2,CLF_UNION,28,28,75,3,76,2,1,5,10,6,0.1,0.30000000000000004,True
56,2,ORD-UNION,16,13,35,3,36,2,1,5,10,6,0.1,0.30000000000000004,True
57,2,CARD,16,13,35,3,54,2,1,5,10,6,0.1,0.30000000000000004,False
58,2,CLF_UNION,28,28,75,3,76,2,1,5,10,6,0.1,0.30000000000000004,False
59,2,ORD-UNION,16,13,35,3,36,2,1,5,10,6,0.1,0.30000000000000004,False
60,3,CARD,25,8,36,6,51,9,3,5,10,6,0.1,0.30000000000000004,True
61,3,CLF_UNION,32,15,61,6,64,9,3,5,10,6,0.1,0.30000000000000004,True
62,3,ORD-UNION,1,0,1,6,4,9,3,5,10,6,0.1,0.30000000000000004,True
63,3,CARD,24,8,35,6,52,3,1,5,10,6,0.1,0.30000000000000004,False
64,3,CLF_UNION,35,21,74,6,77,3,1,5,10,6,0.1,0.30000000000000004,False
65,3,ORD-UNION,21,3,25,6,28,3,1,5,10,6,0.1,0.30000000000000004,False
66,3,CARD,29,5,39,6,51,3,1,5,10,6,0.1,0.30000000000000004,True
67,3,CLF_UNION,35,20,73,6,73,3,1,5,10,6,0.1,0.30000000000000004,True
68,3,ORD-UNION,23,4,31,6,31,3,1,5,10,6,0.1,0.30000000000000004,True
69,3,CARD,29,5,39,6,51,3,1,5,10,6,0.1,0.30000000000000004,False
70,3,CLF_UNION,35,20,73,6,73,3,1,5,10,6,0.1,0.30000000000000004,False
71,3,ORD-UNION,23,4,31,6,31,3,1,5,10,6,0.1,0.30000000000000004,False
72,3,CARD,26,7,39,6,51,3,1,5,10,6,0.1,0.30000000000000004,True
73,3,CLF_UNION,34,18,73,6,73,3,1,5,10,6,0.1,0.30000000000000004,True
74,3,ORD-UNION,22,3,30,6,30,3,1,5,10,6,0.1,0.30000000000000004,True
75,3,CARD,26,7,39,6,51,3,1,5,10,6,0.1,0.30000000000000004,False
76,3,CLF_UNION,34,18,73,6,73,3,1,5,10,6,0.1,0.30000000000000004,False
77,3,ORD-UNION,22,3,30,6,30,3,1,5,10,6,0.1,0.30000000000000004,False
78,3,CARD,35,2,40,6,50,3,1,5,10,6,0.1,0.30000000000000004,True
79,3,CLF_UNION,40,14,69,6,69,3,1,5,10,6,0.1,0.30000000000000004,True
80,3,ORD-UNION,32,1,36,6,36,3,1,5,10,6,0.1,0.30000000000000004,True
81,3,CARD,35,2,40,6,50,3,1,5,10,6,0.1,0.30000000000000004,False
82,3,CLF_UNION,40,14,69,6,69,3,1,5,10,6,0.1,0.30000000000000004,False
83,3,ORD-UNION,32,1,36,6,36,3,1,5,10,6,0.1,0.30000000000000004,False
84,3,CARD,24,6,35,6,55,3,1,5,10,6,0.1,0.30000000000000004,True
85,3,CLF_UNION,36,17,73,6,73,3,1,5,10,6,0.1,0.30000000000000004,True
86,3,ORD-UNION,19,4,27,6,27,3,1,5,10,6,0.1,0.30000000000000004,True
87,3,CARD,24,6,35,6,55,3,1,5,10,6,0.1,0.30000000000000004,False
88,3,CLF_UNION,36,17,73,6,73,3,1,5,10,6,0.1,0.30000000000000004,False
89,3,ORD-UNION,19,4,27,6,27,3,1,5,10,6,0.1,0.30000000000000004,False
90,4,CARD,26,2,37,10,53,9,3,5,10,6,0.1,0.30000000000000004,True
91,4,CLF_UNION,30,4,56,10,56,9,3,5,10,6,0.1,0.30000000000000004,True
92,4,ORD-UNION,4,0,5,10,5,9,3,5,10,6,0.1,0.30000000000000004,True
93,4,CARD,27,3,42,10,48,3,1,5,10,6,0.1,0.30000000000000004,False
94,4,CLF_UNION,30,6,59,10,59,3,1,5,10,6,0.1,0.30000000000000004,False
95,4,ORD-UNION,27,3,41,10,41,3,1,5,10,6,0.1,0.30000000000000004,False
96,4,CARD,23,15,41,10,49,3,1,5,10,6,0.1,0.30000000000000004,True
97,4,CLF_UNION,26,16,61,10,61,3,1,5,10,6,0.1,0.30000000000000004,True
98,4,ORD-UNION,23,13,39,10,39,3,1,5,10,6,0.1,0.30000000000000004,True
99,4,CARD,23,15,41,10,49,3,1,5,10,6,0.1,0.30000000000000004,False
100,4,CLF_UNION,26,16,61,10,61,3,1,5,10,6,0.1,0.30000000000000004,False
101,4,ORD-UNION,23,13,39,10,39,3,1,5,10,6,0.1,0.30000000000000004,False
102,4,CARD,27,7,39,10,50,3,1,5,10,6,0.1,0.30000000000000004,True
103,4,CLF_UNION,36,12,65,10,66,3,1,5,10,6,0.1,0.30000000000000004,True
104,4,ORD-UNION,26,2,33,10,34,3,1,5,10,6,0.1,0.30000000000000004,True
105,4,CARD,27,7,39,10,50,3,1,5,10,6,0.1,0.30000000000000004,False
106,4,CLF_UNION,36,12,65,10,66,3,1,5,10,6,0.1,0.30000000000000004,False
107,4,ORD-UNION,26,2,33,10,34,3,1,5,10,6,0.1,0.30000000000000004,False
108,4,CARD,21,11,40,10,49,3,1,5,10,6,0.1,0.30000000000000004,True
109,4,CLF_UNION,27,15,60,10,61,3,1,5,10,6,0.1,0.30000000000000004,True
110,4,ORD-UNION,21,9,38,10,39,3,1,5,10,6,0.1,0.30000000000000004,True
111,4,CARD,21,11,40,10,49,3,1,5,10,6,0.1,0.30000000000000004,False
112,4,CLF_UNION,27,15,60,10,61,3,1,5,10,6,0.1,0.30000000000000004,False
113,4,ORD-UNION,21,9,38,10,39,3,1,5,10,6,0.1,0.30000000000000004,False
114,4,CARD,28,10,42,10,48,3,1,5,10,6,0.1,0.30000000000000004,True
115,4,CLF_UNION,30,12,58,10,58,3,1,5,10,6,0.1,0.30000000000000004,True
116,4,ORD-UNION,28,10,42,10,42,3,1,5,10,6,0.1,0.30000000000000004,True
117,4,CARD,28,10,42,10,48,3,1,5,10,6,0.1,0.30000000000000004,False
118,4,CLF_UNION,30,12,58,10,58,3,1,5,10,6,0.1,0.30000000000000004,False
119,4,ORD-UNION,28,10,42,10,42,3,1,5,10,6,0.1,0.30000000000000004,False
120,5,CARD,35,0,37,14,50,9,3,5,10,6,0.1,0.30000000000000004,True
121,5,CLF_UNION,33,5,55,14,58,9,3,5,10,6,0.1,0.30000000000000004,True
122,5,ORD-UNION,3,0,3,14,6,9,3,5,10,6,0.1,0.30000000000000004,True
123,5,CARD,25,8,38,14,49,3,1,5,10,6,0.1,0.30000000000000004,False
124,5,CLF_UNION,31,16,64,14,67,3,1,5,10,6,0.1,0.30000000000000004,False
125,5,ORD-UNION,25,5,35,14,38,3,1,5,10,6,0.1,0.30000000000000004,False
126,5,CARD,27,9,41,14,48,3,1,5,10,6,0.1,0.30000000000000004,True
127,5,CLF_UNION,38,13,67,14,68,3,1,5,10,6,0.1,0.30000000000000004,True
128,5,ORD-UNION,24,2,29,14,30,3,1,5,10,6,0.1,0.30000000000000004,True
129,5,CARD,27,9,41,14,48,3,1,5,10,6,0.1,0.30000000000000004,False
130,5,CLF_UNION,38,13,67,14,68,3,1,5,10,6,0.1,0.30000000000000004,False
131,5,ORD-UNION,24,2,29,14,30,3,1,5,10,6,0.1,0.30000000000000004,False
132,5,CARD,22,8,35,14,49,3,1,5,10,6,0.1,0.30000000000000004,True
133,5,CLF_UNION,26,16,57,14,63,3,1,5,10,6,0.1,0.30000000000000004,True
134,5,ORD-UNION,22,8,35,14,41,3,1,5,10,6,0.1,0.30000000000000004,True
135,5,CARD,22,8,35,14,49,3,1,5,10,6,0.1,0.30000000000000004,False
136,5,CLF_UNION,26,16,57,14,63,3,1,5,10,6,0.1,0.30000000000000004,False
137,5,ORD-UNION,22,8,35,14,41,3,1,5,10,6,0.1,0.30000000000000004,False
138,5,CARD,15,12,39,14,50,3,1,5,10,6,0.1,0.30000000000000004,True
139,5,CLF_UNION,26,19,71,14,72,3,1,5,10,6,0.1,0.30000000000000004,True
140,5,ORD-UNION,14,7,32,14,33,3,1,5,10,6,0.1,0.30000000000000004,True
141,5,CARD,15,12,39,14,50,3,1,5,10,6,0.1,0.30000000000000004,False
142,5,CLF_UNION,26,19,71,14,72,3,1,5,10,6,0.1,0.30000000000000004,False
143,5,ORD-UNION,14,7,32,14,33,3,1,5,10,6,0.1,0.30000000000000004,False
144,5,CARD,16,18,41,14,49,3,1,5,10,6,0.1,0.30000000000000004,True
145,5,CLF_UNION,31,21,71,14,71,3,1,5,10,6,0.1,0.30000000000000004,True
146,5,ORD-UNION,13,8,25,14,25,3,1,5,10,6,0.1,0.30000000000000004,True
147,5,CARD,16,18,41,14,49,3,1,5,10,6,0.1,0.30000000000000004,False
148,5,CLF_UNION,31,21,71,14,71,3,1,5,10,6,0.1,0.30000000000000004,False
149,5,ORD-UNION,13,8,25,14,25,3,1,5,10,6,0.1,0.30000000000000004,False
150,6,CARD,28,2,38,20,49,9,3,5,10,6,0.1,0.30000000000000004,True
151,6,CLF_UNION,29,4,52,20,55,9,3,5,10,6,0.1,0.30000000000000004,True
152,6,ORD-UNION,4,0,4,20,7,9,3,5,10,6,0.1,0.30000000000000004,True
153,6,CARD,28,2,38,20,49,4,1,5,10,6,0.1,0.30000000000000004,False
154,6,CLF_UNION,32,10,65,20,68,4,1,5,10,6,0.1,0.30000000000000004,False
155,6,ORD-UNION,23,0,26,20,29,4,1,5,10,6,0.1,0.30000000000000004,False
156,6,CARD,28,3,35,20,49,4,1,5,10,6,0.1,0.30000000000000004,True
157,6,CLF_UNION,32,10,62,20,68,4,1,5,10,6,0.1,0.30000000000000004,True
158,6,ORD-UNION,22,0,22,20,28,4,1,5,10,6,0.1,0.30000000000000004,True
159,6,CARD,28,3,35,20,49,4,1,5,10,6,0.1,0.30000000000000004,False
160,6,CLF_UNION,32,10,62,20,68,4,1,5,10,6,0.1,0.30000000000000004,False
161,6,ORD-UNION,22,0,22,20,28,4,1,5,10,6,0.1,0.30000000000000004,False
162,6,CARD,38,1,43,20,47,4,1,5,10,6,0.1,0.30000000000000004,True
163,6,CLF_UNION,41,5,62,20,62,4,1,5,10,6,0.1,0.30000000000000004,True
164,6,ORD-UNION,32,0,34,20,34,4,1,5,10,6,0.1,0.30000000000000004,True
165,6,CARD,38,1,43,20,47,4,1,5,10,6,0.1,0.30000000000000004,False
166,6,CLF_UNION,41,5,62,20,62,4,1,5,10,6,0.1,0.30000000000000004,False
167,6,ORD-UNION,32,0,34,20,34,4,1,5,10,6,0.1,0.30000000000000004,False
168,6,CARD,34,1,41,20,48,4,1,5,10,6,0.1,0.30000000000000004,True
169,6,CLF_UNION,37,3,64,20,65,4,1,5,10,6,0.1,0.30000000000000004,True
170,6,ORD-UNION,29,0,32,20,33,4,1,5,10,6,0.1,0.30000000000000004,True
171,6,CARD,34,1,41,20,48,4,1,5,10,6,0.1,0.30000000000000004,False
172,6,CLF_UNION,37,3,64,20,65,4,1,5,10,6,0.1,0.30000000000000004,False
173,6,ORD-UNION,29,0,32,20,33,4,1,5,10,6,0.1,0.30000000000000004,False
174,6,CARD,32,3,40,20,47,4,1,5,10,6,0.1,0.30000000000000004,True
175,6,CLF_UNION,36,8,66,20,69,4,1,5,10,6,0.1,0.30000000000000004,True
176,6,ORD-UNION,24,0,24,20,27,4,1,5,10,6,0.1,0.30000000000000004,True
177,6,CARD,32,3,40,20,47,4,1,5,10,6,0.1,0.30000000000000004,False
178,6,CLF_UNION,36,8,66,20,69,4,1,5,10,6,0.1,0.30000000000000004,False
179,6,ORD-UNION,24,0,24,20,27,4,1,5,10,6,0.1,0.30000000000000004,False
180,7,CARD,32,3,41,26,46,9,3,5,10,6,0.1,0.30000000000000004,True
181,7,CLF_UNION,35,1,52,26,55,9,3,5,10,6,0.1,0.30000000000000004,True
182,7,ORD-UNION,3,0,3,26,6,9,3,5,10,6,0.1,0.30000000000000004,True
183,7,CARD,33,2,39,26,48,4,1,5,10,6,0.1,0.30000000000000004,False
184,7,CLF_UNION,33,3,52,26,55,4,1,5,10,6,0.1,0.30000000000000004,False
185,7,ORD-UNION,29,0,32,26,35,4,1,5,10,6,0.1,0.30000000000000004,False
186,7,CARD,28,2,35,26,49,4,1,5,10,6,0.1,0.30000000000000004,True
187,7,CLF_UNION,31,1,51,26,57,4,1,5,10,6,0.1,0.30000000000000004,True
188,7,ORD-UNION,28,0,30,26,36,4,1,5,10,6,0.1,0.30000000000000004,True
189,7,CARD,28,2,35,26,49,4,1,5,10,6,0.1,0.30000000000000004,False
190,7,CLF_UNION,31,1,51,26,57,4,1,5,10,6,0.1,0.30000000000000004,False
191,7,ORD-UNION,28,0,30,26,36,4,1,5,10,6,0.1,0.30000000000000004,False
192,7,CARD,32,0,34,26,51,4,1,5,10,6,0.1,0.30000000000000004,True
193,7,CLF_UNION,33,2,51,26,56,4,1,5,10,6,0.1,0.30000000000000004,True
194,7,ORD-UNION,29,0,30,26,35,4,1,5,10,6,0.1,0.30000000000000004,True
195,7,CARD,32,0,34,26,51,4,1,5,10,6,0.1,0.30000000000000004,False
196,7,CLF_UNION,33,2,51,26,56,4,1,5,10,6,0.1,0.30000000000000004,False
197,7,ORD-UNION,29,0,30,26,35,4,1,5,10,6,0.1,0.30000000000000004,False
198,7,CARD,32,1,38,26,49,4,1,5,10,6,0.1,0.30000000000000004,True
199,7,CLF_UNION,31,3,52,26,55,4,1,5,10,6,0.1,0.30000000000000004,True
200,7,ORD-UNION,27,0,31,26,34,4,1,5,10,6,0.1,0.30000000000000004,True
201,7,CARD,32,1,38,26,49,4,1,5,10,6,0.1,0.30000000000000004,False
202,7,CLF_UNION,31,3,52,26,55,4,1,5,10,6,0.1,0.30000000000000004,False
203,7,ORD-UNION,27,0,31,26,34,4,1,5,10,6,0.1,0.30000000000000004,False
204,7,CARD,31,0,35,26,50,4,1,5,10,6,0.1,0.30000000000000004,True
205,7,CLF_UNION,32,3,51,26,56,4,1,5,10,6,0.1,0.30000000000000004,True
206,7,ORD-UNION,26,0,29,26,34,4,1,5,10,6,0.1,0.30000000000000004,True
207,7,CARD,31,0,35,26,50,4,1,5,10,6,0.1,0.30000000000000004,False
208,7,CLF_UNION,32,3,51,26,56,4,1,5,10,6,0.1,0.30000000000000004,False
209,7,ORD-UNION,26,0,29,26,34,4,1,5,10,6,0.1,0.30000000000000004,False
210,8,CARD,29,4,41,33,46,9,3,5,10,6,0.1,0.30000000000000004,True
211,8,CLF_UNION,34,0,54,33,57,9,3,5,10,6,0.1,0.30000000000000004,True
212,8,ORD-UNION,6,0,7,33,10,9,3,5,10,6,0.1,0.30000000000000004,True
213,8,CARD,32,2,40,33,47,4,1,5,10,6,0.1,0.30000000000000004,False
214,8,CLF_UNION,34,2,56,33,59,4,1,5,10,6,0.1,0.30000000000000004,False
215,8,ORD-UNION,32,0,38,33,41,4,1,5,10,6,0.1,0.30000000000000004,False
216,8,CARD,34,2,41,33,47,4,1,5,10,6,0.1,0.30000000000000004,True
217,8,CLF_UNION,35,3,56,33,58,4,1,5,10,6,0.1,0.30000000000000004,True
218,8,ORD-UNION,34,1,38,33,40,4,1,5,10,6,0.1,0.30000000000000004,True
219,8,CARD,34,2,41,33,47,4,1,5,10,6,0.1,0.30000000000000004,False
220,8,CLF_UNION,35,3,56,33,58,4,1,5,10,6,0.1,0.30000000000000004,False
221,8,ORD-UNION,34,1,38,33,40,4,1,5,10,6,0.1,0.30000000000000004,False
222,8,CARD,35,4,43,33,46,4,1,5,10,6,0.1,0.30000000000000004,True
223,8,CLF_UNION,36,3,54,33,55,4,1,5,10,6,0.1,0.30000000000000004,True
224,8,ORD-UNION,30,2,36,33,37,4,1,5,10,6,0.1,0.30000000000000004,True
225,8,CARD,35,4,43,33,46,4,1,5,10,6,0.1,0.30000000000000004,False
226,8,CLF_UNION,36,3,54,33,55,4,1,5,10,6,0.1,0.30000000000000004,False
227,8,ORD-UNION,30,2,36,33,37,4,1,5,10,6,0.1,0.30000000000000004,False
228,8,CARD,34,1,41,33,46,4,1,5,10,6,0.1,0.30000000000000004,True
229,8,CLF_UNION,34,1,52,33,55,4,1,5,10,6,0.1,0.30000000000000004,True
230,8,ORD-UNION,31,1,38,33,41,4,1,5,10,6,0.1,0.30000000000000004,True
231,8,CARD,34,1,41,33,46,4,1,5,10,6,0.1,0.30000000000000004,False
232,8,CLF_UNION,34,1,52,33,55,4,1,5,10,6,0.1,0.30000000000000004,False
233,8,ORD-UNION,31,1,38,33,41,4,1,5,10,6,0.1,0.30000000000000004,False
234,8,CARD,31,3,39,33,48,4,1,5,10,6,0.1,0.30000000000000004,True
235,8,CLF_UNION,34,4,54,33,57,4,1,5,10,6,0.1,0.30000000000000004,True
236,8,ORD-UNION,30,1,35,33,38,4,1,5,10,6,0.1,0.30000000000000004,True
237,8,CARD,31,3,39,33,48,4,1,5,10,6,0.1,0.30000000000000004,False
238,8,CLF_UNION,34,4,54,33,57,4,1,5,10,6,0.1,0.30000000000000004,False
239,8,ORD-UNION,30,1,35,33,38,4,1,5,10,6,0.1,0.30000000000000004,False
240,9,CARD,32,4,41,42,46,9,3,5,10,6,0.1,0.30000000000000004,True
241,9,CLF_UNION,32,6,53,42,56,9,3,5,10,6,0.1,0.30000000000000004,True
242,9,ORD-UNION,18,0,19,42,22,9,3,5,10,6,0.1,0.30000000000000004,True
243,9,CARD,32,5,42,42,45,4,1,5,10,6,0.1,0.30000000000000004,False
244,9,CLF_UNION,32,5,52,42,55,4,1,5,10,6,0.1,0.30000000000000004,False
245,9,ORD-UNION,29,3,35,42,38,4,1,5,10,6,0.1,0.30000000000000004,False
246,9,CARD,32,1,40,42,47,4,1,5,10,6,0.1,0.30000000000000004,True
247,9,CLF_UNION,32,1,54,42,57,4,1,5,10,6,0.1,0.30000000000000004,True
248,9,ORD-UNION,30,1,36,42,39,4,1,5,10,6,0.1,0.30000000000000004,True
249,9,CARD,32,1,40,42,47,4,1,5,10,6,0.1,0.30000000000000004,False
250,9,CLF_UNION,32,1,54,42,57,4,1,5,10,6,0.1,0.30000000000000004,False
251,9,ORD-UNION,30,1,36,42,39,4,1,5,10,6,0.1,0.30000000000000004,False
252,9,CARD,29,3,38,42,46,4,1,5,10,6,0.1,0.30000000000000004,True
253,9,CLF_UNION,29,5,50,42,56,4,1,5,10,6,0.1,0.30000000000000004,True
254,9,ORD-UNION,23,2,29,42,35,4,1,5,10,6,0.1,0.30000000000000004,True
255,9,CARD,29,3,38,42,46,4,1,5,10,6,0.1,0.30000000000000004,False
256,9,CLF_UNION,29,5,50,42,56,4,1,5,10,6,0.1,0.30000000000000004,False
257,9,ORD-UNION,23,2,29,42,35,4,1,5,10,6,0.1,0.30000000000000004,False
258,9,CARD,33,1,40,42,47,4,1,5,10,6,0.1,0.30000000000000004,True
259,9,CLF_UNION,34,2,54,42,57,4,1,5,10,6,0.1,0.30000000000000004,True
260,9,ORD-UNION,31,1,35,42,38,4,1,5,10,6,0.1,0.30000000000000004,True
261,9,CARD,33,1,40,42,47,4,1,5,10,6,0.1,0.30000000000000004,False
262,9,CLF_UNION,34,2,54,42,57,4,1,5,10,6,0.1,0.30000000000000004,False
263,9,ORD-UNION,31,1,35,42,38,4,1,5,10,6,0.1,0.30000000000000004,False
264,9,CARD,29,3,38,42,46,4,1,5,10,6,0.1,0.30000000000000004,True
265,9,CLF_UNION,31,3,50,42,56,4,1,5,10,6,0.1,0.30000000000000004,True
266,9,ORD-UNION,26,1,30,42,36,4,1,5,10,6,0.1,0.30000000000000004,True
267,9,CARD,29,3,38,42,46,4,1,5,10,6,0.1,0.30000000000000004,False
268,9,CLF_UNION,31,3,50,42,56,4,1,5,10,6,0.1,0.30000000000000004,False
269,9,ORD-UNION,26,1,30,42,36,4,1,5,10,6,0.1,0.30000000000000004,False
270,10,CARD,34,2,40,50,47,9,3,5,10,6,0.1,0.30000000000000004,True
271,10,CLF_UNION,34,2,54,50,57,9,3,5,10,6,0.1,0.30000000000000004,True
272,10,ORD-UNION,12,0,13,50,16,9,3,5,10,6,0.1,0.30000000000000004,True
273,10,CARD,36,0,41,50,46,4,1,5,10,6,0.1,0.30000000000000004,False
274,10,CLF_UNION,36,3,59,50,62,4,1,5,10,6,0.1,0.30000000000000004,False
275,10,ORD-UNION,28,0,33,50,36,4,1,5,10,6,0.1,0.30000000000000004,False
276,10,CARD,35,0,40,50,48,4,1,5,10,6,0.1,0.30000000000000004,True
277,10,CLF_UNION,36,1,56,50,58,4,1,5,10,6,0.1,0.30000000000000004,True
278,10,ORD-UNION,35,0,40,50,42,4,1,5,10,6,0.1,0.30000000000000004,True
279,10,CARD,35,0,40,50,48,4,1,5,10,6,0.1,0.30000000000000004,False
280,10,CLF_UNION,36,1,56,50,58,4,1,5,10,6,0.1,0.30000000000000004,False
281,10,ORD-UNION,35,0,40,50,42,4,1,5,10,6,0.1,0.30000000000000004,False
282,10,CARD,23,1,28,50,48,4,1,5,10,6,0.1,0.30000000000000004,True
283,10,CLF_UNION,26,3,45,50,59,4,1,5,10,6,0.1,0.30000000000000004,True
284,10,ORD-UNION,23,0,25,50,39,4,1,5,10,6,0.1,0.30000000000000004,True
285,10,CARD,23,1,28,50,48,4,1,5,10,6,0.1,0.30000000000000004,False
286,10,CLF_UNION,26,3,45,50,59,4,1,5,10,6,0.1,0.30000000000000004,False
287,10,ORD-UNION,23,0,25,50,39,4,1,5,10,6,0.1,0.30000000000000004,False
288,10,CARD,34,1,42,50,48,4,1,5,10,6,0.1,0.30000000000000004,True
289,10,CLF_UNION,37,5,63,50,63,4,1,5,10,6,0.1,0.30000000000000004,True
290,10,ORD-UNION,28,1,33,50,33,4,1,5,10,6,0.1,0.30000000000000004,True
291,10,CARD,34,1,42,50,48,4,1,5,10,6,0.1,0.30000000000000004,False
292,10,CLF_UNION,37,5,63,50,63,4,1,5,10,6,0.1,0.30000000000000004,False
293,10,ORD-UNION,28,1,33,50,33,4,1,5,10,6,0.1,0.30000000000000004,False
294,10,CARD,33,1,40,50,47,4,1,5,10,6,0.1,0.30000000000000004,True
295,10,CLF_UNION,36,3,56,50,59,4,1,5,10,6,0.1,0.30000000000000004,True
296,10,ORD-UNION,33,1,40,50,43,4,1,5,10,6,0.1,0.30000000000000004,True
297,10,CARD,33,1,40,50,47,4,1,5,10,6,0.1,0.30000000000000004,False
298,10,CLF_UNION,36,3,56,50,59,4,1,5,10,6,0.1,0.30000000000000004,False
299,10,ORD-UNION,33,1,40,50,43,4,1,5,10,6,0.1,0.30000000000000004,False
300,11,CARD,27,2,35,59,46,9,3,5,10,6,0.1,0.30000000000000004,True
301,11,CLF_UNION,29,0,46,59,55,9,3,5,10,6,0.1,0.30000000000000004,True
302,11,ORD-UNION,11,0,11,59,20,9,3,5,10,6,0.1,0.30000000000000004,True
303,11,CARD,28,0,34,59,47,5,1,5,10,6,0.1,0.30000000000000004,False
304,11,CLF_UNION,29,0,50,59,59,5,1,5,10,6,0.1,0.30000000000000004,False
305,11,ORD-UNION,24,0,25,59,34,5,1,5,10,6,0.1,0.30000000000000004,False
306,11,CARD,34,0,37,59,48,5,1,5,10,6,0.1,0.30000000000000004,True
307,11,CLF_UNION,35,0,52,59,57,5,1,5,10,6,0.1,0.30000000000000004,True
308,11,ORD-UNION,32,0,33,59,38,5,1,5,10,6,0.1,0.30000000000000004,True
309,11,CARD,34,0,37,59,48,5,1,5,10,6,0.1,0.30000000000000004,False
310,11,CLF_UNION,35,0,52,59,57,5,1,5,10,6,0.1,0.30000000000000004,False
311,11,ORD-UNION,32,0,33,59,38,5,1,5,10,6,0.1,0.30000000000000004,False
312,11,CARD,32,0,38,59,46,5,1,5,10,6,0.1,0.30000000000000004,True
313,11,CLF_UNION,32,1,53,59,59,5,1,5,10,6,0.1,0.30000000000000004,True
314,11,ORD-UNION,29,0,29,59,35,5,1,5,10,6,0.1,0.30000000000000004,True
315,11,CARD,32,0,38,59,46,5,1,5,10,6,0.1,0.30000000000000004,False
316,11,CLF_UNION,32,1,53,59,59,5,1,5,10,6,0.1,0.30000000000000004,False
317,11,ORD-UNION,29,0,29,59,35,5,1,5,10,6,0.1,0.30000000000000004,False
318,11,CARD,34,0,42,59,47,5,1,5,10,6,0.1,0.30000000000000004,True
319,11,CLF_UNION,35,1,55,59,56,5,1,5,10,6,0.1,0.30000000000000004,True
320,11,ORD-UNION,31,0,34,59,35,5,1,5,10,6,0.1,0.30000000000000004,True
321,11,CARD,34,0,42,59,47,5,1,5,10,6,0.1,0.30000000000000004,False
322,11,CLF_UNION,35,1,55,59,56,5,1,5,10,6,0.1,0.30000000000000004,False
323,11,ORD-UNION,31,0,34,59,35,5,1,5,10,6,0.1,0.30000000000000004,False
324,11,CARD,34,0,39,59,46,5,1,5,10,6,0.1,0.30000000000000004,True
325,11,CLF_UNION,33,1,53,59,58,5,1,5,10,6,0.1,0.30000000000000004,True
326,11,ORD-UNION,30,0,32,59,37,5,1,5,10,6,0.1,0.30000000000000004,True
327,11,CARD,34,0,39,59,46,5,1,5,10,6,0.1,0.30000000000000004,False
328,11,CLF_UNION,33,1,53,59,58,5,1,5,10,6,0.1,0.30000000000000004,False
329,11,ORD-UNION,30,0,32,59,37,5,1,5,10,6,0.1,0.30000000000000004,False
330,12,CARD,18,9,30,69,47,9,3,5,10,6,0.1,0.30000000000000004,True
331,12,CLF_UNION,26,1,43,69,56,9,3,5,10,6,0.1,0.30000000000000004,True
332,12,ORD-UNION,12,0,12,69,25,9,3,5,10,6,0.1,0.30000000000000004,True
333,12,CARD,26,1,30,69,47,5,1,5,10,6,0.1,0.30000000000000004,False
334,12,CLF_UNION,26,2,43,69,56,5,1,5,10,6,0.1,0.30000000000000004,False
335,12,ORD-UNION,23,0,24,69,37,5,1,5,10,6,0.1,0.30000000000000004,False
336,12,CARD,29,0,33,69,48,5,1,5,10,6,0.1,0.30000000000000004,True
337,12,CLF_UNION,30,3,50,69,59,5,1,5,10,6,0.1,0.30000000000000004,True
338,12,ORD-UNION,25,0,26,69,35,5,1,5,10,6,0.1,0.30000000000000004,True
339,12,CARD,29,0,33,69,48,5,1,5,10,6,0.1,0.30000000000000004,False
340,12,CLF_UNION,30,3,50,69,59,5,1,5,10,6,0.1,0.30000000000000004,False
341,12,ORD-UNION,25,0,26,69,35,5,1,5,10,6,0.1,0.30000000000000004,False
342,12,CARD,24,4,39,69,46,5,1,5,10,6,0.1,0.30000000000000004,True
343,12,CLF_UNION,27,4,54,69,59,5,1,5,10,6,0.1,0.30000000000000004,True
344,12,ORD-UNION,19,1,24,69,29,5,1,5,10,6,0.1,0.30000000000000004,True
345,12,CARD,24,4,39,69,46,5,1,5,10,6,0.1,0.30000000000000004,False
346,12,CLF_UNION,27,4,54,69,59,5,1,5,10,6,0.1,0.30000000000000004,False
347,12,ORD-UNION,19,1,24,69,29,5,1,5,10,6,0.1,0.30000000000000004,False
348,12,CARD,31,1,35,69,49,5,1,5,10,6,0.1,0.30000000000000004,True
349,12,CLF_UNION,35,3,53,69,59,5,1,5,10,6,0.1,0.30000000000000004,True
350,12,ORD-UNION,28,0,30,69,36,5,1,5,10,6,0.1,0.30000000000000004,True
351,12,CARD,31,1,35,69,49,5,1,5,10,6,0.1,0.30000000000000004,False
352,12,CLF_UNION,35,3,53,69,59,5,1,5,10,6,0.1,0.30000000000000004,False
353,12,ORD-UNION,28,0,30,69,36,5,1,5,10,6,0.1,0.30000000000000004,False
354,12,CARD,29,0,33,69,51,5,1,5,10,6,0.1,0.30000000000000004,True
355,12,CLF_UNION,33,4,55,69,61,5,1,5,10,6,0.1,0.30000000000000004,True
356,12,ORD-UNION,26,0,30,69,36,5,1,5,10,6,0.1,0.30000000000000004,True
357,12,CARD,29,0,33,69,51,5,1,5,10,6,0.1,0.30000000000000004,False
358,12,CLF_UNION,33,4,55,69,61,5,1,5,10,6,0.1,0.30000000000000004,False
359,12,ORD-UNION,26,0,30,69,36,5,1,5,10,6,0.1,0.30000000000000004,False
360,13,CARD,22,0,25,79,52,9,3,5,10,6,0.1,0.30000000000000004,True
361,13,CLF_UNION,24,1,42,79,55,9,3,5,10,6,0.1,0.30000000000000004,True
362,13,ORD-UNION,9,0,9,79,22,9,3,5,10,6,0.1,0.30000000000000004,True
363,13,CARD,24,0,29,79,48,5,1,5,10,6,0.1,0.30000000000000004,False
364,13,CLF_UNION,24,1,42,79,55,5,1,5,10,6,0.1,0.30000000000000004,False
365,13,ORD-UNION,22,0,23,79,36,5,1,5,10,6,0.1,0.30000000000000004,False
366,13,CARD,25,1,35,79,49,5,1,5,10,6,0.1,0.30000000000000004,True
367,13,CLF_UNION,25,3,50,79,56,5,1,5,10,6,0.1,0.30000000000000004,True
368,13,ORD-UNION,24,1,29,79,35,5,1,5,10,6,0.1,0.30000000000000004,True
369,13,CARD,25,1,35,79,49,5,1,5,10,6,0.1,0.30000000000000004,False
370,13,CLF_UNION,25,3,50,79,56,5,1,5,10,6,0.1,0.30000000000000004,False
371,13,ORD-UNION,24,1,29,79,35,5,1,5,10,6,0.1,0.30000000000000004,False
372,13,CARD,34,0,37,79,50,5,1,5,10,6,0.1,0.30000000000000004,True
373,13,CLF_UNION,34,3,53,79,56,5,1,5,10,6,0.1,0.30000000000000004,True
374,13,ORD-UNION,28,0,30,79,33,5,1,5,10,6,0.1,0.30000000000000004,True
375,13,CARD,34,0,37,79,50,5,1,5,10,6,0.1,0.30000000000000004,False
376,13,CLF_UNION,34,3,53,79,56,5,1,5,10,6,0.1,0.30000000000000004,False
377,13,ORD-UNION,28,0,30,79,33,5,1,5,10,6,0.1,0.30000000000000004,False
378,13,CARD,36,0,41,79,46,5,1,5,10,6,0.1,0.30000000000000004,True
379,13,CLF_UNION,34,2,52,79,55,5,1,5,10,6,0.1,0.30000000000000004,True
380,13,ORD-UNION,32,0,33,79,36,5,1,5,10,6,0.1,0.30000000000000004,True
381,13,CARD,36,0,41,79,46,5,1,5,10,6,0.1,0.30000000000000004,False
382,13,CLF_UNION,34,2,52,79,55,5,1,5,10,6,0.1,0.30000000000000004,False
383,13,ORD-UNION,32,0,33,79,36,5,1,5,10,6,0.1,0.30000000000000004,False
384,13,CARD,24,2,31,79,46,5,1,5,10,6,0.1,0.30000000000000004,True
385,13,CLF_UNION,23,4,43,79,55,5,1,5,10,6,0.1,0.30000000000000004,True
386,13,ORD-UNION,22,0,24,79,37,5,1,5,10,6,0.1,0.30000000000000004,True
387,13,CARD,24,2,31,79,46,5,1,5,10,6,0.1,0.30000000000000004,False
388,13,CLF_UNION,23,4,43,79,55,5,1,5,10,6,0.1,0.30000000000000004,False
389,13,ORD-UNION,22,0,24,79,37,5,1,5,10,6,0.1,0.30000000000000004,False
390,14,CARD,26,0,29,92,48,9,3,5,10,6,0.1,0.30000000000000004,True
391,14,CLF_UNION,26,0,42,92,55,9,3,5,10,6,0.1,0.30000000000000004,True
392,14,ORD-UNION,16,0,17,92,30,9,3,5,10,6,0.1,0.30000000000000004,True
393,14,CARD,24,1,31,92,46,5,2,5,10,6,0.1,0.30000000000000004,False
394,14,CLF_UNION,26,1,43,92,56,5,2,5,10,6,0.1,0.30000000000000004,False
395,14,ORD-UNION,23,0,27,92,40,5,2,5,10,6,0.1,0.30000000000000004,False
396,14,CARD,26,0,30,92,46,5,2,5,10,6,0.1,0.30000000000000004,True
397,14,CLF_UNION,26,0,41,92,55,5,2,5,10,6,0.1,0.30000000000000004,True
398,14,ORD-UNION,23,0,24,92,38,5,2,5,10,6,0.1,0.30000000000000004,True
399,14,CARD,26,0,30,92,46,5,2,5,10,6,0.1,0.30000000000000004,False
400,14,CLF_UNION,26,0,41,92,55,5,2,5,10,6,0.1,0.30000000000000004,False
401,14,ORD-UNION,23,0,24,92,38,5,2,5,10,6,0.1,0.30000000000000004,False
402,14,CARD,22,0,27,92,46,5,2,5,10,6,0.1,0.30000000000000004,True
403,14,CLF_UNION,21,1,38,92,55,5,2,5,10,6,0.1,0.30000000000000004,True
404,14,ORD-UNION,20,0,23,92,40,5,2,5,10,6,0.1,0.30000000000000004,True
405,14,CARD,22,0,27,92,46,5,2,5,10,6,0.1,0.30000000000000004,False
406,14,CLF_UNION,21,1,38,92,55,5,2,5,10,6,0.1,0.30000000000000004,False
407,14,ORD-UNION,20,0,23,92,40,5,2,5,10,6,0.1,0.30000000000000004,False
408,14,CARD,32,0,40,92,45,5,2,5,10,6,0.1,0.30000000000000004,True
409,14,CLF_UNION,32,0,50,92,55,5,2,5,10,6,0.1,0.30000000000000004,True
410,14,ORD-UNION,29,0,33,92,38,5,2,5,10,6,0.1,0.30000000000000004,True
411,14,CARD,32,0,40,92,45,5,2,5,10,6,0.1,0.30000000000000004,False
412,14,CLF_UNION,32,0,50,92,55,5,2,5,10,6,0.1,0.30000000000000004,False
413,14,ORD-UNION,29,0,33,92,38,5,2,5,10,6,0.1,0.30000000000000004,False
414,14,CARD,21,0,28,92,45,5,2,5,10,6,0.1,0.30000000000000004,True
415,14,CLF_UNION,21,0,38,92,55,5,2,5,10,6,0.1,0.30000000000000004,True
416,14,ORD-UNION,21,0,25,92,42,5,2,5,10,6,0.1,0.30000000000000004,True
417,14,CARD,21,0,28,92,45,5,2,5,10,6,0.1,0.30000000000000004,False
418,14,CLF_UNION,21,0,38,92,55,5,2,5,10,6,0.1,0.30000000000000004,False
419,14,ORD-UNION,21,0,25,92,42,5,2,5,10,6,0.1,0.30000000000000004,False
420,15,CARD,30,2,37,104,47,9,3,5,10,6,0.1,0.30000000000000004,True
421,15,CLF_UNION,33,2,51,104,57,9,3,5,10,6,0.1,0.30000000000000004,True
422,15,ORD-UNION,13,0,13,104,19,9,3,5,10,6,0.1,0.30000000000000004,True
423,15,CARD,32,0,37,104,47,5,2,5,10,6,0.1,0.30000000000000004,False
424,15,CLF_UNION,31,3,52,104,58,5,2,5,10,6,0.1,0.30000000000000004,False
425,15,ORD-UNION,27,0,29,104,35,5,2,5,10,6,0.1,0.30000000000000004,False
426,15,CARD,18,0,26,104,47,5,2,5,10,6,0.1,0.30000000000000004,True
427,15,CLF_UNION,18,0,40,104,57,5,2,5,10,6,0.1,0.30000000000000004,True
428,15,ORD-UNION,18,0,25,104,42,5,2,5,10,6,0.1,0.30000000000000004,True
429,15,CARD,18,0,26,104,47,5,2,5,10,6,0.1,0.30000000000000004,False
430,15,CLF_UNION,18,0,40,104,57,5,2,5,10,6,0.1,0.30000000000000004,False
431,15,ORD-UNION,18,0,25,104,42,5,2,5,10,6,0.1,0.30000000000000004,False
432,15,CARD,29,0,35,104,46,5,2,5,10,6,0.1,0.30000000000000004,True
433,15,CLF_UNION,29,0,47,104,56,5,2,5,10,6,0.1,0.30000000000000004,True
434,15,ORD-UNION,28,0,32,104,41,5,2,5,10,6,0.1,0.30000000000000004,True
435,15,CARD,29,0,35,104,46,5,2,5,10,6,0.1,0.30000000000000004,False
436,15,CLF_UNION,29,0,47,104,56,5,2,5,10,6,0.1,0.30000000000000004,False
437,15,ORD-UNION,28,0,32,104,41,5,2,5,10,6,0.1,0.30000000000000004,False
438,15,CARD,31,0,36,104,45,5,2,5,10,6,0.1,0.30000000000000004,True
439,15,CLF_UNION,31,0,47,104,56,5,2,5,10,6,0.1,0.30000000000000004,True
440,15,ORD-UNION,26,0,29,104,38,5,2,5,10,6,0.1,0.30000000000000004,True
441,15,CARD,31,0,36,104,45,5,2,5,10,6,0.1,0.30000000000000004,False
442,15,CLF_UNION,31,0,47,104,56,5,2,5,10,6,0.1,0.30000000000000004,False
443,15,ORD-UNION,26,0,29,104,38,5,2,5,10,6,0.1,0.30000000000000004,False
444,15,CARD,21,0,26,104,47,5,2,5,10,6,0.1,0.30000000000000004,True
445,15,CLF_UNION,21,0,40,104,57,5,2,5,10,6,0.1,0.30000000000000004,True
446,15,ORD-UNION,21,0,23,104,40,5,2,5,10,6,0.1,0.30000000000000004,True
447,15,CARD,21,0,26,104,47,5,2,5,10,6,0.1,0.30000000000000004,False
448,15,CLF_UNION,21,0,40,104,57,5,2,5,10,6,0.1,0.30000000000000004,False
449,15,ORD-UNION,21,0,23,104,40,5,2,5,10,6,0.1,0.30000000000000004,False
450,16,CARD,25,1,29,118,48,9,3,5,10,6,0.1,0.30000000000000004,True
451,16,CLF_UNION,25,1,42,118,55,9,3,5,10,6,0.1,0.30000000000000004,True
452,16,ORD-UNION,17,0,18,118,31,9,3,5,10,6,0.1,0.30000000000000004,True
453,16,CARD,25,1,31,118,46,5,2,5,10,6,0.1,0.30000000000000004,False
454,16,CLF_UNION,25,1,42,118,55,5,2,5,10,6,0.1,0.30000000000000004,False
455,16,ORD-UNION,25,1,30,118,43,5,2,5,10,6,0.1,0.30000000000000004,False
456,16,CARD,25,1,31,118,47,5,2,5,10,6,0.1,0.30000000000000004,True
457,16,CLF_UNION,27,2,44,118,56,5,2,5,10,6,0.1,0.30000000000000004,True
458,16,ORD-UNION,25,1,31,118,43,5,2,5,10,6,0.1,0.30000000000000004,True
459,16,CARD,25,1,31,118,47,5,2,5,10,6,0.1,0.30000000000000004,False
460,16,CLF_UNION,27,2,44,118,56,5,2,5,10,6,0.1,0.30000000000000004,False
461,16,ORD-UNION,25,1,31,118,43,5,2,5,10,6,0.1,0.30000000000000004,False
462,16,CARD,28,1,34,118,47,5,2,5,10,6,0.1,0.30000000000000004,True
463,16,CLF_UNION,29,2,47,118,56,5,2,5,10,6,0.1,0.30000000000000004,True
464,16,ORD-UNION,28,1,34,118,43,5,2,5,10,6,0.1,0.30000000000000004,True
465,16,CARD,28,1,34,118,47,5,2,5,10,6,0.1,0.30000000000000004,False
466,16,CLF_UNION,29,2,47,118,56,5,2,5,10,6,0.1,0.30000000000000004,False
467,16,ORD-UNION,28,1,34,118,43,5,2,5,10,6,0.1,0.30000000000000004,False
468,16,CARD,29,1,33,118,48,5,2,5,10,6,0.1,0.30000000000000004,True
469,16,CLF_UNION,31,1,47,118,56,5,2,5,10,6,0.1,0.30000000000000004,True
470,16,ORD-UNION,27,0,29,118,38,5,2,5,10,6,0.1,0.30000000000000004,True
471,16,CARD,29,1,33,118,48,5,2,5,10,6,0.1,0.30000000000000004,False
472,16,CLF_UNION,31,1,47,118,56,5,2,5,10,6,0.1,0.30000000000000004,False
473,16,ORD-UNION,27,0,29,118,38,5,2,5,10,6,0.1,0.30000000000000004,False
474,16,CARD,19,1,24,118,47,5,2,5,10,6,0.1,0.30000000000000004,True
475,16,CLF_UNION,20,2,37,118,56,5,2,5,10,6,0.1,0.30000000000000004,True
476,16,ORD-UNION,19,1,23,118,42,5,2,5,10,6,0.1,0.30000000000000004,True
477,16,CARD,19,1,24,118,47,5,2,5,10,6,0.1,0.30000000000000004,False
478,16,CLF_UNION,20,2,37,118,56,5,2,5,10,6,0.1,0.30000000000000004,False
479,16,ORD-UNION,19,1,23,118,42,5,2,5,10,6,0.1,0.30000000000000004,False
480,17,CARD,22,2,29,134,48,9,3,5,10,6,0.1,0.30000000000000004,True
481,17,CLF_UNION,25,1,43,134,56,9,3,5,10,6,0.1,0.30000000000000004,True
482,17,ORD-UNION,14,0,15,134,28,9,3,5,10,6,0.1,0.30000000000000004,True
483,17,CARD,22,2,29,134,48,8,2,5,10,6,0.1,0.30000000000000004,False
484,17,CLF_UNION,25,2,45,134,58,8,2,5,10,6,0.1,0.30000000000000004,False
485,17,ORD-UNION,19,0,21,134,34,8,2,5,10,6,0.1,0.30000000000000004,False
486,17,CARD,19,0,22,134,49,8,2,5,10,6,0.1,0.30000000000000004,True
487,17,CLF_UNION,19,1,40,134,59,8,2,5,10,6,0.1,0.30000000000000004,True
488,17,ORD-UNION,13,0,16,134,35,8,2,5,10,6,0.1,0.30000000000000004,True
489,17,CARD,19,0,22,134,49,8,2,5,10,6,0.1,0.30000000000000004,False
490,17,CLF_UNION,19,1,40,134,59,8,2,5,10,6,0.1,0.30000000000000004,False
491,17,ORD-UNION,13,0,16,134,35,8,2,5,10,6,0.1,0.30000000000000004,False
492,17,CARD,16,0,17,134,49,8,2,5,10,6,0.1,0.30000000000000004,True
493,17,CLF_UNION,16,1,35,134,59,8,2,5,10,6,0.1,0.30000000000000004,True
494,17,ORD-UNION,12,0,13,134,37,8,2,5,10,6,0.1,0.30000000000000004,True
495,17,CARD,16,0,17,134,49,8,2,5,10,6,0.1,0.30000000000000004,False
496,17,CLF_UNION,16,1,35,134,59,8,2,5,10,6,0.1,0.30000000000000004,False
497,17,ORD-UNION,12,0,13,134,37,8,2,5,10,6,0.1,0.30000000000000004,False
498,17,CARD,18,2,28,134,49,8,2,5,10,6,0.1,0.30000000000000004,True
499,17,CLF_UNION,21,3,45,134,58,8,2,5,10,6,0.1,0.30000000000000004,True
500,17,ORD-UNION,14,0,17,134,30,8,2,5,10,6,0.1,0.30000000000000004,True
501,17,CARD,18,2,28,134,49,8,2,5,10,6,0.1,0.30000000000000004,False
502,17,CLF_UNION,21,3,45,134,58,8,2,5,10,6,0.1,0.30000000000000004,False
503,17,ORD-UNION,14,0,17,134,30,8,2,5,10,6,0.1,0.30000000000000004,False
504,17,CARD,25,0,29,134,48,8,2,5,10,6,0.1,0.30000000000000004,True
505,17,CLF_UNION,26,1,44,134,57,8,2,5,10,6,0.1,0.30000000000000004,True
506,17,ORD-UNION,22,0,23,134,36,8,2,5,10,6,0.1,0.30000000000000004,True
507,17,CARD,25,0,29,134,48,8,2,5,10,6,0.1,0.30000000000000004,False
508,17,CLF_UNION,26,1,44,134,57,8,2,5,10,6,0.1,0.30000000000000004,False
509,17,ORD-UNION,22,0,23,134,36,8,2,5,10,6,0.1,0.30000000000000004,False
510,18,CARD,29,0,34,151,47,9,3,5,10,6,0.1,0.30000000000000004,True
511,18,CLF_UNION,30,0,48,151,57,9,3,5,10,6,0.1,0.30000000000000004,True
512,18,ORD-UNION,27,0,29,151,38,9,3,5,10,6,0.1,0.30000000000000004,True
513,18,CARD,29,0,35,151,46,8,2,5,10,6,0.1,0.30000000000000004,False
514,18,CLF_UNION,30,1,47,151,56,8,2,5,10,6,0.1,0.30000000000000004,False
515,18,ORD-UNION,27,0,30,151,39,8,2,5,10,6,0.1,0.30000000000000004,False
516,18,CARD,12,0,18,151,47,8,2,5,10,6,0.1,0.30000000000000004,True
517,18,CLF_UNION,12,2,32,151,57,8,2,5,10,6,0.1,0.30000000000000004,True
518,18,ORD-UNION,10,0,12,151,37,8,2,5,10,6,0.1,0.30000000000000004,True
519,18,CARD,12,0,18,151,47,8,2,5,10,6,0.1,0.30000000000000004,False
520,18,CLF_UNION,12,2,32,151,57,8,2,5,10,6,0.1,0.30000000000000004,False
521,18,ORD-UNION,10,0,12,151,37,8,2,5,10,6,0.1,0.30000000000000004,False
522,18,CARD,31,0,36,151,48,8,2,5,10,6,0.1,0.30000000000000004,True
523,18,CLF_UNION,33,2,50,151,56,8,2,5,10,6,0.1,0.30000000000000004,True
524,18,ORD-UNION,26,0,29,151,35,8,2,5,10,6,0.1,0.30000000000000004,True
525,18,CARD,31,0,36,151,48,8,2,5,10,6,0.1,0.30000000000000004,False
526,18,CLF_UNION,33,2,50,151,56,8,2,5,10,6,0.1,0.30000000000000004,False
527,18,ORD-UNION,26,0,29,151,35,8,2,5,10,6,0.1,0.30000000000000004,False
528,18,CARD,33,0,36,151,50,8,2,5,10,6,0.1,0.30000000000000004,True
529,18,CLF_UNION,35,2,56,151,60,8,2,5,10,6,0.1,0.30000000000000004,True
530,18,ORD-UNION,30,0,31,151,35,8,2,5,10,6,0.1,0.30000000000000004,True
531,18,CARD,33,0,36,151,50,8,2,5,10,6,0.1,0.30000000000000004,False
532,18,CLF_UNION,35,2,56,151,60,8,2,5,10,6,0.1,0.30000000000000004,False
533,18,ORD-UNION,30,0,31,151,35,8,2,5,10,6,0.1,0.30000000000000004,False
534,18,CARD,20,0,23,151,48,8,2,5,10,6,0.1,0.30000000000000004,True
535,18,CLF_UNION,20,0,37,151,56,8,2,5,10,6,0.1,0.30000000000000004,True
536,18,ORD-UNION,17,0,18,151,37,8,2,5,10,6,0.1,0.30000000000000004,True
537,18,CARD,20,0,23,151,48,8,2,5,10,6,0.1,0.30000000000000004,False
538,18,CLF_UNION,20,0,37,151,56,8,2,5,10,6,0.1,0.30000000000000004,False
539,18,ORD-UNION,17,0,18,151,37,8,2,5,10,6,0.1,0.30000000000000004,False
540,19,CARD,11,1,21,168,45,9,3,5,10,6,0.1,0.30000000000000004,True
541,19,CLF_UNION,12,1,33,168,57,9,3,5,10,6,0.1,0.30000000000000004,True
542,19,ORD-UNION,9,0,11,168,35,9,3,5,10,6,0.1,0.30000000000000004,True
543,19,CARD,11,0,18,168,48,8,2,5,10,6,0.1,0.30000000000000004,False
544,19,CLF_UNION,12,0,31,168,55,8,2,5,10,6,0.1,0.30000000000000004,False
545,19,ORD-UNION,11,0,13,168,37,8,2,5,10,6,0.1,0.30000000000000004,False
546,19,CARD,8,0,11,168,47,8,2,5,10,6,0.1,0.30000000000000004,True
547,19,CLF_UNION,8,0,24,168,56,8,2,5,10,6,0.1,0.30000000000000004,True
548,19,ORD-UNION,7,0,9,168,41,8,2,5,10,6,0.1,0.30000000000000004,True
549,19,CARD,8,0,11,168,47,8,2,5,10,6,0.1,0.30000000000000004,False
550,19,CLF_UNION,8,0,24,168,56,8,2,5,10,6,0.1,0.30000000000000004,False
551,19,ORD-UNION,7,0,9,168,41,8,2,5,10,6,0.1,0.30000000000000004,False
552,19,CARD,18,0,25,168,48,8,2,5,10,6,0.1,0.30000000000000004,True
553,19,CLF_UNION,17,3,38,168,55,8,2,5,10,6,0.1,0.30000000000000004,True
554,19,ORD-UNION,13,0,17,168,34,8,2,5,10,6,0.1,0.30000000000000004,True
555,19,CARD,18,0,25,168,48,8,2,5,10,6,0.1,0.30000000000000004,False
556,19,CLF_UNION,17,3,38,168,55,8,2,5,10,6,0.1,0.30000000000000004,False
557,19,ORD-UNION,13,0,17,168,34,8,2,5,10,6,0.1,0.30000000000000004,False
558,19,CARD,21,0,26,168,46,8,2,5,10,6,0.1,0.30000000000000004,True
559,19,CLF_UNION,21,1,38,168,56,8,2,5,10,6,0.1,0.30000000000000004,True
560,19,ORD-UNION,19,0,20,168,38,8,2,5,10,6,0.1,0.30000000000000004,True
561,19,CARD,21,0,26,168,46,8,2,5,10,6,0.1,0.30000000000000004,False
562,19,CLF_UNION,21,1,38,168,56,8,2,5,10,6,0.1,0.30000000000000004,False
563,19,ORD-UNION,19,0,20,168,38,8,2,5,10,6,0.1,0.30000000000000004,False
564,19,CARD,25,0,33,168,49,8,2,5,10,6,0.1,0.30000000000000004,True
565,19,CLF_UNION,26,1,47,168,55,8,2,5,10,6,0.1,0.30000000000000004,True
566,19,ORD-UNION,24,0,26,168,34,8,2,5,10,6,0.1,0.30000000000000004,True
567,19,CARD,25,0,33,168,49,8,2,5,10,6,0.1,0.30000000000000004,False
568,19,CLF_UNION,26,1,47,168,55,8,2,5,10,6,0.1,0.30000000000000004,False
569,19,ORD-UNION,24,0,26,168,34,8,2,5,10,6,0.1,0.30000000000000004,False
570,20,CARD,18,1,25,184,46,9,3,5,10,6,0.1,0.30000000000000004,True
571,20,CLF_UNION,19,0,40,184,59,9,3,5,10,6,0.1,0.30000000000000004,True
572,20,ORD-UNION,15,0,15,184,34,9,3,5,10,6,0.1,0.30000000000000004,True
573,20,CARD,19,0,25,184,46,8,2,5,10,6,0.1,0.30000000000000004,False
574,20,CLF_UNION,19,0,41,184,60,8,2,5,10,6,0.1,0.30000000000000004,False
575,20,ORD-UNION,17,0,17,184,36,8,2,5,10,6,0.1,0.30000000000000004,False
576,20,CARD,24,0,29,184,47,8,2,5,10,6,0.1,0.30000000000000004,True
577,20,CLF_UNION,24,0,46,184,60,8,2,5,10,6,0.1,0.30000000000000004,True
578,20,ORD-UNION,21,0,23,184,37,8,2,5,10,6,0.1,0.30000000000000004,True
579,20,CARD,24,0,29,184,47,8,2,5,10,6,0.1,0.30000000000000004,False
580,20,CLF_UNION,24,0,46,184,60,8,2,5,10,6,0.1,0.30000000000000004,False
581,20,ORD-UNION,21,0,23,184,37,8,2,5,10,6,0.1,0.30000000000000004,False
582,20,CARD,16,0,25,184,47,8,2,5,10,6,0.1,0.30000000000000004,True
583,20,CLF_UNION,16,3,40,184,58,8,2,5,10,6,0.1,0.30000000000000004,True
584,20,ORD-UNION,15,0,19,184,37,8,2,5,10,6,0.1,0.30000000000000004,True
585,20,CARD,16,0,25,184,47,8,2,5,10,6,0.1,0.30000000000000004,False
586,20,CLF_UNION,16,3,40,184,58,8,2,5,10,6,0.1,0.30000000000000004,False
587,20,ORD-UNION,15,0,19,184,37,8,2,5,10,6,0.1,0.30000000000000004,False
588,20,CARD,12,0,18,184,49,8,2,5,10,6,0.1,0.30000000000000004,True
589,20,CLF_UNION,12,0,40,184,63,8,2,5,10,6,0.1,0.30000000000000004,True
590,20,ORD-UNION,12,0,13,184,36,8,2,5,10,6,0.1,0.30000000000000004,True
591,20,CARD,12,0,18,184,49,8,2,5,10,6,0.1,0.30000000000000004,False
592,20,CLF_UNION,12,0,40,184,63,8,2,5,10,6,0.1,0.30000000000000004,False
593,20,ORD-UNION,12,0,13,184,36,8,2,5,10,6,0.1,0.30000000000000004,False
594,20,CARD,21,0,28,184,45,8,2,5,10,6,0.1,0.30000000000000004,True
595,20,CLF_UNION,21,1,40,184,57,8,2,5,10,6,0.1,0.30000000000000004,True
596,20,ORD-UNION,20,0,23,184,40,8,2,5,10,6,0.1,0.30000000000000004,True
597,20,CARD,21,0,28,184,45,8,2,5,10,6,0.1,0.30000000000000004,False
598,20,CLF_UNION,21,1,40,184,57,8,2,5,10,6,0.1,0.30000000000000004,False
599,20,ORD-UNION,20,0,23,184,40,8,2,5,10,6,0.1,0.30000000000000004,False
600,21,CARD,23,2,31,200,45,9,3,5,10,6,0.1,0.30000000000000004,True
601,21,CLF_UNION,25,0,42,200,56,9,3,5,10,6,0.1,0.30000000000000004,True
602,21,ORD-UNION,21,0,24,200,38,9,3,5,10,6,0.1,0.30000000000000004,True
603,21,CARD,24,0,29,200,47,8,2,5,10,6,0.1,0.30000000000000004,False
604,21,CLF_UNION,24,1,41,200,55,8,2,5,10,6,0.1,0.30000000000000004,False
605,21,ORD-UNION,23,0,27,200,41,8,2,5,10,6,0.1,0.30000000000000004,False
606,21,CARD,14,0,18,200,48,8,2,5,10,6,0.1,0.30000000000000004,True
607,21,CLF_UNION,14,0,33,200,57,8,2,5,10,6,0.1,0.30000000000000004,True
608,21,ORD-UNION,13,0,13,200,37,8,2,5,10,6,0.1,0.30000000000000004,True
609,21,CARD,14,0,18,200,48,8,2,5,10,6,0.1,0.30000000000000004,False
610,21,CLF_UNION,14,0,33,200,57,8,2,5,10,6,0.1,0.30000000000000004,False
611,21,ORD-UNION,13,0,13,200,37,8,2,5,10,6,0.1,0.30000000000000004,False
612,21,CARD,15,0,20,200,46,8,2,5,10,6,0.1,0.30000000000000004,True
613,21,CLF_UNION,16,0,31,200,55,8,2,5,10,6,0.1,0.30000000000000004,True
614,21,ORD-UNION,15,0,17,200,41,8,2,5,10,6,0.1,0.30000000000000004,True
615,21,CARD,15,0,20,200,46,8,2,5,10,6,0.1,0.30000000000000004,False
616,21,CLF_UNION,16,0,31,200,55,8,2,5,10,6,0.1,0.30000000000000004,False
617,21,ORD-UNION,15,0,17,200,41,8,2,5,10,6,0.1,0.30000000000000004,False
618,21,CARD,14,0,19,200,46,8,2,5,10,6,0.1,0.30000000000000004,True
619,21,CLF_UNION,14,0,31,200,56,8,2,5,10,6,0.1,0.30000000000000004,True
620,21,ORD-UNION,13,0,15,200,40,8,2,5,10,6,0.1,0.30000000000000004,True
621,21,CARD,14,0,19,200,46,8,2,5,10,6,0.1,0.30000000000000004,False
622,21,CLF_UNION,14,0,31,200,56,8,2,5,10,6,0.1,0.30000000000000004,False
623,21,ORD-UNION,13,0,15,200,40,8,2,5,10,6,0.1,0.30000000000000004,False
624,21,CARD,16,0,20,200,46,8,2,5,10,6,0.1,0.30000000000000004,True
625,21,CLF_UNION,16,0,33,200,57,8,2,5,10,6,0.1,0.30000000000000004,True
626,21,ORD-UNION,14,0,15,200,39,8,2,5,10,6,0.1,0.30000000000000004,True
627,21,CARD,16,0,20,200,46,8,2,5,10,6,0.1,0.30000000000000004,False
628,21,CLF_UNION,16,0,33,200,57,8,2,5,10,6,0.1,0.30000000000000004,False
629,21,ORD-UNION,14,0,15,200,39,8,2,5,10,6,0.1,0.30000000000000004,False
630,22,CARD,5,0,15,219,47,9,3,5,10,6,0.1,0.30000000000000004,True
631,22,CLF_UNION,5,0,27,219,55,9,3,5,10,6,0.1,0.30000000000000004,True
632,22,ORD-UNION,5,0,7,219,35,9,3,5,10,6,0.1,0.30000000000000004,True
633,22,CARD,5,0,15,219,47,8,2,5,10,6,0.1,0.30000000000000004,False
634,22,CLF_UNION,5,0,27,219,55,8,2,5,10,6,0.1,0.30000000000000004,False
635,22,ORD-UNION,5,0,8,219,36,8,2,5,10,6,0.1,0.30000000000000004,False
636,22,CARD,20,0,25,219,45,8,2,5,10,6,0.1,0.30000000000000004,True
637,22,CLF_UNION,20,0,35,219,55,8,2,5,10,6,0.1,0.30000000000000004,True
638,22,ORD-UNION,20,0,23,219,43,8,2,5,10,6,0.1,0.30000000000000004,True
639,22,CARD,20,0,25,219,45,8,2,5,10,6,0.1,0.30000000000000004,False
640,22,CLF_UNION,20,0,35,219,55,8,2,5,10,6,0.1,0.30000000000000004,False
641,22,ORD-UNION,20,0,23,219,43,8,2,5,10,6,0.1,0.30000000000000004,False
642,22,CARD,12,0,16,219,50,8,2,5,10,6,0.1,0.30000000000000004,True
643,22,CLF_UNION,14,0,32,219,56,8,2,5,10,6,0.1,0.30000000000000004,True
644,22,ORD-UNION,8,0,9,219,33,8,2,5,10,6,0.1,0.30000000000000004,True
645,22,CARD,12,0,16,219,50,8,2,5,10,6,0.1,0.30000000000000004,False
646,22,CLF_UNION,14,0,32,219,56,8,2,5,10,6,0.1,0.30000000000000004,False
647,22,ORD-UNION,8,0,9,219,33,8,2,5,10,6,0.1,0.30000000000000004,False
648,22,CARD,7,0,10,219,47,8,2,5,10,6,0.1,0.30000000000000004,True
649,22,CLF_UNION,7,1,23,219,56,8,2,5,10,6,0.1,0.30000000000000004,True
650,22,ORD-UNION,6,0,8,219,41,8,2,5,10,6,0.1,0.30000000000000004,True
651,22,CARD,7,0,10,219,47,8,2,5,10,6,0.1,0.30000000000000004,False
652,22,CLF_UNION,7,1,23,219,56,8,2,5,10,6,0.1,0.30000000000000004,False
653,22,ORD-UNION,6,0,8,219,41,8,2,5,10,6,0.1,0.30000000000000004,False
654,22,CARD,14,0,21,219,47,8,2,5,10,6,0.1,0.30000000000000004,True
655,22,CLF_UNION,14,1,34,219,56,8,2,5,10,6,0.1,0.30000000000000004,True
656,22,ORD-UNION,10,0,11,219,33,8,2,5,10,6,0.1,0.30000000000000004,True
657,22,CARD,14,0,21,219,47,8,2,5,10,6,0.1,0.30000000000000004,False
658,22,CLF_UNION,14,1,34,219,56,8,2,5,10,6,0.1,0.30000000000000004,False
659,22,ORD-UNION,10,0,11,219,33,8,2,5,10,6,0.1,0.30000000000000004,False
660,23,CARD,7,0,11,238,46,9,3,5,10,6,0.1,0.30000000000000004,True
661,23,CLF_UNION,7,0,22,238,55,9,3,5,10,6,0.1,0.30000000000000004,True
662,23,ORD-UNION,7,0,10,238,43,9,3,5,10,6,0.1,0.30000000000000004,True
663,23,CARD,7,0,12,238,45,8,2,5,10,6,0.1,0.30000000000000004,False
664,23,CLF_UNION,6,1,22,238,55,8,2,5,10,6,0.1,0.30000000000000004,False
665,23,ORD-UNION,7,0,9,238,42,8,2,5,10,6,0.1,0.30000000000000004,False
666,23,CARD,13,0,19,238,46,8,2,5,10,6,0.1,0.30000000000000004,True
667,23,CLF_UNION,14,0,30,238,55,8,2,5,10,6,0.1,0.30000000000000004,True
668,23,ORD-UNION,13,0,15,238,40,8,2,5,10,6,0.1,0.30000000000000004,True
669,23,CARD,13,0,19,238,46,8,2,5,10,6,0.1,0.30000000000000004,False
670,23,CLF_UNION,14,0,30,238,55,8,2,5,10,6,0.1,0.30000000000000004,False
671,23,ORD-UNION,13,0,15,238,40,8,2,5,10,6,0.1,0.30000000000000004,False
672,23,CARD,17,0,25,238,47,8,2,5,10,6,0.1,0.30000000000000004,True
673,23,CLF_UNION,17,0,37,238,55,8,2,5,10,6,0.1,0.30000000000000004,True
674,23,ORD-UNION,17,0,22,238,40,8,2,5,10,6,0.1,0.30000000000000004,True
675,23,CARD,17,0,25,238,47,8,2,5,10,6,0.1,0.30000000000000004,False
676,23,CLF_UNION,17,0,37,238,55,8,2,5,10,6,0.1,0.30000000000000004,False
677,23,ORD-UNION,17,0,22,238,40,8,2,5,10,6,0.1,0.30000000000000004,False
678,23,CARD,6,0,14,238,47,8,2,5,10,6,0.1,0.30000000000000004,True
679,23,CLF_UNION,6,0,26,238,55,8,2,5,10,6,0.1,0.30000000000000004,True
680,23,ORD-UNION,6,0,9,238,38,8,2,5,10,6,0.1,0.30000000000000004,True
681,23,CARD,6,0,14,238,47,8,2,5,10,6,0.1,0.30000000000000004,False
682,23,CLF_UNION,6,0,26,238,55,8,2,5,10,6,0.1,0.30000000000000004,False
683,23,ORD-UNION,6,0,9,238,38,8,2,5,10,6,0.1,0.30000000000000004,False
684,23,CARD,20,0,25,238,46,8,2,5,10,6,0.1,0.30000000000000004,True
685,23,CLF_UNION,20,0,36,238,55,8,2,5,10,6,0.1,0.30000000000000004,True
686,23,ORD-UNION,18,0,20,238,39,8,2,5,10,6,0.1,0.30000000000000004,True
687,23,CARD,20,0,25,238,46,8,2,5,10,6,0.1,0.30000000000000004,False
688,23,CLF_UNION,20,0,36,238,55,8,2,5,10,6,0.1,0.30000000000000004,False
689,23,ORD-UNION,18,0,20,238,39,8,2,5,10,6,0.1,0.30000000000000004,False
690,24,CARD,26,0,30,256,46,9,3,5,10,6,0.1,0.30000000000000004,True
691,24,CLF_UNION,26,0,41,256,55,9,3,5,10,6,0.1,0.30000000000000004,True
692,24,ORD-UNION,24,0,27,256,41,9,3,5,10,6,0.1,0.30000000000000004,True
693,24,CARD,26,0,31,256,45,8,2,5,10,6,0.1,0.30000000000000004,False
694,24,CLF_UNION,26,0,41,256,55,8,2,5,10,6,0.1,0.30000000000000004,False
695,24,ORD-UNION,25,0,28,256,42,8,2,5,10,6,0.1,0.30000000000000004,False
696,24,CARD,19,0,25,256,47,8,2,5,10,6,0.1,0.30000000000000004,True
697,24,CLF_UNION,19,0,38,256,56,8,2,5,10,6,0.1,0.30000000000000004,True
698,24,ORD-UNION,18,0,21,256,39,8,2,5,10,6,0.1,0.30000000000000004,True
699,24,CARD,19,0,25,256,47,8,2,5,10,6,0.1,0.30000000000000004,False
700,24,CLF_UNION,19,0,38,256,56,8,2,5,10,6,0.1,0.30000000000000004,False
701,24,ORD-UNION,18,0,21,256,39,8,2,5,10,6,0.1,0.30000000000000004,False
702,24,CARD,19,1,27,256,46,8,2,5,10,6,0.1,0.30000000000000004,True
703,24,CLF_UNION,19,1,39,256,56,8,2,5,10,6,0.1,0.30000000000000004,True
704,24,ORD-UNION,17,1,22,256,39,8,2,5,10,6,0.1,0.30000000000000004,True
705,24,CARD,19,1,27,256,46,8,2,5,10,6,0.1,0.30000000000000004,False
706,24,CLF_UNION,19,1,39,256,56,8,2,5,10,6,0.1,0.30000000000000004,False
707,24,ORD-UNION,17,1,22,256,39,8,2,5,10,6,0.1,0.30000000000000004,False
708,24,CARD,8,0,12,256,45,8,2,5,10,6,0.1,0.30000000000000004,True
709,24,CLF_UNION,8,0,23,256,56,8,2,5,10,6,0.1,0.30000000000000004,True
710,24,ORD-UNION,7,0,8,256,41,8,2,5,10,6,0.1,0.30000000000000004,True
711,24,CARD,8,0,12,256,45,8,2,5,10,6,0.1,0.30000000000000004,False
712,24,CLF_UNION,8,0,23,256,56,8,2,5,10,6,0.1,0.30000000000000004,False
713,24,ORD-UNION,7,0,8,256,41,8,2,5,10,6,0.1,0.30000000000000004,False
714,24,CARD,15,0,21,256,46,8,2,5,10,6,0.1,0.30000000000000004,True
715,24,CLF_UNION,16,0,32,256,55,8,2,5,10,6,0.1,0.30000000000000004,True
716,24,ORD-UNION,14,0,17,256,40,8,2,5,10,6,0.1,0.30000000000000004,True
717,24,CARD,15,0,21,256,46,8,2,5,10,6,0.1,0.30000000000000004,False
718,24,CLF_UNION,16,0,32,256,55,8,2,5,10,6,0.1,0.30000000000000004,False
719,24,ORD-UNION,14,0,17,256,40,8,2,5,10,6,0.1,0.30000000000000004,False
720,1,CARD,5,12,25,1,65,9,4,5,10,6,0.1,0.30000000000000004,True
721,1,CLF_UNION,20,24,69,1,69,9,4,5,10,6,0.1,0.30000000000000004,True
722,1,ORD-UNION,0,0,0,1,0,9,4,5,10,6,0.1,0.30000000000000004,True
723,1,CARD,9,8,24,1,66,1,1,5,10,6,0.1,0.30000000000000004,False
724,1,CLF_UNION,25,24,76,1,76,1,1,5,10,6,0.1,0.30000000000000004,False
725,1,ORD-UNION,9,8,24,1,24,1,1,5,10,6,0.1,0.30000000000000004,False
726,1,CARD,10,7,21,1,69,1,1,5,10,6,0.1,0.30000000000000004,True
727,1,CLF_UNION,31,28,79,1,79,1,1,5,10,6,0.1,0.30000000000000004,True
728,1,ORD-UNION,10,7,21,1,21,1,1,5,10,6,0.1,0.30000000000000004,True
729,1,CARD,10,7,21,1,69,1,1,5,10,6,0.1,0.30000000000000004,False
730,1,CLF_UNION,31,28,79,1,79,1,1,5,10,6,0.1,0.30000000000000004,False
731,1,ORD-UNION,10,7,21,1,21,1,1,5,10,6,0.1,0.30000000000000004,False
732,1,CARD,7,12,24,1,66,1,1,5,10,6,0.1,0.30000000000000004,True
733,1,CLF_UNION,25,30,76,1,76,1,1,5,10,6,0.1,0.30000000000000004,True
734,1,ORD-UNION,7,12,24,1,24,1,1,5,10,6,0.1,0.30000000000000004,True
735,1,CARD,7,12,24,1,66,1,1,5,10,6,0.1,0.30000000000000004,False
736,1,CLF_UNION,25,30,76,1,76,1,1,5,10,6,0.1,0.30000000000000004,False
737,1,ORD-UNION,7,12,24,1,24,1,1,5,10,6,0.1,0.30000000000000004,False
738,1,CARD,5,19,25,1,65,1,1,5,10,6,0.1,0.30000000000000004,True
739,1,CLF_UNION,21,35,75,1,75,1,1,5,10,6,0.1,0.30000000000000004,True
740,1,ORD-UNION,5,19,25,1,25,1,1,5,10,6,0.1,0.30000000000000004,True
741,1,CARD,5,19,25,1,65,1,1,5,10,6,0.1,0.30000000000000004,False
742,1,CLF_UNION,21,35,75,1,75,1,1,5,10,6,0.1,0.30000000000000004,False
743,1,ORD-UNION,5,19,25,1,25,1,1,5,10,6,0.1,0.30000000000000004,False
744,1,CARD,7,13,21,1,69,1,1,5,10,6,0.1,0.30000000000000004,True
745,1,CLF_UNION,27,33,79,1,79,1,1,5,10,6,0.1,0.30000000000000004,True
746,1,ORD-UNION,7,13,21,1,21,1,1,5,10,6,0.1,0.30000000000000004,True
747,1,CARD,7,13,21,1,69,1,1,5,10,6,0.1,0.30000000000000004,False
748,1,CLF_UNION,27,33,79,1,79,1,1,5,10,6,0.1,0.30000000000000004,False
749,1,ORD-UNION,7,13,21,1,21,1,1,5,10,6,0.1,0.30000000000000004,False
750,2,CARD,23,7,37,3,53,9,4,5,10,6,0.1,0.30000000000000004,True
751,2,CLF_UNION,26,21,66,3,66,9,4,5,10,6,0.1,0.30000000000000004,True
752,2,ORD-UNION,0,0,0,3,0,9,4,5,10,6,0.1,0.30000000000000004,True
753,2,CARD,10,19,36,3,54,2,1,5,10,6,0.1,0.30000000000000004,False
754,2,CLF_UNION,21,27,67,3,67,2,1,5,10,6,0.1,0.30000000000000004,False
755,2,ORD-UNION,10,16,33,3,33,2,1,5,10,6,0.1,0.30000000000000004,False
756,2,CARD,14,17,37,3,53,2,1,5,10,6,0.1,0.30000000000000004,True
757,2,CLF_UNION,22,28,69,3,69,2,1,5,10,6,0.1,0.30000000000000004,True
758,2,ORD-UNION,10,16,31,3,31,2,1,5,10,6,0.1,0.30000000000000004,True
759,2,CARD,14,17,37,3,53,2,1,5,10,6,0.1,0.30000000000000004,False
760,2,CLF_UNION,22,28,69,3,69,2,1,5,10,6,0.1,0.30000000000000004,False
761,2,ORD-UNION,10,16,31,3,31,2,1,5,10,6,0.1,0.30000000000000004,False
762,2,CARD,9,20,37,3,53,2,1,5,10,6,0.1,0.30000000000000004,True
763,2,CLF_UNION,24,27,72,3,72,2,1,5,10,6,0.1,0.30000000000000004,True
764,2,ORD-UNION,9,12,28,3,28,2,1,5,10,6,0.1,0.30000000000000004,True
765,2,CARD,9,20,37,3,53,2,1,5,10,6,0.1,0.30000000000000004,False
766,2,CLF_UNION,24,27,72,3,72,2,1,5,10,6,0.1,0.30000000000000004,False
767,2,ORD-UNION,9,12,28,3,28,2,1,5,10,6,0.1,0.30000000000000004,False
768,2,CARD,12,15,35,3,55,2,1,5,10,6,0.1,0.30000000000000004,True
769,2,CLF_UNION,23,23,69,3,69,2,1,5,10,6,0.1,0.30000000000000004,True
770,2,ORD-UNION,12,12,31,3,31,2,1,5,10,6,0.1,0.30000000000000004,True
771,2,CARD,12,15,35,3,55,2,1,5,10,6,0.1,0.30000000000000004,False
772,2,CLF_UNION,23,23,69,3,69,2,1,5,10,6,0.1,0.30000000000000004,False
773,2,ORD-UNION,12,12,31,3,31,2,1,5,10,6,0.1,0.30000000000000004,False
774,2,CARD,11,17,35,3,55,2,1,5,10,6,0.1,0.30000000000000004,True
775,2,CLF_UNION,23,30,71,3,71,2,1,5,10,6,0.1,0.30000000000000004,True
776,2,ORD-UNION,8,15,29,3,29,2,1,5,10,6,0.1,0.30000000000000004,True
777,2,CARD,11,17,35,3,55,2,1,5,10,6,0.1,0.30000000000000004,False
778,2,CLF_UNION,23,30,71,3,71,2,1,5,10,6,0.1,0.30000000000000004,False
779,2,ORD-UNION,8,15,29,3,29,2,1,5,10,6,0.1,0.30000000000000004,False
780,3,CARD,21,10,40,6,50,9,4,5,10,6,0.1,0.30000000000000004,True
781,3,CLF_UNION,19,16,56,6,56,9,4,5,10,6,0.1,0.30000000000000004,True
782,3,ORD-UNION,0,0,0,6,0,9,4,5,10,6,0.1,0.30000000000000004,True
783,3,CARD,16,12,37,6,53,4,1,5,10,6,0.1,0.30000000000000004,False
784,3,CLF_UNION,20,17,59,6,59,4,1,5,10,6,0.1,0.30000000000000004,False
785,3,ORD-UNION,5,3,9,6,9,4,1,5,10,6,0.1,0.30000000000000004,False
786,3,CARD,27,6,38,6,52,4,1,5,10,6,0.1,0.30000000000000004,True
787,3,CLF_UNION,30,12,59,6,59,4,1,5,10,6,0.1,0.30000000000000004,True
788,3,ORD-UNION,6,3,11,6,11,4,1,5,10,6,0.1,0.30000000000000004,True
789,3,CARD,27,6,38,6,52,4,1,5,10,6,0.1,0.30000000000000004,False
790,3,CLF_UNION,30,12,59,6,59,4,1,5,10,6,0.1,0.30000000000000004,False
791,3,ORD-UNION,6,3,11,6,11,4,1,5,10,6,0.1,0.30000000000000004,False
792,3,CARD,21,15,41,6,49,4,1,5,10,6,0.1,0.30000000000000004,True
793,3,CLF_UNION,24,21,61,6,61,4,1,5,10,6,0.1,0.30000000000000004,True
794,3,ORD-UNION,8,6,14,6,14,4,1,5,10,6,0.1,0.30000000000000004,True
795,3,CARD,21,15,41,6,49,4,1,5,10,6,0.1,0.30000000000000004,False
796,3,CLF_UNION,24,21,61,6,61,4,1,5,10,6,0.1,0.30000000000000004,False
797,3,ORD-UNION,8,6,14,6,14,4,1,5,10,6,0.1,0.30000000000000004,False
798,3,CARD,28,2,38,6,51,4,1,5,10,6,0.1,0.30000000000000004,True
799,3,CLF_UNION,27,8,57,6,58,4,1,5,10,6,0.1,0.30000000000000004,True
800,3,ORD-UNION,11,1,15,6,16,4,1,5,10,6,0.1,0.30000000000000004,True
801,3,CARD,28,2,38,6,51,4,1,5,10,6,0.1,0.30000000000000004,False
802,3,CLF_UNION,27,8,57,6,58,4,1,5,10,6,0.1,0.30000000000000004,False
803,3,ORD-UNION,11,1,15,6,16,4,1,5,10,6,0.1,0.30000000000000004,False
804,3,CARD,23,12,42,6,48,4,1,5,10,6,0.1,0.30000000000000004,True
805,3,CLF_UNION,25,15,57,6,57,4,1,5,10,6,0.1,0.30000000000000004,True
806,3,ORD-UNION,5,3,10,6,10,4,1,5,10,6,0.1,0.30000000000000004,True
807,3,CARD,23,12,42,6,48,4,1,5,10,6,0.1,0.30000000000000004,False
808,3,CLF_UNION,25,15,57,6,57,4,1,5,10,6,0.1,0.30000000000000004,False
809,3,ORD-UNION,5,3,10,6,10,4,1,5,10,6,0.1,0.30000000000000004,False
810,4,CARD,17,8,37,9,52,9,4,5,10,6,0.1,0.30000000000000004,True
811,4,CLF_UNION,18,13,54,9,55,9,4,5,10,6,0.1,0.30000000000000004,True
812,4,ORD-UNION,0,0,0,9,1,9,4,5,10,6,0.1,0.30000000000000004,True
813,4,CARD,17,11,40,9,49,3,1,5,10,6,0.1,0.30000000000000004,False
814,4,CLF_UNION,18,16,58,9,59,3,1,5,10,6,0.1,0.30000000000000004,False
815,4,ORD-UNION,13,8,33,9,34,3,1,5,10,6,0.1,0.30000000000000004,False
816,4,CARD,28,6,40,9,50,3,1,5,10,6,0.1,0.30000000000000004,True
817,4,CLF_UNION,32,12,60,9,60,3,1,5,10,6,0.1,0.30000000000000004,True
818,4,ORD-UNION,21,6,33,9,33,3,1,5,10,6,0.1,0.30000000000000004,True
819,4,CARD,28,6,40,9,50,3,1,5,10,6,0.1,0.30000000000000004,False
820,4,CLF_UNION,32,12,60,9,60,3,1,5,10,6,0.1,0.30000000000000004,False
821,4,ORD-UNION,21,6,33,9,33,3,1,5,10,6,0.1,0.30000000000000004,False
822,4,CARD,24,10,41,9,49,3,1,5,10,6,0.1,0.30000000000000004,True
823,4,CLF_UNION,22,16,59,9,59,3,1,5,10,6,0.1,0.30000000000000004,True
824,4,ORD-UNION,16,10,33,9,33,3,1,5,10,6,0.1,0.30000000000000004,True
825,4,CARD,24,10,41,9,49,3,1,5,10,6,0.1,0.30000000000000004,False
826,4,CLF_UNION,22,16,59,9,59,3,1,5,10,6,0.1,0.30000000000000004,False
827,4,ORD-UNION,16,10,33,9,33,3,1,5,10,6,0.1,0.30000000000000004,False
828,4,CARD,26,9,41,9,49,3,1,5,10,6,0.1,0.30000000000000004,True
829,4,CLF_UNION,25,16,59,9,59,3,1,5,10,6,0.1,0.30000000000000004,True
830,4,ORD-UNION,20,9,35,9,35,3,1,5,10,6,0.1,0.30000000000000004,True
831,4,CARD,26,9,41,9,49,3,1,5,10,6,0.1,0.30000000000000004,False
832,4,CLF_UNION,25,16,59,9,59,3,1,5,10,6,0.1,0.30000000000000004,False
833,4,ORD-UNION,20,9,35,9,35,3,1,5,10,6,0.1,0.30000000000000004,False
834,4,CARD,26,4,34,9,55,3,1,5,10,6,0.1,0.30000000000000004,True
835,4,CLF_UNION,34,14,64,9,65,3,1,5,10,6,0.1,0.30000000000000004,True
836,4,ORD-UNION,19,4,27,9,28,3,1,5,10,6,0.1,0.30000000000000004,True
837,4,CARD,26,4,34,9,55,3,1,5,10,6,0.1,0.30000000000000004,False
838,4,CLF_UNION,34,14,64,9,65,3,1,5,10,6,0.1,0.30000000000000004,False
839,4,ORD-UNION,19,4,27,9,28,3,1,5,10,6,0.1,0.30000000000000004,False
840,5,CARD,23,4,33,13,55,9,4,5,10,6,0.1,0.30000000000000004,True
841,5,CLF_UNION,28,8,53,13,55,9,4,5,10,6,0.1,0.30000000000000004,True
842,5,ORD-UNION,1,0,1,13,3,9,4,5,10,6,0.1,0.30000000000000004,True
843,5,CARD,24,10,37,13,51,3,1,5,10,6,0.1,0.30000000000000004,False
844,5,CLF_UNION,26,10,57,13,59,3,1,5,10,6,0.1,0.30000000000000004,False
845,5,ORD-UNION,24,10,37,13,39,3,1,5,10,6,0.1,0.30000000000000004,False
846,5,CARD,22,5,36,13,53,3,1,5,10,6,0.1,0.30000000000000004,True
847,5,CLF_UNION,29,9,58,13,59,3,1,5,10,6,0.1,0.30000000000000004,True
848,5,ORD-UNION,22,5,36,13,37,3,1,5,10,6,0.1,0.30000000000000004,True
849,5,CARD,22,5,36,13,53,3,1,5,10,6,0.1,0.30000000000000004,False
850,5,CLF_UNION,29,9,58,13,59,3,1,5,10,6,0.1,0.30000000000000004,False
851,5,ORD-UNION,22,5,36,13,37,3,1,5,10,6,0.1,0.30000000000000004,False
852,5,CARD,22,10,38,13,50,3,1,5,10,6,0.1,0.30000000000000004,True
853,5,CLF_UNION,26,12,56,13,58,3,1,5,10,6,0.1,0.30000000000000004,True
854,5,ORD-UNION,22,10,38,13,40,3,1,5,10,6,0.1,0.30000000000000004,True
855,5,CARD,22,10,38,13,50,3,1,5,10,6,0.1,0.30000000000000004,False
856,5,CLF_UNION,26,12,56,13,58,3,1,5,10,6,0.1,0.30000000000000004,False
857,5,ORD-UNION,22,10,38,13,40,3,1,5,10,6,0.1,0.30000000000000004,False
858,5,CARD,23,7,35,13,55,3,1,5,10,6,0.1,0.30000000000000004,True
859,5,CLF_UNION,32,11,60,13,60,3,1,5,10,6,0.1,0.30000000000000004,True
860,5,ORD-UNION,23,7,35,13,35,3,1,5,10,6,0.1,0.30000000000000004,True
861,5,CARD,23,7,35,13,55,3,1,5,10,6,0.1,0.30000000000000004,False
862,5,CLF_UNION,32,11,60,13,60,3,1,5,10,6,0.1,0.30000000000000004,False
863,5,ORD-UNION,23,7,35,13,35,3,1,5,10,6,0.1,0.30000000000000004,False
864,5,CARD,25,6,38,13,52,3,1,5,10,6,0.1,0.30000000000000004,True
865,5,CLF_UNION,31,10,60,13,60,3,1,5,10,6,0.1,0.30000000000000004,True
866,5,ORD-UNION,25,6,38,13,38,3,1,5,10,6,0.1,0.30000000000000004,True
867,5,CARD,25,6,38,13,52,3,1,5,10,6,0.1,0.30000000000000004,False
868,5,CLF_UNION,31,10,60,13,60,3,1,5,10,6,0.1,0.30000000000000004,False
869,5,ORD-UNION,25,6,38,13,38,3,1,5,10,6,0.1,0.30000000000000004,False
870,6,CARD,19,13,39,19,50,9,4,5,10,6,0.1,0.30000000000000004,True
871,6,CLF_UNION,22,15,54,19,55,9,4,5,10,6,0.1,0.30000000000000004,True
872,6,ORD-UNION,1,0,1,19,2,9,4,5,10,6,0.1,0.30000000000000004,True
873,6,CARD,21,13,41,19,48,3,1,5,10,6,0.1,0.30000000000000004,False
874,6,CLF_UNION,24,16,57,19,58,3,1,5,10,6,0.1,0.30000000000000004,False
875,6,ORD-UNION,21,13,41,19,42,3,1,5,10,6,0.1,0.30000000000000004,False
876,6,CARD,21,5,43,19,47,3,1,5,10,6,0.1,0.30000000000000004,True
877,6,CLF_UNION,22,6,57,19,57,3,1,5,10,6,0.1,0.30000000000000004,True
878,6,ORD-UNION,21,5,43,19,43,3,1,5,10,6,0.1,0.30000000000000004,True
879,6,CARD,21,5,43,19,47,3,1,5,10,6,0.1,0.30000000000000004,False
880,6,CLF_UNION,22,6,57,19,57,3,1,5,10,6,0.1,0.30000000000000004,False
881,6,ORD-UNION,21,5,43,19,43,3,1,5,10,6,0.1,0.30000000000000004,False
882,6,CARD,20,9,40,19,50,3,1,5,10,6,0.1,0.30000000000000004,True
883,6,CLF_UNION,23,12,60,19,60,3,1,5,10,6,0.1,0.30000000000000004,True
884,6,ORD-UNION,20,9,40,19,40,3,1,5,10,6,0.1,0.30000000000000004,True
885,6,CARD,20,9,40,19,50,3,1,5,10,6,0.1,0.30000000000000004,False
886,6,CLF_UNION,23,12,60,19,60,3,1,5,10,6,0.1,0.30000000000000004,False
887,6,ORD-UNION,20,9,40,19,40,3,1,5,10,6,0.1,0.30000000000000004,False
888,6,CARD,24,8,38,19,49,3,1,5,10,6,0.1,0.30000000000000004,True
889,6,CLF_UNION,27,11,56,19,59,3,1,5,10,6,0.1,0.30000000000000004,True
890,6,ORD-UNION,24,8,38,19,41,3,1,5,10,6,0.1,0.30000000000000004,True
891,6,CARD,24,8,38,19,49,3,1,5,10,6,0.1,0.30000000000000004,False
892,6,CLF_UNION,27,11,56,19,59,3,1,5,10,6,0.1,0.30000000000000004,False
893,6,ORD-UNION,24,8,38,19,41,3,1,5,10,6,0.1,0.30000000000000004,False
894,6,CARD,26,6,43,19,47,3,1,5,10,6,0.1,0.30000000000000004,True
895,6,CLF_UNION,27,7,57,19,57,3,1,5,10,6,0.1,0.30000000000000004,True
896,6,ORD-UNION,26,6,43,19,43,3,1,5,10,6,0.1,0.30000000000000004,True
897,6,CARD,26,6,43,19,47,3,1,5,10,6,0.1,0.30000000000000004,False
898,6,CLF_UNION,27,7,57,19,57,3,1,5,10,6,0.1,0.30000000000000004,False
899,6,ORD-UNION,26,6,43,19,43,3,1,5,10,6,0.1,0.30000000000000004,False
900,7,CARD,31,2,43,24,46,9,4,5,10,6,0.1,0.30000000000000004,True
901,7,CLF_UNION,33,1,54,24,55,9,4,5,10,6,0.1,0.30000000000000004,True
902,7,ORD-UNION,11,0,12,24,13,9,4,5,10,6,0.1,0.30000000000000004,True
903,7,CARD,31,2,43,24,46,4,1,5,10,6,0.1,0.30000000000000004,False
904,7,CLF_UNION,32,4,56,24,57,4,1,5,10,6,0.1,0.30000000000000004,False
905,7,ORD-UNION,29,0,36,24,37,4,1,5,10,6,0.1,0.30000000000000004,False
906,7,CARD,35,2,44,24,46,4,1,5,10,6,0.1,0.30000000000000004,True
907,7,CLF_UNION,37,4,60,24,60,4,1,5,10,6,0.1,0.30000000000000004,True
908,7,ORD-UNION,33,1,38,24,38,4,1,5,10,6,0.1,0.30000000000000004,True
909,7,CARD,35,2,44,24,46,4,1,5,10,6,0.1,0.30000000000000004,False
910,7,CLF_UNION,37,4,60,24,60,4,1,5,10,6,0.1,0.30000000000000004,False
911,7,ORD-UNION,33,1,38,24,38,4,1,5,10,6,0.1,0.30000000000000004,False
912,7,CARD,27,11,44,24,46,4,1,5,10,6,0.1,0.30000000000000004,True
913,7,CLF_UNION,28,12,58,24,58,4,1,5,10,6,0.1,0.30000000000000004,True
914,7,ORD-UNION,27,11,44,24,44,4,1,5,10,6,0.1,0.30000000000000004,True
915,7,CARD,27,11,44,24,46,4,1,5,10,6,0.1,0.30000000000000004,False
916,7,CLF_UNION,28,12,58,24,58,4,1,5,10,6,0.1,0.30000000000000004,False
917,7,ORD-UNION,27,11,44,24,44,4,1,5,10,6,0.1,0.30000000000000004,False
918,7,CARD,28,12,43,24,47,4,1,5,10,6,0.1,0.30000000000000004,True
919,7,CLF_UNION,28,15,58,24,58,4,1,5,10,6,0.1,0.30000000000000004,True
920,7,ORD-UNION,26,12,39,24,39,4,1,5,10,6,0.1,0.30000000000000004,True
921,7,CARD,28,12,43,24,47,4,1,5,10,6,0.1,0.30000000000000004,False
922,7,CLF_UNION,28,15,58,24,58,4,1,5,10,6,0.1,0.30000000000000004,False
923,7,ORD-UNION,26,12,39,24,39,4,1,5,10,6,0.1,0.30000000000000004,False
924,7,CARD,18,3,39,24,47,4,1,5,10,6,0.1,0.30000000000000004,True
925,7,CLF_UNION,21,7,59,24,63,4,1,5,10,6,0.1,0.30000000000000004,True
926,7,ORD-UNION,17,3,38,24,42,4,1,5,10,6,0.1,0.30000000000000004,True
927,7,CARD,18,3,39,24,47,4,1,5,10,6,0.1,0.30000000000000004,False
928,7,CLF_UNION,21,7,59,24,63,4,1,5,10,6,0.1,0.30000000000000004,False
929,7,ORD-UNION,17,3,38,24,42,4,1,5,10,6,0.1,0.30000000000000004,False
930,8,CARD,30,11,42,31,48,9,4,5,10,6,0.1,0.30000000000000004,True
931,8,CLF_UNION,31,10,55,31,55,9,4,5,10,6,0.1,0.30000000000000004,True
932,8,ORD-UNION,26,0,26,31,26,9,4,5,10,6,0.1,0.30000000000000004,True
933,8,CARD,29,11,44,31,46,4,1,5,10,6,0.1,0.30000000000000004,False
934,8,CLF_UNION,32,13,59,31,59,4,1,5,10,6,0.1,0.30000000000000004,False
935,8,ORD-UNION,29,11,44,31,44,4,1,5,10,6,0.1,0.30000000000000004,False
936,8,CARD,32,0,39,31,48,4,1,5,10,6,0.1,0.30000000000000004,True
937,8,CLF_UNION,35,4,58,31,61,4,1,5,10,6,0.1,0.30000000000000004,True
938,8,ORD-UNION,31,0,36,31,39,4,1,5,10,6,0.1,0.30000000000000004,True
939,8,CARD,32,0,39,31,48,4,1,5,10,6,0.1,0.30000000000000004,False
940,8,CLF_UNION,35,4,58,31,61,4,1,5,10,6,0.1,0.30000000000000004,False
941,8,ORD-UNION,31,0,36,31,39,4,1,5,10,6,0.1,0.30000000000000004,False
942,8,CARD,37,2,43,31,46,4,1,5,10,6,0.1,0.30000000000000004,True
943,8,CLF_UNION,40,4,61,31,62,4,1,5,10,6,0.1,0.30000000000000004,True
944,8,ORD-UNION,34,2,39,31,40,4,1,5,10,6,0.1,0.30000000000000004,True
945,8,CARD,37,2,43,31,46,4,1,5,10,6,0.1,0.30000000000000004,False
946,8,CLF_UNION,40,4,61,31,62,4,1,5,10,6,0.1,0.30000000000000004,False
947,8,ORD-UNION,34,2,39,31,40,4,1,5,10,6,0.1,0.30000000000000004,False
948,8,CARD,26,8,39,31,48,4,1,5,10,6,0.1,0.30000000000000004,True
949,8,CLF_UNION,29,13,59,31,62,4,1,5,10,6,0.1,0.30000000000000004,True
950,8,ORD-UNION,26,8,39,31,42,4,1,5,10,6,0.1,0.30000000000000004,True
951,8,CARD,26,8,39,31,48,4,1,5,10,6,0.1,0.30000000000000004,False
952,8,CLF_UNION,29,13,59,31,62,4,1,5,10,6,0.1,0.30000000000000004,False
953,8,ORD-UNION,26,8,39,31,42,4,1,5,10,6,0.1,0.30000000000000004,False
954,8,CARD,24,5,41,31,47,4,1,5,10,6,0.1,0.30000000000000004,True
955,8,CLF_UNION,26,6,56,31,58,4,1,5,10,6,0.1,0.30000000000000004,True
956,8,ORD-UNION,24,4,40,31,42,4,1,5,10,6,0.1,0.30000000000000004,True
957,8,CARD,24,5,41,31,47,4,1,5,10,6,0.1,0.30000000000000004,False
958,8,CLF_UNION,26,6,56,31,58,4,1,5,10,6,0.1,0.30000000000000004,False
959,8,ORD-UNION,24,4,40,31,42,4,1,5,10,6,0.1,0.30000000000000004,False
960,9,CARD,25,11,41,38,46,9,4,5,10,6,0.1,0.30000000000000004,True
961,9,CLF_UNION,27,9,52,38,55,9,4,5,10,6,0.1,0.30000000000000004,True
962,9,ORD-UNION,21,0,22,38,25,9,4,5,10,6,0.1,0.30000000000000004,True
963,9,CARD,25,10,41,38,46,5,1,5,10,6,0.1,0.30000000000000004,False
964,9,CLF_UNION,25,12,53,38,56,5,1,5,10,6,0.1,0.30000000000000004,False
965,9,ORD-UNION,24,9,38,38,41,5,1,5,10,6,0.1,0.30000000000000004,False
966,9,CARD,26,12,43,38,46,5,1,5,10,6,0.1,0.30000000000000004,True
967,9,CLF_UNION,30,11,56,38,57,5,1,5,10,6,0.1,0.30000000000000004,True
968,9,ORD-UNION,26,10,39,38,40,5,1,5,10,6,0.1,0.30000000000000004,True
969,9,CARD,26,12,43,38,46,5,1,5,10,6,0.1,0.30000000000000004,False
970,9,CLF_UNION,30,11,56,38,57,5,1,5,10,6,0.1,0.30000000000000004,False
971,9,ORD-UNION,26,10,39,38,40,5,1,5,10,6,0.1,0.30000000000000004,False
972,9,CARD,33,3,41,38,46,5,1,5,10,6,0.1,0.30000000000000004,True
973,9,CLF_UNION,37,2,54,38,57,5,1,5,10,6,0.1,0.30000000000000004,True
974,9,ORD-UNION,32,1,38,38,41,5,1,5,10,6,0.1,0.30000000000000004,True
975,9,CARD,33,3,41,38,46,5,1,5,10,6,0.1,0.30000000000000004,False
976,9,CLF_UNION,37,2,54,38,57,5,1,5,10,6,0.1,0.30000000000000004,False
977,9,ORD-UNION,32,1,38,38,41,5,1,5,10,6,0.1,0.30000000000000004,False
978,9,CARD,31,3,42,38,46,5,1,5,10,6,0.1,0.30000000000000004,True
979,9,CLF_UNION,33,3,55,38,57,5,1,5,10,6,0.1,0.30000000000000004,True
980,9,ORD-UNION,29,1,34,38,36,5,1,5,10,6,0.1,0.30000000000000004,True
981,9,CARD,31,3,42,38,46,5,1,5,10,6,0.1,0.30000000000000004,False
982,9,CLF_UNION,33,3,55,38,57,5,1,5,10,6,0.1,0.30000000000000004,False
983,9,ORD-UNION,29,1,34,38,36,5,1,5,10,6,0.1,0.30000000000000004,False
984,9,CARD,23,3,44,38,46,5,1,5,10,6,0.1,0.30000000000000004,True
985,9,CLF_UNION,20,8,56,38,56,5,1,5,10,6,0.1,0.30000000000000004,True
986,9,ORD-UNION,17,1,31,38,31,5,1,5,10,6,0.1,0.30000000000000004,True
987,9,CARD,23,3,44,38,46,5,1,5,10,6,0.1,0.30000000000000004,False
988,9,CLF_UNION,20,8,56,38,56,5,1,5,10,6,0.1,0.30000000000000004,False
989,9,ORD-UNION,17,1,31,38,31,5,1,5,10,6,0.1,0.30000000000000004,False
990,10,CARD,23,2,35,45,48,9,4,5,10,6,0.1,0.30000000000000004,True
991,10,CLF_UNION,25,0,49,45,56,9,4,5,10,6,0.1,0.30000000000000004,True
992,10,ORD-UNION,15,0,21,45,28,9,4,5,10,6,0.1,0.30000000000000004,True
993,10,CARD,23,1,36,45,47,5,1,5,10,6,0.1,0.30000000000000004,False
994,10,CLF_UNION,24,4,51,45,58,5,1,5,10,6,0.1,0.30000000000000004,False
995,10,ORD-UNION,20,0,29,45,36,5,1,5,10,6,0.1,0.30000000000000004,False
996,10,CARD,20,11,38,45,47,5,1,5,10,6,0.1,0.30000000000000004,True
997,10,CLF_UNION,20,14,52,45,57,5,1,5,10,6,0.1,0.30000000000000004,True
998,10,ORD-UNION,19,10,35,45,40,5,1,5,10,6,0.1,0.30000000000000004,True
999,10,CARD,20,11,38,45,47,5,1,5,10,6,0.1,0.30000000000000004,False
1000,10,CLF_UNION,20,14,52,45,57,5,1,5,10,6,0.1,0.30000000000000004,False
1001,10,ORD-UNION,19,10,35,45,40,5,1,5,10,6,0.1,0.30000000000000004,False
1002,10,CARD,24,12,39,45,46,5,1,5,10,6,0.1,0.30000000000000004,True
1003,10,CLF_UNION,26,12,51,45,56,5,1,5,10,6,0.1,0.30000000000000004,True
1004,10,ORD-UNION,23,11,36,45,41,5,1,5,10,6,0.1,0.30000000000000004,True
1005,10,CARD,24,12,39,45,46,5,1,5,10,6,0.1,0.30000000000000004,False
1006,10,CLF_UNION,26,12,51,45,56,5,1,5,10,6,0.1,0.30000000000000004,False
1007,10,ORD-UNION,23,11,36,45,41,5,1,5,10,6,0.1,0.30000000000000004,False
1008,10,CARD,25,10,41,45,47,5,1,5,10,6,0.1,0.30000000000000004,True
1009,10,CLF_UNION,26,12,55,45,57,5,1,5,10,6,0.1,0.30000000000000004,True
1010,10,ORD-UNION,22,9,36,45,38,5,1,5,10,6,0.1,0.30000000000000004,True
1011,10,CARD,25,10,41,45,47,5,1,5,10,6,0.1,0.30000000000000004,False
1012,10,CLF_UNION,26,12,55,45,57,5,1,5,10,6,0.1,0.30000000000000004,False
1013,10,ORD-UNION,22,9,36,45,38,5,1,5,10,6,0.1,0.30000000000000004,False
1014,10,CARD,26,10,42,45,45,5,1,5,10,6,0.1,0.30000000000000004,True
1015,10,CLF_UNION,26,10,52,45,55,5,1,5,10,6,0.1,0.30000000000000004,True
1016,10,ORD-UNION,26,9,40,45,43,5,1,5,10,6,0.1,0.30000000000000004,True
1017,10,CARD,26,10,42,45,45,5,1,5,10,6,0.1,0.30000000000000004,False
1018,10,CLF_UNION,26,10,52,45,55,5,1,5,10,6,0.1,0.30000000000000004,False
1019,10,ORD-UNION,26,9,40,45,43,5,1,5,10,6,0.1,0.30000000000000004,False
1020,11,CARD,36,1,40,52,49,9,4,5,10,6,0.1,0.30000000000000004,True
1021,11,CLF_UNION,37,4,56,52,57,9,4,5,10,6,0.1,0.30000000000000004,True
1022,11,ORD-UNION,31,0,32,52,33,9,4,5,10,6,0.1,0.30000000000000004,True
1023,11,CARD,36,3,42,52,47,5,1,5,10,6,0.1,0.30000000000000004,False
1024,11,CLF_UNION,39,5,59,52,60,5,1,5,10,6,0.1,0.30000000000000004,False
1025,11,ORD-UNION,35,1,38,52,39,5,1,5,10,6,0.1,0.30000000000000004,False
1026,11,CARD,17,9,32,52,47,5,1,5,10,6,0.1,0.30000000000000004,True
1027,11,CLF_UNION,18,12,50,52,61,5,1,5,10,6,0.1,0.30000000000000004,True
1028,11,ORD-UNION,16,9,30,52,41,5,1,5,10,6,0.1,0.30000000000000004,True
1029,11,CARD,17,9,32,52,47,5,1,5,10,6,0.1,0.30000000000000004,False
1030,11,CLF_UNION,18,12,50,52,61,5,1,5,10,6,0.1,0.30000000000000004,False
1031,11,ORD-UNION,16,9,30,52,41,5,1,5,10,6,0.1,0.30000000000000004,False
1032,11,CARD,27,1,37,52,48,5,1,5,10,6,0.1,0.30000000000000004,True
1033,11,CLF_UNION,31,5,59,52,64,5,1,5,10,6,0.1,0.30000000000000004,True
1034,11,ORD-UNION,25,0,30,52,35,5,1,5,10,6,0.1,0.30000000000000004,True
1035,11,CARD,27,1,37,52,48,5,1,5,10,6,0.1,0.30000000000000004,False
1036,11,CLF_UNION,31,5,59,52,64,5,1,5,10,6,0.1,0.30000000000000004,False
1037,11,ORD-UNION,25,0,30,52,35,5,1,5,10,6,0.1,0.30000000000000004,False
1038,11,CARD,12,12,41,52,46,5,1,5,10,6,0.1,0.30000000000000004,True
1039,11,CLF_UNION,15,11,59,52,62,5,1,5,10,6,0.1,0.30000000000000004,True
1040,11,ORD-UNION,12,10,34,52,37,5,1,5,10,6,0.1,0.30000000000000004,True
1041,11,CARD,12,12,41,52,46,5,1,5,10,6,0.1,0.30000000000000004,False
1042,11,CLF_UNION,15,11,59,52,62,5,1,5,10,6,0.1,0.30000000000000004,False
1043,11,ORD-UNION,12,10,34,52,37,5,1,5,10,6,0.1,0.30000000000000004,False
1044,11,CARD,30,2,39,52,46,5,1,5,10,6,0.1,0.30000000000000004,True
1045,11,CLF_UNION,32,4,56,52,61,5,1,5,10,6,0.1,0.30000000000000004,True
1046,11,ORD-UNION,30,1,36,52,41,5,1,5,10,6,0.1,0.30000000000000004,True
1047,11,CARD,30,2,39,52,46,5,1,5,10,6,0.1,0.30000000000000004,False
1048,11,CLF_UNION,32,4,56,52,61,5,1,5,10,6,0.1,0.30000000000000004,False
1049,11,ORD-UNION,30,1,36,52,41,5,1,5,10,6,0.1,0.30000000000000004,False
1050,12,CARD,28,0,33,62,49,9,4,5,10,6,0.1,0.30000000000000004,True
1051,12,CLF_UNION,29,2,49,62,57,9,4,5,10,6,0.1,0.30000000000000004,True
1052,12,ORD-UNION,26,0,29,62,37,9,4,5,10,6,0.1,0.30000000000000004,True
1053,12,CARD,28,1,35,62,47,5,1,5,10,6,0.1,0.30000000000000004,False
1054,12,CLF_UNION,30,1,50,62,58,5,1,5,10,6,0.1,0.30000000000000004,False
1055,12,ORD-UNION,27,0,31,62,39,5,1,5,10,6,0.1,0.30000000000000004,False
1056,12,CARD,30,2,43,62,46,5,1,5,10,6,0.1,0.30000000000000004,True
1057,12,CLF_UNION,32,5,59,62,60,5,1,5,10,6,0.1,0.30000000000000004,True
1058,12,ORD-UNION,28,1,38,62,39,5,1,5,10,6,0.1,0.30000000000000004,True
1059,12,CARD,30,2,43,62,46,5,1,5,10,6,0.1,0.30000000000000004,False
1060,12,CLF_UNION,32,5,59,62,60,5,1,5,10,6,0.1,0.30000000000000004,False
1061,12,ORD-UNION,28,1,38,62,39,5,1,5,10,6,0.1,0.30000000000000004,False
1062,12,CARD,27,10,43,62,46,5,1,5,10,6,0.1,0.30000000000000004,True
1063,12,CLF_UNION,28,13,59,62,60,5,1,5,10,6,0.1,0.30000000000000004,True
1064,12,ORD-UNION,22,9,33,62,34,5,1,5,10,6,0.1,0.30000000000000004,True
1065,12,CARD,27,10,43,62,46,5,1,5,10,6,0.1,0.30000000000000004,False
1066,12,CLF_UNION,28,13,59,62,60,5,1,5,10,6,0.1,0.30000000000000004,False
1067,12,ORD-UNION,22,9,33,62,34,5,1,5,10,6,0.1,0.30000000000000004,False
1068,12,CARD,22,2,31,62,46,5,1,5,10,6,0.1,0.30000000000000004,True
1069,12,CLF_UNION,25,2,45,62,58,5,1,5,10,6,0.1,0.30000000000000004,True
1070,12,ORD-UNION,22,0,29,62,42,5,1,5,10,6,0.1,0.30000000000000004,True
1071,12,CARD,22,2,31,62,46,5,1,5,10,6,0.1,0.30000000000000004,False
1072,12,CLF_UNION,25,2,45,62,58,5,1,5,10,6,0.1,0.30000000000000004,False
1073,12,ORD-UNION,22,0,29,62,42,5,1,5,10,6,0.1,0.30000000000000004,False
1074,12,CARD,22,11,40,62,45,5,1,5,10,6,0.1,0.30000000000000004,True
1075,12,CLF_UNION,24,9,50,62,55,5,1,5,10,6,0.1,0.30000000000000004,True
1076,12,ORD-UNION,22,10,36,62,41,5,1,5,10,6,0.1,0.30000000000000004,True
1077,12,CARD,22,11,40,62,45,5,1,5,10,6,0.1,0.30000000000000004,False
1078,12,CLF_UNION,24,9,50,62,55,5,1,5,10,6,0.1,0.30000000000000004,False
1079,12,ORD-UNION,22,10,36,62,41,5,1,5,10,6,0.1,0.30000000000000004,False
1080,13,CARD,14,10,30,72,47,9,4,5,10,6,0.1,0.30000000000000004,True
1081,13,CLF_UNION,17,9,42,72,55,9,4,5,10,6,0.1,0.30000000000000004,True
1082,13,ORD-UNION,13,1,19,72,32,9,4,5,10,6,0.1,0.30000000000000004,True
1083,13,CARD,13,9,26,72,51,9,2,5,10,6,0.1,0.30000000000000004,False
1084,13,CLF_UNION,17,10,43,72,56,9,2,5,10,6,0.1,0.30000000000000004,False
1085,13,ORD-UNION,11,7,20,72,33,9,2,5,10,6,0.1,0.30000000000000004,False
1086,13,CARD,26,9,40,72,48,9,2,5,10,6,0.1,0.30000000000000004,True
1087,13,CLF_UNION,27,9,54,72,56,9,2,5,10,6,0.1,0.30000000000000004,True
1088,13,ORD-UNION,8,4,12,72,14,9,2,5,10,6,0.1,0.30000000000000004,True
1089,13,CARD,26,9,40,72,48,9,2,5,10,6,0.1,0.30000000000000004,False
1090,13,CLF_UNION,27,9,54,72,56,9,2,5,10,6,0.1,0.30000000000000004,False
1091,13,ORD-UNION,8,4,12,72,14,9,2,5,10,6,0.1,0.30000000000000004,False
1092,13,CARD,22,2,30,72,49,9,2,5,10,6,0.1,0.30000000000000004,True
1093,13,CLF_UNION,25,1,46,72,57,9,2,5,10,6,0.1,0.30000000000000004,True
1094,13,ORD-UNION,13,0,14,72,25,9,2,5,10,6,0.1,0.30000000000000004,True
1095,13,CARD,22,2,30,72,49,9,2,5,10,6,0.1,0.30000000000000004,False
1096,13,CLF_UNION,25,1,46,72,57,9,2,5,10,6,0.1,0.30000000000000004,False
1097,13,ORD-UNION,13,0,14,72,25,9,2,5,10,6,0.1,0.30000000000000004,False
1098,13,CARD,35,0,38,72,47,9,2,5,10,6,0.1,0.30000000000000004,True
1099,13,CLF_UNION,35,0,52,72,57,9,2,5,10,6,0.1,0.30000000000000004,True
1100,13,ORD-UNION,32,0,34,72,39,9,2,5,10,6,0.1,0.30000000000000004,True
1101,13,CARD,35,0,38,72,47,9,2,5,10,6,0.1,0.30000000000000004,False
1102,13,CLF_UNION,35,0,52,72,57,9,2,5,10,6,0.1,0.30000000000000004,False
1103,13,ORD-UNION,32,0,34,72,39,9,2,5,10,6,0.1,0.30000000000000004,False
1104,13,CARD,31,0,37,72,51,9,2,5,10,6,0.1,0.30000000000000004,True
1105,13,CLF_UNION,34,1,54,72,56,9,2,5,10,6,0.1,0.30000000000000004,True
1106,13,ORD-UNION,20,0,20,72,22,9,2,5,10,6,0.1,0.30000000000000004,True
1107,13,CARD,31,0,37,72,51,9,2,5,10,6,0.1,0.30000000000000004,False
1108,13,CLF_UNION,34,1,54,72,56,9,2,5,10,6,0.1,0.30000000000000004,False
1109,13,ORD-UNION,20,0,20,72,22,9,2,5,10,6,0.1,0.30000000000000004,False
1110,14,CARD,25,9,38,82,47,9,4,5,10,6,0.1,0.30000000000000004,True
1111,14,CLF_UNION,26,9,53,82,58,9,4,5,10,6,0.1,0.30000000000000004,True
1112,14,ORD-UNION,20,0,20,82,25,9,4,5,10,6,0.1,0.30000000000000004,True
1113,14,CARD,24,9,37,82,48,9,2,5,10,6,0.1,0.30000000000000004,False
1114,14,CLF_UNION,26,9,51,82,56,9,2,5,10,6,0.1,0.30000000000000004,False
1115,14,ORD-UNION,14,9,24,82,29,9,2,5,10,6,0.1,0.30000000000000004,False
1116,14,CARD,19,9,33,82,49,9,2,5,10,6,0.1,0.30000000000000004,True
1117,14,CLF_UNION,21,9,47,82,55,9,2,5,10,6,0.1,0.30000000000000004,True
1118,14,ORD-UNION,18,8,28,82,36,9,2,5,10,6,0.1,0.30000000000000004,True
1119,14,CARD,19,9,33,82,49,9,2,5,10,6,0.1,0.30000000000000004,False
1120,14,CLF_UNION,21,9,47,82,55,9,2,5,10,6,0.1,0.30000000000000004,False
1121,14,ORD-UNION,18,8,28,82,36,9,2,5,10,6,0.1,0.30000000000000004,False
1122,14,CARD,15,11,31,82,50,9,2,5,10,6,0.1,0.30000000000000004,True
1123,14,CLF_UNION,18,9,48,82,57,9,2,5,10,6,0.1,0.30000000000000004,True
1124,14,ORD-UNION,11,9,20,82,29,9,2,5,10,6,0.1,0.30000000000000004,True
1125,14,CARD,15,11,31,82,50,9,2,5,10,6,0.1,0.30000000000000004,False
1126,14,CLF_UNION,18,9,48,82,57,9,2,5,10,6,0.1,0.30000000000000004,False
1127,14,ORD-UNION,11,9,20,82,29,9,2,5,10,6,0.1,0.30000000000000004,False
1128,14,CARD,26,3,34,82,47,9,2,5,10,6,0.1,0.30000000000000004,True
1129,14,CLF_UNION,29,2,47,82,56,9,2,5,10,6,0.1,0.30000000000000004,True
1130,14,ORD-UNION,16,0,17,82,26,9,2,5,10,6,0.1,0.30000000000000004,True
1131,14,CARD,26,3,34,82,47,9,2,5,10,6,0.1,0.30000000000000004,False
1132,14,CLF_UNION,29,2,47,82,56,9,2,5,10,6,0.1,0.30000000000000004,False
1133,14,ORD-UNION,16,0,17,82,26,9,2,5,10,6,0.1,0.30000000000000004,False
1134,14,CARD,25,2,34,82,48,9,2,5,10,6,0.1,0.30000000000000004,True
1135,14,CLF_UNION,29,1,49,82,57,9,2,5,10,6,0.1,0.30000000000000004,True
1136,14,ORD-UNION,16,0,16,82,24,9,2,5,10,6,0.1,0.30000000000000004,True
1137,14,CARD,25,2,34,82,48,9,2,5,10,6,0.1,0.30000000000000004,False
1138,14,CLF_UNION,29,1,49,82,57,9,2,5,10,6,0.1,0.30000000000000004,False
1139,14,ORD-UNION,16,0,16,82,24,9,2,5,10,6,0.1,0.30000000000000004,False
1140,15,CARD,23,1,34,97,47,9,4,5,10,6,0.1,0.30000000000000004,True
1141,15,CLF_UNION,26,0,46,97,55,9,4,5,10,6,0.1,0.30000000000000004,True
1142,15,ORD-UNION,21,0,25,97,34,9,4,5,10,6,0.1,0.30000000000000004,True
1143,15,CARD,23,1,34,97,47,9,2,5,10,6,0.1,0.30000000000000004,False
1144,15,CLF_UNION,26,0,46,97,55,9,2,5,10,6,0.1,0.30000000000000004,False
1145,15,ORD-UNION,16,0,19,97,28,9,2,5,10,6,0.1,0.30000000000000004,False
1146,15,CARD,17,2,26,97,50,9,2,5,10,6,0.1,0.30000000000000004,True
1147,15,CLF_UNION,21,0,43,97,57,9,2,5,10,6,0.1,0.30000000000000004,True
1148,15,ORD-UNION,13,0,14,97,28,9,2,5,10,6,0.1,0.30000000000000004,True
1149,15,CARD,17,2,26,97,50,9,2,5,10,6,0.1,0.30000000000000004,False
1150,15,CLF_UNION,21,0,43,97,57,9,2,5,10,6,0.1,0.30000000000000004,False
1151,15,ORD-UNION,13,0,14,97,28,9,2,5,10,6,0.1,0.30000000000000004,False
1152,15,CARD,26,2,36,97,49,9,2,5,10,6,0.1,0.30000000000000004,True
1153,15,CLF_UNION,29,2,52,97,57,9,2,5,10,6,0.1,0.30000000000000004,True
1154,15,ORD-UNION,21,0,22,97,27,9,2,5,10,6,0.1,0.30000000000000004,True
1155,15,CARD,26,2,36,97,49,9,2,5,10,6,0.1,0.30000000000000004,False
1156,15,CLF_UNION,29,2,52,97,57,9,2,5,10,6,0.1,0.30000000000000004,False
1157,15,ORD-UNION,21,0,22,97,27,9,2,5,10,6,0.1,0.30000000000000004,False
1158,15,CARD,26,0,35,97,47,9,2,5,10,6,0.1,0.30000000000000004,True
1159,15,CLF_UNION,26,0,47,97,55,9,2,5,10,6,0.1,0.30000000000000004,True
1160,15,ORD-UNION,16,0,17,97,25,9,2,5,10,6,0.1,0.30000000000000004,True
1161,15,CARD,26,0,35,97,47,9,2,5,10,6,0.1,0.30000000000000004,False
1162,15,CLF_UNION,26,0,47,97,55,9,2,5,10,6,0.1,0.30000000000000004,False
1163,15,ORD-UNION,16,0,17,97,25,9,2,5,10,6,0.1,0.30000000000000004,False
1164,15,CARD,29,9,41,97,47,9,2,5,10,6,0.1,0.30000000000000004,True
1165,15,CLF_UNION,29,9,53,97,55,9,2,5,10,6,0.1,0.30000000000000004,True
1166,15,ORD-UNION,26,8,35,97,37,9,2,5,10,6,0.1,0.30000000000000004,True
1167,15,CARD,29,9,41,97,47,9,2,5,10,6,0.1,0.30000000000000004,False
1168,15,CLF_UNION,29,9,53,97,55,9,2,5,10,6,0.1,0.30000000000000004,False
1169,15,ORD-UNION,26,8,35,97,37,9,2,5,10,6,0.1,0.30000000000000004,False
1170,16,CARD,26,1,35,112,46,9,4,5,10,6,0.1,0.30000000000000004,True
1171,16,CLF_UNION,27,0,46,112,55,9,4,5,10,6,0.1,0.30000000000000004,True
1172,16,ORD-UNION,25,0,25,112,34,9,4,5,10,6,0.1,0.30000000000000004,True
1173,16,CARD,25,2,35,112,46,9,2,5,10,6,0.1,0.30000000000000004,False
1174,16,CLF_UNION,27,1,48,112,56,9,2,5,10,6,0.1,0.30000000000000004,False
1175,16,ORD-UNION,25,1,31,112,40,9,2,5,10,6,0.1,0.30000000000000004,False
1176,16,CARD,23,3,30,112,46,9,2,5,10,6,0.1,0.30000000000000004,True
1177,16,CLF_UNION,21,9,46,112,57,9,2,5,10,6,0.1,0.30000000000000004,True
1178,16,ORD-UNION,21,2,26,112,40,9,2,5,10,6,0.1,0.30000000000000004,True
1179,16,CARD,23,3,30,112,46,9,2,5,10,6,0.1,0.30000000000000004,False
1180,16,CLF_UNION,21,9,46,112,57,9,2,5,10,6,0.1,0.30000000000000004,False
1181,16,ORD-UNION,21,2,26,112,40,9,2,5,10,6,0.1,0.30000000000000004,False
1182,16,CARD,24,1,31,112,46,9,2,5,10,6,0.1,0.30000000000000004,True
1183,16,CLF_UNION,19,14,50,112,57,9,2,5,10,6,0.1,0.30000000000000004,True
1184,16,ORD-UNION,21,0,27,112,40,9,2,5,10,6,0.1,0.30000000000000004,True
1185,16,CARD,24,1,31,112,46,9,2,5,10,6,0.1,0.30000000000000004,False
1186,16,CLF_UNION,19,14,50,112,57,9,2,5,10,6,0.1,0.30000000000000004,False
1187,16,ORD-UNION,21,0,27,112,40,9,2,5,10,6,0.1,0.30000000000000004,False
1188,16,CARD,20,4,33,112,48,9,2,5,10,6,0.1,0.30000000000000004,True
1189,16,CLF_UNION,21,5,49,112,58,9,2,5,10,6,0.1,0.30000000000000004,True
1190,16,ORD-UNION,20,1,27,112,36,9,2,5,10,6,0.1,0.30000000000000004,True
1191,16,CARD,20,4,33,112,48,9,2,5,10,6,0.1,0.30000000000000004,False
1192,16,CLF_UNION,21,5,49,112,58,9,2,5,10,6,0.1,0.30000000000000004,False
1193,16,ORD-UNION,20,1,27,112,36,9,2,5,10,6,0.1,0.30000000000000004,False
1194,16,CARD,23,3,36,112,45,9,2,5,10,6,0.1,0.30000000000000004,True
1195,16,CLF_UNION,20,10,50,112,55,9,2,5,10,6,0.1,0.30000000000000004,True
1196,16,ORD-UNION,21,0,30,112,39,9,2,5,10,6,0.1,0.30000000000000004,True
1197,16,CARD,23,3,36,112,45,9,2,5,10,6,0.1,0.30000000000000004,False
1198,16,CLF_UNION,20,10,50,112,55,9,2,5,10,6,0.1,0.30000000000000004,False
1199,16,ORD-UNION,21,0,30,112,39,9,2,5,10,6,0.1,0.30000000000000004,False
