,budget,model,correct,wrong,total,n_pref_input,n_pref_output,theta_size,theta_additivity,n_items,n_test_subsets,n_tiers,alpha,p,real theta
0,1,CARD,6,8,25,1,65,9,3,5,10,3,0.1,0.30000000000000004,True
1,1,CLF_UNION,23,11,73,1,73,9,3,5,10,3,0.1,0.30000000000000004,True
2,1,ORD-UNION,0,0,0,1,0,9,3,5,10,3,0.1,0.30000000000000004,True
3,1,CARD,6,8,25,1,65,1,1,5,10,3,0.1,0.30000000000000004,False
4,1,CLF_UNION,19,21,75,1,75,1,1,5,10,3,0.1,0.30000000000000004,False
5,1,ORD-UNION,6,8,25,1,25,1,1,5,10,3,0.1,0.30000000000000004,False
6,1,CARD,12,2,21,1,69,1,1,5,10,3,0.1,0.30000000000000004,True
7,1,CLF_UNION,29,19,79,1,79,1,1,5,10,3,0.1,0.30000000000000004,True
8,1,ORD-UNION,12,2,21,1,21,1,1,5,10,3,0.1,0.30000000000000004,True
9,1,CARD,12,2,21,1,69,1,1,5,10,3,0.1,0.30000000000000004,False
10,1,CLF_UNION,29,19,79,1,79,1,1,5,10,3,0.1,0.30000000000000004,False
11,1,ORD-UNION,12,2,21,1,21,1,1,5,10,3,0.1,0.30000000000000004,False
12,1,CARD,9,5,21,1,69,1,1,5,10,3,0.1,0.30000000000000004,True
13,1,CLF_UNION,27,23,79,1,79,1,1,5,10,3,0.1,0.30000000000000004,True
14,1,ORD-UNION,9,5,21,1,21,1,1,5,10,3,0.1,0.30000000000000004,True
15,1,CARD,9,5,21,1,69,1,1,5,10,3,0.1,0.30000000000000004,False
16,1,CLF_UNION,27,23,79,1,79,1,1,5,10,3,0.1,0.30000000000000004,False
17,1,ORD-UNION,9,5,21,1,21,1,1,5,10,3,0.1,0.30000000000000004,False
18,1,CARD,6,11,21,1,69,1,1,5,10,3,0.1,0.30000000000000004,True
19,1,CLF_UNION,22,27,79,1,79,1,1,5,10,3,0.1,0.30000000000000004,True
20,1,ORD-UNION,6,11,21,1,21,1,1,5,10,3,0.1,0.30000000000000004,True
21,1,CARD,6,11,21,1,69,1,1,5,10,3,0.1,0.30000000000000004,False
22,1,CLF_UNION,22,27,79,1,79,1,1,5,10,3,0.1,0.30000000000000004,False
23,1,ORD-UNION,6,11,21,1,21,1,1,5,10,3,0.1,0.30000000000000004,False
24,1,CARD,6,9,21,1,69,1,1,5,10,3,0.1,0.30000000000000004,True
25,1,CLF_UNION,27,30,79,1,79,1,1,5,10,3,0.1,0.30000000000000004,True
26,1,ORD-UNION,6,9,21,1,21,1,1,5,10,3,0.1,0.30000000000000004,True
27,1,CARD,6,9,21,1,69,1,1,5,10,3,0.1,0.30000000000000004,False
28,1,CLF_UNION,27,30,79,1,79,1,1,5,10,3,0.1,0.30000000000000004,False
29,1,ORD-UNION,6,9,21,1,21,1,1,5,10,3,0.1,0.30000000000000004,False
30,2,CARD,21,5,36,3,54,9,3,5,10,3,0.1,0.30000000000000004,True
31,2,CLF_UNION,32,5,65,3,65,9,3,5,10,3,0.1,0.30000000000000004,True
32,2,ORD-UNION,0,0,0,3,0,9,3,5,10,3,0.1,0.30000000000000004,True
33,2,CARD,23,4,33,3,57,2,1,5,10,3,0.1,0.30000000000000004,False
34,2,CLF_UNION,30,18,79,3,79,2,1,5,10,3,0.1,0.30000000000000004,False
35,2,ORD-UNION,23,4,33,3,33,2,1,5,10,3,0.1,0.30000000000000004,False
36,2,CARD,22,4,37,3,53,2,1,5,10,3,0.1,0.30000000000000004,True
37,2,CLF_UNION,31,17,76,3,76,2,1,5,10,3,0.1,0.30000000000000004,True
38,2,ORD-UNION,22,4,37,3,37,2,1,5,10,3,0.1,0.30000000000000004,True
39,2,CARD,22,4,37,3,53,2,1,5,10,3,0.1,0.30000000000000004,False
40,2,CLF_UNION,31,17,76,3,76,2,1,5,10,3,0.1,0.30000000000000004,False
41,2,ORD-UNION,22,4,37,3,37,2,1,5,10,3,0.1,0.30000000000000004,False
42,2,CARD,12,15,35,3,55,2,1,5,10,3,0.1,0.30000000000000004,True
43,2,CLF_UNION,25,21,76,3,76,2,1,5,10,3,0.1,0.30000000000000004,True
44,2,ORD-UNION,12,15,35,3,35,2,1,5,10,3,0.1,0.30000000000000004,True
45,2,CARD,12,15,35,3,55,2,1,5,10,3,0.1,0.30000000000000004,False
46,2,CLF_UNION,25,21,76,3,76,2,1,5,10,3,0.1,0.30000000000000004,False
47,2,ORD-UNION,12,15,35,3,35,2,1,5,10,3,0.1,0.30000000000000004,False
48,2,CARD,23,4,37,3,53,2,1,5,10,3,0.1,0.30000000000000004,True
49,2,CLF_UNION,27,15,75,3,75,2,1,5,10,3,0.1,0.30000000000000004,True
50,2,ORD-UNION,23,4,37,3,37,2,1,5,10,3,0.1,0.30000000000000004,True
51,2,CARD,23,4,37,3,53,2,1,5,10,3,0.1,0.30000000000000004,False
52,2,CLF_UNION,27,15,75,3,75,2,1,5,10,3,0.1,0.30000000000000004,False
53,2,ORD-UNION,23,4,37,3,37,2,1,5,10,3,0.1,0.30000000000000004,False
54,2,CARD,16,8,35,3,54,2,1,5,10,3,0.1,0.30000000000000004,True
55,2,CLF_UNION,24,21,75,3,76,2,1,5,10,3,0.1,0.30000000000000004,True
56,2,ORD-UNION,16,8,35,3,36,2,1,5,10,3,0.1,0.30000000000000004,True
57,2,CARD,16,8,35,3,54,2,1,5,10,3,0.1,0.30000000000000004,False
58,2,CLF_UNION,24,21,75,3,76,2,1,5,10,3,0.1,0.30000000000000004,False
59,2,ORD-UNION,16,8,35,3,36,2,1,5,10,3,0.1,0.30000000000000004,False
60,3,CARD,22,0,31,5,57,9,3,5,10,3,0.1,0.30000000000000004,True
61,3,CLF_UNION,27,2,59,5,61,9,3,5,10,3,0.1,0.30000000000000004,True
62,3,ORD-UNION,1,0,2,5,4,9,3,5,10,3,0.1,0.30000000000000004,True
63,3,CARD,20,3,33,5,55,3,1,5,10,3,0.1,0.30000000000000004,False
64,3,CLF_UNION,27,7,69,5,71,3,1,5,10,3,0.1,0.30000000000000004,False
65,3,ORD-UNION,16,0,21,5,23,3,1,5,10,3,0.1,0.30000000000000004,False
66,3,CARD,17,13,37,5,53,3,1,5,10,3,0.1,0.30000000000000004,True
67,3,CLF_UNION,27,17,69,5,69,3,1,5,10,3,0.1,0.30000000000000004,True
68,3,ORD-UNION,16,8,27,5,27,3,1,5,10,3,0.1,0.30000000000000004,True
69,3,CARD,17,13,37,5,53,3,1,5,10,3,0.1,0.30000000000000004,False
70,3,CLF_UNION,27,17,69,5,69,3,1,5,10,3,0.1,0.30000000000000004,False
71,3,ORD-UNION,16,8,27,5,27,3,1,5,10,3,0.1,0.30000000000000004,False
72,3,CARD,17,13,39,5,51,3,1,5,10,3,0.1,0.30000000000000004,True
73,3,CLF_UNION,27,17,69,5,69,3,1,5,10,3,0.1,0.30000000000000004,True
74,3,ORD-UNION,14,8,27,5,27,3,1,5,10,3,0.1,0.30000000000000004,True
75,3,CARD,17,13,39,5,51,3,1,5,10,3,0.1,0.30000000000000004,False
76,3,CLF_UNION,27,17,69,5,69,3,1,5,10,3,0.1,0.30000000000000004,False
77,3,ORD-UNION,14,8,27,5,27,3,1,5,10,3,0.1,0.30000000000000004,False
78,3,CARD,22,9,37,5,53,3,1,5,10,3,0.1,0.30000000000000004,True
79,3,CLF_UNION,24,10,64,5,64,3,1,5,10,3,0.1,0.30000000000000004,True
80,3,ORD-UNION,22,8,33,5,33,3,1,5,10,3,0.1,0.30000000000000004,True
81,3,CARD,22,9,37,5,53,3,1,5,10,3,0.1,0.30000000000000004,False
82,3,CLF_UNION,24,10,64,5,64,3,1,5,10,3,0.1,0.30000000000000004,False
83,3,ORD-UNION,22,8,33,5,33,3,1,5,10,3,0.1,0.30000000000000004,False
84,3,CARD,14,14,39,5,51,3,1,5,10,3,0.1,0.30000000000000004,True
85,3,CLF_UNION,24,16,68,5,68,3,1,5,10,3,0.1,0.30000000000000004,True
86,3,ORD-UNION,12,8,26,5,26,3,1,5,10,3,0.1,0.30000000000000004,True
87,3,CARD,14,14,39,5,51,3,1,5,10,3,0.1,0.30000000000000004,False
88,3,CLF_UNION,24,16,68,5,68,3,1,5,10,3,0.1,0.30000000000000004,False
89,3,ORD-UNION,12,8,26,5,26,3,1,5,10,3,0.1,0.30000000000000004,False
90,4,CARD,24,8,41,9,49,9,3,5,10,3,0.1,0.30000000000000004,True
91,4,CLF_UNION,26,9,55,9,55,9,3,5,10,3,0.1,0.30000000000000004,True
92,4,ORD-UNION,1,0,2,9,2,9,3,5,10,3,0.1,0.30000000000000004,True
93,4,CARD,24,9,42,9,48,3,1,5,10,3,0.1,0.30000000000000004,False
94,4,CLF_UNION,26,15,64,9,64,3,1,5,10,3,0.1,0.30000000000000004,False
95,4,ORD-UNION,20,9,37,9,37,3,1,5,10,3,0.1,0.30000000000000004,False
96,4,CARD,25,2,41,9,49,3,1,5,10,3,0.1,0.30000000000000004,True
97,4,CLF_UNION,28,7,73,9,73,3,1,5,10,3,0.1,0.30000000000000004,True
98,4,ORD-UNION,21,2,29,9,29,3,1,5,10,3,0.1,0.30000000000000004,True
99,4,CARD,25,2,41,9,49,3,1,5,10,3,0.1,0.30000000000000004,False
100,4,CLF_UNION,28,7,73,9,73,3,1,5,10,3,0.1,0.30000000000000004,False
101,4,ORD-UNION,21,2,29,9,29,3,1,5,10,3,0.1,0.30000000000000004,False
102,4,CARD,24,4,39,9,50,3,1,5,10,3,0.1,0.30000000000000004,True
103,4,CLF_UNION,30,10,70,9,71,3,1,5,10,3,0.1,0.30000000000000004,True
104,4,ORD-UNION,17,0,23,9,24,3,1,5,10,3,0.1,0.30000000000000004,True
105,4,CARD,24,4,39,9,50,3,1,5,10,3,0.1,0.30000000000000004,False
106,4,CLF_UNION,30,10,70,9,71,3,1,5,10,3,0.1,0.30000000000000004,False
107,4,ORD-UNION,17,0,23,9,24,3,1,5,10,3,0.1,0.30000000000000004,False
108,4,CARD,19,4,40,9,49,3,1,5,10,3,0.1,0.30000000000000004,True
109,4,CLF_UNION,26,10,68,9,69,3,1,5,10,3,0.1,0.30000000000000004,True
110,4,ORD-UNION,17,2,32,9,33,3,1,5,10,3,0.1,0.30000000000000004,True
111,4,CARD,19,4,40,9,49,3,1,5,10,3,0.1,0.30000000000000004,False
112,4,CLF_UNION,26,10,68,9,69,3,1,5,10,3,0.1,0.30000000000000004,False
113,4,ORD-UNION,17,2,32,9,33,3,1,5,10,3,0.1,0.30000000000000004,False
114,4,CARD,17,11,42,9,48,3,1,5,10,3,0.1,0.30000000000000004,True
115,4,CLF_UNION,20,15,68,9,68,3,1,5,10,3,0.1,0.30000000000000004,True
116,4,ORD-UNION,15,11,36,9,36,3,1,5,10,3,0.1,0.30000000000000004,True
117,4,CARD,17,11,42,9,48,3,1,5,10,3,0.1,0.30000000000000004,False
118,4,CLF_UNION,20,15,68,9,68,3,1,5,10,3,0.1,0.30000000000000004,False
119,4,ORD-UNION,15,11,36,9,36,3,1,5,10,3,0.1,0.30000000000000004,False
120,5,CARD,16,8,33,13,54,9,3,5,10,3,0.1,0.30000000000000004,True
121,5,CLF_UNION,18,11,52,13,55,9,3,5,10,3,0.1,0.30000000000000004,True
122,5,ORD-UNION,3,0,3,13,6,9,3,5,10,3,0.1,0.30000000000000004,True
123,5,CARD,16,8,33,13,54,3,1,5,10,3,0.1,0.30000000000000004,False
124,5,CLF_UNION,20,13,58,13,61,3,1,5,10,3,0.1,0.30000000000000004,False
125,5,ORD-UNION,13,8,30,13,33,3,1,5,10,3,0.1,0.30000000000000004,False
126,5,CARD,21,9,39,13,50,3,1,5,10,3,0.1,0.30000000000000004,True
127,5,CLF_UNION,25,12,57,13,58,3,1,5,10,3,0.1,0.30000000000000004,True
128,5,ORD-UNION,17,4,27,13,28,3,1,5,10,3,0.1,0.30000000000000004,True
129,5,CARD,21,9,39,13,50,3,1,5,10,3,0.1,0.30000000000000004,False
130,5,CLF_UNION,25,12,57,13,58,3,1,5,10,3,0.1,0.30000000000000004,False
131,5,ORD-UNION,17,4,27,13,28,3,1,5,10,3,0.1,0.30000000000000004,False
132,5,CARD,17,6,32,13,53,3,1,5,10,3,0.1,0.30000000000000004,True
133,5,CLF_UNION,21,11,56,13,61,3,1,5,10,3,0.1,0.30000000000000004,True
134,5,ORD-UNION,17,6,32,13,37,3,1,5,10,3,0.1,0.30000000000000004,True
135,5,CARD,17,6,32,13,53,3,1,5,10,3,0.1,0.30000000000000004,False
136,5,CLF_UNION,21,11,56,13,61,3,1,5,10,3,0.1,0.30000000000000004,False
137,5,ORD-UNION,17,6,32,13,37,3,1,5,10,3,0.1,0.30000000000000004,False
138,5,CARD,12,8,34,13,56,3,1,5,10,3,0.1,0.30000000000000004,True
139,5,CLF_UNION,18,13,60,13,60,3,1,5,10,3,0.1,0.30000000000000004,True
140,5,ORD-UNION,12,3,27,13,27,3,1,5,10,3,0.1,0.30000000000000004,True
141,5,CARD,12,8,34,13,56,3,1,5,10,3,0.1,0.30000000000000004,False
142,5,CLF_UNION,18,13,60,13,60,3,1,5,10,3,0.1,0.30000000000000004,False
143,5,ORD-UNION,12,3,27,13,27,3,1,5,10,3,0.1,0.30000000000000004,False
144,5,CARD,12,15,39,13,51,3,1,5,10,3,0.1,0.30000000000000004,True
145,5,CLF_UNION,21,14,60,13,60,3,1,5,10,3,0.1,0.30000000000000004,True
146,5,ORD-UNION,12,3,23,13,23,3,1,5,10,3,0.1,0.30000000000000004,True
147,5,CARD,12,15,39,13,51,3,1,5,10,3,0.1,0.30000000000000004,False
148,5,CLF_UNION,21,14,60,13,60,3,1,5,10,3,0.1,0.30000000000000004,False
149,5,ORD-UNION,12,3,23,13,23,3,1,5,10,3,0.1,0.30000000000000004,False
150,6,CARD,17,10,35,18,52,9,3,5,10,3,0.1,0.30000000000000004,True
151,6,CLF_UNION,24,4,53,18,56,9,3,5,10,3,0.1,0.30000000000000004,True
152,6,ORD-UNION,2,0,3,18,6,9,3,5,10,3,0.1,0.30000000000000004,True
153,6,CARD,17,10,35,18,52,3,1,5,10,3,0.1,0.30000000000000004,False
154,6,CLF_UNION,24,9,59,18,62,3,1,5,10,3,0.1,0.30000000000000004,False
155,6,ORD-UNION,16,4,28,18,31,3,1,5,10,3,0.1,0.30000000000000004,False
156,6,CARD,20,9,39,18,50,3,1,5,10,3,0.1,0.30000000000000004,True
157,6,CLF_UNION,28,14,64,18,65,3,1,5,10,3,0.1,0.30000000000000004,True
158,6,ORD-UNION,16,5,28,18,29,3,1,5,10,3,0.1,0.30000000000000004,True
159,6,CARD,20,9,39,18,50,3,1,5,10,3,0.1,0.30000000000000004,False
160,6,CLF_UNION,28,14,64,18,65,3,1,5,10,3,0.1,0.30000000000000004,False
161,6,ORD-UNION,16,5,28,18,29,3,1,5,10,3,0.1,0.30000000000000004,False
162,6,CARD,18,10,34,18,56,3,1,5,10,3,0.1,0.30000000000000004,True
163,6,CLF_UNION,24,17,64,18,64,3,1,5,10,3,0.1,0.30000000000000004,True
164,6,ORD-UNION,16,6,25,18,25,3,1,5,10,3,0.1,0.30000000000000004,True
165,6,CARD,18,10,34,18,56,3,1,5,10,3,0.1,0.30000000000000004,False
166,6,CLF_UNION,24,17,64,18,64,3,1,5,10,3,0.1,0.30000000000000004,False
167,6,ORD-UNION,16,6,25,18,25,3,1,5,10,3,0.1,0.30000000000000004,False
168,6,CARD,15,8,37,18,53,3,1,5,10,3,0.1,0.30000000000000004,True
169,6,CLF_UNION,20,16,64,18,64,3,1,5,10,3,0.1,0.30000000000000004,True
170,6,ORD-UNION,13,7,33,18,33,3,1,5,10,3,0.1,0.30000000000000004,True
171,6,CARD,15,8,37,18,53,3,1,5,10,3,0.1,0.30000000000000004,False
172,6,CLF_UNION,20,16,64,18,64,3,1,5,10,3,0.1,0.30000000000000004,False
173,6,ORD-UNION,13,7,33,18,33,3,1,5,10,3,0.1,0.30000000000000004,False
174,6,CARD,18,6,35,18,52,3,1,5,10,3,0.1,0.30000000000000004,True
175,6,CLF_UNION,29,10,65,18,68,3,1,5,10,3,0.1,0.30000000000000004,True
176,6,ORD-UNION,17,0,24,18,27,3,1,5,10,3,0.1,0.30000000000000004,True
177,6,CARD,18,6,35,18,52,3,1,5,10,3,0.1,0.30000000000000004,False
178,6,CLF_UNION,29,10,65,18,68,3,1,5,10,3,0.1,0.30000000000000004,False
179,6,ORD-UNION,17,0,24,18,27,3,1,5,10,3,0.1,0.30000000000000004,False
180,7,CARD,18,9,36,23,54,9,3,5,10,3,0.1,0.30000000000000004,True
181,7,CLF_UNION,20,10,58,23,58,9,3,5,10,3,0.1,0.30000000000000004,True
182,7,ORD-UNION,5,4,9,23,9,9,3,5,10,3,0.1,0.30000000000000004,True
183,7,CARD,16,11,42,23,48,4,1,5,10,3,0.1,0.30000000000000004,False
184,7,CLF_UNION,20,11,58,23,58,4,1,5,10,3,0.1,0.30000000000000004,False
185,7,ORD-UNION,16,9,37,23,37,4,1,5,10,3,0.1,0.30000000000000004,False
186,7,CARD,21,2,35,23,52,4,1,5,10,3,0.1,0.30000000000000004,True
187,7,CLF_UNION,24,3,56,23,59,4,1,5,10,3,0.1,0.30000000000000004,True
188,7,ORD-UNION,17,0,25,23,28,4,1,5,10,3,0.1,0.30000000000000004,True
189,7,CARD,21,2,35,23,52,4,1,5,10,3,0.1,0.30000000000000004,False
190,7,CLF_UNION,24,3,56,23,59,4,1,5,10,3,0.1,0.30000000000000004,False
191,7,ORD-UNION,17,0,25,23,28,4,1,5,10,3,0.1,0.30000000000000004,False
192,7,CARD,25,0,36,23,53,4,1,5,10,3,0.1,0.30000000000000004,True
193,7,CLF_UNION,28,1,57,23,58,4,1,5,10,3,0.1,0.30000000000000004,True
194,7,ORD-UNION,25,0,36,23,37,4,1,5,10,3,0.1,0.30000000000000004,True
195,7,CARD,25,0,36,23,53,4,1,5,10,3,0.1,0.30000000000000004,False
196,7,CLF_UNION,28,1,57,23,58,4,1,5,10,3,0.1,0.30000000000000004,False
197,7,ORD-UNION,25,0,36,23,37,4,1,5,10,3,0.1,0.30000000000000004,False
198,7,CARD,20,6,37,23,50,4,1,5,10,3,0.1,0.30000000000000004,True
199,7,CLF_UNION,22,9,55,23,58,4,1,5,10,3,0.1,0.30000000000000004,True
200,7,ORD-UNION,19,6,33,23,36,4,1,5,10,3,0.1,0.30000000000000004,True
201,7,CARD,20,6,37,23,50,4,1,5,10,3,0.1,0.30000000000000004,False
202,7,CLF_UNION,22,9,55,23,58,4,1,5,10,3,0.1,0.30000000000000004,False
203,7,ORD-UNION,19,6,33,23,36,4,1,5,10,3,0.1,0.30000000000000004,False
204,7,CARD,20,8,40,23,48,4,1,5,10,3,0.1,0.30000000000000004,True
205,7,CLF_UNION,22,9,55,23,57,4,1,5,10,3,0.1,0.30000000000000004,True
206,7,ORD-UNION,20,8,39,23,41,4,1,5,10,3,0.1,0.30000000000000004,True
207,7,CARD,20,8,40,23,48,4,1,5,10,3,0.1,0.30000000000000004,False
208,7,CLF_UNION,22,9,55,23,57,4,1,5,10,3,0.1,0.30000000000000004,False
209,7,ORD-UNION,20,8,39,23,41,4,1,5,10,3,0.1,0.30000000000000004,False
210,8,CARD,14,12,40,29,49,9,3,5,10,3,0.1,0.30000000000000004,True
211,8,CLF_UNION,17,9,54,29,55,9,3,5,10,3,0.1,0.30000000000000004,True
212,8,ORD-UNION,5,3,9,29,10,9,3,5,10,3,0.1,0.30000000000000004,True
213,8,CARD,17,9,39,29,50,4,1,5,10,3,0.1,0.30000000000000004,False
214,8,CLF_UNION,17,9,59,29,60,4,1,5,10,3,0.1,0.30000000000000004,False
215,8,ORD-UNION,15,9,30,29,31,4,1,5,10,3,0.1,0.30000000000000004,False
216,8,CARD,22,1,35,29,54,4,1,5,10,3,0.1,0.30000000000000004,True
217,8,CLF_UNION,26,1,58,29,59,4,1,5,10,3,0.1,0.30000000000000004,True
218,8,ORD-UNION,21,0,27,29,28,4,1,5,10,3,0.1,0.30000000000000004,True
219,8,CARD,22,1,35,29,54,4,1,5,10,3,0.1,0.30000000000000004,False
220,8,CLF_UNION,26,1,58,29,59,4,1,5,10,3,0.1,0.30000000000000004,False
221,8,ORD-UNION,21,0,27,29,28,4,1,5,10,3,0.1,0.30000000000000004,False
222,8,CARD,18,2,26,29,56,4,1,5,10,3,0.1,0.30000000000000004,True
223,8,CLF_UNION,20,0,52,29,60,4,1,5,10,3,0.1,0.30000000000000004,True
224,8,ORD-UNION,18,0,24,29,32,4,1,5,10,3,0.1,0.30000000000000004,True
225,8,CARD,18,2,26,29,56,4,1,5,10,3,0.1,0.30000000000000004,False
226,8,CLF_UNION,20,0,52,29,60,4,1,5,10,3,0.1,0.30000000000000004,False
227,8,ORD-UNION,18,0,24,29,32,4,1,5,10,3,0.1,0.30000000000000004,False
228,8,CARD,30,3,41,29,49,4,1,5,10,3,0.1,0.30000000000000004,True
229,8,CLF_UNION,33,0,62,29,62,4,1,5,10,3,0.1,0.30000000000000004,True
230,8,ORD-UNION,25,0,29,29,29,4,1,5,10,3,0.1,0.30000000000000004,True
231,8,CARD,30,3,41,29,49,4,1,5,10,3,0.1,0.30000000000000004,False
232,8,CLF_UNION,33,0,62,29,62,4,1,5,10,3,0.1,0.30000000000000004,False
233,8,ORD-UNION,25,0,29,29,29,4,1,5,10,3,0.1,0.30000000000000004,False
234,8,CARD,24,3,35,29,51,4,1,5,10,3,0.1,0.30000000000000004,True
235,8,CLF_UNION,29,1,56,29,60,4,1,5,10,3,0.1,0.30000000000000004,True
236,8,ORD-UNION,23,0,29,29,33,4,1,5,10,3,0.1,0.30000000000000004,True
237,8,CARD,24,3,35,29,51,4,1,5,10,3,0.1,0.30000000000000004,False
238,8,CLF_UNION,29,1,56,29,60,4,1,5,10,3,0.1,0.30000000000000004,False
239,8,ORD-UNION,23,0,29,29,33,4,1,5,10,3,0.1,0.30000000000000004,False
240,9,CARD,22,0,36,36,52,9,3,5,10,3,0.1,0.30000000000000004,True
241,9,CLF_UNION,22,4,53,36,55,9,3,5,10,3,0.1,0.30000000000000004,True
242,9,ORD-UNION,12,0,13,36,15,9,3,5,10,3,0.1,0.30000000000000004,True
243,9,CARD,22,4,38,36,50,4,1,5,10,3,0.1,0.30000000000000004,False
244,9,CLF_UNION,26,5,62,36,64,4,1,5,10,3,0.1,0.30000000000000004,False
245,9,ORD-UNION,20,0,27,36,29,4,1,5,10,3,0.1,0.30000000000000004,False
246,9,CARD,24,1,39,36,49,4,1,5,10,3,0.1,0.30000000000000004,True
247,9,CLF_UNION,27,5,65,36,67,4,1,5,10,3,0.1,0.30000000000000004,True
248,9,ORD-UNION,16,0,22,36,24,4,1,5,10,3,0.1,0.30000000000000004,True
249,9,CARD,24,1,39,36,49,4,1,5,10,3,0.1,0.30000000000000004,False
250,9,CLF_UNION,27,5,65,36,67,4,1,5,10,3,0.1,0.30000000000000004,False
251,9,ORD-UNION,16,0,22,36,24,4,1,5,10,3,0.1,0.30000000000000004,False
252,9,CARD,28,0,37,36,50,4,1,5,10,3,0.1,0.30000000000000004,True
253,9,CLF_UNION,28,0,60,36,63,4,1,5,10,3,0.1,0.30000000000000004,True
254,9,ORD-UNION,20,0,22,36,25,4,1,5,10,3,0.1,0.30000000000000004,True
255,9,CARD,28,0,37,36,50,4,1,5,10,3,0.1,0.30000000000000004,False
256,9,CLF_UNION,28,0,60,36,63,4,1,5,10,3,0.1,0.30000000000000004,False
257,9,ORD-UNION,20,0,22,36,25,4,1,5,10,3,0.1,0.30000000000000004,False
258,9,CARD,30,0,37,36,50,4,1,5,10,3,0.1,0.30000000000000004,True
259,9,CLF_UNION,30,0,57,36,60,4,1,5,10,3,0.1,0.30000000000000004,True
260,9,ORD-UNION,24,0,27,36,30,4,1,5,10,3,0.1,0.30000000000000004,True
261,9,CARD,30,0,37,36,50,4,1,5,10,3,0.1,0.30000000000000004,False
262,9,CLF_UNION,30,0,57,36,60,4,1,5,10,3,0.1,0.30000000000000004,False
263,9,ORD-UNION,24,0,27,36,30,4,1,5,10,3,0.1,0.30000000000000004,False
264,9,CARD,14,10,34,36,51,4,1,5,10,3,0.1,0.30000000000000004,True
265,9,CLF_UNION,15,10,56,36,61,4,1,5,10,3,0.1,0.30000000000000004,True
266,9,ORD-UNION,10,9,22,36,27,4,1,5,10,3,0.1,0.30000000000000004,True
267,9,CARD,14,10,34,36,51,4,1,5,10,3,0.1,0.30000000000000004,False
268,9,CLF_UNION,15,10,56,36,61,4,1,5,10,3,0.1,0.30000000000000004,False
269,9,ORD-UNION,10,9,22,36,27,4,1,5,10,3,0.1,0.30000000000000004,False
270,10,CARD,28,0,36,43,51,9,3,5,10,3,0.1,0.30000000000000004,True
271,10,CLF_UNION,28,0,64,43,67,9,3,5,10,3,0.1,0.30000000000000004,True
272,10,ORD-UNION,9,0,10,43,13,9,3,5,10,3,0.1,0.30000000000000004,True
273,10,CARD,28,0,35,43,52,4,1,5,10,3,0.1,0.30000000000000004,False
274,10,CLF_UNION,28,0,60,43,63,4,1,5,10,3,0.1,0.30000000000000004,False
275,10,ORD-UNION,19,0,21,43,24,4,1,5,10,3,0.1,0.30000000000000004,False
276,10,CARD,17,13,37,43,48,4,1,5,10,3,0.1,0.30000000000000004,True
277,10,CLF_UNION,21,13,59,43,64,4,1,5,10,3,0.1,0.30000000000000004,True
278,10,ORD-UNION,17,9,31,43,36,4,1,5,10,3,0.1,0.30000000000000004,True
279,10,CARD,17,13,37,43,48,4,1,5,10,3,0.1,0.30000000000000004,False
280,10,CLF_UNION,21,13,59,43,64,4,1,5,10,3,0.1,0.30000000000000004,False
281,10,ORD-UNION,17,9,31,43,36,4,1,5,10,3,0.1,0.30000000000000004,False
282,10,CARD,17,0,23,43,51,4,1,5,10,3,0.1,0.30000000000000004,True
283,10,CLF_UNION,17,0,49,43,65,4,1,5,10,3,0.1,0.30000000000000004,True
284,10,ORD-UNION,13,0,13,43,29,4,1,5,10,3,0.1,0.30000000000000004,True
285,10,CARD,17,0,23,43,51,4,1,5,10,3,0.1,0.30000000000000004,False
286,10,CLF_UNION,17,0,49,43,65,4,1,5,10,3,0.1,0.30000000000000004,False
287,10,ORD-UNION,13,0,13,43,29,4,1,5,10,3,0.1,0.30000000000000004,False
288,10,CARD,19,8,32,43,53,4,1,5,10,3,0.1,0.30000000000000004,True
289,10,CLF_UNION,27,4,59,43,64,4,1,5,10,3,0.1,0.30000000000000004,True
290,10,ORD-UNION,16,0,20,43,25,4,1,5,10,3,0.1,0.30000000000000004,True
291,10,CARD,19,8,32,43,53,4,1,5,10,3,0.1,0.30000000000000004,False
292,10,CLF_UNION,27,4,59,43,64,4,1,5,10,3,0.1,0.30000000000000004,False
293,10,ORD-UNION,16,0,20,43,25,4,1,5,10,3,0.1,0.30000000000000004,False
294,10,CARD,21,10,37,43,51,4,1,5,10,3,0.1,0.30000000000000004,True
295,10,CLF_UNION,22,10,61,43,63,4,1,5,10,3,0.1,0.30000000000000004,True
296,10,ORD-UNION,15,9,25,43,27,4,1,5,10,3,0.1,0.30000000000000004,True
297,10,CARD,21,10,37,43,51,4,1,5,10,3,0.1,0.30000000000000004,False
298,10,CLF_UNION,22,10,61,43,63,4,1,5,10,3,0.1,0.30000000000000004,False
299,10,ORD-UNION,15,9,25,43,27,4,1,5,10,3,0.1,0.30000000000000004,False
300,11,CARD,17,1,26,51,52,9,3,5,10,3,0.1,0.30000000000000004,True
301,11,CLF_UNION,19,3,48,51,60,9,3,5,10,3,0.1,0.30000000000000004,True
302,11,ORD-UNION,11,0,11,51,23,9,3,5,10,3,0.1,0.30000000000000004,True
303,11,CARD,18,3,29,51,49,4,1,5,10,3,0.1,0.30000000000000004,False
304,11,CLF_UNION,19,3,47,51,59,4,1,5,10,3,0.1,0.30000000000000004,False
305,11,ORD-UNION,18,0,23,51,35,4,1,5,10,3,0.1,0.30000000000000004,False
306,11,CARD,22,0,26,51,53,4,1,5,10,3,0.1,0.30000000000000004,True
307,11,CLF_UNION,22,0,49,51,60,4,1,5,10,3,0.1,0.30000000000000004,True
308,11,ORD-UNION,20,0,22,51,33,4,1,5,10,3,0.1,0.30000000000000004,True
309,11,CARD,22,0,26,51,53,4,1,5,10,3,0.1,0.30000000000000004,False
310,11,CLF_UNION,22,0,49,51,60,4,1,5,10,3,0.1,0.30000000000000004,False
311,11,ORD-UNION,20,0,22,51,33,4,1,5,10,3,0.1,0.30000000000000004,False
312,11,CARD,17,9,34,51,53,4,1,5,10,3,0.1,0.30000000000000004,True
313,11,CLF_UNION,17,9,64,51,67,4,1,5,10,3,0.1,0.30000000000000004,True
314,11,ORD-UNION,11,9,20,51,23,4,1,5,10,3,0.1,0.30000000000000004,True
315,11,CARD,17,9,34,51,53,4,1,5,10,3,0.1,0.30000000000000004,False
316,11,CLF_UNION,17,9,64,51,67,4,1,5,10,3,0.1,0.30000000000000004,False
317,11,ORD-UNION,11,9,20,51,23,4,1,5,10,3,0.1,0.30000000000000004,False
318,11,CARD,21,2,35,51,50,4,1,5,10,3,0.1,0.30000000000000004,True
319,11,CLF_UNION,22,2,59,51,64,4,1,5,10,3,0.1,0.30000000000000004,True
320,11,ORD-UNION,17,0,19,51,24,4,1,5,10,3,0.1,0.30000000000000004,True
321,11,CARD,21,2,35,51,50,4,1,5,10,3,0.1,0.30000000000000004,False
322,11,CLF_UNION,22,2,59,51,64,4,1,5,10,3,0.1,0.30000000000000004,False
323,11,ORD-UNION,17,0,19,51,24,4,1,5,10,3,0.1,0.30000000000000004,False
324,11,CARD,16,9,34,51,48,4,1,5,10,3,0.1,0.30000000000000004,True
325,11,CLF_UNION,16,9,49,51,57,4,1,5,10,3,0.1,0.30000000000000004,True
326,11,ORD-UNION,12,9,24,51,32,4,1,5,10,3,0.1,0.30000000000000004,True
327,11,CARD,16,9,34,51,48,4,1,5,10,3,0.1,0.30000000000000004,False
328,11,CLF_UNION,16,9,49,51,57,4,1,5,10,3,0.1,0.30000000000000004,False
329,11,ORD-UNION,12,9,24,51,32,4,1,5,10,3,0.1,0.30000000000000004,False
330,12,CARD,16,9,31,59,51,9,3,5,10,3,0.1,0.30000000000000004,True
331,12,CLF_UNION,16,9,49,59,57,9,3,5,10,3,0.1,0.30000000000000004,True
332,12,ORD-UNION,8,7,16,59,24,9,3,5,10,3,0.1,0.30000000000000004,True
333,12,CARD,16,9,34,59,48,4,1,5,10,3,0.1,0.30000000000000004,False
334,12,CLF_UNION,16,9,50,59,58,4,1,5,10,3,0.1,0.30000000000000004,False
335,12,ORD-UNION,13,9,25,59,33,4,1,5,10,3,0.1,0.30000000000000004,False
336,12,CARD,21,0,30,59,52,4,1,5,10,3,0.1,0.30000000000000004,True
337,12,CLF_UNION,23,4,53,59,61,4,1,5,10,3,0.1,0.30000000000000004,True
338,12,ORD-UNION,15,0,21,59,29,4,1,5,10,3,0.1,0.30000000000000004,True
339,12,CARD,21,0,30,59,52,4,1,5,10,3,0.1,0.30000000000000004,False
340,12,CLF_UNION,23,4,53,59,61,4,1,5,10,3,0.1,0.30000000000000004,False
341,12,ORD-UNION,15,0,21,59,29,4,1,5,10,3,0.1,0.30000000000000004,False
342,12,CARD,19,0,28,59,50,4,1,5,10,3,0.1,0.30000000000000004,True
343,12,CLF_UNION,19,2,47,59,59,4,1,5,10,3,0.1,0.30000000000000004,True
344,12,ORD-UNION,13,0,17,59,29,4,1,5,10,3,0.1,0.30000000000000004,True
345,12,CARD,19,0,28,59,50,4,1,5,10,3,0.1,0.30000000000000004,False
346,12,CLF_UNION,19,2,47,59,59,4,1,5,10,3,0.1,0.30000000000000004,False
347,12,ORD-UNION,13,0,17,59,29,4,1,5,10,3,0.1,0.30000000000000004,False
348,12,CARD,23,0,34,59,56,4,1,5,10,3,0.1,0.30000000000000004,True
349,12,CLF_UNION,23,0,62,59,62,4,1,5,10,3,0.1,0.30000000000000004,True
350,12,ORD-UNION,19,0,20,59,20,4,1,5,10,3,0.1,0.30000000000000004,True
351,12,CARD,23,0,34,59,56,4,1,5,10,3,0.1,0.30000000000000004,False
352,12,CLF_UNION,23,0,62,59,62,4,1,5,10,3,0.1,0.30000000000000004,False
353,12,ORD-UNION,19,0,20,59,20,4,1,5,10,3,0.1,0.30000000000000004,False
354,12,CARD,18,11,36,59,49,4,1,5,10,3,0.1,0.30000000000000004,True
355,12,CLF_UNION,19,12,53,59,58,4,1,5,10,3,0.1,0.30000000000000004,True
356,12,ORD-UNION,13,9,26,59,31,4,1,5,10,3,0.1,0.30000000000000004,True
357,12,CARD,18,11,36,59,49,4,1,5,10,3,0.1,0.30000000000000004,False
358,12,CLF_UNION,19,12,53,59,58,4,1,5,10,3,0.1,0.30000000000000004,False
359,12,ORD-UNION,13,9,26,59,31,4,1,5,10,3,0.1,0.30000000000000004,False
360,13,CARD,21,2,35,67,50,9,3,5,10,3,0.1,0.30000000000000004,True
361,13,CLF_UNION,24,0,52,67,57,9,3,5,10,3,0.1,0.30000000000000004,True
362,13,ORD-UNION,12,0,14,67,19,9,3,5,10,3,0.1,0.30000000000000004,True
363,13,CARD,20,0,29,67,56,4,1,5,10,3,0.1,0.30000000000000004,False
364,13,CLF_UNION,24,4,59,67,64,4,1,5,10,3,0.1,0.30000000000000004,False
365,13,ORD-UNION,18,0,24,67,29,4,1,5,10,3,0.1,0.30000000000000004,False
366,13,CARD,12,9,29,67,50,4,1,5,10,3,0.1,0.30000000000000004,True
367,13,CLF_UNION,13,10,48,67,59,4,1,5,10,3,0.1,0.30000000000000004,True
368,13,ORD-UNION,12,9,25,67,36,4,1,5,10,3,0.1,0.30000000000000004,True
369,13,CARD,12,9,29,67,50,4,1,5,10,3,0.1,0.30000000000000004,False
370,13,CLF_UNION,13,10,48,67,59,4,1,5,10,3,0.1,0.30000000000000004,False
371,13,ORD-UNION,12,9,25,67,36,4,1,5,10,3,0.1,0.30000000000000004,False
372,13,CARD,8,9,25,67,49,4,1,5,10,3,0.1,0.30000000000000004,True
373,13,CLF_UNION,8,10,43,67,59,4,1,5,10,3,0.1,0.30000000000000004,True
374,13,ORD-UNION,4,9,14,67,30,4,1,5,10,3,0.1,0.30000000000000004,True
375,13,CARD,8,9,25,67,49,4,1,5,10,3,0.1,0.30000000000000004,False
376,13,CLF_UNION,8,10,43,67,59,4,1,5,10,3,0.1,0.30000000000000004,False
377,13,ORD-UNION,4,9,14,67,30,4,1,5,10,3,0.1,0.30000000000000004,False
378,13,CARD,21,0,26,67,53,4,1,5,10,3,0.1,0.30000000000000004,True
379,13,CLF_UNION,21,0,47,67,58,4,1,5,10,3,0.1,0.30000000000000004,True
380,13,ORD-UNION,16,0,16,67,27,4,1,5,10,3,0.1,0.30000000000000004,True
381,13,CARD,21,0,26,67,53,4,1,5,10,3,0.1,0.30000000000000004,False
382,13,CLF_UNION,21,0,47,67,58,4,1,5,10,3,0.1,0.30000000000000004,False
383,13,ORD-UNION,16,0,16,67,27,4,1,5,10,3,0.1,0.30000000000000004,False
384,13,CARD,26,0,38,67,50,4,1,5,10,3,0.1,0.30000000000000004,True
385,13,CLF_UNION,26,0,58,67,60,4,1,5,10,3,0.1,0.30000000000000004,True
386,13,ORD-UNION,21,0,26,67,28,4,1,5,10,3,0.1,0.30000000000000004,True
387,13,CARD,26,0,38,67,50,4,1,5,10,3,0.1,0.30000000000000004,False
388,13,CLF_UNION,26,0,58,67,60,4,1,5,10,3,0.1,0.30000000000000004,False
389,13,ORD-UNION,21,0,26,67,28,4,1,5,10,3,0.1,0.30000000000000004,False
390,14,CARD,21,9,33,75,54,9,3,5,10,3,0.1,0.30000000000000004,True
391,14,CLF_UNION,22,11,54,75,57,9,3,5,10,3,0.1,0.30000000000000004,True
392,14,ORD-UNION,12,5,18,75,21,9,3,5,10,3,0.1,0.30000000000000004,True
393,14,CARD,21,11,38,75,49,4,1,5,10,3,0.1,0.30000000000000004,False
394,14,CLF_UNION,23,11,62,75,65,4,1,5,10,3,0.1,0.30000000000000004,False
395,14,ORD-UNION,20,9,30,75,33,4,1,5,10,3,0.1,0.30000000000000004,False
396,14,CARD,15,9,26,75,53,4,1,5,10,3,0.1,0.30000000000000004,True
397,14,CLF_UNION,15,9,52,75,63,4,1,5,10,3,0.1,0.30000000000000004,True
398,14,ORD-UNION,15,9,26,75,37,4,1,5,10,3,0.1,0.30000000000000004,True
399,14,CARD,15,9,26,75,53,4,1,5,10,3,0.1,0.30000000000000004,False
400,14,CLF_UNION,15,9,52,75,63,4,1,5,10,3,0.1,0.30000000000000004,False
401,14,ORD-UNION,15,9,26,75,37,4,1,5,10,3,0.1,0.30000000000000004,False
402,14,CARD,14,3,22,75,52,4,1,5,10,3,0.1,0.30000000000000004,True
403,14,CLF_UNION,17,3,51,75,67,4,1,5,10,3,0.1,0.30000000000000004,True
404,14,ORD-UNION,14,0,16,75,32,4,1,5,10,3,0.1,0.30000000000000004,True
405,14,CARD,14,3,22,75,52,4,1,5,10,3,0.1,0.30000000000000004,False
406,14,CLF_UNION,17,3,51,75,67,4,1,5,10,3,0.1,0.30000000000000004,False
407,14,ORD-UNION,14,0,16,75,32,4,1,5,10,3,0.1,0.30000000000000004,False
408,14,CARD,15,12,34,75,48,4,1,5,10,3,0.1,0.30000000000000004,True
409,14,CLF_UNION,18,13,55,75,63,4,1,5,10,3,0.1,0.30000000000000004,True
410,14,ORD-UNION,14,9,28,75,36,4,1,5,10,3,0.1,0.30000000000000004,True
411,14,CARD,15,12,34,75,48,4,1,5,10,3,0.1,0.30000000000000004,False
412,14,CLF_UNION,18,13,55,75,63,4,1,5,10,3,0.1,0.30000000000000004,False
413,14,ORD-UNION,14,9,28,75,36,4,1,5,10,3,0.1,0.30000000000000004,False
414,14,CARD,16,9,31,75,51,4,1,5,10,3,0.1,0.30000000000000004,True
415,14,CLF_UNION,16,9,59,75,67,4,1,5,10,3,0.1,0.30000000000000004,True
416,14,ORD-UNION,14,9,23,75,31,4,1,5,10,3,0.1,0.30000000000000004,True
417,14,CARD,16,9,31,75,51,4,1,5,10,3,0.1,0.30000000000000004,False
418,14,CLF_UNION,16,9,59,75,67,4,1,5,10,3,0.1,0.30000000000000004,False
419,14,ORD-UNION,14,9,23,75,31,4,1,5,10,3,0.1,0.30000000000000004,False
420,15,CARD,22,0,30,87,52,9,3,5,10,3,0.1,0.30000000000000004,True
421,15,CLF_UNION,24,2,53,87,61,9,3,5,10,3,0.1,0.30000000000000004,True
422,15,ORD-UNION,16,0,20,87,28,9,3,5,10,3,0.1,0.30000000000000004,True
423,15,CARD,22,2,32,87,50,4,1,5,10,3,0.1,0.30000000000000004,False
424,15,CLF_UNION,22,2,50,87,58,4,1,5,10,3,0.1,0.30000000000000004,False
425,15,ORD-UNION,21,0,26,87,34,4,1,5,10,3,0.1,0.30000000000000004,False
426,15,CARD,17,2,26,87,52,4,1,5,10,3,0.1,0.30000000000000004,True
427,15,CLF_UNION,17,2,47,87,59,4,1,5,10,3,0.1,0.30000000000000004,True
428,15,ORD-UNION,16,0,19,87,31,4,1,5,10,3,0.1,0.30000000000000004,True
429,15,CARD,17,2,26,87,52,4,1,5,10,3,0.1,0.30000000000000004,False
430,15,CLF_UNION,17,2,47,87,59,4,1,5,10,3,0.1,0.30000000000000004,False
431,15,ORD-UNION,16,0,19,87,31,4,1,5,10,3,0.1,0.30000000000000004,False
432,15,CARD,8,4,25,87,49,4,1,5,10,3,0.1,0.30000000000000004,True
433,15,CLF_UNION,8,4,41,87,57,4,1,5,10,3,0.1,0.30000000000000004,True
434,15,ORD-UNION,7,0,13,87,29,4,1,5,10,3,0.1,0.30000000000000004,True
435,15,CARD,8,4,25,87,49,4,1,5,10,3,0.1,0.30000000000000004,False
436,15,CLF_UNION,8,4,41,87,57,4,1,5,10,3,0.1,0.30000000000000004,False
437,15,ORD-UNION,7,0,13,87,29,4,1,5,10,3,0.1,0.30000000000000004,False
438,15,CARD,11,0,23,87,51,4,1,5,10,3,0.1,0.30000000000000004,True
439,15,CLF_UNION,11,1,41,87,57,4,1,5,10,3,0.1,0.30000000000000004,True
440,15,ORD-UNION,9,0,13,87,29,4,1,5,10,3,0.1,0.30000000000000004,True
441,15,CARD,11,0,23,87,51,4,1,5,10,3,0.1,0.30000000000000004,False
442,15,CLF_UNION,11,1,41,87,57,4,1,5,10,3,0.1,0.30000000000000004,False
443,15,ORD-UNION,9,0,13,87,29,4,1,5,10,3,0.1,0.30000000000000004,False
444,15,CARD,13,9,32,87,51,4,1,5,10,3,0.1,0.30000000000000004,True
445,15,CLF_UNION,13,9,50,87,57,4,1,5,10,3,0.1,0.30000000000000004,True
446,15,ORD-UNION,11,9,20,87,27,4,1,5,10,3,0.1,0.30000000000000004,True
447,15,CARD,13,9,32,87,51,4,1,5,10,3,0.1,0.30000000000000004,False
448,15,CLF_UNION,13,9,50,87,57,4,1,5,10,3,0.1,0.30000000000000004,False
449,15,ORD-UNION,11,9,20,87,27,4,1,5,10,3,0.1,0.30000000000000004,False
450,16,CARD,22,0,25,96,54,9,3,5,10,3,0.1,0.30000000000000004,True
451,16,CLF_UNION,22,0,49,96,60,9,3,5,10,3,0.1,0.30000000000000004,True
452,16,ORD-UNION,14,0,14,96,25,9,3,5,10,3,0.1,0.30000000000000004,True
453,16,CARD,22,0,28,96,51,4,1,5,10,3,0.1,0.30000000000000004,False
454,16,CLF_UNION,22,0,52,96,63,4,1,5,10,3,0.1,0.30000000000000004,False
455,16,ORD-UNION,22,0,22,96,33,4,1,5,10,3,0.1,0.30000000000000004,False
456,16,CARD,18,2,26,96,52,4,1,5,10,3,0.1,0.30000000000000004,True
457,16,CLF_UNION,18,2,53,96,65,4,1,5,10,3,0.1,0.30000000000000004,True
458,16,ORD-UNION,18,0,19,96,31,4,1,5,10,3,0.1,0.30000000000000004,True
459,16,CARD,18,2,26,96,52,4,1,5,10,3,0.1,0.30000000000000004,False
460,16,CLF_UNION,18,2,53,96,65,4,1,5,10,3,0.1,0.30000000000000004,False
461,16,ORD-UNION,18,0,19,96,31,4,1,5,10,3,0.1,0.30000000000000004,False
462,16,CARD,15,2,28,96,51,4,1,5,10,3,0.1,0.30000000000000004,True
463,16,CLF_UNION,15,2,52,96,63,4,1,5,10,3,0.1,0.30000000000000004,True
464,16,ORD-UNION,15,0,19,96,30,4,1,5,10,3,0.1,0.30000000000000004,True
465,16,CARD,15,2,28,96,51,4,1,5,10,3,0.1,0.30000000000000004,False
466,16,CLF_UNION,15,2,52,96,63,4,1,5,10,3,0.1,0.30000000000000004,False
467,16,ORD-UNION,15,0,19,96,30,4,1,5,10,3,0.1,0.30000000000000004,False
468,16,CARD,19,2,33,96,52,4,1,5,10,3,0.1,0.30000000000000004,True
469,16,CLF_UNION,24,5,59,96,64,4,1,5,10,3,0.1,0.30000000000000004,True
470,16,ORD-UNION,19,0,28,96,33,4,1,5,10,3,0.1,0.30000000000000004,True
471,16,CARD,19,2,33,96,52,4,1,5,10,3,0.1,0.30000000000000004,False
472,16,CLF_UNION,24,5,59,96,64,4,1,5,10,3,0.1,0.30000000000000004,False
473,16,ORD-UNION,19,0,28,96,33,4,1,5,10,3,0.1,0.30000000000000004,False
474,16,CARD,4,11,26,96,50,4,1,5,10,3,0.1,0.30000000000000004,True
475,16,CLF_UNION,5,11,49,96,63,4,1,5,10,3,0.1,0.30000000000000004,True
476,16,ORD-UNION,3,9,16,96,30,4,1,5,10,3,0.1,0.30000000000000004,True
477,16,CARD,4,11,26,96,50,4,1,5,10,3,0.1,0.30000000000000004,False
478,16,CLF_UNION,5,11,49,96,63,4,1,5,10,3,0.1,0.30000000000000004,False
479,16,ORD-UNION,3,9,16,96,30,4,1,5,10,3,0.1,0.30000000000000004,False
480,17,CARD,18,9,34,109,48,9,3,5,10,3,0.1,0.30000000000000004,True
481,17,CLF_UNION,18,10,50,109,58,9,3,5,10,3,0.1,0.30000000000000004,True
482,17,ORD-UNION,7,7,17,109,25,9,3,5,10,3,0.1,0.30000000000000004,True
483,17,CARD,18,9,35,109,47,5,1,5,10,3,0.1,0.30000000000000004,False
484,17,CLF_UNION,18,9,50,109,58,5,1,5,10,3,0.1,0.30000000000000004,False
485,17,ORD-UNION,12,9,26,109,34,5,1,5,10,3,0.1,0.30000000000000004,False
486,17,CARD,15,9,39,109,47,5,1,5,10,3,0.1,0.30000000000000004,True
487,17,CLF_UNION,16,9,55,109,59,5,1,5,10,3,0.1,0.30000000000000004,True
488,17,ORD-UNION,13,9,31,109,35,5,1,5,10,3,0.1,0.30000000000000004,True
489,17,CARD,15,9,39,109,47,5,1,5,10,3,0.1,0.30000000000000004,False
490,17,CLF_UNION,16,9,55,109,59,5,1,5,10,3,0.1,0.30000000000000004,False
491,17,ORD-UNION,13,9,31,109,35,5,1,5,10,3,0.1,0.30000000000000004,False
492,17,CARD,13,11,33,109,46,5,1,5,10,3,0.1,0.30000000000000004,True
493,17,CLF_UNION,15,11,48,109,59,5,1,5,10,3,0.1,0.30000000000000004,True
494,17,ORD-UNION,10,9,21,109,32,5,1,5,10,3,0.1,0.30000000000000004,True
495,17,CARD,13,11,33,109,46,5,1,5,10,3,0.1,0.30000000000000004,False
496,17,CLF_UNION,15,11,48,109,59,5,1,5,10,3,0.1,0.30000000000000004,False
497,17,ORD-UNION,10,9,21,109,32,5,1,5,10,3,0.1,0.30000000000000004,False
498,17,CARD,19,2,36,109,47,5,1,5,10,3,0.1,0.30000000000000004,True
499,17,CLF_UNION,22,2,54,109,61,5,1,5,10,3,0.1,0.30000000000000004,True
500,17,ORD-UNION,14,0,23,109,30,5,1,5,10,3,0.1,0.30000000000000004,True
501,17,CARD,19,2,36,109,47,5,1,5,10,3,0.1,0.30000000000000004,False
502,17,CLF_UNION,22,2,54,109,61,5,1,5,10,3,0.1,0.30000000000000004,False
503,17,ORD-UNION,14,0,23,109,30,5,1,5,10,3,0.1,0.30000000000000004,False
504,17,CARD,17,0,27,109,51,5,1,5,10,3,0.1,0.30000000000000004,True
505,17,CLF_UNION,17,0,46,109,58,5,1,5,10,3,0.1,0.30000000000000004,True
506,17,ORD-UNION,16,0,20,109,32,5,1,5,10,3,0.1,0.30000000000000004,True
507,17,CARD,17,0,27,109,51,5,1,5,10,3,0.1,0.30000000000000004,False
508,17,CLF_UNION,17,0,46,109,58,5,1,5,10,3,0.1,0.30000000000000004,False
509,17,ORD-UNION,16,0,20,109,32,5,1,5,10,3,0.1,0.30000000000000004,False
510,18,CARD,15,3,31,123,53,9,3,5,10,3,0.1,0.30000000000000004,True
511,18,CLF_UNION,21,4,52,123,58,9,3,5,10,3,0.1,0.30000000000000004,True
512,18,ORD-UNION,9,0,13,123,19,9,3,5,10,3,0.1,0.30000000000000004,True
513,18,CARD,15,8,35,123,49,5,1,5,10,3,0.1,0.30000000000000004,False
514,18,CLF_UNION,23,8,66,123,72,5,1,5,10,3,0.1,0.30000000000000004,False
515,18,ORD-UNION,14,0,21,123,27,5,1,5,10,3,0.1,0.30000000000000004,False
516,18,CARD,18,0,27,123,48,5,1,5,10,3,0.1,0.30000000000000004,True
517,18,CLF_UNION,18,0,48,123,63,5,1,5,10,3,0.1,0.30000000000000004,True
518,18,ORD-UNION,16,0,17,123,32,5,1,5,10,3,0.1,0.30000000000000004,True
519,18,CARD,18,0,27,123,48,5,1,5,10,3,0.1,0.30000000000000004,False
520,18,CLF_UNION,18,0,48,123,63,5,1,5,10,3,0.1,0.30000000000000004,False
521,18,ORD-UNION,16,0,17,123,32,5,1,5,10,3,0.1,0.30000000000000004,False
522,18,CARD,13,4,26,123,48,5,1,5,10,3,0.1,0.30000000000000004,True
523,18,CLF_UNION,17,4,48,123,64,5,1,5,10,3,0.1,0.30000000000000004,True
524,18,ORD-UNION,12,0,17,123,33,5,1,5,10,3,0.1,0.30000000000000004,True
525,18,CARD,13,4,26,123,48,5,1,5,10,3,0.1,0.30000000000000004,False
526,18,CLF_UNION,17,4,48,123,64,5,1,5,10,3,0.1,0.30000000000000004,False
527,18,ORD-UNION,12,0,17,123,33,5,1,5,10,3,0.1,0.30000000000000004,False
528,18,CARD,12,0,23,123,47,5,1,5,10,3,0.1,0.30000000000000004,True
529,18,CLF_UNION,12,0,42,123,62,5,1,5,10,3,0.1,0.30000000000000004,True
530,18,ORD-UNION,11,0,17,123,37,5,1,5,10,3,0.1,0.30000000000000004,True
531,18,CARD,12,0,23,123,47,5,1,5,10,3,0.1,0.30000000000000004,False
532,18,CLF_UNION,12,0,42,123,62,5,1,5,10,3,0.1,0.30000000000000004,False
533,18,ORD-UNION,11,0,17,123,37,5,1,5,10,3,0.1,0.30000000000000004,False
534,18,CARD,9,2,23,123,47,5,1,5,10,3,0.1,0.30000000000000004,True
535,18,CLF_UNION,11,2,43,123,63,5,1,5,10,3,0.1,0.30000000000000004,True
536,18,ORD-UNION,9,0,17,123,37,5,1,5,10,3,0.1,0.30000000000000004,True
537,18,CARD,9,2,23,123,47,5,1,5,10,3,0.1,0.30000000000000004,False
538,18,CLF_UNION,11,2,43,123,63,5,1,5,10,3,0.1,0.30000000000000004,False
539,18,ORD-UNION,9,0,17,123,37,5,1,5,10,3,0.1,0.30000000000000004,False
540,19,CARD,14,9,30,137,48,9,3,5,10,3,0.1,0.30000000000000004,True
541,19,CLF_UNION,15,9,45,137,57,9,3,5,10,3,0.1,0.30000000000000004,True
542,19,ORD-UNION,12,8,22,137,34,9,3,5,10,3,0.1,0.30000000000000004,True
543,19,CARD,15,9,32,137,46,5,1,5,10,3,0.1,0.30000000000000004,False
544,19,CLF_UNION,15,9,48,137,60,5,1,5,10,3,0.1,0.30000000000000004,False
545,19,ORD-UNION,12,9,24,137,36,5,1,5,10,3,0.1,0.30000000000000004,False
546,19,CARD,13,0,27,137,48,5,1,5,10,3,0.1,0.30000000000000004,True
547,19,CLF_UNION,14,2,46,137,61,5,1,5,10,3,0.1,0.30000000000000004,True
548,19,ORD-UNION,9,0,16,137,31,5,1,5,10,3,0.1,0.30000000000000004,True
549,19,CARD,13,0,27,137,48,5,1,5,10,3,0.1,0.30000000000000004,False
550,19,CLF_UNION,14,2,46,137,61,5,1,5,10,3,0.1,0.30000000000000004,False
551,19,ORD-UNION,9,0,16,137,31,5,1,5,10,3,0.1,0.30000000000000004,False
552,19,CARD,8,12,28,137,46,5,1,5,10,3,0.1,0.30000000000000004,True
553,19,CLF_UNION,11,12,44,137,60,5,1,5,10,3,0.1,0.30000000000000004,True
554,19,ORD-UNION,7,9,21,137,37,5,1,5,10,3,0.1,0.30000000000000004,True
555,19,CARD,8,12,28,137,46,5,1,5,10,3,0.1,0.30000000000000004,False
556,19,CLF_UNION,11,12,44,137,60,5,1,5,10,3,0.1,0.30000000000000004,False
557,19,ORD-UNION,7,9,21,137,37,5,1,5,10,3,0.1,0.30000000000000004,False
558,19,CARD,10,2,27,137,47,5,1,5,10,3,0.1,0.30000000000000004,True
559,19,CLF_UNION,12,2,47,137,63,5,1,5,10,3,0.1,0.30000000000000004,True
560,19,ORD-UNION,9,0,16,137,32,5,1,5,10,3,0.1,0.30000000000000004,True
561,19,CARD,10,2,27,137,47,5,1,5,10,3,0.1,0.30000000000000004,False
562,19,CLF_UNION,12,2,47,137,63,5,1,5,10,3,0.1,0.30000000000000004,False
563,19,ORD-UNION,9,0,16,137,32,5,1,5,10,3,0.1,0.30000000000000004,False
564,19,CARD,21,2,35,137,47,5,1,5,10,3,0.1,0.30000000000000004,True
565,19,CLF_UNION,23,2,54,137,62,5,1,5,10,3,0.1,0.30000000000000004,True
566,19,ORD-UNION,20,0,26,137,34,5,1,5,10,3,0.1,0.30000000000000004,True
567,19,CARD,21,2,35,137,47,5,1,5,10,3,0.1,0.30000000000000004,False
568,19,CLF_UNION,23,2,54,137,62,5,1,5,10,3,0.1,0.30000000000000004,False
569,19,ORD-UNION,20,0,26,137,34,5,1,5,10,3,0.1,0.30000000000000004,False
570,20,CARD,12,9,37,151,47,9,3,5,10,3,0.1,0.30000000000000004,True
571,20,CLF_UNION,12,9,51,151,57,9,3,5,10,3,0.1,0.30000000000000004,True
572,20,ORD-UNION,10,7,21,151,27,9,3,5,10,3,0.1,0.30000000000000004,True
573,20,CARD,12,9,38,151,46,5,1,5,10,3,0.1,0.30000000000000004,False
574,20,CLF_UNION,12,9,57,151,63,5,1,5,10,3,0.1,0.30000000000000004,False
575,20,ORD-UNION,11,9,25,151,31,5,1,5,10,3,0.1,0.30000000000000004,False
576,20,CARD,6,9,20,151,49,5,1,5,10,3,0.1,0.30000000000000004,True
577,20,CLF_UNION,6,9,41,151,62,5,1,5,10,3,0.1,0.30000000000000004,True
578,20,ORD-UNION,4,9,14,151,35,5,1,5,10,3,0.1,0.30000000000000004,True
579,20,CARD,6,9,20,151,49,5,1,5,10,3,0.1,0.30000000000000004,False
580,20,CLF_UNION,6,9,41,151,62,5,1,5,10,3,0.1,0.30000000000000004,False
581,20,ORD-UNION,4,9,14,151,35,5,1,5,10,3,0.1,0.30000000000000004,False
582,20,CARD,13,2,28,151,46,5,1,5,10,3,0.1,0.30000000000000004,True
583,20,CLF_UNION,15,1,48,151,64,5,1,5,10,3,0.1,0.30000000000000004,True
584,20,ORD-UNION,12,0,18,151,34,5,1,5,10,3,0.1,0.30000000000000004,True
585,20,CARD,13,2,28,151,46,5,1,5,10,3,0.1,0.30000000000000004,False
586,20,CLF_UNION,15,1,48,151,64,5,1,5,10,3,0.1,0.30000000000000004,False
587,20,ORD-UNION,12,0,18,151,34,5,1,5,10,3,0.1,0.30000000000000004,False
588,20,CARD,7,10,27,151,49,5,1,5,10,3,0.1,0.30000000000000004,True
589,20,CLF_UNION,17,7,57,151,71,5,1,5,10,3,0.1,0.30000000000000004,True
590,20,ORD-UNION,7,0,11,151,25,5,1,5,10,3,0.1,0.30000000000000004,True
591,20,CARD,7,10,27,151,49,5,1,5,10,3,0.1,0.30000000000000004,False
592,20,CLF_UNION,17,7,57,151,71,5,1,5,10,3,0.1,0.30000000000000004,False
593,20,ORD-UNION,7,0,11,151,25,5,1,5,10,3,0.1,0.30000000000000004,False
594,20,CARD,6,9,21,151,50,5,1,5,10,3,0.1,0.30000000000000004,True
595,20,CLF_UNION,7,13,48,151,67,5,1,5,10,3,0.1,0.30000000000000004,True
596,20,ORD-UNION,4,9,16,151,35,5,1,5,10,3,0.1,0.30000000000000004,True
597,20,CARD,6,9,21,151,50,5,1,5,10,3,0.1,0.30000000000000004,False
598,20,CLF_UNION,7,13,48,151,67,5,1,5,10,3,0.1,0.30000000000000004,False
599,20,ORD-UNION,4,9,16,151,35,5,1,5,10,3,0.1,0.30000000000000004,False
600,21,CARD,11,9,28,164,47,9,3,5,10,3,0.1,0.30000000000000004,True
601,21,CLF_UNION,11,9,40,164,55,9,3,5,10,3,0.1,0.30000000000000004,True
602,21,ORD-UNION,9,8,18,164,33,9,3,5,10,3,0.1,0.30000000000000004,True
603,21,CARD,11,9,27,164,48,5,1,5,10,3,0.1,0.30000000000000004,False
604,21,CLF_UNION,11,9,44,164,59,5,1,5,10,3,0.1,0.30000000000000004,False
605,21,ORD-UNION,11,9,22,164,37,5,1,5,10,3,0.1,0.30000000000000004,False
606,21,CARD,17,2,31,164,47,5,1,5,10,3,0.1,0.30000000000000004,True
607,21,CLF_UNION,18,2,47,164,59,5,1,5,10,3,0.1,0.30000000000000004,True
608,21,ORD-UNION,17,1,25,164,37,5,1,5,10,3,0.1,0.30000000000000004,True
609,21,CARD,17,2,31,164,47,5,1,5,10,3,0.1,0.30000000000000004,False
610,21,CLF_UNION,18,2,47,164,59,5,1,5,10,3,0.1,0.30000000000000004,False
611,21,ORD-UNION,17,1,25,164,37,5,1,5,10,3,0.1,0.30000000000000004,False
612,21,CARD,14,2,29,164,46,5,1,5,10,3,0.1,0.30000000000000004,True
613,21,CLF_UNION,15,2,43,164,58,5,1,5,10,3,0.1,0.30000000000000004,True
614,21,ORD-UNION,14,0,23,164,38,5,1,5,10,3,0.1,0.30000000000000004,True
615,21,CARD,14,2,29,164,46,5,1,5,10,3,0.1,0.30000000000000004,False
616,21,CLF_UNION,15,2,43,164,58,5,1,5,10,3,0.1,0.30000000000000004,False
617,21,ORD-UNION,14,0,23,164,38,5,1,5,10,3,0.1,0.30000000000000004,False
618,21,CARD,9,17,35,164,46,5,1,5,10,3,0.1,0.30000000000000004,True
619,21,CLF_UNION,12,16,49,164,58,5,1,5,10,3,0.1,0.30000000000000004,True
620,21,ORD-UNION,9,11,26,164,35,5,1,5,10,3,0.1,0.30000000000000004,True
621,21,CARD,9,17,35,164,46,5,1,5,10,3,0.1,0.30000000000000004,False
622,21,CLF_UNION,12,16,49,164,58,5,1,5,10,3,0.1,0.30000000000000004,False
623,21,ORD-UNION,9,11,26,164,35,5,1,5,10,3,0.1,0.30000000000000004,False
624,21,CARD,7,3,22,164,47,5,1,5,10,3,0.1,0.30000000000000004,True
625,21,CLF_UNION,9,1,36,164,57,5,1,5,10,3,0.1,0.30000000000000004,True
626,21,ORD-UNION,7,0,14,164,35,5,1,5,10,3,0.1,0.30000000000000004,True
627,21,CARD,7,3,22,164,47,5,1,5,10,3,0.1,0.30000000000000004,False
628,21,CLF_UNION,9,1,36,164,57,5,1,5,10,3,0.1,0.30000000000000004,False
629,21,ORD-UNION,7,0,14,164,35,5,1,5,10,3,0.1,0.30000000000000004,False
630,22,CARD,14,9,34,177,48,9,3,5,10,3,0.1,0.30000000000000004,True
631,22,CLF_UNION,16,9,47,177,55,9,3,5,10,3,0.1,0.30000000000000004,True
632,22,ORD-UNION,12,7,24,177,32,9,3,5,10,3,0.1,0.30000000000000004,True
633,22,CARD,16,9,35,177,47,9,2,5,10,3,0.1,0.30000000000000004,False
634,22,CLF_UNION,16,9,47,177,55,9,2,5,10,3,0.1,0.30000000000000004,False
635,22,ORD-UNION,11,5,16,177,24,9,2,5,10,3,0.1,0.30000000000000004,False
636,22,CARD,13,9,31,177,48,9,2,5,10,3,0.1,0.30000000000000004,True
637,22,CLF_UNION,13,9,45,177,56,9,2,5,10,3,0.1,0.30000000000000004,True
638,22,ORD-UNION,10,7,20,177,31,9,2,5,10,3,0.1,0.30000000000000004,True
639,22,CARD,13,9,31,177,48,9,2,5,10,3,0.1,0.30000000000000004,False
640,22,CLF_UNION,13,9,45,177,56,9,2,5,10,3,0.1,0.30000000000000004,False
641,22,ORD-UNION,10,7,20,177,31,9,2,5,10,3,0.1,0.30000000000000004,False
642,22,CARD,15,0,26,177,48,9,2,5,10,3,0.1,0.30000000000000004,True
643,22,CLF_UNION,15,0,42,177,58,9,2,5,10,3,0.1,0.30000000000000004,True
644,22,ORD-UNION,9,0,11,177,27,9,2,5,10,3,0.1,0.30000000000000004,True
645,22,CARD,15,0,26,177,48,9,2,5,10,3,0.1,0.30000000000000004,False
646,22,CLF_UNION,15,0,42,177,58,9,2,5,10,3,0.1,0.30000000000000004,False
647,22,ORD-UNION,9,0,11,177,27,9,2,5,10,3,0.1,0.30000000000000004,False
648,22,CARD,21,0,30,177,48,9,2,5,10,3,0.1,0.30000000000000004,True
649,22,CLF_UNION,21,0,44,177,56,9,2,5,10,3,0.1,0.30000000000000004,True
650,22,ORD-UNION,11,0,14,177,26,9,2,5,10,3,0.1,0.30000000000000004,True
651,22,CARD,21,0,30,177,48,9,2,5,10,3,0.1,0.30000000000000004,False
652,22,CLF_UNION,21,0,44,177,56,9,2,5,10,3,0.1,0.30000000000000004,False
653,22,ORD-UNION,11,0,14,177,26,9,2,5,10,3,0.1,0.30000000000000004,False
654,22,CARD,5,9,32,177,49,9,2,5,10,3,0.1,0.30000000000000004,True
655,22,CLF_UNION,6,9,47,177,56,9,2,5,10,3,0.1,0.30000000000000004,True
656,22,ORD-UNION,4,2,10,177,19,9,2,5,10,3,0.1,0.30000000000000004,True
657,22,CARD,5,9,32,177,49,9,2,5,10,3,0.1,0.30000000000000004,False
658,22,CLF_UNION,6,9,47,177,56,9,2,5,10,3,0.1,0.30000000000000004,False
659,22,ORD-UNION,4,2,10,177,19,9,2,5,10,3,0.1,0.30000000000000004,False
