,budget,model,correct,wrong,total,n_pref_input,n_pref_output,theta_size,theta_additivity,n_items,n_test_subsets,n_tiers,alpha,p,real theta
0,1,CARD,4,13,25,1,65,15,4,5,10,6,0.30000000000000004,0.30000000000000004,True
1,1,CLF_UNION,27,17,68,1,68,15,4,5,10,6,0.30000000000000004,0.30000000000000004,True
2,1,ORD-UNION,0,0,0,1,0,15,4,5,10,6,0.30000000000000004,0.30000000000000004,True
3,1,CARD,13,5,24,1,66,1,1,5,10,6,0.30000000000000004,0.30000000000000004,False
4,1,CLF_UNION,28,20,76,1,76,1,1,5,10,6,0.30000000000000004,0.30000000000000004,False
5,1,ORD-UNION,13,5,24,1,24,1,1,5,10,6,0.30000000000000004,0.30000000000000004,False
6,1,CARD,18,4,24,1,66,1,1,5,10,6,0.30000000000000004,0.30000000000000004,True
7,1,CLF_UNION,32,18,76,1,76,1,1,5,10,6,0.30000000000000004,0.30000000000000004,True
8,1,ORD-UNION,18,4,24,1,24,1,1,5,10,6,0.30000000000000004,0.30000000000000004,True
9,1,CARD,18,4,24,1,66,1,1,5,10,6,0.30000000000000004,0.30000000000000004,False
10,1,CLF_UNION,32,18,76,1,76,1,1,5,10,6,0.30000000000000004,0.30000000000000004,False
11,1,ORD-UNION,18,4,24,1,24,1,1,5,10,6,0.30000000000000004,0.30000000000000004,False
12,1,CARD,14,3,21,1,69,1,1,5,10,6,0.30000000000000004,0.30000000000000004,True
13,1,CLF_UNION,31,20,79,1,79,1,1,5,10,6,0.30000000000000004,0.30000000000000004,True
14,1,ORD-UNION,14,3,21,1,21,1,1,5,10,6,0.30000000000000004,0.30000000000000004,True
15,1,CARD,14,3,21,1,69,1,1,5,10,6,0.30000000000000004,0.30000000000000004,False
16,1,CLF_UNION,31,20,79,1,79,1,1,5,10,6,0.30000000000000004,0.30000000000000004,False
17,1,ORD-UNION,14,3,21,1,21,1,1,5,10,6,0.30000000000000004,0.30000000000000004,False
18,1,CARD,22,0,24,1,66,1,1,5,10,6,0.30000000000000004,0.30000000000000004,True
19,1,CLF_UNION,38,16,76,1,76,1,1,5,10,6,0.30000000000000004,0.30000000000000004,True
20,1,ORD-UNION,22,0,24,1,24,1,1,5,10,6,0.30000000000000004,0.30000000000000004,True
21,1,CARD,22,0,24,1,66,1,1,5,10,6,0.30000000000000004,0.30000000000000004,False
22,1,CLF_UNION,38,16,76,1,76,1,1,5,10,6,0.30000000000000004,0.30000000000000004,False
23,1,ORD-UNION,22,0,24,1,24,1,1,5,10,6,0.30000000000000004,0.30000000000000004,False
24,1,CARD,16,3,21,1,69,1,1,5,10,6,0.30000000000000004,0.30000000000000004,True
25,1,CLF_UNION,37,24,79,1,79,1,1,5,10,6,0.30000000000000004,0.30000000000000004,True
26,1,ORD-UNION,16,3,21,1,21,1,1,5,10,6,0.30000000000000004,0.30000000000000004,True
27,1,CARD,16,3,21,1,69,1,1,5,10,6,0.30000000000000004,0.30000000000000004,False
28,1,CLF_UNION,37,24,79,1,79,1,1,5,10,6,0.30000000000000004,0.30000000000000004,False
29,1,ORD-UNION,16,3,21,1,21,1,1,5,10,6,0.30000000000000004,0.30000000000000004,False
30,2,CARD,16,9,33,3,57,15,4,5,10,6,0.30000000000000004,0.30000000000000004,True
31,2,CLF_UNION,32,8,60,3,60,15,4,5,10,6,0.30000000000000004,0.30000000000000004,True
32,2,ORD-UNION,0,0,0,3,0,15,4,5,10,6,0.30000000000000004,0.30000000000000004,True
33,2,CARD,21,6,35,3,55,2,1,5,10,6,0.30000000000000004,0.30000000000000004,False
34,2,CLF_UNION,34,20,79,3,79,2,1,5,10,6,0.30000000000000004,0.30000000000000004,False
35,2,ORD-UNION,21,6,35,3,35,2,1,5,10,6,0.30000000000000004,0.30000000000000004,False
36,2,CARD,20,12,36,3,53,2,1,5,10,6,0.30000000000000004,0.30000000000000004,True
37,2,CLF_UNION,31,20,75,3,76,2,1,5,10,6,0.30000000000000004,0.30000000000000004,True
38,2,ORD-UNION,20,12,36,3,37,2,1,5,10,6,0.30000000000000004,0.30000000000000004,True
39,2,CARD,20,12,36,3,53,2,1,5,10,6,0.30000000000000004,0.30000000000000004,False
40,2,CLF_UNION,31,20,75,3,76,2,1,5,10,6,0.30000000000000004,0.30000000000000004,False
41,2,ORD-UNION,20,12,36,3,37,2,1,5,10,6,0.30000000000000004,0.30000000000000004,False
42,2,CARD,26,4,37,3,53,2,1,5,10,6,0.30000000000000004,0.30000000000000004,True
43,2,CLF_UNION,35,19,76,3,76,2,1,5,10,6,0.30000000000000004,0.30000000000000004,True
44,2,ORD-UNION,26,4,37,3,37,2,1,5,10,6,0.30000000000000004,0.30000000000000004,True
45,2,CARD,26,4,37,3,53,2,1,5,10,6,0.30000000000000004,0.30000000000000004,False
46,2,CLF_UNION,35,19,76,3,76,2,1,5,10,6,0.30000000000000004,0.30000000000000004,False
47,2,ORD-UNION,26,4,37,3,37,2,1,5,10,6,0.30000000000000004,0.30000000000000004,False
48,2,CARD,26,5,37,3,53,2,1,5,10,6,0.30000000000000004,0.30000000000000004,True
49,2,CLF_UNION,36,19,75,3,75,2,1,5,10,6,0.30000000000000004,0.30000000000000004,True
50,2,ORD-UNION,26,5,37,3,37,2,1,5,10,6,0.30000000000000004,0.30000000000000004,True
51,2,CARD,26,5,37,3,53,2,1,5,10,6,0.30000000000000004,0.30000000000000004,False
52,2,CLF_UNION,36,19,75,3,75,2,1,5,10,6,0.30000000000000004,0.30000000000000004,False
53,2,ORD-UNION,26,5,37,3,37,2,1,5,10,6,0.30000000000000004,0.30000000000000004,False
54,2,CARD,26,4,35,3,55,2,1,5,10,6,0.30000000000000004,0.30000000000000004,True
55,2,CLF_UNION,37,17,79,3,79,2,1,5,10,6,0.30000000000000004,0.30000000000000004,True
56,2,ORD-UNION,26,4,35,3,35,2,1,5,10,6,0.30000000000000004,0.30000000000000004,True
57,2,CARD,26,4,35,3,55,2,1,5,10,6,0.30000000000000004,0.30000000000000004,False
58,2,CLF_UNION,37,17,79,3,79,2,1,5,10,6,0.30000000000000004,0.30000000000000004,False
59,2,ORD-UNION,26,4,35,3,35,2,1,5,10,6,0.30000000000000004,0.30000000000000004,False
60,3,CARD,24,4,35,6,55,15,4,5,10,6,0.30000000000000004,0.30000000000000004,True
61,3,CLF_UNION,30,7,57,6,57,15,4,5,10,6,0.30000000000000004,0.30000000000000004,True
62,3,ORD-UNION,0,0,0,6,0,15,4,5,10,6,0.30000000000000004,0.30000000000000004,True
63,3,CARD,24,4,35,6,55,2,1,5,10,6,0.30000000000000004,0.30000000000000004,False
64,3,CLF_UNION,33,11,68,6,68,2,1,5,10,6,0.30000000000000004,0.30000000000000004,False
65,3,ORD-UNION,24,4,35,6,35,2,1,5,10,6,0.30000000000000004,0.30000000000000004,False
66,3,CARD,16,10,33,6,57,2,1,5,10,6,0.30000000000000004,0.30000000000000004,True
67,3,CLF_UNION,29,20,71,6,71,2,1,5,10,6,0.30000000000000004,0.30000000000000004,True
68,3,ORD-UNION,16,10,33,6,33,2,1,5,10,6,0.30000000000000004,0.30000000000000004,True
69,3,CARD,16,10,33,6,57,2,1,5,10,6,0.30000000000000004,0.30000000000000004,False
70,3,CLF_UNION,29,20,71,6,71,2,1,5,10,6,0.30000000000000004,0.30000000000000004,False
71,3,ORD-UNION,16,10,33,6,33,2,1,5,10,6,0.30000000000000004,0.30000000000000004,False
72,3,CARD,13,15,35,6,55,2,1,5,10,6,0.30000000000000004,0.30000000000000004,True
73,3,CLF_UNION,22,24,71,6,71,2,1,5,10,6,0.30000000000000004,0.30000000000000004,True
74,3,ORD-UNION,13,15,35,6,35,2,1,5,10,6,0.30000000000000004,0.30000000000000004,True
75,3,CARD,13,15,35,6,55,2,1,5,10,6,0.30000000000000004,0.30000000000000004,False
76,3,CLF_UNION,22,24,71,6,71,2,1,5,10,6,0.30000000000000004,0.30000000000000004,False
77,3,ORD-UNION,13,15,35,6,35,2,1,5,10,6,0.30000000000000004,0.30000000000000004,False
78,3,CARD,15,12,35,6,55,2,1,5,10,6,0.30000000000000004,0.30000000000000004,True
79,3,CLF_UNION,29,21,71,6,71,2,1,5,10,6,0.30000000000000004,0.30000000000000004,True
80,3,ORD-UNION,15,12,35,6,35,2,1,5,10,6,0.30000000000000004,0.30000000000000004,True
81,3,CARD,15,12,35,6,55,2,1,5,10,6,0.30000000000000004,0.30000000000000004,False
82,3,CLF_UNION,29,21,71,6,71,2,1,5,10,6,0.30000000000000004,0.30000000000000004,False
83,3,ORD-UNION,15,12,35,6,35,2,1,5,10,6,0.30000000000000004,0.30000000000000004,False
84,3,CARD,16,9,32,6,57,2,1,5,10,6,0.30000000000000004,0.30000000000000004,True
85,3,CLF_UNION,25,18,66,6,67,2,1,5,10,6,0.30000000000000004,0.30000000000000004,True
86,3,ORD-UNION,16,9,32,6,33,2,1,5,10,6,0.30000000000000004,0.30000000000000004,True
87,3,CARD,16,9,32,6,57,2,1,5,10,6,0.30000000000000004,0.30000000000000004,False
88,3,CLF_UNION,25,18,66,6,67,2,1,5,10,6,0.30000000000000004,0.30000000000000004,False
89,3,ORD-UNION,16,9,32,6,33,2,1,5,10,6,0.30000000000000004,0.30000000000000004,False
90,4,CARD,21,11,39,9,51,15,4,5,10,6,0.30000000000000004,0.30000000000000004,True
91,4,CLF_UNION,30,7,55,9,55,15,4,5,10,6,0.30000000000000004,0.30000000000000004,True
92,4,ORD-UNION,0,0,0,9,0,15,4,5,10,6,0.30000000000000004,0.30000000000000004,True
93,4,CARD,21,11,39,9,51,3,1,5,10,6,0.30000000000000004,0.30000000000000004,False
94,4,CLF_UNION,26,15,60,9,60,3,1,5,10,6,0.30000000000000004,0.30000000000000004,False
95,4,ORD-UNION,21,10,38,9,38,3,1,5,10,6,0.30000000000000004,0.30000000000000004,False
96,4,CARD,25,4,36,9,54,3,1,5,10,6,0.30000000000000004,0.30000000000000004,True
97,4,CLF_UNION,31,11,64,9,64,3,1,5,10,6,0.30000000000000004,0.30000000000000004,True
98,4,ORD-UNION,23,3,32,9,32,3,1,5,10,6,0.30000000000000004,0.30000000000000004,True
99,4,CARD,25,4,36,9,54,3,1,5,10,6,0.30000000000000004,0.30000000000000004,False
100,4,CLF_UNION,31,11,64,9,64,3,1,5,10,6,0.30000000000000004,0.30000000000000004,False
101,4,ORD-UNION,23,3,32,9,32,3,1,5,10,6,0.30000000000000004,0.30000000000000004,False
102,4,CARD,14,15,37,9,53,3,1,5,10,6,0.30000000000000004,0.30000000000000004,True
103,4,CLF_UNION,19,21,60,9,60,3,1,5,10,6,0.30000000000000004,0.30000000000000004,True
104,4,ORD-UNION,13,15,35,9,35,3,1,5,10,6,0.30000000000000004,0.30000000000000004,True
105,4,CARD,14,15,37,9,53,3,1,5,10,6,0.30000000000000004,0.30000000000000004,False
106,4,CLF_UNION,19,21,60,9,60,3,1,5,10,6,0.30000000000000004,0.30000000000000004,False
107,4,ORD-UNION,13,15,35,9,35,3,1,5,10,6,0.30000000000000004,0.30000000000000004,False
108,4,CARD,24,9,39,9,50,3,1,5,10,6,0.30000000000000004,0.30000000000000004,True
109,4,CLF_UNION,27,13,58,9,59,3,1,5,10,6,0.30000000000000004,0.30000000000000004,True
110,4,ORD-UNION,24,9,39,9,40,3,1,5,10,6,0.30000000000000004,0.30000000000000004,True
111,4,CARD,24,9,39,9,50,3,1,5,10,6,0.30000000000000004,0.30000000000000004,False
112,4,CLF_UNION,27,13,58,9,59,3,1,5,10,6,0.30000000000000004,0.30000000000000004,False
113,4,ORD-UNION,24,9,39,9,40,3,1,5,10,6,0.30000000000000004,0.30000000000000004,False
114,4,CARD,22,9,37,9,52,3,1,5,10,6,0.30000000000000004,0.30000000000000004,True
115,4,CLF_UNION,28,15,61,9,62,3,1,5,10,6,0.30000000000000004,0.30000000000000004,True
116,4,ORD-UNION,20,8,33,9,34,3,1,5,10,6,0.30000000000000004,0.30000000000000004,True
117,4,CARD,22,9,37,9,52,3,1,5,10,6,0.30000000000000004,0.30000000000000004,False
118,4,CLF_UNION,28,15,61,9,62,3,1,5,10,6,0.30000000000000004,0.30000000000000004,False
119,4,ORD-UNION,20,8,33,9,34,3,1,5,10,6,0.30000000000000004,0.30000000000000004,False
120,5,CARD,32,4,41,13,48,15,4,5,10,6,0.30000000000000004,0.30000000000000004,True
121,5,CLF_UNION,31,7,56,13,57,15,4,5,10,6,0.30000000000000004,0.30000000000000004,True
122,5,ORD-UNION,1,0,1,13,2,15,4,5,10,6,0.30000000000000004,0.30000000000000004,True
123,5,CARD,20,12,37,13,52,3,1,5,10,6,0.30000000000000004,0.30000000000000004,False
124,5,CLF_UNION,25,23,67,13,68,3,1,5,10,6,0.30000000000000004,0.30000000000000004,False
125,5,ORD-UNION,20,12,37,13,38,3,1,5,10,6,0.30000000000000004,0.30000000000000004,False
126,5,CARD,26,5,37,13,53,3,1,5,10,6,0.30000000000000004,0.30000000000000004,True
127,5,CLF_UNION,31,11,64,13,64,3,1,5,10,6,0.30000000000000004,0.30000000000000004,True
128,5,ORD-UNION,26,5,37,13,37,3,1,5,10,6,0.30000000000000004,0.30000000000000004,True
129,5,CARD,26,5,37,13,53,3,1,5,10,6,0.30000000000000004,0.30000000000000004,False
130,5,CLF_UNION,31,11,64,13,64,3,1,5,10,6,0.30000000000000004,0.30000000000000004,False
131,5,ORD-UNION,26,5,37,13,37,3,1,5,10,6,0.30000000000000004,0.30000000000000004,False
132,5,CARD,25,6,37,13,53,3,1,5,10,6,0.30000000000000004,0.30000000000000004,True
133,5,CLF_UNION,31,14,67,13,67,3,1,5,10,6,0.30000000000000004,0.30000000000000004,True
134,5,ORD-UNION,25,6,37,13,37,3,1,5,10,6,0.30000000000000004,0.30000000000000004,True
135,5,CARD,25,6,37,13,53,3,1,5,10,6,0.30000000000000004,0.30000000000000004,False
136,5,CLF_UNION,31,14,67,13,67,3,1,5,10,6,0.30000000000000004,0.30000000000000004,False
137,5,ORD-UNION,25,6,37,13,37,3,1,5,10,6,0.30000000000000004,0.30000000000000004,False
138,5,CARD,25,3,36,13,53,3,1,5,10,6,0.30000000000000004,0.30000000000000004,True
139,5,CLF_UNION,33,11,62,13,63,3,1,5,10,6,0.30000000000000004,0.30000000000000004,True
140,5,ORD-UNION,25,3,36,13,37,3,1,5,10,6,0.30000000000000004,0.30000000000000004,True
141,5,CARD,25,3,36,13,53,3,1,5,10,6,0.30000000000000004,0.30000000000000004,False
142,5,CLF_UNION,33,11,62,13,63,3,1,5,10,6,0.30000000000000004,0.30000000000000004,False
143,5,ORD-UNION,25,3,36,13,37,3,1,5,10,6,0.30000000000000004,0.30000000000000004,False
144,5,CARD,19,1,31,13,57,3,1,5,10,6,0.30000000000000004,0.30000000000000004,True
145,5,CLF_UNION,28,10,65,13,67,3,1,5,10,6,0.30000000000000004,0.30000000000000004,True
146,5,ORD-UNION,19,1,31,13,33,3,1,5,10,6,0.30000000000000004,0.30000000000000004,True
147,5,CARD,19,1,31,13,57,3,1,5,10,6,0.30000000000000004,0.30000000000000004,False
148,5,CLF_UNION,28,10,65,13,67,3,1,5,10,6,0.30000000000000004,0.30000000000000004,False
149,5,ORD-UNION,19,1,31,13,33,3,1,5,10,6,0.30000000000000004,0.30000000000000004,False
150,6,CARD,26,12,45,17,45,15,4,5,10,6,0.30000000000000004,0.30000000000000004,True
151,6,CLF_UNION,29,9,55,17,55,15,4,5,10,6,0.30000000000000004,0.30000000000000004,True
152,6,ORD-UNION,1,0,1,17,1,15,4,5,10,6,0.30000000000000004,0.30000000000000004,True
153,6,CARD,27,10,44,17,46,4,1,5,10,6,0.30000000000000004,0.30000000000000004,False
154,6,CLF_UNION,28,11,56,17,56,4,1,5,10,6,0.30000000000000004,0.30000000000000004,False
155,6,ORD-UNION,27,8,41,17,41,4,1,5,10,6,0.30000000000000004,0.30000000000000004,False
156,6,CARD,23,10,41,17,49,4,1,5,10,6,0.30000000000000004,0.30000000000000004,True
157,6,CLF_UNION,27,12,59,17,59,4,1,5,10,6,0.30000000000000004,0.30000000000000004,True
158,6,ORD-UNION,22,10,37,17,37,4,1,5,10,6,0.30000000000000004,0.30000000000000004,True
159,6,CARD,23,10,41,17,49,4,1,5,10,6,0.30000000000000004,0.30000000000000004,False
160,6,CLF_UNION,27,12,59,17,59,4,1,5,10,6,0.30000000000000004,0.30000000000000004,False
161,6,ORD-UNION,22,10,37,17,37,4,1,5,10,6,0.30000000000000004,0.30000000000000004,False
162,6,CARD,29,1,39,17,49,4,1,5,10,6,0.30000000000000004,0.30000000000000004,True
163,6,CLF_UNION,30,2,57,17,59,4,1,5,10,6,0.30000000000000004,0.30000000000000004,True
164,6,ORD-UNION,29,0,36,17,38,4,1,5,10,6,0.30000000000000004,0.30000000000000004,True
165,6,CARD,29,1,39,17,49,4,1,5,10,6,0.30000000000000004,0.30000000000000004,False
166,6,CLF_UNION,30,2,57,17,59,4,1,5,10,6,0.30000000000000004,0.30000000000000004,False
167,6,ORD-UNION,29,0,36,17,38,4,1,5,10,6,0.30000000000000004,0.30000000000000004,False
168,6,CARD,32,3,43,17,47,4,1,5,10,6,0.30000000000000004,0.30000000000000004,True
169,6,CLF_UNION,33,4,57,17,57,4,1,5,10,6,0.30000000000000004,0.30000000000000004,True
170,6,ORD-UNION,31,1,37,17,37,4,1,5,10,6,0.30000000000000004,0.30000000000000004,True
171,6,CARD,32,3,43,17,47,4,1,5,10,6,0.30000000000000004,0.30000000000000004,False
172,6,CLF_UNION,33,4,57,17,57,4,1,5,10,6,0.30000000000000004,0.30000000000000004,False
173,6,ORD-UNION,31,1,37,17,37,4,1,5,10,6,0.30000000000000004,0.30000000000000004,False
174,6,CARD,34,0,40,17,49,4,1,5,10,6,0.30000000000000004,0.30000000000000004,True
175,6,CLF_UNION,33,1,58,17,59,4,1,5,10,6,0.30000000000000004,0.30000000000000004,True
176,6,ORD-UNION,34,0,37,17,38,4,1,5,10,6,0.30000000000000004,0.30000000000000004,True
177,6,CARD,34,0,40,17,49,4,1,5,10,6,0.30000000000000004,0.30000000000000004,False
178,6,CLF_UNION,33,1,58,17,59,4,1,5,10,6,0.30000000000000004,0.30000000000000004,False
179,6,ORD-UNION,34,0,37,17,38,4,1,5,10,6,0.30000000000000004,0.30000000000000004,False
180,7,CARD,19,9,35,23,47,15,4,5,10,6,0.30000000000000004,0.30000000000000004,True
181,7,CLF_UNION,19,9,47,23,55,15,4,5,10,6,0.30000000000000004,0.30000000000000004,True
182,7,ORD-UNION,3,0,4,23,12,15,4,5,10,6,0.30000000000000004,0.30000000000000004,True
183,7,CARD,17,11,35,23,47,4,1,5,10,6,0.30000000000000004,0.30000000000000004,False
184,7,CLF_UNION,19,10,51,23,59,4,1,5,10,6,0.30000000000000004,0.30000000000000004,False
185,7,ORD-UNION,16,10,32,23,40,4,1,5,10,6,0.30000000000000004,0.30000000000000004,False
186,7,CARD,21,11,43,23,46,4,1,5,10,6,0.30000000000000004,0.30000000000000004,True
187,7,CLF_UNION,22,11,56,23,57,4,1,5,10,6,0.30000000000000004,0.30000000000000004,True
188,7,ORD-UNION,21,9,37,23,38,4,1,5,10,6,0.30000000000000004,0.30000000000000004,True
189,7,CARD,21,11,43,23,46,4,1,5,10,6,0.30000000000000004,0.30000000000000004,False
190,7,CLF_UNION,22,11,56,23,57,4,1,5,10,6,0.30000000000000004,0.30000000000000004,False
191,7,ORD-UNION,21,9,37,23,38,4,1,5,10,6,0.30000000000000004,0.30000000000000004,False
192,7,CARD,28,8,43,23,47,4,1,5,10,6,0.30000000000000004,0.30000000000000004,True
193,7,CLF_UNION,25,13,59,23,59,4,1,5,10,6,0.30000000000000004,0.30000000000000004,True
194,7,ORD-UNION,25,8,37,23,37,4,1,5,10,6,0.30000000000000004,0.30000000000000004,True
195,7,CARD,28,8,43,23,47,4,1,5,10,6,0.30000000000000004,0.30000000000000004,False
196,7,CLF_UNION,25,13,59,23,59,4,1,5,10,6,0.30000000000000004,0.30000000000000004,False
197,7,ORD-UNION,25,8,37,23,37,4,1,5,10,6,0.30000000000000004,0.30000000000000004,False
198,7,CARD,27,9,41,23,49,4,1,5,10,6,0.30000000000000004,0.30000000000000004,True
199,7,CLF_UNION,29,11,58,23,58,4,1,5,10,6,0.30000000000000004,0.30000000000000004,True
200,7,ORD-UNION,27,9,39,23,39,4,1,5,10,6,0.30000000000000004,0.30000000000000004,True
201,7,CARD,27,9,41,23,49,4,1,5,10,6,0.30000000000000004,0.30000000000000004,False
202,7,CLF_UNION,29,11,58,23,58,4,1,5,10,6,0.30000000000000004,0.30000000000000004,False
203,7,ORD-UNION,27,9,39,23,39,4,1,5,10,6,0.30000000000000004,0.30000000000000004,False
204,7,CARD,33,0,42,23,46,4,1,5,10,6,0.30000000000000004,0.30000000000000004,True
205,7,CLF_UNION,34,2,55,23,57,4,1,5,10,6,0.30000000000000004,0.30000000000000004,True
206,7,ORD-UNION,32,0,38,23,40,4,1,5,10,6,0.30000000000000004,0.30000000000000004,True
207,7,CARD,33,0,42,23,46,4,1,5,10,6,0.30000000000000004,0.30000000000000004,False
208,7,CLF_UNION,34,2,55,23,57,4,1,5,10,6,0.30000000000000004,0.30000000000000004,False
209,7,ORD-UNION,32,0,38,23,40,4,1,5,10,6,0.30000000000000004,0.30000000000000004,False
210,8,CARD,25,3,37,31,51,15,4,5,10,6,0.30000000000000004,0.30000000000000004,True
211,8,CLF_UNION,33,0,53,31,55,15,4,5,10,6,0.30000000000000004,0.30000000000000004,True
212,8,ORD-UNION,5,0,5,31,7,15,4,5,10,6,0.30000000000000004,0.30000000000000004,True
213,8,CARD,33,0,42,31,46,5,1,5,10,6,0.30000000000000004,0.30000000000000004,False
214,8,CLF_UNION,33,0,53,31,55,5,1,5,10,6,0.30000000000000004,0.30000000000000004,False
215,8,ORD-UNION,29,0,32,31,34,5,1,5,10,6,0.30000000000000004,0.30000000000000004,False
216,8,CARD,31,2,42,31,46,5,1,5,10,6,0.30000000000000004,0.30000000000000004,True
217,8,CLF_UNION,33,0,54,31,56,5,1,5,10,6,0.30000000000000004,0.30000000000000004,True
218,8,ORD-UNION,26,0,30,31,32,5,1,5,10,6,0.30000000000000004,0.30000000000000004,True
219,8,CARD,31,2,42,31,46,5,1,5,10,6,0.30000000000000004,0.30000000000000004,False
220,8,CLF_UNION,33,0,54,31,56,5,1,5,10,6,0.30000000000000004,0.30000000000000004,False
221,8,ORD-UNION,26,0,30,31,32,5,1,5,10,6,0.30000000000000004,0.30000000000000004,False
222,8,CARD,29,2,39,31,47,5,1,5,10,6,0.30000000000000004,0.30000000000000004,True
223,8,CLF_UNION,30,1,51,31,55,5,1,5,10,6,0.30000000000000004,0.30000000000000004,True
224,8,ORD-UNION,24,0,28,31,32,5,1,5,10,6,0.30000000000000004,0.30000000000000004,True
225,8,CARD,29,2,39,31,47,5,1,5,10,6,0.30000000000000004,0.30000000000000004,False
226,8,CLF_UNION,30,1,51,31,55,5,1,5,10,6,0.30000000000000004,0.30000000000000004,False
227,8,ORD-UNION,24,0,28,31,32,5,1,5,10,6,0.30000000000000004,0.30000000000000004,False
228,8,CARD,30,2,40,31,45,5,1,5,10,6,0.30000000000000004,0.30000000000000004,True
229,8,CLF_UNION,31,1,50,31,55,5,1,5,10,6,0.30000000000000004,0.30000000000000004,True
230,8,ORD-UNION,25,0,30,31,35,5,1,5,10,6,0.30000000000000004,0.30000000000000004,True
231,8,CARD,30,2,40,31,45,5,1,5,10,6,0.30000000000000004,0.30000000000000004,False
232,8,CLF_UNION,31,1,50,31,55,5,1,5,10,6,0.30000000000000004,0.30000000000000004,False
233,8,ORD-UNION,25,0,30,31,35,5,1,5,10,6,0.30000000000000004,0.30000000000000004,False
234,8,CARD,31,2,42,31,45,5,1,5,10,6,0.30000000000000004,0.30000000000000004,True
235,8,CLF_UNION,33,1,53,31,56,5,1,5,10,6,0.30000000000000004,0.30000000000000004,True
236,8,ORD-UNION,27,0,29,31,32,5,1,5,10,6,0.30000000000000004,0.30000000000000004,True
237,8,CARD,31,2,42,31,45,5,1,5,10,6,0.30000000000000004,0.30000000000000004,False
238,8,CLF_UNION,33,1,53,31,56,5,1,5,10,6,0.30000000000000004,0.30000000000000004,False
239,8,ORD-UNION,27,0,29,31,32,5,1,5,10,6,0.30000000000000004,0.30000000000000004,False
240,9,CARD,24,7,38,39,51,15,4,5,10,6,0.30000000000000004,0.30000000000000004,True
241,9,CLF_UNION,33,1,54,39,55,15,4,5,10,6,0.30000000000000004,0.30000000000000004,True
242,9,ORD-UNION,0,0,0,39,1,15,4,5,10,6,0.30000000000000004,0.30000000000000004,True
243,9,CARD,31,2,41,39,48,5,1,5,10,6,0.30000000000000004,0.30000000000000004,False
244,9,CLF_UNION,34,2,58,39,59,5,1,5,10,6,0.30000000000000004,0.30000000000000004,False
245,9,ORD-UNION,28,1,33,39,34,5,1,5,10,6,0.30000000000000004,0.30000000000000004,False
246,9,CARD,30,0,38,39,49,5,1,5,10,6,0.30000000000000004,0.30000000000000004,True
247,9,CLF_UNION,33,3,55,39,58,5,1,5,10,6,0.30000000000000004,0.30000000000000004,True
248,9,ORD-UNION,24,0,30,39,33,5,1,5,10,6,0.30000000000000004,0.30000000000000004,True
249,9,CARD,30,0,38,39,49,5,1,5,10,6,0.30000000000000004,0.30000000000000004,False
250,9,CLF_UNION,33,3,55,39,58,5,1,5,10,6,0.30000000000000004,0.30000000000000004,False
251,9,ORD-UNION,24,0,30,39,33,5,1,5,10,6,0.30000000000000004,0.30000000000000004,False
252,9,CARD,29,11,43,39,46,5,1,5,10,6,0.30000000000000004,0.30000000000000004,True
253,9,CLF_UNION,30,11,56,39,57,5,1,5,10,6,0.30000000000000004,0.30000000000000004,True
254,9,ORD-UNION,25,11,39,39,40,5,1,5,10,6,0.30000000000000004,0.30000000000000004,True
255,9,CARD,29,11,43,39,46,5,1,5,10,6,0.30000000000000004,0.30000000000000004,False
256,9,CLF_UNION,30,11,56,39,57,5,1,5,10,6,0.30000000000000004,0.30000000000000004,False
257,9,ORD-UNION,25,11,39,39,40,5,1,5,10,6,0.30000000000000004,0.30000000000000004,False
258,9,CARD,29,2,39,39,46,5,1,5,10,6,0.30000000000000004,0.30000000000000004,True
259,9,CLF_UNION,31,2,54,39,59,5,1,5,10,6,0.30000000000000004,0.30000000000000004,True
260,9,ORD-UNION,26,1,33,39,38,5,1,5,10,6,0.30000000000000004,0.30000000000000004,True
261,9,CARD,29,2,39,39,46,5,1,5,10,6,0.30000000000000004,0.30000000000000004,False
262,9,CLF_UNION,31,2,54,39,59,5,1,5,10,6,0.30000000000000004,0.30000000000000004,False
263,9,ORD-UNION,26,1,33,39,38,5,1,5,10,6,0.30000000000000004,0.30000000000000004,False
264,9,CARD,23,4,34,39,47,5,1,5,10,6,0.30000000000000004,0.30000000000000004,True
265,9,CLF_UNION,25,4,49,39,58,5,1,5,10,6,0.30000000000000004,0.30000000000000004,True
266,9,ORD-UNION,23,2,28,39,37,5,1,5,10,6,0.30000000000000004,0.30000000000000004,True
267,9,CARD,23,4,34,39,47,5,1,5,10,6,0.30000000000000004,0.30000000000000004,False
268,9,CLF_UNION,25,4,49,39,58,5,1,5,10,6,0.30000000000000004,0.30000000000000004,False
269,9,ORD-UNION,23,2,28,39,37,5,1,5,10,6,0.30000000000000004,0.30000000000000004,False
270,10,CARD,25,10,41,47,46,15,4,5,10,6,0.30000000000000004,0.30000000000000004,True
271,10,CLF_UNION,25,10,52,47,55,15,4,5,10,6,0.30000000000000004,0.30000000000000004,True
272,10,ORD-UNION,1,0,1,47,4,15,4,5,10,6,0.30000000000000004,0.30000000000000004,True
273,10,CARD,25,10,42,47,45,5,1,5,10,6,0.30000000000000004,0.30000000000000004,False
274,10,CLF_UNION,25,10,54,47,57,5,1,5,10,6,0.30000000000000004,0.30000000000000004,False
275,10,ORD-UNION,22,10,35,47,38,5,1,5,10,6,0.30000000000000004,0.30000000000000004,False
276,10,CARD,21,1,35,47,47,5,1,5,10,6,0.30000000000000004,0.30000000000000004,True
277,10,CLF_UNION,24,1,53,47,61,5,1,5,10,6,0.30000000000000004,0.30000000000000004,True
278,10,ORD-UNION,19,1,28,47,36,5,1,5,10,6,0.30000000000000004,0.30000000000000004,True
279,10,CARD,21,1,35,47,47,5,1,5,10,6,0.30000000000000004,0.30000000000000004,False
280,10,CLF_UNION,24,1,53,47,61,5,1,5,10,6,0.30000000000000004,0.30000000000000004,False
281,10,ORD-UNION,19,1,28,47,36,5,1,5,10,6,0.30000000000000004,0.30000000000000004,False
282,10,CARD,27,10,42,47,47,5,1,5,10,6,0.30000000000000004,0.30000000000000004,True
283,10,CLF_UNION,27,11,57,47,58,5,1,5,10,6,0.30000000000000004,0.30000000000000004,True
284,10,ORD-UNION,24,10,35,47,36,5,1,5,10,6,0.30000000000000004,0.30000000000000004,True
285,10,CARD,27,10,42,47,47,5,1,5,10,6,0.30000000000000004,0.30000000000000004,False
286,10,CLF_UNION,27,11,57,47,58,5,1,5,10,6,0.30000000000000004,0.30000000000000004,False
287,10,ORD-UNION,24,10,35,47,36,5,1,5,10,6,0.30000000000000004,0.30000000000000004,False
288,10,CARD,27,3,36,47,48,5,1,5,10,6,0.30000000000000004,0.30000000000000004,True
289,10,CLF_UNION,29,4,53,47,59,5,1,5,10,6,0.30000000000000004,0.30000000000000004,True
290,10,ORD-UNION,27,1,32,47,38,5,1,5,10,6,0.30000000000000004,0.30000000000000004,True
291,10,CARD,27,3,36,47,48,5,1,5,10,6,0.30000000000000004,0.30000000000000004,False
292,10,CLF_UNION,29,4,53,47,59,5,1,5,10,6,0.30000000000000004,0.30000000000000004,False
293,10,ORD-UNION,27,1,32,47,38,5,1,5,10,6,0.30000000000000004,0.30000000000000004,False
294,10,CARD,30,0,40,47,45,5,1,5,10,6,0.30000000000000004,0.30000000000000004,True
295,10,CLF_UNION,29,1,53,47,58,5,1,5,10,6,0.30000000000000004,0.30000000000000004,True
296,10,ORD-UNION,28,0,35,47,40,5,1,5,10,6,0.30000000000000004,0.30000000000000004,True
297,10,CARD,30,0,40,47,45,5,1,5,10,6,0.30000000000000004,0.30000000000000004,False
298,10,CLF_UNION,29,1,53,47,58,5,1,5,10,6,0.30000000000000004,0.30000000000000004,False
299,10,ORD-UNION,28,0,35,47,40,5,1,5,10,6,0.30000000000000004,0.30000000000000004,False
300,11,CARD,27,9,40,55,48,15,4,5,10,6,0.30000000000000004,0.30000000000000004,True
301,11,CLF_UNION,27,10,53,55,55,15,4,5,10,6,0.30000000000000004,0.30000000000000004,True
302,11,ORD-UNION,4,0,4,55,6,15,4,5,10,6,0.30000000000000004,0.30000000000000004,True
303,11,CARD,26,10,42,55,46,5,1,5,10,6,0.30000000000000004,0.30000000000000004,False
304,11,CLF_UNION,26,11,54,55,56,5,1,5,10,6,0.30000000000000004,0.30000000000000004,False
305,11,ORD-UNION,23,10,36,55,38,5,1,5,10,6,0.30000000000000004,0.30000000000000004,False
306,11,CARD,26,12,43,55,46,5,1,5,10,6,0.30000000000000004,0.30000000000000004,True
307,11,CLF_UNION,27,13,55,55,56,5,1,5,10,6,0.30000000000000004,0.30000000000000004,True
308,11,ORD-UNION,22,11,37,55,38,5,1,5,10,6,0.30000000000000004,0.30000000000000004,True
309,11,CARD,26,12,43,55,46,5,1,5,10,6,0.30000000000000004,0.30000000000000004,False
310,11,CLF_UNION,27,13,55,55,56,5,1,5,10,6,0.30000000000000004,0.30000000000000004,False
311,11,ORD-UNION,22,11,37,55,38,5,1,5,10,6,0.30000000000000004,0.30000000000000004,False
312,11,CARD,26,10,42,55,46,5,1,5,10,6,0.30000000000000004,0.30000000000000004,True
313,11,CLF_UNION,26,10,53,55,55,5,1,5,10,6,0.30000000000000004,0.30000000000000004,True
314,11,ORD-UNION,25,10,39,55,41,5,1,5,10,6,0.30000000000000004,0.30000000000000004,True
315,11,CARD,26,10,42,55,46,5,1,5,10,6,0.30000000000000004,0.30000000000000004,False
316,11,CLF_UNION,26,10,53,55,55,5,1,5,10,6,0.30000000000000004,0.30000000000000004,False
317,11,ORD-UNION,25,10,39,55,41,5,1,5,10,6,0.30000000000000004,0.30000000000000004,False
318,11,CARD,18,10,40,55,49,5,1,5,10,6,0.30000000000000004,0.30000000000000004,True
319,11,CLF_UNION,20,14,57,55,58,5,1,5,10,6,0.30000000000000004,0.30000000000000004,True
320,11,ORD-UNION,15,9,31,55,32,5,1,5,10,6,0.30000000000000004,0.30000000000000004,True
321,11,CARD,18,10,40,55,49,5,1,5,10,6,0.30000000000000004,0.30000000000000004,False
322,11,CLF_UNION,20,14,57,55,58,5,1,5,10,6,0.30000000000000004,0.30000000000000004,False
323,11,ORD-UNION,15,9,31,55,32,5,1,5,10,6,0.30000000000000004,0.30000000000000004,False
324,11,CARD,23,1,31,55,46,5,1,5,10,6,0.30000000000000004,0.30000000000000004,True
325,11,CLF_UNION,24,3,44,55,57,5,1,5,10,6,0.30000000000000004,0.30000000000000004,True
326,11,ORD-UNION,20,1,27,55,40,5,1,5,10,6,0.30000000000000004,0.30000000000000004,True
327,11,CARD,23,1,31,55,46,5,1,5,10,6,0.30000000000000004,0.30000000000000004,False
328,11,CLF_UNION,24,3,44,55,57,5,1,5,10,6,0.30000000000000004,0.30000000000000004,False
329,11,ORD-UNION,20,1,27,55,40,5,1,5,10,6,0.30000000000000004,0.30000000000000004,False
330,12,CARD,18,0,27,63,52,15,4,5,10,6,0.30000000000000004,0.30000000000000004,True
331,12,CLF_UNION,19,1,45,63,56,15,4,5,10,6,0.30000000000000004,0.30000000000000004,True
332,12,ORD-UNION,5,0,6,63,17,15,4,5,10,6,0.30000000000000004,0.30000000000000004,True
333,12,CARD,15,3,30,63,49,10,2,5,10,6,0.30000000000000004,0.30000000000000004,False
334,12,CLF_UNION,19,3,47,63,58,10,2,5,10,6,0.30000000000000004,0.30000000000000004,False
335,12,ORD-UNION,5,0,7,63,18,10,2,5,10,6,0.30000000000000004,0.30000000000000004,False
336,12,CARD,22,10,42,63,47,10,2,5,10,6,0.30000000000000004,0.30000000000000004,True
337,12,CLF_UNION,21,14,56,63,57,10,2,5,10,6,0.30000000000000004,0.30000000000000004,True
338,12,ORD-UNION,4,6,12,63,13,10,2,5,10,6,0.30000000000000004,0.30000000000000004,True
339,12,CARD,22,10,42,63,47,10,2,5,10,6,0.30000000000000004,0.30000000000000004,False
340,12,CLF_UNION,21,14,56,63,57,10,2,5,10,6,0.30000000000000004,0.30000000000000004,False
341,12,ORD-UNION,4,6,12,63,13,10,2,5,10,6,0.30000000000000004,0.30000000000000004,False
342,12,CARD,22,3,40,63,47,10,2,5,10,6,0.30000000000000004,0.30000000000000004,True
343,12,CLF_UNION,22,5,53,63,56,10,2,5,10,6,0.30000000000000004,0.30000000000000004,True
344,12,ORD-UNION,7,0,12,63,15,10,2,5,10,6,0.30000000000000004,0.30000000000000004,True
345,12,CARD,22,3,40,63,47,10,2,5,10,6,0.30000000000000004,0.30000000000000004,False
346,12,CLF_UNION,22,5,53,63,56,10,2,5,10,6,0.30000000000000004,0.30000000000000004,False
347,12,ORD-UNION,7,0,12,63,15,10,2,5,10,6,0.30000000000000004,0.30000000000000004,False
348,12,CARD,12,11,30,63,47,10,2,5,10,6,0.30000000000000004,0.30000000000000004,True
349,12,CLF_UNION,15,9,42,63,55,10,2,5,10,6,0.30000000000000004,0.30000000000000004,True
350,12,ORD-UNION,4,7,11,63,24,10,2,5,10,6,0.30000000000000004,0.30000000000000004,True
351,12,CARD,12,11,30,63,47,10,2,5,10,6,0.30000000000000004,0.30000000000000004,False
352,12,CLF_UNION,15,9,42,63,55,10,2,5,10,6,0.30000000000000004,0.30000000000000004,False
353,12,ORD-UNION,4,7,11,63,24,10,2,5,10,6,0.30000000000000004,0.30000000000000004,False
354,12,CARD,24,6,38,63,46,10,2,5,10,6,0.30000000000000004,0.30000000000000004,True
355,12,CLF_UNION,28,3,50,63,56,10,2,5,10,6,0.30000000000000004,0.30000000000000004,True
356,12,ORD-UNION,7,0,7,63,13,10,2,5,10,6,0.30000000000000004,0.30000000000000004,True
357,12,CARD,24,6,38,63,46,10,2,5,10,6,0.30000000000000004,0.30000000000000004,False
358,12,CLF_UNION,28,3,50,63,56,10,2,5,10,6,0.30000000000000004,0.30000000000000004,False
359,12,ORD-UNION,7,0,7,63,13,10,2,5,10,6,0.30000000000000004,0.30000000000000004,False
360,13,CARD,22,9,34,74,51,15,4,5,10,6,0.30000000000000004,0.30000000000000004,True
361,13,CLF_UNION,24,9,51,74,56,15,4,5,10,6,0.30000000000000004,0.30000000000000004,True
362,13,ORD-UNION,1,0,1,74,6,15,4,5,10,6,0.30000000000000004,0.30000000000000004,True
363,13,CARD,23,10,40,74,45,8,2,5,10,6,0.30000000000000004,0.30000000000000004,False
364,13,CLF_UNION,24,9,51,74,56,8,2,5,10,6,0.30000000000000004,0.30000000000000004,False
365,13,ORD-UNION,18,9,28,74,33,8,2,5,10,6,0.30000000000000004,0.30000000000000004,False
366,13,CARD,28,0,35,74,46,8,2,5,10,6,0.30000000000000004,0.30000000000000004,True
367,13,CLF_UNION,28,0,48,74,57,8,2,5,10,6,0.30000000000000004,0.30000000000000004,True
368,13,ORD-UNION,24,0,25,74,34,8,2,5,10,6,0.30000000000000004,0.30000000000000004,True
369,13,CARD,28,0,35,74,46,8,2,5,10,6,0.30000000000000004,0.30000000000000004,False
370,13,CLF_UNION,28,0,48,74,57,8,2,5,10,6,0.30000000000000004,0.30000000000000004,False
371,13,ORD-UNION,24,0,25,74,34,8,2,5,10,6,0.30000000000000004,0.30000000000000004,False
372,13,CARD,19,11,36,74,45,8,2,5,10,6,0.30000000000000004,0.30000000000000004,True
373,13,CLF_UNION,21,9,47,74,56,8,2,5,10,6,0.30000000000000004,0.30000000000000004,True
374,13,ORD-UNION,14,9,23,74,32,8,2,5,10,6,0.30000000000000004,0.30000000000000004,True
375,13,CARD,19,11,36,74,45,8,2,5,10,6,0.30000000000000004,0.30000000000000004,False
376,13,CLF_UNION,21,9,47,74,56,8,2,5,10,6,0.30000000000000004,0.30000000000000004,False
377,13,ORD-UNION,14,9,23,74,32,8,2,5,10,6,0.30000000000000004,0.30000000000000004,False
378,13,CARD,21,9,35,74,46,8,2,5,10,6,0.30000000000000004,0.30000000000000004,True
379,13,CLF_UNION,21,9,46,74,55,8,2,5,10,6,0.30000000000000004,0.30000000000000004,True
380,13,ORD-UNION,18,9,28,74,37,8,2,5,10,6,0.30000000000000004,0.30000000000000004,True
381,13,CARD,21,9,35,74,46,8,2,5,10,6,0.30000000000000004,0.30000000000000004,False
382,13,CLF_UNION,21,9,46,74,55,8,2,5,10,6,0.30000000000000004,0.30000000000000004,False
383,13,ORD-UNION,18,9,28,74,37,8,2,5,10,6,0.30000000000000004,0.30000000000000004,False
384,13,CARD,24,9,40,74,47,8,2,5,10,6,0.30000000000000004,0.30000000000000004,True
385,13,CLF_UNION,25,9,53,74,56,8,2,5,10,6,0.30000000000000004,0.30000000000000004,True
386,13,ORD-UNION,19,9,30,74,33,8,2,5,10,6,0.30000000000000004,0.30000000000000004,True
387,13,CARD,24,9,40,74,47,8,2,5,10,6,0.30000000000000004,0.30000000000000004,False
388,13,CLF_UNION,25,9,53,74,56,8,2,5,10,6,0.30000000000000004,0.30000000000000004,False
389,13,ORD-UNION,19,9,30,74,33,8,2,5,10,6,0.30000000000000004,0.30000000000000004,False
390,14,CARD,23,0,28,85,56,15,4,5,10,6,0.30000000000000004,0.30000000000000004,True
391,14,CLF_UNION,28,0,50,85,56,15,4,5,10,6,0.30000000000000004,0.30000000000000004,True
392,14,ORD-UNION,2,0,2,85,8,15,4,5,10,6,0.30000000000000004,0.30000000000000004,True
393,14,CARD,27,0,37,85,47,8,2,5,10,6,0.30000000000000004,0.30000000000000004,False
394,14,CLF_UNION,27,2,53,85,59,8,2,5,10,6,0.30000000000000004,0.30000000000000004,False
395,14,ORD-UNION,23,0,28,85,34,8,2,5,10,6,0.30000000000000004,0.30000000000000004,False
396,14,CARD,27,0,36,85,47,8,2,5,10,6,0.30000000000000004,0.30000000000000004,True
397,14,CLF_UNION,28,2,52,85,59,8,2,5,10,6,0.30000000000000004,0.30000000000000004,True
398,14,ORD-UNION,23,0,26,85,33,8,2,5,10,6,0.30000000000000004,0.30000000000000004,True
399,14,CARD,27,0,36,85,47,8,2,5,10,6,0.30000000000000004,0.30000000000000004,False
400,14,CLF_UNION,28,2,52,85,59,8,2,5,10,6,0.30000000000000004,0.30000000000000004,False
401,14,ORD-UNION,23,0,26,85,33,8,2,5,10,6,0.30000000000000004,0.30000000000000004,False
402,14,CARD,21,9,39,85,48,8,2,5,10,6,0.30000000000000004,0.30000000000000004,True
403,14,CLF_UNION,22,14,58,85,61,8,2,5,10,6,0.30000000000000004,0.30000000000000004,True
404,14,ORD-UNION,14,9,25,85,28,8,2,5,10,6,0.30000000000000004,0.30000000000000004,True
405,14,CARD,21,9,39,85,48,8,2,5,10,6,0.30000000000000004,0.30000000000000004,False
406,14,CLF_UNION,22,14,58,85,61,8,2,5,10,6,0.30000000000000004,0.30000000000000004,False
407,14,ORD-UNION,14,9,25,85,28,8,2,5,10,6,0.30000000000000004,0.30000000000000004,False
408,14,CARD,33,0,41,85,46,8,2,5,10,6,0.30000000000000004,0.30000000000000004,True
409,14,CLF_UNION,33,0,56,85,59,8,2,5,10,6,0.30000000000000004,0.30000000000000004,True
410,14,ORD-UNION,30,0,33,85,36,8,2,5,10,6,0.30000000000000004,0.30000000000000004,True
411,14,CARD,33,0,41,85,46,8,2,5,10,6,0.30000000000000004,0.30000000000000004,False
412,14,CLF_UNION,33,0,56,85,59,8,2,5,10,6,0.30000000000000004,0.30000000000000004,False
413,14,ORD-UNION,30,0,33,85,36,8,2,5,10,6,0.30000000000000004,0.30000000000000004,False
414,14,CARD,23,3,35,85,48,8,2,5,10,6,0.30000000000000004,0.30000000000000004,True
415,14,CLF_UNION,26,0,55,85,62,8,2,5,10,6,0.30000000000000004,0.30000000000000004,True
416,14,ORD-UNION,19,0,21,85,28,8,2,5,10,6,0.30000000000000004,0.30000000000000004,True
417,14,CARD,23,3,35,85,48,8,2,5,10,6,0.30000000000000004,0.30000000000000004,False
418,14,CLF_UNION,26,0,55,85,62,8,2,5,10,6,0.30000000000000004,0.30000000000000004,False
419,14,ORD-UNION,19,0,21,85,28,8,2,5,10,6,0.30000000000000004,0.30000000000000004,False
420,15,CARD,22,9,38,95,51,15,4,5,10,6,0.30000000000000004,0.30000000000000004,True
421,15,CLF_UNION,22,9,54,95,55,15,4,5,10,6,0.30000000000000004,0.30000000000000004,True
422,15,ORD-UNION,1,0,1,95,2,15,4,5,10,6,0.30000000000000004,0.30000000000000004,True
423,15,CARD,20,10,43,95,46,8,2,5,10,6,0.30000000000000004,0.30000000000000004,False
424,15,CLF_UNION,22,10,56,95,57,8,2,5,10,6,0.30000000000000004,0.30000000000000004,False
425,15,ORD-UNION,14,9,30,95,31,8,2,5,10,6,0.30000000000000004,0.30000000000000004,False
426,15,CARD,34,0,41,95,46,8,2,5,10,6,0.30000000000000004,0.30000000000000004,True
427,15,CLF_UNION,34,0,55,95,58,8,2,5,10,6,0.30000000000000004,0.30000000000000004,True
428,15,ORD-UNION,30,0,31,95,34,8,2,5,10,6,0.30000000000000004,0.30000000000000004,True
429,15,CARD,34,0,41,95,46,8,2,5,10,6,0.30000000000000004,0.30000000000000004,False
430,15,CLF_UNION,34,0,55,95,58,8,2,5,10,6,0.30000000000000004,0.30000000000000004,False
431,15,ORD-UNION,30,0,31,95,34,8,2,5,10,6,0.30000000000000004,0.30000000000000004,False
432,15,CARD,23,1,32,95,50,8,2,5,10,6,0.30000000000000004,0.30000000000000004,True
433,15,CLF_UNION,27,0,48,95,56,8,2,5,10,6,0.30000000000000004,0.30000000000000004,True
434,15,ORD-UNION,20,0,26,95,34,8,2,5,10,6,0.30000000000000004,0.30000000000000004,True
435,15,CARD,23,1,32,95,50,8,2,5,10,6,0.30000000000000004,0.30000000000000004,False
436,15,CLF_UNION,27,0,48,95,56,8,2,5,10,6,0.30000000000000004,0.30000000000000004,False
437,15,ORD-UNION,20,0,26,95,34,8,2,5,10,6,0.30000000000000004,0.30000000000000004,False
438,15,CARD,19,0,29,95,47,8,2,5,10,6,0.30000000000000004,0.30000000000000004,True
439,15,CLF_UNION,19,0,43,95,57,8,2,5,10,6,0.30000000000000004,0.30000000000000004,True
440,15,ORD-UNION,18,0,18,95,32,8,2,5,10,6,0.30000000000000004,0.30000000000000004,True
441,15,CARD,19,0,29,95,47,8,2,5,10,6,0.30000000000000004,0.30000000000000004,False
442,15,CLF_UNION,19,0,43,95,57,8,2,5,10,6,0.30000000000000004,0.30000000000000004,False
443,15,ORD-UNION,18,0,18,95,32,8,2,5,10,6,0.30000000000000004,0.30000000000000004,False
444,15,CARD,19,10,38,95,46,8,2,5,10,6,0.30000000000000004,0.30000000000000004,True
445,15,CLF_UNION,20,10,51,95,57,8,2,5,10,6,0.30000000000000004,0.30000000000000004,True
446,15,ORD-UNION,15,9,28,95,34,8,2,5,10,6,0.30000000000000004,0.30000000000000004,True
447,15,CARD,19,10,38,95,46,8,2,5,10,6,0.30000000000000004,0.30000000000000004,False
448,15,CLF_UNION,20,10,51,95,57,8,2,5,10,6,0.30000000000000004,0.30000000000000004,False
449,15,ORD-UNION,15,9,28,95,34,8,2,5,10,6,0.30000000000000004,0.30000000000000004,False
450,16,CARD,24,0,30,108,52,15,4,5,10,6,0.30000000000000004,0.30000000000000004,True
451,16,CLF_UNION,27,0,48,108,56,15,4,5,10,6,0.30000000000000004,0.30000000000000004,True
452,16,ORD-UNION,1,0,1,108,9,15,4,5,10,6,0.30000000000000004,0.30000000000000004,True
453,16,CARD,25,2,36,108,46,8,2,5,10,6,0.30000000000000004,0.30000000000000004,False
454,16,CLF_UNION,27,0,48,108,56,8,2,5,10,6,0.30000000000000004,0.30000000000000004,False
455,16,ORD-UNION,18,0,19,108,27,8,2,5,10,6,0.30000000000000004,0.30000000000000004,False
456,16,CARD,23,0,31,108,48,8,2,5,10,6,0.30000000000000004,0.30000000000000004,True
457,16,CLF_UNION,24,0,46,108,57,8,2,5,10,6,0.30000000000000004,0.30000000000000004,True
458,16,ORD-UNION,21,0,23,108,34,8,2,5,10,6,0.30000000000000004,0.30000000000000004,True
459,16,CARD,23,0,31,108,48,8,2,5,10,6,0.30000000000000004,0.30000000000000004,False
460,16,CLF_UNION,24,0,46,108,57,8,2,5,10,6,0.30000000000000004,0.30000000000000004,False
461,16,ORD-UNION,21,0,23,108,34,8,2,5,10,6,0.30000000000000004,0.30000000000000004,False
462,16,CARD,21,0,37,108,46,8,2,5,10,6,0.30000000000000004,0.30000000000000004,True
463,16,CLF_UNION,21,0,49,108,56,8,2,5,10,6,0.30000000000000004,0.30000000000000004,True
464,16,ORD-UNION,16,0,25,108,32,8,2,5,10,6,0.30000000000000004,0.30000000000000004,True
465,16,CARD,21,0,37,108,46,8,2,5,10,6,0.30000000000000004,0.30000000000000004,False
466,16,CLF_UNION,21,0,49,108,56,8,2,5,10,6,0.30000000000000004,0.30000000000000004,False
467,16,ORD-UNION,16,0,25,108,32,8,2,5,10,6,0.30000000000000004,0.30000000000000004,False
468,16,CARD,15,11,33,108,46,8,2,5,10,6,0.30000000000000004,0.30000000000000004,True
469,16,CLF_UNION,17,9,44,108,55,8,2,5,10,6,0.30000000000000004,0.30000000000000004,True
470,16,ORD-UNION,12,9,22,108,33,8,2,5,10,6,0.30000000000000004,0.30000000000000004,True
471,16,CARD,15,11,33,108,46,8,2,5,10,6,0.30000000000000004,0.30000000000000004,False
472,16,CLF_UNION,17,9,44,108,55,8,2,5,10,6,0.30000000000000004,0.30000000000000004,False
473,16,ORD-UNION,12,9,22,108,33,8,2,5,10,6,0.30000000000000004,0.30000000000000004,False
474,16,CARD,31,2,42,108,46,8,2,5,10,6,0.30000000000000004,0.30000000000000004,True
475,16,CLF_UNION,33,0,54,108,56,8,2,5,10,6,0.30000000000000004,0.30000000000000004,True
476,16,ORD-UNION,27,0,28,108,30,8,2,5,10,6,0.30000000000000004,0.30000000000000004,True
477,16,CARD,31,2,42,108,46,8,2,5,10,6,0.30000000000000004,0.30000000000000004,False
478,16,CLF_UNION,33,0,54,108,56,8,2,5,10,6,0.30000000000000004,0.30000000000000004,False
479,16,ORD-UNION,27,0,28,108,30,8,2,5,10,6,0.30000000000000004,0.30000000000000004,False
480,17,CARD,23,0,30,123,47,15,4,5,10,6,0.30000000000000004,0.30000000000000004,True
481,17,CLF_UNION,23,0,42,123,55,15,4,5,10,6,0.30000000000000004,0.30000000000000004,True
482,17,ORD-UNION,7,0,7,123,20,15,4,5,10,6,0.30000000000000004,0.30000000000000004,True
483,17,CARD,22,0,30,123,47,8,2,5,10,6,0.30000000000000004,0.30000000000000004,False
484,17,CLF_UNION,23,0,42,123,55,8,2,5,10,6,0.30000000000000004,0.30000000000000004,False
485,17,ORD-UNION,19,0,24,123,37,8,2,5,10,6,0.30000000000000004,0.30000000000000004,False
486,17,CARD,21,1,32,123,46,8,2,5,10,6,0.30000000000000004,0.30000000000000004,True
487,17,CLF_UNION,21,1,43,123,55,8,2,5,10,6,0.30000000000000004,0.30000000000000004,True
488,17,ORD-UNION,17,1,21,123,33,8,2,5,10,6,0.30000000000000004,0.30000000000000004,True
489,17,CARD,21,1,32,123,46,8,2,5,10,6,0.30000000000000004,0.30000000000000004,False
490,17,CLF_UNION,21,1,43,123,55,8,2,5,10,6,0.30000000000000004,0.30000000000000004,False
491,17,ORD-UNION,17,1,21,123,33,8,2,5,10,6,0.30000000000000004,0.30000000000000004,False
492,17,CARD,23,10,39,123,46,8,2,5,10,6,0.30000000000000004,0.30000000000000004,True
493,17,CLF_UNION,23,10,50,123,55,8,2,5,10,6,0.30000000000000004,0.30000000000000004,True
494,17,ORD-UNION,18,9,32,123,37,8,2,5,10,6,0.30000000000000004,0.30000000000000004,True
495,17,CARD,23,10,39,123,46,8,2,5,10,6,0.30000000000000004,0.30000000000000004,False
496,17,CLF_UNION,23,10,50,123,55,8,2,5,10,6,0.30000000000000004,0.30000000000000004,False
497,17,ORD-UNION,18,9,32,123,37,8,2,5,10,6,0.30000000000000004,0.30000000000000004,False
498,17,CARD,12,10,31,123,46,8,2,5,10,6,0.30000000000000004,0.30000000000000004,True
499,17,CLF_UNION,12,11,42,123,55,8,2,5,10,6,0.30000000000000004,0.30000000000000004,True
500,17,ORD-UNION,11,9,24,123,37,8,2,5,10,6,0.30000000000000004,0.30000000000000004,True
501,17,CARD,12,10,31,123,46,8,2,5,10,6,0.30000000000000004,0.30000000000000004,False
502,17,CLF_UNION,12,11,42,123,55,8,2,5,10,6,0.30000000000000004,0.30000000000000004,False
503,17,ORD-UNION,11,9,24,123,37,8,2,5,10,6,0.30000000000000004,0.30000000000000004,False
504,17,CARD,22,1,31,123,46,8,2,5,10,6,0.30000000000000004,0.30000000000000004,True
505,17,CLF_UNION,23,1,42,123,55,8,2,5,10,6,0.30000000000000004,0.30000000000000004,True
506,17,ORD-UNION,21,0,24,123,37,8,2,5,10,6,0.30000000000000004,0.30000000000000004,True
507,17,CARD,22,1,31,123,46,8,2,5,10,6,0.30000000000000004,0.30000000000000004,False
508,17,CLF_UNION,23,1,42,123,55,8,2,5,10,6,0.30000000000000004,0.30000000000000004,False
509,17,ORD-UNION,21,0,24,123,37,8,2,5,10,6,0.30000000000000004,0.30000000000000004,False
510,18,CARD,12,0,19,137,48,15,4,5,10,6,0.30000000000000004,0.30000000000000004,True
511,18,CLF_UNION,12,0,35,137,58,15,4,5,10,6,0.30000000000000004,0.30000000000000004,True
512,18,ORD-UNION,7,0,11,137,34,15,4,5,10,6,0.30000000000000004,0.30000000000000004,True
513,18,CARD,12,0,20,137,47,8,2,5,10,6,0.30000000000000004,0.30000000000000004,False
514,18,CLF_UNION,12,0,33,137,56,8,2,5,10,6,0.30000000000000004,0.30000000000000004,False
515,18,ORD-UNION,8,0,11,137,34,8,2,5,10,6,0.30000000000000004,0.30000000000000004,False
516,18,CARD,17,11,36,137,46,8,2,5,10,6,0.30000000000000004,0.30000000000000004,True
517,18,CLF_UNION,20,10,48,137,56,8,2,5,10,6,0.30000000000000004,0.30000000000000004,True
518,18,ORD-UNION,15,9,29,137,37,8,2,5,10,6,0.30000000000000004,0.30000000000000004,True
519,18,CARD,17,11,36,137,46,8,2,5,10,6,0.30000000000000004,0.30000000000000004,False
520,18,CLF_UNION,20,10,48,137,56,8,2,5,10,6,0.30000000000000004,0.30000000000000004,False
521,18,ORD-UNION,15,9,29,137,37,8,2,5,10,6,0.30000000000000004,0.30000000000000004,False
522,18,CARD,20,0,28,137,46,8,2,5,10,6,0.30000000000000004,0.30000000000000004,True
523,18,CLF_UNION,20,0,39,137,55,8,2,5,10,6,0.30000000000000004,0.30000000000000004,True
524,18,ORD-UNION,19,0,20,137,36,8,2,5,10,6,0.30000000000000004,0.30000000000000004,True
525,18,CARD,20,0,28,137,46,8,2,5,10,6,0.30000000000000004,0.30000000000000004,False
526,18,CLF_UNION,20,0,39,137,55,8,2,5,10,6,0.30000000000000004,0.30000000000000004,False
527,18,ORD-UNION,19,0,20,137,36,8,2,5,10,6,0.30000000000000004,0.30000000000000004,False
528,18,CARD,29,4,39,137,46,8,2,5,10,6,0.30000000000000004,0.30000000000000004,True
529,18,CLF_UNION,33,0,50,137,55,8,2,5,10,6,0.30000000000000004,0.30000000000000004,True
530,18,ORD-UNION,26,0,29,137,34,8,2,5,10,6,0.30000000000000004,0.30000000000000004,True
531,18,CARD,29,4,39,137,46,8,2,5,10,6,0.30000000000000004,0.30000000000000004,False
532,18,CLF_UNION,33,0,50,137,55,8,2,5,10,6,0.30000000000000004,0.30000000000000004,False
533,18,ORD-UNION,26,0,29,137,34,8,2,5,10,6,0.30000000000000004,0.30000000000000004,False
534,18,CARD,22,1,30,137,47,8,2,5,10,6,0.30000000000000004,0.30000000000000004,True
535,18,CLF_UNION,23,1,42,137,55,8,2,5,10,6,0.30000000000000004,0.30000000000000004,True
536,18,ORD-UNION,20,0,24,137,37,8,2,5,10,6,0.30000000000000004,0.30000000000000004,True
537,18,CARD,22,1,30,137,47,8,2,5,10,6,0.30000000000000004,0.30000000000000004,False
538,18,CLF_UNION,23,1,42,137,55,8,2,5,10,6,0.30000000000000004,0.30000000000000004,False
539,18,ORD-UNION,20,0,24,137,37,8,2,5,10,6,0.30000000000000004,0.30000000000000004,False
540,19,CARD,20,9,35,152,47,15,4,5,10,6,0.30000000000000004,0.30000000000000004,True
541,19,CLF_UNION,21,9,48,152,56,15,4,5,10,6,0.30000000000000004,0.30000000000000004,True
542,19,ORD-UNION,9,0,10,152,18,15,4,5,10,6,0.30000000000000004,0.30000000000000004,True
543,19,CARD,18,11,35,152,47,8,2,5,10,6,0.30000000000000004,0.30000000000000004,False
544,19,CLF_UNION,21,9,47,152,55,8,2,5,10,6,0.30000000000000004,0.30000000000000004,False
545,19,ORD-UNION,15,9,26,152,34,8,2,5,10,6,0.30000000000000004,0.30000000000000004,False
546,19,CARD,30,2,38,152,48,8,2,5,10,6,0.30000000000000004,0.30000000000000004,True
547,19,CLF_UNION,32,2,51,152,55,8,2,5,10,6,0.30000000000000004,0.30000000000000004,True
548,19,ORD-UNION,26,1,28,152,32,8,2,5,10,6,0.30000000000000004,0.30000000000000004,True
549,19,CARD,30,2,38,152,48,8,2,5,10,6,0.30000000000000004,0.30000000000000004,False
550,19,CLF_UNION,32,2,51,152,55,8,2,5,10,6,0.30000000000000004,0.30000000000000004,False
551,19,ORD-UNION,26,1,28,152,32,8,2,5,10,6,0.30000000000000004,0.30000000000000004,False
552,19,CARD,14,1,27,152,46,8,2,5,10,6,0.30000000000000004,0.30000000000000004,True
553,19,CLF_UNION,15,1,38,152,55,8,2,5,10,6,0.30000000000000004,0.30000000000000004,True
554,19,ORD-UNION,12,0,16,152,33,8,2,5,10,6,0.30000000000000004,0.30000000000000004,True
555,19,CARD,14,1,27,152,46,8,2,5,10,6,0.30000000000000004,0.30000000000000004,False
556,19,CLF_UNION,15,1,38,152,55,8,2,5,10,6,0.30000000000000004,0.30000000000000004,False
557,19,ORD-UNION,12,0,16,152,33,8,2,5,10,6,0.30000000000000004,0.30000000000000004,False
558,19,CARD,19,12,37,152,46,8,2,5,10,6,0.30000000000000004,0.30000000000000004,True
559,19,CLF_UNION,22,9,48,152,55,8,2,5,10,6,0.30000000000000004,0.30000000000000004,True
560,19,ORD-UNION,16,9,27,152,34,8,2,5,10,6,0.30000000000000004,0.30000000000000004,True
561,19,CARD,19,12,37,152,46,8,2,5,10,6,0.30000000000000004,0.30000000000000004,False
562,19,CLF_UNION,22,9,48,152,55,8,2,5,10,6,0.30000000000000004,0.30000000000000004,False
563,19,ORD-UNION,16,9,27,152,34,8,2,5,10,6,0.30000000000000004,0.30000000000000004,False
564,19,CARD,20,2,32,152,45,8,2,5,10,6,0.30000000000000004,0.30000000000000004,True
565,19,CLF_UNION,22,0,42,152,55,8,2,5,10,6,0.30000000000000004,0.30000000000000004,True
566,19,ORD-UNION,14,0,18,152,31,8,2,5,10,6,0.30000000000000004,0.30000000000000004,True
567,19,CARD,20,2,32,152,45,8,2,5,10,6,0.30000000000000004,0.30000000000000004,False
568,19,CLF_UNION,22,0,42,152,55,8,2,5,10,6,0.30000000000000004,0.30000000000000004,False
569,19,ORD-UNION,14,0,18,152,31,8,2,5,10,6,0.30000000000000004,0.30000000000000004,False
570,20,CARD,17,0,30,171,48,15,4,5,10,6,0.30000000000000004,0.30000000000000004,True
571,20,CLF_UNION,13,4,45,171,57,15,4,5,10,6,0.30000000000000004,0.30000000000000004,True
572,20,ORD-UNION,4,0,4,171,16,15,4,5,10,6,0.30000000000000004,0.30000000000000004,True
573,20,CARD,8,9,30,171,48,13,3,5,10,6,0.30000000000000004,0.30000000000000004,False
574,20,CLF_UNION,8,9,45,171,57,13,3,5,10,6,0.30000000000000004,0.30000000000000004,False
575,20,ORD-UNION,4,9,17,171,29,13,3,5,10,6,0.30000000000000004,0.30000000000000004,False
576,20,CARD,15,0,19,171,49,13,3,5,10,6,0.30000000000000004,0.30000000000000004,True
577,20,CLF_UNION,14,1,36,171,58,13,3,5,10,6,0.30000000000000004,0.30000000000000004,True
578,20,ORD-UNION,12,0,14,171,36,13,3,5,10,6,0.30000000000000004,0.30000000000000004,True
579,20,CARD,15,0,19,171,49,13,3,5,10,6,0.30000000000000004,0.30000000000000004,False
580,20,CLF_UNION,14,1,36,171,58,13,3,5,10,6,0.30000000000000004,0.30000000000000004,False
581,20,ORD-UNION,12,0,14,171,36,13,3,5,10,6,0.30000000000000004,0.30000000000000004,False
582,20,CARD,7,9,19,171,48,13,3,5,10,6,0.30000000000000004,0.30000000000000004,True
583,20,CLF_UNION,8,9,37,171,60,13,3,5,10,6,0.30000000000000004,0.30000000000000004,True
584,20,ORD-UNION,6,8,15,171,38,13,3,5,10,6,0.30000000000000004,0.30000000000000004,True
585,20,CARD,7,9,19,171,48,13,3,5,10,6,0.30000000000000004,0.30000000000000004,False
586,20,CLF_UNION,8,9,37,171,60,13,3,5,10,6,0.30000000000000004,0.30000000000000004,False
587,20,ORD-UNION,6,8,15,171,38,13,3,5,10,6,0.30000000000000004,0.30000000000000004,False
588,20,CARD,17,3,25,171,49,13,3,5,10,6,0.30000000000000004,0.30000000000000004,True
589,20,CLF_UNION,19,1,42,171,58,13,3,5,10,6,0.30000000000000004,0.30000000000000004,True
590,20,ORD-UNION,12,0,15,171,31,13,3,5,10,6,0.30000000000000004,0.30000000000000004,True
591,20,CARD,17,3,25,171,49,13,3,5,10,6,0.30000000000000004,0.30000000000000004,False
592,20,CLF_UNION,19,1,42,171,58,13,3,5,10,6,0.30000000000000004,0.30000000000000004,False
593,20,ORD-UNION,12,0,15,171,31,13,3,5,10,6,0.30000000000000004,0.30000000000000004,False
594,20,CARD,0,9,10,171,49,13,3,5,10,6,0.30000000000000004,0.30000000000000004,True
595,20,CLF_UNION,1,11,30,171,59,13,3,5,10,6,0.30000000000000004,0.30000000000000004,True
596,20,ORD-UNION,0,9,10,171,41,13,3,5,10,6,0.30000000000000004,0.30000000000000004,True
597,20,CARD,0,9,10,171,49,13,3,5,10,6,0.30000000000000004,0.30000000000000004,False
598,20,CLF_UNION,1,11,30,171,59,13,3,5,10,6,0.30000000000000004,0.30000000000000004,False
599,20,ORD-UNION,0,9,10,171,41,13,3,5,10,6,0.30000000000000004,0.30000000000000004,False
600,21,CARD,14,5,25,187,46,15,4,5,10,6,0.30000000000000004,0.30000000000000004,True
601,21,CLF_UNION,17,2,36,187,55,15,4,5,10,6,0.30000000000000004,0.30000000000000004,True
602,21,ORD-UNION,1,0,1,187,20,15,4,5,10,6,0.30000000000000004,0.30000000000000004,True
603,21,CARD,9,9,25,187,46,13,3,5,10,6,0.30000000000000004,0.30000000000000004,False
604,21,CLF_UNION,10,11,39,187,57,13,3,5,10,6,0.30000000000000004,0.30000000000000004,False
605,21,ORD-UNION,6,9,18,187,37,13,3,5,10,6,0.30000000000000004,0.30000000000000004,False
606,21,CARD,5,9,22,187,46,13,3,5,10,6,0.30000000000000004,0.30000000000000004,True
607,21,CLF_UNION,5,9,34,187,56,13,3,5,10,6,0.30000000000000004,0.30000000000000004,True
608,21,ORD-UNION,1,9,12,187,34,13,3,5,10,6,0.30000000000000004,0.30000000000000004,True
609,21,CARD,5,9,22,187,46,13,3,5,10,6,0.30000000000000004,0.30000000000000004,False
610,21,CLF_UNION,5,9,34,187,56,13,3,5,10,6,0.30000000000000004,0.30000000000000004,False
611,21,ORD-UNION,1,9,12,187,34,13,3,5,10,6,0.30000000000000004,0.30000000000000004,False
612,21,CARD,16,9,31,187,47,13,3,5,10,6,0.30000000000000004,0.30000000000000004,True
613,21,CLF_UNION,16,9,45,187,57,13,3,5,10,6,0.30000000000000004,0.30000000000000004,True
614,21,ORD-UNION,9,8,19,187,31,13,3,5,10,6,0.30000000000000004,0.30000000000000004,True
615,21,CARD,16,9,31,187,47,13,3,5,10,6,0.30000000000000004,0.30000000000000004,False
616,21,CLF_UNION,16,9,45,187,57,13,3,5,10,6,0.30000000000000004,0.30000000000000004,False
617,21,ORD-UNION,9,8,19,187,31,13,3,5,10,6,0.30000000000000004,0.30000000000000004,False
618,21,CARD,14,0,23,187,48,13,3,5,10,6,0.30000000000000004,0.30000000000000004,True
619,21,CLF_UNION,15,1,39,187,58,13,3,5,10,6,0.30000000000000004,0.30000000000000004,True
620,21,ORD-UNION,10,0,15,187,34,13,3,5,10,6,0.30000000000000004,0.30000000000000004,True
621,21,CARD,14,0,23,187,48,13,3,5,10,6,0.30000000000000004,0.30000000000000004,False
622,21,CLF_UNION,15,1,39,187,58,13,3,5,10,6,0.30000000000000004,0.30000000000000004,False
623,21,ORD-UNION,10,0,15,187,34,13,3,5,10,6,0.30000000000000004,0.30000000000000004,False
624,21,CARD,7,10,23,187,48,13,3,5,10,6,0.30000000000000004,0.30000000000000004,True
625,21,CLF_UNION,8,9,38,187,57,13,3,5,10,6,0.30000000000000004,0.30000000000000004,True
626,21,ORD-UNION,5,8,17,187,36,13,3,5,10,6,0.30000000000000004,0.30000000000000004,True
627,21,CARD,7,10,23,187,48,13,3,5,10,6,0.30000000000000004,0.30000000000000004,False
628,21,CLF_UNION,8,9,38,187,57,13,3,5,10,6,0.30000000000000004,0.30000000000000004,False
629,21,ORD-UNION,5,8,17,187,36,13,3,5,10,6,0.30000000000000004,0.30000000000000004,False
630,22,CARD,8,0,13,203,50,15,4,5,10,6,0.30000000000000004,0.30000000000000004,True
631,22,CLF_UNION,4,4,29,203,56,15,4,5,10,6,0.30000000000000004,0.30000000000000004,True
632,22,ORD-UNION,0,0,0,203,27,15,4,5,10,6,0.30000000000000004,0.30000000000000004,True
633,22,CARD,3,5,15,203,48,13,3,5,10,6,0.30000000000000004,0.30000000000000004,False
634,22,CLF_UNION,3,5,29,203,56,13,3,5,10,6,0.30000000000000004,0.30000000000000004,False
635,22,ORD-UNION,3,5,11,203,38,13,3,5,10,6,0.30000000000000004,0.30000000000000004,False
636,22,CARD,10,22,39,203,46,13,3,5,10,6,0.30000000000000004,0.30000000000000004,True
637,22,CLF_UNION,14,20,51,203,56,13,3,5,10,6,0.30000000000000004,0.30000000000000004,True
638,22,ORD-UNION,6,15,24,203,29,13,3,5,10,6,0.30000000000000004,0.30000000000000004,True
639,22,CARD,10,22,39,203,46,13,3,5,10,6,0.30000000000000004,0.30000000000000004,False
640,22,CLF_UNION,14,20,51,203,56,13,3,5,10,6,0.30000000000000004,0.30000000000000004,False
641,22,ORD-UNION,6,15,24,203,29,13,3,5,10,6,0.30000000000000004,0.30000000000000004,False
642,22,CARD,4,9,24,203,47,13,3,5,10,6,0.30000000000000004,0.30000000000000004,True
643,22,CLF_UNION,4,9,38,203,57,13,3,5,10,6,0.30000000000000004,0.30000000000000004,True
644,22,ORD-UNION,1,9,13,203,32,13,3,5,10,6,0.30000000000000004,0.30000000000000004,True
645,22,CARD,4,9,24,203,47,13,3,5,10,6,0.30000000000000004,0.30000000000000004,False
646,22,CLF_UNION,4,9,38,203,57,13,3,5,10,6,0.30000000000000004,0.30000000000000004,False
647,22,ORD-UNION,1,9,13,203,32,13,3,5,10,6,0.30000000000000004,0.30000000000000004,False
648,22,CARD,6,7,19,203,47,13,3,5,10,6,0.30000000000000004,0.30000000000000004,True
649,22,CLF_UNION,7,7,32,203,56,13,3,5,10,6,0.30000000000000004,0.30000000000000004,True
650,22,ORD-UNION,2,7,14,203,38,13,3,5,10,6,0.30000000000000004,0.30000000000000004,True
651,22,CARD,6,7,19,203,47,13,3,5,10,6,0.30000000000000004,0.30000000000000004,False
652,22,CLF_UNION,7,7,32,203,56,13,3,5,10,6,0.30000000000000004,0.30000000000000004,False
653,22,ORD-UNION,2,7,14,203,38,13,3,5,10,6,0.30000000000000004,0.30000000000000004,False
654,22,CARD,11,1,19,203,48,13,3,5,10,6,0.30000000000000004,0.30000000000000004,True
655,22,CLF_UNION,13,0,34,203,57,13,3,5,10,6,0.30000000000000004,0.30000000000000004,True
656,22,ORD-UNION,7,0,8,203,31,13,3,5,10,6,0.30000000000000004,0.30000000000000004,True
657,22,CARD,11,1,19,203,48,13,3,5,10,6,0.30000000000000004,0.30000000000000004,False
658,22,CLF_UNION,13,0,34,203,57,13,3,5,10,6,0.30000000000000004,0.30000000000000004,False
659,22,ORD-UNION,7,0,8,203,31,13,3,5,10,6,0.30000000000000004,0.30000000000000004,False
660,23,CARD,15,0,20,226,48,15,4,5,10,6,0.30000000000000004,0.30000000000000004,True
661,23,CLF_UNION,15,0,36,226,58,15,4,5,10,6,0.30000000000000004,0.30000000000000004,True
662,23,ORD-UNION,9,0,9,226,31,15,4,5,10,6,0.30000000000000004,0.30000000000000004,True
663,23,CARD,14,1,21,226,47,11,3,5,10,6,0.30000000000000004,0.30000000000000004,False
664,23,CLF_UNION,14,2,34,226,56,11,3,5,10,6,0.30000000000000004,0.30000000000000004,False
665,23,ORD-UNION,11,0,14,226,36,11,3,5,10,6,0.30000000000000004,0.30000000000000004,False
666,23,CARD,9,3,18,226,47,11,3,5,10,6,0.30000000000000004,0.30000000000000004,True
667,23,CLF_UNION,9,4,32,226,57,11,3,5,10,6,0.30000000000000004,0.30000000000000004,True
668,23,ORD-UNION,7,3,15,226,40,11,3,5,10,6,0.30000000000000004,0.30000000000000004,True
669,23,CARD,9,3,18,226,47,11,3,5,10,6,0.30000000000000004,0.30000000000000004,False
670,23,CLF_UNION,9,4,32,226,57,11,3,5,10,6,0.30000000000000004,0.30000000000000004,False
671,23,ORD-UNION,7,3,15,226,40,11,3,5,10,6,0.30000000000000004,0.30000000000000004,False
672,23,CARD,9,3,19,226,47,11,3,5,10,6,0.30000000000000004,0.30000000000000004,True
673,23,CLF_UNION,10,5,33,226,56,11,3,5,10,6,0.30000000000000004,0.30000000000000004,True
674,23,ORD-UNION,9,2,16,226,40,11,3,5,10,6,0.30000000000000004,0.30000000000000004,True
675,23,CARD,9,3,19,226,47,11,3,5,10,6,0.30000000000000004,0.30000000000000004,False
676,23,CLF_UNION,10,5,33,226,56,11,3,5,10,6,0.30000000000000004,0.30000000000000004,False
677,23,ORD-UNION,9,2,16,226,40,11,3,5,10,6,0.30000000000000004,0.30000000000000004,False
678,23,CARD,15,3,22,226,51,11,3,5,10,6,0.30000000000000004,0.30000000000000004,True
679,23,CLF_UNION,13,7,42,226,57,11,3,5,10,6,0.30000000000000004,0.30000000000000004,True
680,23,ORD-UNION,12,3,18,226,35,11,3,5,10,6,0.30000000000000004,0.30000000000000004,True
681,23,CARD,15,3,22,226,51,11,3,5,10,6,0.30000000000000004,0.30000000000000004,False
682,23,CLF_UNION,13,7,42,226,57,11,3,5,10,6,0.30000000000000004,0.30000000000000004,False
683,23,ORD-UNION,12,3,18,226,35,11,3,5,10,6,0.30000000000000004,0.30000000000000004,False
684,23,CARD,7,0,13,226,48,11,3,5,10,6,0.30000000000000004,0.30000000000000004,True
685,23,CLF_UNION,7,0,26,226,55,11,3,5,10,6,0.30000000000000004,0.30000000000000004,True
686,23,ORD-UNION,6,0,9,226,38,11,3,5,10,6,0.30000000000000004,0.30000000000000004,True
687,23,CARD,7,0,13,226,48,11,3,5,10,6,0.30000000000000004,0.30000000000000004,False
688,23,CLF_UNION,7,0,26,226,55,11,3,5,10,6,0.30000000000000004,0.30000000000000004,False
689,23,ORD-UNION,6,0,9,226,38,11,3,5,10,6,0.30000000000000004,0.30000000000000004,False
690,24,CARD,6,1,11,245,46,15,4,5,10,6,0.30000000000000004,0.30000000000000004,True
691,24,CLF_UNION,7,2,27,245,59,15,4,5,10,6,0.30000000000000004,0.30000000000000004,True
692,24,ORD-UNION,5,0,6,245,39,15,4,5,10,6,0.30000000000000004,0.30000000000000004,True
693,24,CARD,7,0,10,245,47,11,3,5,10,6,0.30000000000000004,0.30000000000000004,False
694,24,CLF_UNION,7,2,24,245,55,11,3,5,10,6,0.30000000000000004,0.30000000000000004,False
695,24,ORD-UNION,7,0,8,245,41,11,3,5,10,6,0.30000000000000004,0.30000000000000004,False
696,24,CARD,12,2,21,245,46,11,3,5,10,6,0.30000000000000004,0.30000000000000004,True
697,24,CLF_UNION,11,6,35,245,55,11,3,5,10,6,0.30000000000000004,0.30000000000000004,True
698,24,ORD-UNION,12,2,19,245,42,11,3,5,10,6,0.30000000000000004,0.30000000000000004,True
699,24,CARD,12,2,21,245,46,11,3,5,10,6,0.30000000000000004,0.30000000000000004,False
700,24,CLF_UNION,11,6,35,245,55,11,3,5,10,6,0.30000000000000004,0.30000000000000004,False
701,24,ORD-UNION,12,2,19,245,42,11,3,5,10,6,0.30000000000000004,0.30000000000000004,False
702,24,CARD,0,0,9,245,45,11,3,5,10,6,0.30000000000000004,0.30000000000000004,True
703,24,CLF_UNION,0,0,19,245,55,11,3,5,10,6,0.30000000000000004,0.30000000000000004,True
704,24,ORD-UNION,0,0,6,245,42,11,3,5,10,6,0.30000000000000004,0.30000000000000004,True
705,24,CARD,0,0,9,245,45,11,3,5,10,6,0.30000000000000004,0.30000000000000004,False
706,24,CLF_UNION,0,0,19,245,55,11,3,5,10,6,0.30000000000000004,0.30000000000000004,False
707,24,ORD-UNION,0,0,6,245,42,11,3,5,10,6,0.30000000000000004,0.30000000000000004,False
708,24,CARD,7,0,11,245,48,11,3,5,10,6,0.30000000000000004,0.30000000000000004,True
709,24,CLF_UNION,6,4,27,245,55,11,3,5,10,6,0.30000000000000004,0.30000000000000004,True
710,24,ORD-UNION,7,0,11,245,42,11,3,5,10,6,0.30000000000000004,0.30000000000000004,True
711,24,CARD,7,0,11,245,48,11,3,5,10,6,0.30000000000000004,0.30000000000000004,False
712,24,CLF_UNION,6,4,27,245,55,11,3,5,10,6,0.30000000000000004,0.30000000000000004,False
713,24,ORD-UNION,7,0,11,245,42,11,3,5,10,6,0.30000000000000004,0.30000000000000004,False
714,24,CARD,17,4,25,245,48,11,3,5,10,6,0.30000000000000004,0.30000000000000004,True
715,24,CLF_UNION,17,4,38,245,55,11,3,5,10,6,0.30000000000000004,0.30000000000000004,True
716,24,ORD-UNION,17,4,23,245,40,11,3,5,10,6,0.30000000000000004,0.30000000000000004,True
717,24,CARD,17,4,25,245,48,11,3,5,10,6,0.30000000000000004,0.30000000000000004,False
718,24,CLF_UNION,17,4,38,245,55,11,3,5,10,6,0.30000000000000004,0.30000000000000004,False
719,24,ORD-UNION,17,4,23,245,40,11,3,5,10,6,0.30000000000000004,0.30000000000000004,False
720,1,CARD,2,17,24,1,66,15,4,5,10,6,0.30000000000000004,0.30000000000000004,True
721,1,CLF_UNION,11,30,60,1,60,15,4,5,10,6,0.30000000000000004,0.30000000000000004,True
722,1,ORD-UNION,0,0,0,1,0,15,4,5,10,6,0.30000000000000004,0.30000000000000004,True
723,1,CARD,8,12,24,1,66,1,1,5,10,6,0.30000000000000004,0.30000000000000004,False
724,1,CLF_UNION,25,29,76,1,76,1,1,5,10,6,0.30000000000000004,0.30000000000000004,False
725,1,ORD-UNION,8,12,24,1,24,1,1,5,10,6,0.30000000000000004,0.30000000000000004,False
726,1,CARD,0,23,24,1,66,1,1,5,10,6,0.30000000000000004,0.30000000000000004,True
727,1,CLF_UNION,14,37,76,1,76,1,1,5,10,6,0.30000000000000004,0.30000000000000004,True
728,1,ORD-UNION,0,23,24,1,24,1,1,5,10,6,0.30000000000000004,0.30000000000000004,True
729,1,CARD,0,23,24,1,66,1,1,5,10,6,0.30000000000000004,0.30000000000000004,False
730,1,CLF_UNION,14,37,76,1,76,1,1,5,10,6,0.30000000000000004,0.30000000000000004,False
731,1,ORD-UNION,0,23,24,1,24,1,1,5,10,6,0.30000000000000004,0.30000000000000004,False
732,1,CARD,0,19,21,1,69,1,1,5,10,6,0.30000000000000004,0.30000000000000004,True
733,1,CLF_UNION,21,40,79,1,79,1,1,5,10,6,0.30000000000000004,0.30000000000000004,True
734,1,ORD-UNION,0,19,21,1,21,1,1,5,10,6,0.30000000000000004,0.30000000000000004,True
735,1,CARD,0,19,21,1,69,1,1,5,10,6,0.30000000000000004,0.30000000000000004,False
736,1,CLF_UNION,21,40,79,1,79,1,1,5,10,6,0.30000000000000004,0.30000000000000004,False
737,1,ORD-UNION,0,19,21,1,21,1,1,5,10,6,0.30000000000000004,0.30000000000000004,False
738,1,CARD,7,14,24,1,66,1,1,5,10,6,0.30000000000000004,0.30000000000000004,True
739,1,CLF_UNION,26,33,76,1,76,1,1,5,10,6,0.30000000000000004,0.30000000000000004,True
740,1,ORD-UNION,7,14,24,1,24,1,1,5,10,6,0.30000000000000004,0.30000000000000004,True
741,1,CARD,7,14,24,1,66,1,1,5,10,6,0.30000000000000004,0.30000000000000004,False
742,1,CLF_UNION,26,33,76,1,76,1,1,5,10,6,0.30000000000000004,0.30000000000000004,False
743,1,ORD-UNION,7,14,24,1,24,1,1,5,10,6,0.30000000000000004,0.30000000000000004,False
744,1,CARD,5,17,25,1,65,1,1,5,10,6,0.30000000000000004,0.30000000000000004,True
745,1,CLF_UNION,20,32,75,1,75,1,1,5,10,6,0.30000000000000004,0.30000000000000004,True
746,1,ORD-UNION,5,17,25,1,25,1,1,5,10,6,0.30000000000000004,0.30000000000000004,True
747,1,CARD,5,17,25,1,65,1,1,5,10,6,0.30000000000000004,0.30000000000000004,False
748,1,CLF_UNION,20,32,75,1,75,1,1,5,10,6,0.30000000000000004,0.30000000000000004,False
749,1,ORD-UNION,5,17,25,1,25,1,1,5,10,6,0.30000000000000004,0.30000000000000004,False
750,2,CARD,5,26,36,3,54,15,4,5,10,6,0.30000000000000004,0.30000000000000004,True
751,2,CLF_UNION,21,35,76,3,76,15,4,5,10,6,0.30000000000000004,0.30000000000000004,True
752,2,ORD-UNION,0,0,0,3,0,15,4,5,10,6,0.30000000000000004,0.30000000000000004,True
753,2,CARD,3,27,35,3,55,2,1,5,10,6,0.30000000000000004,0.30000000000000004,False
754,2,CLF_UNION,21,35,76,3,76,2,1,5,10,6,0.30000000000000004,0.30000000000000004,False
755,2,ORD-UNION,3,27,35,3,35,2,1,5,10,6,0.30000000000000004,0.30000000000000004,False
756,2,CARD,5,26,36,3,54,2,1,5,10,6,0.30000000000000004,0.30000000000000004,True
757,2,CLF_UNION,19,31,76,3,76,2,1,5,10,6,0.30000000000000004,0.30000000000000004,True
758,2,ORD-UNION,5,26,36,3,36,2,1,5,10,6,0.30000000000000004,0.30000000000000004,True
759,2,CARD,5,26,36,3,54,2,1,5,10,6,0.30000000000000004,0.30000000000000004,False
760,2,CLF_UNION,19,31,76,3,76,2,1,5,10,6,0.30000000000000004,0.30000000000000004,False
761,2,ORD-UNION,5,26,36,3,36,2,1,5,10,6,0.30000000000000004,0.30000000000000004,False
762,2,CARD,7,25,37,3,53,2,1,5,10,6,0.30000000000000004,0.30000000000000004,True
763,2,CLF_UNION,19,35,75,3,75,2,1,5,10,6,0.30000000000000004,0.30000000000000004,True
764,2,ORD-UNION,7,25,37,3,37,2,1,5,10,6,0.30000000000000004,0.30000000000000004,True
765,2,CARD,7,25,37,3,53,2,1,5,10,6,0.30000000000000004,0.30000000000000004,False
766,2,CLF_UNION,19,35,75,3,75,2,1,5,10,6,0.30000000000000004,0.30000000000000004,False
767,2,ORD-UNION,7,25,37,3,37,2,1,5,10,6,0.30000000000000004,0.30000000000000004,False
768,2,CARD,6,25,33,3,57,2,1,5,10,6,0.30000000000000004,0.30000000000000004,True
769,2,CLF_UNION,22,39,76,3,76,2,1,5,10,6,0.30000000000000004,0.30000000000000004,True
770,2,ORD-UNION,6,25,33,3,33,2,1,5,10,6,0.30000000000000004,0.30000000000000004,True
771,2,CARD,6,25,33,3,57,2,1,5,10,6,0.30000000000000004,0.30000000000000004,False
772,2,CLF_UNION,22,39,76,3,76,2,1,5,10,6,0.30000000000000004,0.30000000000000004,False
773,2,ORD-UNION,6,25,33,3,33,2,1,5,10,6,0.30000000000000004,0.30000000000000004,False
774,2,CARD,5,26,36,3,54,2,1,5,10,6,0.30000000000000004,0.30000000000000004,True
775,2,CLF_UNION,19,34,76,3,76,2,1,5,10,6,0.30000000000000004,0.30000000000000004,True
776,2,ORD-UNION,5,26,36,3,36,2,1,5,10,6,0.30000000000000004,0.30000000000000004,True
777,2,CARD,5,26,36,3,54,2,1,5,10,6,0.30000000000000004,0.30000000000000004,False
778,2,CLF_UNION,19,34,76,3,76,2,1,5,10,6,0.30000000000000004,0.30000000000000004,False
779,2,ORD-UNION,5,26,36,3,36,2,1,5,10,6,0.30000000000000004,0.30000000000000004,False
780,3,CARD,7,24,40,6,50,15,4,5,10,6,0.30000000000000004,0.30000000000000004,True
781,3,CLF_UNION,10,25,55,6,55,15,4,5,10,6,0.30000000000000004,0.30000000000000004,True
782,3,ORD-UNION,0,0,0,6,0,15,4,5,10,6,0.30000000000000004,0.30000000000000004,True
783,3,CARD,7,24,40,6,50,4,1,5,10,6,0.30000000000000004,0.30000000000000004,False
784,3,CLF_UNION,12,27,60,6,60,4,1,5,10,6,0.30000000000000004,0.30000000000000004,False
785,3,ORD-UNION,4,10,19,6,19,4,1,5,10,6,0.30000000000000004,0.30000000000000004,False
786,3,CARD,16,20,42,6,48,4,1,5,10,6,0.30000000000000004,0.30000000000000004,True
787,3,CLF_UNION,18,32,67,6,67,4,1,5,10,6,0.30000000000000004,0.30000000000000004,True
788,3,ORD-UNION,2,8,10,6,10,4,1,5,10,6,0.30000000000000004,0.30000000000000004,True
789,3,CARD,16,20,42,6,48,4,1,5,10,6,0.30000000000000004,0.30000000000000004,False
790,3,CLF_UNION,18,32,67,6,67,4,1,5,10,6,0.30000000000000004,0.30000000000000004,False
791,3,ORD-UNION,2,8,10,6,10,4,1,5,10,6,0.30000000000000004,0.30000000000000004,False
792,3,CARD,14,20,40,6,50,4,1,5,10,6,0.30000000000000004,0.30000000000000004,True
793,3,CLF_UNION,15,29,60,6,60,4,1,5,10,6,0.30000000000000004,0.30000000000000004,True
794,3,ORD-UNION,2,10,13,6,13,4,1,5,10,6,0.30000000000000004,0.30000000000000004,True
795,3,CARD,14,20,40,6,50,4,1,5,10,6,0.30000000000000004,0.30000000000000004,False
796,3,CLF_UNION,15,29,60,6,60,4,1,5,10,6,0.30000000000000004,0.30000000000000004,False
797,3,ORD-UNION,2,10,13,6,13,4,1,5,10,6,0.30000000000000004,0.30000000000000004,False
798,3,CARD,14,21,42,6,48,4,1,5,10,6,0.30000000000000004,0.30000000000000004,True
799,3,CLF_UNION,17,28,62,6,62,4,1,5,10,6,0.30000000000000004,0.30000000000000004,True
800,3,ORD-UNION,3,9,15,6,15,4,1,5,10,6,0.30000000000000004,0.30000000000000004,True
801,3,CARD,14,21,42,6,48,4,1,5,10,6,0.30000000000000004,0.30000000000000004,False
802,3,CLF_UNION,17,28,62,6,62,4,1,5,10,6,0.30000000000000004,0.30000000000000004,False
803,3,ORD-UNION,3,9,15,6,15,4,1,5,10,6,0.30000000000000004,0.30000000000000004,False
804,3,CARD,13,18,39,6,51,4,1,5,10,6,0.30000000000000004,0.30000000000000004,True
805,3,CLF_UNION,15,24,59,6,59,4,1,5,10,6,0.30000000000000004,0.30000000000000004,True
806,3,ORD-UNION,4,8,13,6,13,4,1,5,10,6,0.30000000000000004,0.30000000000000004,True
807,3,CARD,13,18,39,6,51,4,1,5,10,6,0.30000000000000004,0.30000000000000004,False
808,3,CLF_UNION,15,24,59,6,59,4,1,5,10,6,0.30000000000000004,0.30000000000000004,False
809,3,ORD-UNION,4,8,13,6,13,4,1,5,10,6,0.30000000000000004,0.30000000000000004,False
810,4,CARD,18,18,43,10,47,15,4,5,10,6,0.30000000000000004,0.30000000000000004,True
811,4,CLF_UNION,14,25,56,10,56,15,4,5,10,6,0.30000000000000004,0.30000000000000004,True
812,4,ORD-UNION,0,3,3,10,3,15,4,5,10,6,0.30000000000000004,0.30000000000000004,True
813,4,CARD,14,21,41,10,49,4,1,5,10,6,0.30000000000000004,0.30000000000000004,False
814,4,CLF_UNION,22,29,71,10,71,4,1,5,10,6,0.30000000000000004,0.30000000000000004,False
815,4,ORD-UNION,14,21,39,10,39,4,1,5,10,6,0.30000000000000004,0.30000000000000004,False
816,4,CARD,12,23,40,10,47,4,1,5,10,6,0.30000000000000004,0.30000000000000004,True
817,4,CLF_UNION,18,27,66,10,69,4,1,5,10,6,0.30000000000000004,0.30000000000000004,True
818,4,ORD-UNION,12,21,36,10,39,4,1,5,10,6,0.30000000000000004,0.30000000000000004,True
819,4,CARD,12,23,40,10,47,4,1,5,10,6,0.30000000000000004,0.30000000000000004,False
820,4,CLF_UNION,18,27,66,10,69,4,1,5,10,6,0.30000000000000004,0.30000000000000004,False
821,4,ORD-UNION,12,21,36,10,39,4,1,5,10,6,0.30000000000000004,0.30000000000000004,False
822,4,CARD,7,29,41,10,49,4,1,5,10,6,0.30000000000000004,0.30000000000000004,True
823,4,CLF_UNION,17,33,67,10,67,4,1,5,10,6,0.30000000000000004,0.30000000000000004,True
824,4,ORD-UNION,7,25,36,10,36,4,1,5,10,6,0.30000000000000004,0.30000000000000004,True
825,4,CARD,7,29,41,10,49,4,1,5,10,6,0.30000000000000004,0.30000000000000004,False
826,4,CLF_UNION,17,33,67,10,67,4,1,5,10,6,0.30000000000000004,0.30000000000000004,False
827,4,ORD-UNION,7,25,36,10,36,4,1,5,10,6,0.30000000000000004,0.30000000000000004,False
828,4,CARD,12,23,42,10,48,4,1,5,10,6,0.30000000000000004,0.30000000000000004,True
829,4,CLF_UNION,19,30,69,10,69,4,1,5,10,6,0.30000000000000004,0.30000000000000004,True
830,4,ORD-UNION,11,23,41,10,41,4,1,5,10,6,0.30000000000000004,0.30000000000000004,True
831,4,CARD,12,23,42,10,48,4,1,5,10,6,0.30000000000000004,0.30000000000000004,False
832,4,CLF_UNION,19,30,69,10,69,4,1,5,10,6,0.30000000000000004,0.30000000000000004,False
833,4,ORD-UNION,11,23,41,10,41,4,1,5,10,6,0.30000000000000004,0.30000000000000004,False
834,4,CARD,9,24,39,10,48,4,1,5,10,6,0.30000000000000004,0.30000000000000004,True
835,4,CLF_UNION,13,30,65,10,68,4,1,5,10,6,0.30000000000000004,0.30000000000000004,True
836,4,ORD-UNION,9,22,37,10,40,4,1,5,10,6,0.30000000000000004,0.30000000000000004,True
837,4,CARD,9,24,39,10,48,4,1,5,10,6,0.30000000000000004,0.30000000000000004,False
838,4,CLF_UNION,13,30,65,10,68,4,1,5,10,6,0.30000000000000004,0.30000000000000004,False
839,4,ORD-UNION,9,22,37,10,40,4,1,5,10,6,0.30000000000000004,0.30000000000000004,False
840,5,CARD,13,13,38,14,47,15,4,5,10,6,0.30000000000000004,0.30000000000000004,True
841,5,CLF_UNION,14,13,50,14,55,15,4,5,10,6,0.30000000000000004,0.30000000000000004,True
842,5,ORD-UNION,0,1,1,14,6,15,4,5,10,6,0.30000000000000004,0.30000000000000004,True
843,5,CARD,14,12,37,14,48,4,1,5,10,6,0.30000000000000004,0.30000000000000004,False
844,5,CLF_UNION,15,13,53,14,58,4,1,5,10,6,0.30000000000000004,0.30000000000000004,False
845,5,ORD-UNION,14,12,37,14,42,4,1,5,10,6,0.30000000000000004,0.30000000000000004,False
846,5,CARD,16,21,43,14,47,4,1,5,10,6,0.30000000000000004,0.30000000000000004,True
847,5,CLF_UNION,18,21,57,14,57,4,1,5,10,6,0.30000000000000004,0.30000000000000004,True
848,5,ORD-UNION,13,20,38,14,38,4,1,5,10,6,0.30000000000000004,0.30000000000000004,True
849,5,CARD,16,21,43,14,47,4,1,5,10,6,0.30000000000000004,0.30000000000000004,False
850,5,CLF_UNION,18,21,57,14,57,4,1,5,10,6,0.30000000000000004,0.30000000000000004,False
851,5,ORD-UNION,13,20,38,14,38,4,1,5,10,6,0.30000000000000004,0.30000000000000004,False
852,5,CARD,16,18,44,14,46,4,1,5,10,6,0.30000000000000004,0.30000000000000004,True
853,5,CLF_UNION,15,21,58,14,58,4,1,5,10,6,0.30000000000000004,0.30000000000000004,True
854,5,ORD-UNION,11,18,39,14,39,4,1,5,10,6,0.30000000000000004,0.30000000000000004,True
855,5,CARD,16,18,44,14,46,4,1,5,10,6,0.30000000000000004,0.30000000000000004,False
856,5,CLF_UNION,15,21,58,14,58,4,1,5,10,6,0.30000000000000004,0.30000000000000004,False
857,5,ORD-UNION,11,18,39,14,39,4,1,5,10,6,0.30000000000000004,0.30000000000000004,False
858,5,CARD,18,17,41,14,48,4,1,5,10,6,0.30000000000000004,0.30000000000000004,True
859,5,CLF_UNION,20,19,57,14,58,4,1,5,10,6,0.30000000000000004,0.30000000000000004,True
860,5,ORD-UNION,14,15,33,14,34,4,1,5,10,6,0.30000000000000004,0.30000000000000004,True
861,5,CARD,18,17,41,14,48,4,1,5,10,6,0.30000000000000004,0.30000000000000004,False
862,5,CLF_UNION,20,19,57,14,58,4,1,5,10,6,0.30000000000000004,0.30000000000000004,False
863,5,ORD-UNION,14,15,33,14,34,4,1,5,10,6,0.30000000000000004,0.30000000000000004,False
864,5,CARD,8,27,43,14,47,4,1,5,10,6,0.30000000000000004,0.30000000000000004,True
865,5,CLF_UNION,8,28,58,14,58,4,1,5,10,6,0.30000000000000004,0.30000000000000004,True
866,5,ORD-UNION,7,26,38,14,38,4,1,5,10,6,0.30000000000000004,0.30000000000000004,True
867,5,CARD,8,27,43,14,47,4,1,5,10,6,0.30000000000000004,0.30000000000000004,False
868,5,CLF_UNION,8,28,58,14,58,4,1,5,10,6,0.30000000000000004,0.30000000000000004,False
869,5,ORD-UNION,7,26,38,14,38,4,1,5,10,6,0.30000000000000004,0.30000000000000004,False
870,6,CARD,8,19,41,19,48,15,4,5,10,6,0.30000000000000004,0.30000000000000004,True
871,6,CLF_UNION,7,21,55,19,56,15,4,5,10,6,0.30000000000000004,0.30000000000000004,True
872,6,ORD-UNION,2,0,5,19,6,15,4,5,10,6,0.30000000000000004,0.30000000000000004,True
873,6,CARD,8,19,41,19,48,4,1,5,10,6,0.30000000000000004,0.30000000000000004,False
874,6,CLF_UNION,11,21,61,19,62,4,1,5,10,6,0.30000000000000004,0.30000000000000004,False
875,6,ORD-UNION,6,16,34,19,35,4,1,5,10,6,0.30000000000000004,0.30000000000000004,False
876,6,CARD,14,22,43,19,46,4,1,5,10,6,0.30000000000000004,0.30000000000000004,True
877,6,CLF_UNION,18,27,63,19,64,4,1,5,10,6,0.30000000000000004,0.30000000000000004,True
878,6,ORD-UNION,13,22,41,19,42,4,1,5,10,6,0.30000000000000004,0.30000000000000004,True
879,6,CARD,14,22,43,19,46,4,1,5,10,6,0.30000000000000004,0.30000000000000004,False
880,6,CLF_UNION,18,27,63,19,64,4,1,5,10,6,0.30000000000000004,0.30000000000000004,False
881,6,ORD-UNION,13,22,41,19,42,4,1,5,10,6,0.30000000000000004,0.30000000000000004,False
882,6,CARD,9,20,40,19,50,4,1,5,10,6,0.30000000000000004,0.30000000000000004,True
883,6,CLF_UNION,17,28,71,19,71,4,1,5,10,6,0.30000000000000004,0.30000000000000004,True
884,6,ORD-UNION,6,18,30,19,30,4,1,5,10,6,0.30000000000000004,0.30000000000000004,True
885,6,CARD,9,20,40,19,50,4,1,5,10,6,0.30000000000000004,0.30000000000000004,False
886,6,CLF_UNION,17,28,71,19,71,4,1,5,10,6,0.30000000000000004,0.30000000000000004,False
887,6,ORD-UNION,6,18,30,19,30,4,1,5,10,6,0.30000000000000004,0.30000000000000004,False
888,6,CARD,11,17,35,19,52,4,1,5,10,6,0.30000000000000004,0.30000000000000004,True
889,6,CLF_UNION,21,21,61,19,64,4,1,5,10,6,0.30000000000000004,0.30000000000000004,True
890,6,ORD-UNION,10,13,28,19,31,4,1,5,10,6,0.30000000000000004,0.30000000000000004,True
891,6,CARD,11,17,35,19,52,4,1,5,10,6,0.30000000000000004,0.30000000000000004,False
892,6,CLF_UNION,21,21,61,19,64,4,1,5,10,6,0.30000000000000004,0.30000000000000004,False
893,6,ORD-UNION,10,13,28,19,31,4,1,5,10,6,0.30000000000000004,0.30000000000000004,False
894,6,CARD,9,22,39,19,48,4,1,5,10,6,0.30000000000000004,0.30000000000000004,True
895,6,CLF_UNION,13,24,57,19,60,4,1,5,10,6,0.30000000000000004,0.30000000000000004,True
896,6,ORD-UNION,9,20,37,19,40,4,1,5,10,6,0.30000000000000004,0.30000000000000004,True
897,6,CARD,9,22,39,19,48,4,1,5,10,6,0.30000000000000004,0.30000000000000004,False
898,6,CLF_UNION,13,24,57,19,60,4,1,5,10,6,0.30000000000000004,0.30000000000000004,False
899,6,ORD-UNION,9,20,37,19,40,4,1,5,10,6,0.30000000000000004,0.30000000000000004,False
900,7,CARD,8,15,30,24,49,15,4,5,10,6,0.30000000000000004,0.30000000000000004,True
901,7,CLF_UNION,7,17,47,24,58,15,4,5,10,6,0.30000000000000004,0.30000000000000004,True
902,7,ORD-UNION,0,0,0,24,11,15,4,5,10,6,0.30000000000000004,0.30000000000000004,True
903,7,CARD,7,15,31,24,48,4,1,5,10,6,0.30000000000000004,0.30000000000000004,False
904,7,CLF_UNION,11,13,47,24,58,4,1,5,10,6,0.30000000000000004,0.30000000000000004,False
905,7,ORD-UNION,7,15,29,24,40,4,1,5,10,6,0.30000000000000004,0.30000000000000004,False
906,7,CARD,17,12,35,24,47,4,1,5,10,6,0.30000000000000004,0.30000000000000004,True
907,7,CLF_UNION,20,9,49,24,57,4,1,5,10,6,0.30000000000000004,0.30000000000000004,True
908,7,ORD-UNION,16,12,33,24,41,4,1,5,10,6,0.30000000000000004,0.30000000000000004,True
909,7,CARD,17,12,35,24,47,4,1,5,10,6,0.30000000000000004,0.30000000000000004,False
910,7,CLF_UNION,20,9,49,24,57,4,1,5,10,6,0.30000000000000004,0.30000000000000004,False
911,7,ORD-UNION,16,12,33,24,41,4,1,5,10,6,0.30000000000000004,0.30000000000000004,False
912,7,CARD,6,29,44,24,45,4,1,5,10,6,0.30000000000000004,0.30000000000000004,True
913,7,CLF_UNION,6,30,55,24,56,4,1,5,10,6,0.30000000000000004,0.30000000000000004,True
914,7,ORD-UNION,5,29,42,24,43,4,1,5,10,6,0.30000000000000004,0.30000000000000004,True
915,7,CARD,6,29,44,24,45,4,1,5,10,6,0.30000000000000004,0.30000000000000004,False
916,7,CLF_UNION,6,30,55,24,56,4,1,5,10,6,0.30000000000000004,0.30000000000000004,False
917,7,ORD-UNION,5,29,42,24,43,4,1,5,10,6,0.30000000000000004,0.30000000000000004,False
918,7,CARD,9,30,43,24,46,4,1,5,10,6,0.30000000000000004,0.30000000000000004,True
919,7,CLF_UNION,12,30,56,24,57,4,1,5,10,6,0.30000000000000004,0.30000000000000004,True
920,7,ORD-UNION,9,30,43,24,44,4,1,5,10,6,0.30000000000000004,0.30000000000000004,True
921,7,CARD,9,30,43,24,46,4,1,5,10,6,0.30000000000000004,0.30000000000000004,False
922,7,CLF_UNION,12,30,56,24,57,4,1,5,10,6,0.30000000000000004,0.30000000000000004,False
923,7,ORD-UNION,9,30,43,24,44,4,1,5,10,6,0.30000000000000004,0.30000000000000004,False
924,7,CARD,11,25,43,24,46,4,1,5,10,6,0.30000000000000004,0.30000000000000004,True
925,7,CLF_UNION,15,23,55,24,56,4,1,5,10,6,0.30000000000000004,0.30000000000000004,True
926,7,ORD-UNION,11,25,43,24,44,4,1,5,10,6,0.30000000000000004,0.30000000000000004,True
927,7,CARD,11,25,43,24,46,4,1,5,10,6,0.30000000000000004,0.30000000000000004,False
928,7,CLF_UNION,15,23,55,24,56,4,1,5,10,6,0.30000000000000004,0.30000000000000004,False
929,7,ORD-UNION,11,25,43,24,44,4,1,5,10,6,0.30000000000000004,0.30000000000000004,False
930,8,CARD,15,17,37,29,50,15,4,5,10,6,0.30000000000000004,0.30000000000000004,True
931,8,CLF_UNION,19,14,53,29,56,15,4,5,10,6,0.30000000000000004,0.30000000000000004,True
932,8,ORD-UNION,8,1,10,29,13,15,4,5,10,6,0.30000000000000004,0.30000000000000004,True
933,8,CARD,19,14,41,29,46,5,2,5,10,6,0.30000000000000004,0.30000000000000004,False
934,8,CLF_UNION,19,16,55,29,58,5,2,5,10,6,0.30000000000000004,0.30000000000000004,False
935,8,ORD-UNION,17,13,37,29,40,5,2,5,10,6,0.30000000000000004,0.30000000000000004,False
936,8,CARD,10,25,44,29,46,5,2,5,10,6,0.30000000000000004,0.30000000000000004,True
937,8,CLF_UNION,12,24,57,29,57,5,2,5,10,6,0.30000000000000004,0.30000000000000004,True
938,8,ORD-UNION,8,25,41,29,41,5,2,5,10,6,0.30000000000000004,0.30000000000000004,True
939,8,CARD,10,25,44,29,46,5,2,5,10,6,0.30000000000000004,0.30000000000000004,False
940,8,CLF_UNION,12,24,57,29,57,5,2,5,10,6,0.30000000000000004,0.30000000000000004,False
941,8,ORD-UNION,8,25,41,29,41,5,2,5,10,6,0.30000000000000004,0.30000000000000004,False
942,8,CARD,13,23,43,29,45,5,2,5,10,6,0.30000000000000004,0.30000000000000004,True
943,8,CLF_UNION,16,22,55,29,57,5,2,5,10,6,0.30000000000000004,0.30000000000000004,True
944,8,ORD-UNION,8,22,35,29,37,5,2,5,10,6,0.30000000000000004,0.30000000000000004,True
945,8,CARD,13,23,43,29,45,5,2,5,10,6,0.30000000000000004,0.30000000000000004,False
946,8,CLF_UNION,16,22,55,29,57,5,2,5,10,6,0.30000000000000004,0.30000000000000004,False
947,8,ORD-UNION,8,22,35,29,37,5,2,5,10,6,0.30000000000000004,0.30000000000000004,False
948,8,CARD,8,20,43,29,46,5,2,5,10,6,0.30000000000000004,0.30000000000000004,True
949,8,CLF_UNION,9,19,55,29,56,5,2,5,10,6,0.30000000000000004,0.30000000000000004,True
950,8,ORD-UNION,7,20,42,29,43,5,2,5,10,6,0.30000000000000004,0.30000000000000004,True
951,8,CARD,8,20,43,29,46,5,2,5,10,6,0.30000000000000004,0.30000000000000004,False
952,8,CLF_UNION,9,19,55,29,56,5,2,5,10,6,0.30000000000000004,0.30000000000000004,False
953,8,ORD-UNION,7,20,42,29,43,5,2,5,10,6,0.30000000000000004,0.30000000000000004,False
954,8,CARD,14,20,45,29,45,5,2,5,10,6,0.30000000000000004,0.30000000000000004,True
955,8,CLF_UNION,14,20,56,29,56,5,2,5,10,6,0.30000000000000004,0.30000000000000004,True
956,8,ORD-UNION,13,16,38,29,38,5,2,5,10,6,0.30000000000000004,0.30000000000000004,True
957,8,CARD,14,20,45,29,45,5,2,5,10,6,0.30000000000000004,0.30000000000000004,False
958,8,CLF_UNION,14,20,56,29,56,5,2,5,10,6,0.30000000000000004,0.30000000000000004,False
959,8,ORD-UNION,13,16,38,29,38,5,2,5,10,6,0.30000000000000004,0.30000000000000004,False
