,budget,model,correct,wrong,total,n_pref_input,n_pref_output,theta_size,theta_additivity,n_items,n_test_subsets,n_tiers,alpha,p,real theta
0,1,CARD,11,12,25,1,65,15,5,5,10,15,0.30000000000000004,0.7000000000000001,True
1,1,CLF_UNION,39,17,68,1,68,15,5,5,10,15,0.30000000000000004,0.7000000000000001,True
2,1,ORD-UNION,0,0,0,1,0,15,5,5,10,15,0.30000000000000004,0.7000000000000001,True
3,1,CARD,21,2,24,1,66,1,1,5,10,15,0.30000000000000004,0.7000000000000001,False
4,1,CLF_UNION,41,22,76,1,76,1,1,5,10,15,0.30000000000000004,0.7000000000000001,False
5,1,ORD-UNION,21,2,24,1,24,1,1,5,10,15,0.30000000000000004,0.7000000000000001,False
6,1,CARD,22,1,24,1,66,1,1,5,10,15,0.30000000000000004,0.7000000000000001,True
7,1,CLF_UNION,42,21,76,1,76,1,1,5,10,15,0.30000000000000004,0.7000000000000001,True
8,1,ORD-UNION,22,1,24,1,24,1,1,5,10,15,0.30000000000000004,0.7000000000000001,True
9,1,CARD,22,1,24,1,66,1,1,5,10,15,0.30000000000000004,0.7000000000000001,False
10,1,CLF_UNION,42,21,76,1,76,1,1,5,10,15,0.30000000000000004,0.7000000000000001,False
11,1,ORD-UNION,22,1,24,1,24,1,1,5,10,15,0.30000000000000004,0.7000000000000001,False
12,1,CARD,18,0,21,1,69,1,1,5,10,15,0.30000000000000004,0.7000000000000001,True
13,1,CLF_UNION,37,19,79,1,79,1,1,5,10,15,0.30000000000000004,0.7000000000000001,True
14,1,ORD-UNION,18,0,21,1,21,1,1,5,10,15,0.30000000000000004,0.7000000000000001,True
15,1,CARD,18,0,21,1,69,1,1,5,10,15,0.30000000000000004,0.7000000000000001,False
16,1,CLF_UNION,37,19,79,1,79,1,1,5,10,15,0.30000000000000004,0.7000000000000001,False
17,1,ORD-UNION,18,0,21,1,21,1,1,5,10,15,0.30000000000000004,0.7000000000000001,False
18,1,CARD,22,1,24,1,66,1,1,5,10,15,0.30000000000000004,0.7000000000000001,True
19,1,CLF_UNION,41,20,76,1,76,1,1,5,10,15,0.30000000000000004,0.7000000000000001,True
20,1,ORD-UNION,22,1,24,1,24,1,1,5,10,15,0.30000000000000004,0.7000000000000001,True
21,1,CARD,22,1,24,1,66,1,1,5,10,15,0.30000000000000004,0.7000000000000001,False
22,1,CLF_UNION,41,20,76,1,76,1,1,5,10,15,0.30000000000000004,0.7000000000000001,False
23,1,ORD-UNION,22,1,24,1,24,1,1,5,10,15,0.30000000000000004,0.7000000000000001,False
24,1,CARD,20,1,21,1,69,1,1,5,10,15,0.30000000000000004,0.7000000000000001,True
25,1,CLF_UNION,44,25,79,1,79,1,1,5,10,15,0.30000000000000004,0.7000000000000001,True
26,1,ORD-UNION,20,1,21,1,21,1,1,5,10,15,0.30000000000000004,0.7000000000000001,True
27,1,CARD,20,1,21,1,69,1,1,5,10,15,0.30000000000000004,0.7000000000000001,False
28,1,CLF_UNION,44,25,79,1,79,1,1,5,10,15,0.30000000000000004,0.7000000000000001,False
29,1,ORD-UNION,20,1,21,1,21,1,1,5,10,15,0.30000000000000004,0.7000000000000001,False
30,2,CARD,20,13,33,3,57,15,5,5,10,15,0.30000000000000004,0.7000000000000001,True
31,2,CLF_UNION,39,7,60,3,60,15,5,5,10,15,0.30000000000000004,0.7000000000000001,True
32,2,ORD-UNION,0,0,0,3,0,15,5,5,10,15,0.30000000000000004,0.7000000000000001,True
33,2,CARD,25,8,35,3,55,2,1,5,10,15,0.30000000000000004,0.7000000000000001,False
34,2,CLF_UNION,39,26,79,3,79,2,1,5,10,15,0.30000000000000004,0.7000000000000001,False
35,2,ORD-UNION,25,8,35,3,35,2,1,5,10,15,0.30000000000000004,0.7000000000000001,False
36,2,CARD,32,2,36,3,53,2,1,5,10,15,0.30000000000000004,0.7000000000000001,True
37,2,CLF_UNION,41,18,75,3,76,2,1,5,10,15,0.30000000000000004,0.7000000000000001,True
38,2,ORD-UNION,32,2,36,3,37,2,1,5,10,15,0.30000000000000004,0.7000000000000001,True
39,2,CARD,32,2,36,3,53,2,1,5,10,15,0.30000000000000004,0.7000000000000001,False
40,2,CLF_UNION,41,18,75,3,76,2,1,5,10,15,0.30000000000000004,0.7000000000000001,False
41,2,ORD-UNION,32,2,36,3,37,2,1,5,10,15,0.30000000000000004,0.7000000000000001,False
42,2,CARD,32,5,37,3,53,2,1,5,10,15,0.30000000000000004,0.7000000000000001,True
43,2,CLF_UNION,42,22,76,3,76,2,1,5,10,15,0.30000000000000004,0.7000000000000001,True
44,2,ORD-UNION,32,5,37,3,37,2,1,5,10,15,0.30000000000000004,0.7000000000000001,True
45,2,CARD,32,5,37,3,53,2,1,5,10,15,0.30000000000000004,0.7000000000000001,False
46,2,CLF_UNION,42,22,76,3,76,2,1,5,10,15,0.30000000000000004,0.7000000000000001,False
47,2,ORD-UNION,32,5,37,3,37,2,1,5,10,15,0.30000000000000004,0.7000000000000001,False
48,2,CARD,30,6,37,3,53,2,1,5,10,15,0.30000000000000004,0.7000000000000001,True
49,2,CLF_UNION,40,22,75,3,75,2,1,5,10,15,0.30000000000000004,0.7000000000000001,True
50,2,ORD-UNION,30,6,37,3,37,2,1,5,10,15,0.30000000000000004,0.7000000000000001,True
51,2,CARD,30,6,37,3,53,2,1,5,10,15,0.30000000000000004,0.7000000000000001,False
52,2,CLF_UNION,40,22,75,3,75,2,1,5,10,15,0.30000000000000004,0.7000000000000001,False
53,2,ORD-UNION,30,6,37,3,37,2,1,5,10,15,0.30000000000000004,0.7000000000000001,False
54,2,CARD,30,5,35,3,55,2,1,5,10,15,0.30000000000000004,0.7000000000000001,True
55,2,CLF_UNION,44,23,79,3,79,2,1,5,10,15,0.30000000000000004,0.7000000000000001,True
56,2,ORD-UNION,30,5,35,3,35,2,1,5,10,15,0.30000000000000004,0.7000000000000001,True
57,2,CARD,30,5,35,3,55,2,1,5,10,15,0.30000000000000004,0.7000000000000001,False
58,2,CLF_UNION,44,23,79,3,79,2,1,5,10,15,0.30000000000000004,0.7000000000000001,False
59,2,ORD-UNION,30,5,35,3,35,2,1,5,10,15,0.30000000000000004,0.7000000000000001,False
60,3,CARD,28,5,35,6,55,15,5,5,10,15,0.30000000000000004,0.7000000000000001,True
61,3,CLF_UNION,38,6,58,6,58,15,5,5,10,15,0.30000000000000004,0.7000000000000001,True
62,3,ORD-UNION,0,0,0,6,0,15,5,5,10,15,0.30000000000000004,0.7000000000000001,True
63,3,CARD,28,5,35,6,55,2,1,5,10,15,0.30000000000000004,0.7000000000000001,False
64,3,CLF_UNION,38,15,68,6,68,2,1,5,10,15,0.30000000000000004,0.7000000000000001,False
65,3,ORD-UNION,28,5,35,6,35,2,1,5,10,15,0.30000000000000004,0.7000000000000001,False
66,3,CARD,18,15,33,6,57,2,1,5,10,15,0.30000000000000004,0.7000000000000001,True
67,3,CLF_UNION,32,27,71,6,71,2,1,5,10,15,0.30000000000000004,0.7000000000000001,True
68,3,ORD-UNION,18,15,33,6,33,2,1,5,10,15,0.30000000000000004,0.7000000000000001,True
69,3,CARD,18,15,33,6,57,2,1,5,10,15,0.30000000000000004,0.7000000000000001,False
70,3,CLF_UNION,32,27,71,6,71,2,1,5,10,15,0.30000000000000004,0.7000000000000001,False
71,3,ORD-UNION,18,15,33,6,33,2,1,5,10,15,0.30000000000000004,0.7000000000000001,False
72,3,CARD,23,10,35,6,55,2,1,5,10,15,0.30000000000000004,0.7000000000000001,True
73,3,CLF_UNION,33,26,71,6,71,2,1,5,10,15,0.30000000000000004,0.7000000000000001,True
74,3,ORD-UNION,23,10,35,6,35,2,1,5,10,15,0.30000000000000004,0.7000000000000001,True
75,3,CARD,23,10,35,6,55,2,1,5,10,15,0.30000000000000004,0.7000000000000001,False
76,3,CLF_UNION,33,26,71,6,71,2,1,5,10,15,0.30000000000000004,0.7000000000000001,False
77,3,ORD-UNION,23,10,35,6,35,2,1,5,10,15,0.30000000000000004,0.7000000000000001,False
78,3,CARD,17,14,35,6,55,2,1,5,10,15,0.30000000000000004,0.7000000000000001,True
79,3,CLF_UNION,30,26,71,6,71,2,1,5,10,15,0.30000000000000004,0.7000000000000001,True
80,3,ORD-UNION,17,14,35,6,35,2,1,5,10,15,0.30000000000000004,0.7000000000000001,True
81,3,CARD,17,14,35,6,55,2,1,5,10,15,0.30000000000000004,0.7000000000000001,False
82,3,CLF_UNION,30,26,71,6,71,2,1,5,10,15,0.30000000000000004,0.7000000000000001,False
83,3,ORD-UNION,17,14,35,6,35,2,1,5,10,15,0.30000000000000004,0.7000000000000001,False
84,3,CARD,22,9,32,6,57,2,1,5,10,15,0.30000000000000004,0.7000000000000001,True
85,3,CLF_UNION,33,20,66,6,67,2,1,5,10,15,0.30000000000000004,0.7000000000000001,True
86,3,ORD-UNION,22,9,32,6,33,2,1,5,10,15,0.30000000000000004,0.7000000000000001,True
87,3,CARD,22,9,32,6,57,2,1,5,10,15,0.30000000000000004,0.7000000000000001,False
88,3,CLF_UNION,33,20,66,6,67,2,1,5,10,15,0.30000000000000004,0.7000000000000001,False
89,3,ORD-UNION,22,9,32,6,33,2,1,5,10,15,0.30000000000000004,0.7000000000000001,False
90,4,CARD,24,11,37,9,53,15,5,5,10,15,0.30000000000000004,0.7000000000000001,True
91,4,CLF_UNION,35,8,55,9,55,15,5,5,10,15,0.30000000000000004,0.7000000000000001,True
92,4,ORD-UNION,4,0,4,9,4,15,5,5,10,15,0.30000000000000004,0.7000000000000001,True
93,4,CARD,24,11,37,9,53,3,1,5,10,15,0.30000000000000004,0.7000000000000001,False
94,4,CLF_UNION,31,17,60,9,60,3,1,5,10,15,0.30000000000000004,0.7000000000000001,False
95,4,ORD-UNION,24,10,36,9,36,3,1,5,10,15,0.30000000000000004,0.7000000000000001,False
96,4,CARD,30,7,39,9,50,3,1,5,10,15,0.30000000000000004,0.7000000000000001,True
97,4,CLF_UNION,37,14,63,9,64,3,1,5,10,15,0.30000000000000004,0.7000000000000001,True
98,4,ORD-UNION,28,5,35,9,36,3,1,5,10,15,0.30000000000000004,0.7000000000000001,True
99,4,CARD,30,7,39,9,50,3,1,5,10,15,0.30000000000000004,0.7000000000000001,False
100,4,CLF_UNION,37,14,63,9,64,3,1,5,10,15,0.30000000000000004,0.7000000000000001,False
101,4,ORD-UNION,28,5,35,9,36,3,1,5,10,15,0.30000000000000004,0.7000000000000001,False
102,4,CARD,20,10,37,9,53,3,1,5,10,15,0.30000000000000004,0.7000000000000001,True
103,4,CLF_UNION,25,17,60,9,60,3,1,5,10,15,0.30000000000000004,0.7000000000000001,True
104,4,ORD-UNION,20,9,35,9,35,3,1,5,10,15,0.30000000000000004,0.7000000000000001,True
105,4,CARD,20,10,37,9,53,3,1,5,10,15,0.30000000000000004,0.7000000000000001,False
106,4,CLF_UNION,25,17,60,9,60,3,1,5,10,15,0.30000000000000004,0.7000000000000001,False
107,4,ORD-UNION,20,9,35,9,35,3,1,5,10,15,0.30000000000000004,0.7000000000000001,False
108,4,CARD,30,6,36,9,54,3,1,5,10,15,0.30000000000000004,0.7000000000000001,True
109,4,CLF_UNION,35,13,59,9,59,3,1,5,10,15,0.30000000000000004,0.7000000000000001,True
110,4,ORD-UNION,30,6,36,9,36,3,1,5,10,15,0.30000000000000004,0.7000000000000001,True
111,4,CARD,30,6,36,9,54,3,1,5,10,15,0.30000000000000004,0.7000000000000001,False
112,4,CLF_UNION,35,13,59,9,59,3,1,5,10,15,0.30000000000000004,0.7000000000000001,False
113,4,ORD-UNION,30,6,36,9,36,3,1,5,10,15,0.30000000000000004,0.7000000000000001,False
114,4,CARD,29,8,39,9,50,3,1,5,10,15,0.30000000000000004,0.7000000000000001,True
115,4,CLF_UNION,35,14,61,9,62,3,1,5,10,15,0.30000000000000004,0.7000000000000001,True
116,4,ORD-UNION,28,5,35,9,36,3,1,5,10,15,0.30000000000000004,0.7000000000000001,True
117,4,CARD,29,8,39,9,50,3,1,5,10,15,0.30000000000000004,0.7000000000000001,False
118,4,CLF_UNION,35,14,61,9,62,3,1,5,10,15,0.30000000000000004,0.7000000000000001,False
119,4,ORD-UNION,28,5,35,9,36,3,1,5,10,15,0.30000000000000004,0.7000000000000001,False
120,5,CARD,29,9,40,14,50,15,5,5,10,15,0.30000000000000004,0.7000000000000001,True
121,5,CLF_UNION,39,3,56,14,56,15,5,5,10,15,0.30000000000000004,0.7000000000000001,True
122,5,ORD-UNION,1,0,1,14,1,15,5,5,10,15,0.30000000000000004,0.7000000000000001,True
123,5,CARD,31,7,40,14,50,4,1,5,10,15,0.30000000000000004,0.7000000000000001,False
124,5,CLF_UNION,39,6,58,14,58,4,1,5,10,15,0.30000000000000004,0.7000000000000001,False
125,5,ORD-UNION,31,5,38,14,38,4,1,5,10,15,0.30000000000000004,0.7000000000000001,False
126,5,CARD,32,11,44,14,46,4,1,5,10,15,0.30000000000000004,0.7000000000000001,True
127,5,CLF_UNION,39,6,56,14,56,4,1,5,10,15,0.30000000000000004,0.7000000000000001,True
128,5,ORD-UNION,32,6,39,14,39,4,1,5,10,15,0.30000000000000004,0.7000000000000001,True
129,5,CARD,32,11,44,14,46,4,1,5,10,15,0.30000000000000004,0.7000000000000001,False
130,5,CLF_UNION,39,6,56,14,56,4,1,5,10,15,0.30000000000000004,0.7000000000000001,False
131,5,ORD-UNION,32,6,39,14,39,4,1,5,10,15,0.30000000000000004,0.7000000000000001,False
132,5,CARD,31,10,43,14,47,4,1,5,10,15,0.30000000000000004,0.7000000000000001,True
133,5,CLF_UNION,39,6,57,14,57,4,1,5,10,15,0.30000000000000004,0.7000000000000001,True
134,5,ORD-UNION,31,7,40,14,40,4,1,5,10,15,0.30000000000000004,0.7000000000000001,True
135,5,CARD,31,10,43,14,47,4,1,5,10,15,0.30000000000000004,0.7000000000000001,False
136,5,CLF_UNION,39,6,57,14,57,4,1,5,10,15,0.30000000000000004,0.7000000000000001,False
137,5,ORD-UNION,31,7,40,14,40,4,1,5,10,15,0.30000000000000004,0.7000000000000001,False
138,5,CARD,29,14,44,14,46,4,1,5,10,15,0.30000000000000004,0.7000000000000001,True
139,5,CLF_UNION,38,9,58,14,58,4,1,5,10,15,0.30000000000000004,0.7000000000000001,True
140,5,ORD-UNION,29,10,40,14,40,4,1,5,10,15,0.30000000000000004,0.7000000000000001,True
141,5,CARD,29,14,44,14,46,4,1,5,10,15,0.30000000000000004,0.7000000000000001,False
142,5,CLF_UNION,38,9,58,14,58,4,1,5,10,15,0.30000000000000004,0.7000000000000001,False
143,5,ORD-UNION,29,10,40,14,40,4,1,5,10,15,0.30000000000000004,0.7000000000000001,False
144,5,CARD,29,10,42,14,47,4,1,5,10,15,0.30000000000000004,0.7000000000000001,True
145,5,CLF_UNION,40,3,57,14,58,4,1,5,10,15,0.30000000000000004,0.7000000000000001,True
146,5,ORD-UNION,29,6,37,14,38,4,1,5,10,15,0.30000000000000004,0.7000000000000001,True
147,5,CARD,29,10,42,14,47,4,1,5,10,15,0.30000000000000004,0.7000000000000001,False
148,5,CLF_UNION,40,3,57,14,58,4,1,5,10,15,0.30000000000000004,0.7000000000000001,False
149,5,ORD-UNION,29,6,37,14,38,4,1,5,10,15,0.30000000000000004,0.7000000000000001,False
150,6,CARD,39,2,42,20,48,15,5,5,10,15,0.30000000000000004,0.7000000000000001,True
151,6,CLF_UNION,42,2,55,20,55,15,5,5,10,15,0.30000000000000004,0.7000000000000001,True
152,6,ORD-UNION,2,0,2,20,2,15,5,5,10,15,0.30000000000000004,0.7000000000000001,True
153,6,CARD,36,6,42,20,48,5,1,5,10,15,0.30000000000000004,0.7000000000000001,False
154,6,CLF_UNION,42,2,55,20,55,5,1,5,10,15,0.30000000000000004,0.7000000000000001,False
155,6,ORD-UNION,30,1,31,20,31,5,1,5,10,15,0.30000000000000004,0.7000000000000001,False
156,6,CARD,37,2,42,20,47,5,1,5,10,15,0.30000000000000004,0.7000000000000001,True
157,6,CLF_UNION,40,1,54,20,55,5,1,5,10,15,0.30000000000000004,0.7000000000000001,True
158,6,ORD-UNION,28,0,30,20,31,5,1,5,10,15,0.30000000000000004,0.7000000000000001,True
159,6,CARD,37,2,42,20,47,5,1,5,10,15,0.30000000000000004,0.7000000000000001,False
160,6,CLF_UNION,40,1,54,20,55,5,1,5,10,15,0.30000000000000004,0.7000000000000001,False
161,6,ORD-UNION,28,0,30,20,31,5,1,5,10,15,0.30000000000000004,0.7000000000000001,False
162,6,CARD,37,0,40,20,47,5,1,5,10,15,0.30000000000000004,0.7000000000000001,True
163,6,CLF_UNION,37,2,52,20,55,5,1,5,10,15,0.30000000000000004,0.7000000000000001,True
164,6,ORD-UNION,33,0,36,20,39,5,1,5,10,15,0.30000000000000004,0.7000000000000001,True
165,6,CARD,37,0,40,20,47,5,1,5,10,15,0.30000000000000004,0.7000000000000001,False
166,6,CLF_UNION,37,2,52,20,55,5,1,5,10,15,0.30000000000000004,0.7000000000000001,False
167,6,ORD-UNION,33,0,36,20,39,5,1,5,10,15,0.30000000000000004,0.7000000000000001,False
168,6,CARD,33,7,45,20,45,5,1,5,10,15,0.30000000000000004,0.7000000000000001,True
169,6,CLF_UNION,37,3,55,20,55,5,1,5,10,15,0.30000000000000004,0.7000000000000001,True
170,6,ORD-UNION,24,1,27,20,27,5,1,5,10,15,0.30000000000000004,0.7000000000000001,True
171,6,CARD,33,7,45,20,45,5,1,5,10,15,0.30000000000000004,0.7000000000000001,False
172,6,CLF_UNION,37,3,55,20,55,5,1,5,10,15,0.30000000000000004,0.7000000000000001,False
173,6,ORD-UNION,24,1,27,20,27,5,1,5,10,15,0.30000000000000004,0.7000000000000001,False
174,6,CARD,37,4,42,20,47,5,1,5,10,15,0.30000000000000004,0.7000000000000001,True
175,6,CLF_UNION,40,4,55,20,56,5,1,5,10,15,0.30000000000000004,0.7000000000000001,True
176,6,ORD-UNION,30,0,31,20,32,5,1,5,10,15,0.30000000000000004,0.7000000000000001,True
177,6,CARD,37,4,42,20,47,5,1,5,10,15,0.30000000000000004,0.7000000000000001,False
178,6,CLF_UNION,40,4,55,20,56,5,1,5,10,15,0.30000000000000004,0.7000000000000001,False
179,6,ORD-UNION,30,0,31,20,32,5,1,5,10,15,0.30000000000000004,0.7000000000000001,False
180,7,CARD,31,8,43,26,47,15,5,5,10,15,0.30000000000000004,0.7000000000000001,True
181,7,CLF_UNION,37,4,55,26,55,15,5,5,10,15,0.30000000000000004,0.7000000000000001,True
182,7,ORD-UNION,3,0,3,26,3,15,5,5,10,15,0.30000000000000004,0.7000000000000001,True
183,7,CARD,36,5,45,26,45,5,1,5,10,15,0.30000000000000004,0.7000000000000001,False
184,7,CLF_UNION,38,4,56,26,56,5,1,5,10,15,0.30000000000000004,0.7000000000000001,False
185,7,ORD-UNION,28,0,30,26,30,5,1,5,10,15,0.30000000000000004,0.7000000000000001,False
186,7,CARD,39,0,42,26,47,5,1,5,10,15,0.30000000000000004,0.7000000000000001,True
187,7,CLF_UNION,38,3,55,26,56,5,1,5,10,15,0.30000000000000004,0.7000000000000001,True
188,7,ORD-UNION,28,0,30,26,31,5,1,5,10,15,0.30000000000000004,0.7000000000000001,True
189,7,CARD,39,0,42,26,47,5,1,5,10,15,0.30000000000000004,0.7000000000000001,False
190,7,CLF_UNION,38,3,55,26,56,5,1,5,10,15,0.30000000000000004,0.7000000000000001,False
191,7,ORD-UNION,28,0,30,26,31,5,1,5,10,15,0.30000000000000004,0.7000000000000001,False
192,7,CARD,40,1,43,26,47,5,1,5,10,15,0.30000000000000004,0.7000000000000001,True
193,7,CLF_UNION,39,5,57,26,57,5,1,5,10,15,0.30000000000000004,0.7000000000000001,True
194,7,ORD-UNION,29,1,31,26,31,5,1,5,10,15,0.30000000000000004,0.7000000000000001,True
195,7,CARD,40,1,43,26,47,5,1,5,10,15,0.30000000000000004,0.7000000000000001,False
196,7,CLF_UNION,39,5,57,26,57,5,1,5,10,15,0.30000000000000004,0.7000000000000001,False
197,7,ORD-UNION,29,1,31,26,31,5,1,5,10,15,0.30000000000000004,0.7000000000000001,False
198,7,CARD,38,2,42,26,48,5,1,5,10,15,0.30000000000000004,0.7000000000000001,True
199,7,CLF_UNION,41,1,56,26,56,5,1,5,10,15,0.30000000000000004,0.7000000000000001,True
200,7,ORD-UNION,32,0,34,26,34,5,1,5,10,15,0.30000000000000004,0.7000000000000001,True
201,7,CARD,38,2,42,26,48,5,1,5,10,15,0.30000000000000004,0.7000000000000001,False
202,7,CLF_UNION,41,1,56,26,56,5,1,5,10,15,0.30000000000000004,0.7000000000000001,False
203,7,ORD-UNION,32,0,34,26,34,5,1,5,10,15,0.30000000000000004,0.7000000000000001,False
204,7,CARD,34,1,38,26,47,5,1,5,10,15,0.30000000000000004,0.7000000000000001,True
205,7,CLF_UNION,33,5,52,26,57,5,1,5,10,15,0.30000000000000004,0.7000000000000001,True
206,7,ORD-UNION,28,0,29,26,34,5,1,5,10,15,0.30000000000000004,0.7000000000000001,True
207,7,CARD,34,1,38,26,47,5,1,5,10,15,0.30000000000000004,0.7000000000000001,False
208,7,CLF_UNION,33,5,52,26,57,5,1,5,10,15,0.30000000000000004,0.7000000000000001,False
209,7,ORD-UNION,28,0,29,26,34,5,1,5,10,15,0.30000000000000004,0.7000000000000001,False
210,8,CARD,34,2,37,33,52,15,5,5,10,15,0.30000000000000004,0.7000000000000001,True
211,8,CLF_UNION,41,2,54,33,55,15,5,5,10,15,0.30000000000000004,0.7000000000000001,True
212,8,ORD-UNION,4,0,4,33,5,15,5,5,10,15,0.30000000000000004,0.7000000000000001,True
213,8,CARD,37,3,41,33,48,4,2,5,10,15,0.30000000000000004,0.7000000000000001,False
214,8,CLF_UNION,39,7,57,33,58,4,2,5,10,15,0.30000000000000004,0.7000000000000001,False
215,8,ORD-UNION,35,3,39,33,40,4,2,5,10,15,0.30000000000000004,0.7000000000000001,False
216,8,CARD,36,6,43,33,47,4,2,5,10,15,0.30000000000000004,0.7000000000000001,True
217,8,CLF_UNION,38,8,57,33,57,4,2,5,10,15,0.30000000000000004,0.7000000000000001,True
218,8,ORD-UNION,32,4,37,33,37,4,2,5,10,15,0.30000000000000004,0.7000000000000001,True
219,8,CARD,36,6,43,33,47,4,2,5,10,15,0.30000000000000004,0.7000000000000001,False
220,8,CLF_UNION,38,8,57,33,57,4,2,5,10,15,0.30000000000000004,0.7000000000000001,False
221,8,ORD-UNION,32,4,37,33,37,4,2,5,10,15,0.30000000000000004,0.7000000000000001,False
222,8,CARD,30,5,38,33,46,4,2,5,10,15,0.30000000000000004,0.7000000000000001,True
223,8,CLF_UNION,30,7,50,33,56,4,2,5,10,15,0.30000000000000004,0.7000000000000001,True
224,8,ORD-UNION,27,5,34,33,40,4,2,5,10,15,0.30000000000000004,0.7000000000000001,True
225,8,CARD,30,5,38,33,46,4,2,5,10,15,0.30000000000000004,0.7000000000000001,False
226,8,CLF_UNION,30,7,50,33,56,4,2,5,10,15,0.30000000000000004,0.7000000000000001,False
227,8,ORD-UNION,27,5,34,33,40,4,2,5,10,15,0.30000000000000004,0.7000000000000001,False
228,8,CARD,35,2,40,33,47,4,2,5,10,15,0.30000000000000004,0.7000000000000001,True
229,8,CLF_UNION,35,6,54,33,57,4,2,5,10,15,0.30000000000000004,0.7000000000000001,True
230,8,ORD-UNION,26,2,30,33,33,4,2,5,10,15,0.30000000000000004,0.7000000000000001,True
231,8,CARD,35,2,40,33,47,4,2,5,10,15,0.30000000000000004,0.7000000000000001,False
232,8,CLF_UNION,35,6,54,33,57,4,2,5,10,15,0.30000000000000004,0.7000000000000001,False
233,8,ORD-UNION,26,2,30,33,33,4,2,5,10,15,0.30000000000000004,0.7000000000000001,False
234,8,CARD,36,3,41,33,47,4,2,5,10,15,0.30000000000000004,0.7000000000000001,True
235,8,CLF_UNION,39,4,55,33,57,4,2,5,10,15,0.30000000000000004,0.7000000000000001,True
236,8,ORD-UNION,31,2,34,33,36,4,2,5,10,15,0.30000000000000004,0.7000000000000001,True
237,8,CARD,36,3,41,33,47,4,2,5,10,15,0.30000000000000004,0.7000000000000001,False
238,8,CLF_UNION,39,4,55,33,57,4,2,5,10,15,0.30000000000000004,0.7000000000000001,False
239,8,ORD-UNION,31,2,34,33,36,4,2,5,10,15,0.30000000000000004,0.7000000000000001,False
240,9,CARD,38,5,45,42,45,15,5,5,10,15,0.30000000000000004,0.7000000000000001,True
241,9,CLF_UNION,39,4,55,42,55,15,5,5,10,15,0.30000000000000004,0.7000000000000001,True
242,9,ORD-UNION,5,0,5,42,5,15,5,5,10,15,0.30000000000000004,0.7000000000000001,True
243,9,CARD,37,5,43,42,47,4,2,5,10,15,0.30000000000000004,0.7000000000000001,False
244,9,CLF_UNION,38,6,57,42,57,4,2,5,10,15,0.30000000000000004,0.7000000000000001,False
245,9,ORD-UNION,33,3,36,42,36,4,2,5,10,15,0.30000000000000004,0.7000000000000001,False
246,9,CARD,20,6,30,42,51,4,2,5,10,15,0.30000000000000004,0.7000000000000001,True
247,9,CLF_UNION,27,11,52,42,61,4,2,5,10,15,0.30000000000000004,0.7000000000000001,True
248,9,ORD-UNION,20,4,28,42,37,4,2,5,10,15,0.30000000000000004,0.7000000000000001,True
249,9,CARD,20,6,30,42,51,4,2,5,10,15,0.30000000000000004,0.7000000000000001,False
250,9,CLF_UNION,27,11,52,42,61,4,2,5,10,15,0.30000000000000004,0.7000000000000001,False
251,9,ORD-UNION,20,4,28,42,37,4,2,5,10,15,0.30000000000000004,0.7000000000000001,False
252,9,CARD,32,4,38,42,46,4,2,5,10,15,0.30000000000000004,0.7000000000000001,True
253,9,CLF_UNION,34,5,51,42,57,4,2,5,10,15,0.30000000000000004,0.7000000000000001,True
254,9,ORD-UNION,32,4,38,42,44,4,2,5,10,15,0.30000000000000004,0.7000000000000001,True
255,9,CARD,32,4,38,42,46,4,2,5,10,15,0.30000000000000004,0.7000000000000001,False
256,9,CLF_UNION,34,5,51,42,57,4,2,5,10,15,0.30000000000000004,0.7000000000000001,False
257,9,ORD-UNION,32,4,38,42,44,4,2,5,10,15,0.30000000000000004,0.7000000000000001,False
258,9,CARD,37,1,40,42,45,4,2,5,10,15,0.30000000000000004,0.7000000000000001,True
259,9,CLF_UNION,36,3,52,42,57,4,2,5,10,15,0.30000000000000004,0.7000000000000001,True
260,9,ORD-UNION,35,1,38,42,43,4,2,5,10,15,0.30000000000000004,0.7000000000000001,True
261,9,CARD,37,1,40,42,45,4,2,5,10,15,0.30000000000000004,0.7000000000000001,False
262,9,CLF_UNION,36,3,52,42,57,4,2,5,10,15,0.30000000000000004,0.7000000000000001,False
263,9,ORD-UNION,35,1,38,42,43,4,2,5,10,15,0.30000000000000004,0.7000000000000001,False
264,9,CARD,34,3,41,42,48,4,2,5,10,15,0.30000000000000004,0.7000000000000001,True
265,9,CLF_UNION,39,4,57,42,58,4,2,5,10,15,0.30000000000000004,0.7000000000000001,True
266,9,ORD-UNION,32,0,34,42,35,4,2,5,10,15,0.30000000000000004,0.7000000000000001,True
267,9,CARD,34,3,41,42,48,4,2,5,10,15,0.30000000000000004,0.7000000000000001,False
268,9,CLF_UNION,39,4,57,42,58,4,2,5,10,15,0.30000000000000004,0.7000000000000001,False
269,9,ORD-UNION,32,0,34,42,35,4,2,5,10,15,0.30000000000000004,0.7000000000000001,False
270,10,CARD,24,1,25,51,52,15,5,5,10,15,0.30000000000000004,0.7000000000000001,True
271,10,CLF_UNION,29,0,43,51,56,15,5,5,10,15,0.30000000000000004,0.7000000000000001,True
272,10,ORD-UNION,2,0,2,51,15,15,5,5,10,15,0.30000000000000004,0.7000000000000001,True
273,10,CARD,26,1,30,51,47,4,2,5,10,15,0.30000000000000004,0.7000000000000001,False
274,10,CLF_UNION,26,9,48,51,59,4,2,5,10,15,0.30000000000000004,0.7000000000000001,False
275,10,ORD-UNION,26,1,30,51,43,4,2,5,10,15,0.30000000000000004,0.7000000000000001,False
276,10,CARD,25,8,37,51,47,4,2,5,10,15,0.30000000000000004,0.7000000000000001,True
277,10,CLF_UNION,26,11,51,51,57,4,2,5,10,15,0.30000000000000004,0.7000000000000001,True
278,10,ORD-UNION,24,5,33,51,39,4,2,5,10,15,0.30000000000000004,0.7000000000000001,True
279,10,CARD,25,8,37,51,47,4,2,5,10,15,0.30000000000000004,0.7000000000000001,False
280,10,CLF_UNION,26,11,51,51,57,4,2,5,10,15,0.30000000000000004,0.7000000000000001,False
281,10,ORD-UNION,24,5,33,51,39,4,2,5,10,15,0.30000000000000004,0.7000000000000001,False
282,10,CARD,34,5,41,51,48,4,2,5,10,15,0.30000000000000004,0.7000000000000001,True
283,10,CLF_UNION,41,4,57,51,58,4,2,5,10,15,0.30000000000000004,0.7000000000000001,True
284,10,ORD-UNION,34,1,37,51,38,4,2,5,10,15,0.30000000000000004,0.7000000000000001,True
285,10,CARD,34,5,41,51,48,4,2,5,10,15,0.30000000000000004,0.7000000000000001,False
286,10,CLF_UNION,41,4,57,51,58,4,2,5,10,15,0.30000000000000004,0.7000000000000001,False
287,10,ORD-UNION,34,1,37,51,38,4,2,5,10,15,0.30000000000000004,0.7000000000000001,False
288,10,CARD,33,2,38,51,46,4,2,5,10,15,0.30000000000000004,0.7000000000000001,True
289,10,CLF_UNION,33,5,51,51,57,4,2,5,10,15,0.30000000000000004,0.7000000000000001,True
290,10,ORD-UNION,33,1,37,51,43,4,2,5,10,15,0.30000000000000004,0.7000000000000001,True
291,10,CARD,33,2,38,51,46,4,2,5,10,15,0.30000000000000004,0.7000000000000001,False
292,10,CLF_UNION,33,5,51,51,57,4,2,5,10,15,0.30000000000000004,0.7000000000000001,False
293,10,ORD-UNION,33,1,37,51,43,4,2,5,10,15,0.30000000000000004,0.7000000000000001,False
294,10,CARD,33,4,42,51,45,4,2,5,10,15,0.30000000000000004,0.7000000000000001,True
295,10,CLF_UNION,34,4,53,51,56,4,2,5,10,15,0.30000000000000004,0.7000000000000001,True
296,10,ORD-UNION,32,1,36,51,39,4,2,5,10,15,0.30000000000000004,0.7000000000000001,True
297,10,CARD,33,4,42,51,45,4,2,5,10,15,0.30000000000000004,0.7000000000000001,False
298,10,CLF_UNION,34,4,53,51,56,4,2,5,10,15,0.30000000000000004,0.7000000000000001,False
299,10,ORD-UNION,32,1,36,51,39,4,2,5,10,15,0.30000000000000004,0.7000000000000001,False
300,11,CARD,20,16,40,60,45,15,5,5,10,15,0.30000000000000004,0.7000000000000001,True
301,11,CLF_UNION,36,1,52,60,57,15,5,5,10,15,0.30000000000000004,0.7000000000000001,True
302,11,ORD-UNION,2,0,2,60,7,15,5,5,10,15,0.30000000000000004,0.7000000000000001,True
303,11,CARD,34,1,39,60,46,5,2,5,10,15,0.30000000000000004,0.7000000000000001,False
304,11,CLF_UNION,35,1,50,60,55,5,2,5,10,15,0.30000000000000004,0.7000000000000001,False
305,11,ORD-UNION,34,1,39,60,44,5,2,5,10,15,0.30000000000000004,0.7000000000000001,False
306,11,CARD,30,1,36,60,45,5,2,5,10,15,0.30000000000000004,0.7000000000000001,True
307,11,CLF_UNION,29,2,46,60,55,5,2,5,10,15,0.30000000000000004,0.7000000000000001,True
308,11,ORD-UNION,30,1,35,60,44,5,2,5,10,15,0.30000000000000004,0.7000000000000001,True
309,11,CARD,30,1,36,60,45,5,2,5,10,15,0.30000000000000004,0.7000000000000001,False
310,11,CLF_UNION,29,2,46,60,55,5,2,5,10,15,0.30000000000000004,0.7000000000000001,False
311,11,ORD-UNION,30,1,35,60,44,5,2,5,10,15,0.30000000000000004,0.7000000000000001,False
312,11,CARD,34,3,38,60,46,5,2,5,10,15,0.30000000000000004,0.7000000000000001,True
313,11,CLF_UNION,35,3,50,60,56,5,2,5,10,15,0.30000000000000004,0.7000000000000001,True
314,11,ORD-UNION,34,2,37,60,43,5,2,5,10,15,0.30000000000000004,0.7000000000000001,True
315,11,CARD,34,3,38,60,46,5,2,5,10,15,0.30000000000000004,0.7000000000000001,False
316,11,CLF_UNION,35,3,50,60,56,5,2,5,10,15,0.30000000000000004,0.7000000000000001,False
317,11,ORD-UNION,34,2,37,60,43,5,2,5,10,15,0.30000000000000004,0.7000000000000001,False
318,11,CARD,37,3,41,60,46,5,2,5,10,15,0.30000000000000004,0.7000000000000001,True
319,11,CLF_UNION,38,4,53,60,56,5,2,5,10,15,0.30000000000000004,0.7000000000000001,True
320,11,ORD-UNION,35,2,38,60,41,5,2,5,10,15,0.30000000000000004,0.7000000000000001,True
321,11,CARD,37,3,41,60,46,5,2,5,10,15,0.30000000000000004,0.7000000000000001,False
322,11,CLF_UNION,38,4,53,60,56,5,2,5,10,15,0.30000000000000004,0.7000000000000001,False
323,11,ORD-UNION,35,2,38,60,41,5,2,5,10,15,0.30000000000000004,0.7000000000000001,False
324,11,CARD,38,4,44,60,46,5,2,5,10,15,0.30000000000000004,0.7000000000000001,True
325,11,CLF_UNION,39,5,56,60,56,5,2,5,10,15,0.30000000000000004,0.7000000000000001,True
326,11,ORD-UNION,38,3,42,60,42,5,2,5,10,15,0.30000000000000004,0.7000000000000001,True
327,11,CARD,38,4,44,60,46,5,2,5,10,15,0.30000000000000004,0.7000000000000001,False
328,11,CLF_UNION,39,5,56,60,56,5,2,5,10,15,0.30000000000000004,0.7000000000000001,False
329,11,ORD-UNION,38,3,42,60,42,5,2,5,10,15,0.30000000000000004,0.7000000000000001,False
330,12,CARD,11,20,41,72,47,15,5,5,10,15,0.30000000000000004,0.7000000000000001,True
331,12,CLF_UNION,29,2,54,72,56,15,5,5,10,15,0.30000000000000004,0.7000000000000001,True
332,12,ORD-UNION,1,0,1,72,3,15,5,5,10,15,0.30000000000000004,0.7000000000000001,True
333,12,CARD,18,10,40,72,48,4,2,5,10,15,0.30000000000000004,0.7000000000000001,False
334,12,CLF_UNION,23,13,60,72,62,4,2,5,10,15,0.30000000000000004,0.7000000000000001,False
335,12,ORD-UNION,16,7,34,72,36,4,2,5,10,15,0.30000000000000004,0.7000000000000001,False
336,12,CARD,32,1,38,72,47,4,2,5,10,15,0.30000000000000004,0.7000000000000001,True
337,12,CLF_UNION,35,2,53,72,58,4,2,5,10,15,0.30000000000000004,0.7000000000000001,True
338,12,ORD-UNION,32,0,37,72,42,4,2,5,10,15,0.30000000000000004,0.7000000000000001,True
339,12,CARD,32,1,38,72,47,4,2,5,10,15,0.30000000000000004,0.7000000000000001,False
340,12,CLF_UNION,35,2,53,72,58,4,2,5,10,15,0.30000000000000004,0.7000000000000001,False
341,12,ORD-UNION,32,0,37,72,42,4,2,5,10,15,0.30000000000000004,0.7000000000000001,False
342,12,CARD,32,4,38,72,46,4,2,5,10,15,0.30000000000000004,0.7000000000000001,True
343,12,CLF_UNION,36,2,50,72,56,4,2,5,10,15,0.30000000000000004,0.7000000000000001,True
344,12,ORD-UNION,32,0,33,72,39,4,2,5,10,15,0.30000000000000004,0.7000000000000001,True
345,12,CARD,32,4,38,72,46,4,2,5,10,15,0.30000000000000004,0.7000000000000001,False
346,12,CLF_UNION,36,2,50,72,56,4,2,5,10,15,0.30000000000000004,0.7000000000000001,False
347,12,ORD-UNION,32,0,33,72,39,4,2,5,10,15,0.30000000000000004,0.7000000000000001,False
348,12,CARD,32,2,38,72,49,4,2,5,10,15,0.30000000000000004,0.7000000000000001,True
349,12,CLF_UNION,37,5,56,72,59,4,2,5,10,15,0.30000000000000004,0.7000000000000001,True
350,12,ORD-UNION,32,0,35,72,38,4,2,5,10,15,0.30000000000000004,0.7000000000000001,True
351,12,CARD,32,2,38,72,49,4,2,5,10,15,0.30000000000000004,0.7000000000000001,False
352,12,CLF_UNION,37,5,56,72,59,4,2,5,10,15,0.30000000000000004,0.7000000000000001,False
353,12,ORD-UNION,32,0,35,72,38,4,2,5,10,15,0.30000000000000004,0.7000000000000001,False
354,12,CARD,31,8,40,72,47,4,2,5,10,15,0.30000000000000004,0.7000000000000001,True
355,12,CLF_UNION,36,7,54,72,57,4,2,5,10,15,0.30000000000000004,0.7000000000000001,True
356,12,ORD-UNION,31,4,36,72,39,4,2,5,10,15,0.30000000000000004,0.7000000000000001,True
357,12,CARD,31,8,40,72,47,4,2,5,10,15,0.30000000000000004,0.7000000000000001,False
358,12,CLF_UNION,36,7,54,72,57,4,2,5,10,15,0.30000000000000004,0.7000000000000001,False
359,12,ORD-UNION,31,4,36,72,39,4,2,5,10,15,0.30000000000000004,0.7000000000000001,False
360,13,CARD,34,4,42,85,48,15,5,5,10,15,0.30000000000000004,0.7000000000000001,True
361,13,CLF_UNION,39,2,60,85,60,15,5,5,10,15,0.30000000000000004,0.7000000000000001,True
362,13,ORD-UNION,14,0,14,85,14,15,5,5,10,15,0.30000000000000004,0.7000000000000001,True
363,13,CARD,32,6,42,85,48,5,2,5,10,15,0.30000000000000004,0.7000000000000001,False
364,13,CLF_UNION,36,5,56,85,56,5,2,5,10,15,0.30000000000000004,0.7000000000000001,False
365,13,ORD-UNION,32,4,38,85,38,5,2,5,10,15,0.30000000000000004,0.7000000000000001,False
366,13,CARD,25,2,28,85,48,5,2,5,10,15,0.30000000000000004,0.7000000000000001,True
367,13,CLF_UNION,27,4,43,85,57,5,2,5,10,15,0.30000000000000004,0.7000000000000001,True
368,13,ORD-UNION,24,2,27,85,41,5,2,5,10,15,0.30000000000000004,0.7000000000000001,True
369,13,CARD,25,2,28,85,48,5,2,5,10,15,0.30000000000000004,0.7000000000000001,False
370,13,CLF_UNION,27,4,43,85,57,5,2,5,10,15,0.30000000000000004,0.7000000000000001,False
371,13,ORD-UNION,24,2,27,85,41,5,2,5,10,15,0.30000000000000004,0.7000000000000001,False
372,13,CARD,24,6,34,85,46,5,2,5,10,15,0.30000000000000004,0.7000000000000001,True
373,13,CLF_UNION,25,7,46,85,56,5,2,5,10,15,0.30000000000000004,0.7000000000000001,True
374,13,ORD-UNION,24,6,34,85,44,5,2,5,10,15,0.30000000000000004,0.7000000000000001,True
375,13,CARD,24,6,34,85,46,5,2,5,10,15,0.30000000000000004,0.7000000000000001,False
376,13,CLF_UNION,25,7,46,85,56,5,2,5,10,15,0.30000000000000004,0.7000000000000001,False
377,13,ORD-UNION,24,6,34,85,44,5,2,5,10,15,0.30000000000000004,0.7000000000000001,False
378,13,CARD,28,3,35,85,46,5,2,5,10,15,0.30000000000000004,0.7000000000000001,True
379,13,CLF_UNION,26,6,47,85,56,5,2,5,10,15,0.30000000000000004,0.7000000000000001,True
380,13,ORD-UNION,24,3,31,85,40,5,2,5,10,15,0.30000000000000004,0.7000000000000001,True
381,13,CARD,28,3,35,85,46,5,2,5,10,15,0.30000000000000004,0.7000000000000001,False
382,13,CLF_UNION,26,6,47,85,56,5,2,5,10,15,0.30000000000000004,0.7000000000000001,False
383,13,ORD-UNION,24,3,31,85,40,5,2,5,10,15,0.30000000000000004,0.7000000000000001,False
384,13,CARD,30,6,39,85,46,5,2,5,10,15,0.30000000000000004,0.7000000000000001,True
385,13,CLF_UNION,34,4,51,85,56,5,2,5,10,15,0.30000000000000004,0.7000000000000001,True
386,13,ORD-UNION,29,2,34,85,39,5,2,5,10,15,0.30000000000000004,0.7000000000000001,True
387,13,CARD,30,6,39,85,46,5,2,5,10,15,0.30000000000000004,0.7000000000000001,False
388,13,CLF_UNION,34,4,51,85,56,5,2,5,10,15,0.30000000000000004,0.7000000000000001,False
389,13,ORD-UNION,29,2,34,85,39,5,2,5,10,15,0.30000000000000004,0.7000000000000001,False
390,14,CARD,30,3,33,99,47,15,5,5,10,15,0.30000000000000004,0.7000000000000001,True
391,14,CLF_UNION,33,2,46,99,56,15,5,5,10,15,0.30000000000000004,0.7000000000000001,True
392,14,ORD-UNION,13,0,13,99,23,15,5,5,10,15,0.30000000000000004,0.7000000000000001,True
393,14,CARD,33,1,35,99,45,11,2,5,10,15,0.30000000000000004,0.7000000000000001,False
394,14,CLF_UNION,33,2,46,99,56,11,2,5,10,15,0.30000000000000004,0.7000000000000001,False
395,14,ORD-UNION,16,0,16,99,26,11,2,5,10,15,0.30000000000000004,0.7000000000000001,False
396,14,CARD,20,0,23,99,47,11,2,5,10,15,0.30000000000000004,0.7000000000000001,True
397,14,CLF_UNION,19,4,39,99,59,11,2,5,10,15,0.30000000000000004,0.7000000000000001,True
398,14,ORD-UNION,13,0,14,99,34,11,2,5,10,15,0.30000000000000004,0.7000000000000001,True
399,14,CARD,20,0,23,99,47,11,2,5,10,15,0.30000000000000004,0.7000000000000001,False
400,14,CLF_UNION,19,4,39,99,59,11,2,5,10,15,0.30000000000000004,0.7000000000000001,False
401,14,ORD-UNION,13,0,14,99,34,11,2,5,10,15,0.30000000000000004,0.7000000000000001,False
402,14,CARD,29,3,35,99,45,11,2,5,10,15,0.30000000000000004,0.7000000000000001,True
403,14,CLF_UNION,31,1,45,99,55,11,2,5,10,15,0.30000000000000004,0.7000000000000001,True
404,14,ORD-UNION,17,0,17,99,27,11,2,5,10,15,0.30000000000000004,0.7000000000000001,True
405,14,CARD,29,3,35,99,45,11,2,5,10,15,0.30000000000000004,0.7000000000000001,False
406,14,CLF_UNION,31,1,45,99,55,11,2,5,10,15,0.30000000000000004,0.7000000000000001,False
407,14,ORD-UNION,17,0,17,99,27,11,2,5,10,15,0.30000000000000004,0.7000000000000001,False
408,14,CARD,20,3,25,99,46,11,2,5,10,15,0.30000000000000004,0.7000000000000001,True
409,14,CLF_UNION,22,2,38,99,57,11,2,5,10,15,0.30000000000000004,0.7000000000000001,True
410,14,ORD-UNION,14,0,14,99,33,11,2,5,10,15,0.30000000000000004,0.7000000000000001,True
411,14,CARD,20,3,25,99,46,11,2,5,10,15,0.30000000000000004,0.7000000000000001,False
412,14,CLF_UNION,22,2,38,99,57,11,2,5,10,15,0.30000000000000004,0.7000000000000001,False
413,14,ORD-UNION,14,0,14,99,33,11,2,5,10,15,0.30000000000000004,0.7000000000000001,False
414,14,CARD,16,0,17,99,46,11,2,5,10,15,0.30000000000000004,0.7000000000000001,True
415,14,CLF_UNION,16,0,28,99,55,11,2,5,10,15,0.30000000000000004,0.7000000000000001,True
416,14,ORD-UNION,6,0,6,99,33,11,2,5,10,15,0.30000000000000004,0.7000000000000001,True
417,14,CARD,16,0,17,99,46,11,2,5,10,15,0.30000000000000004,0.7000000000000001,False
418,14,CLF_UNION,16,0,28,99,55,11,2,5,10,15,0.30000000000000004,0.7000000000000001,False
419,14,ORD-UNION,6,0,6,99,33,11,2,5,10,15,0.30000000000000004,0.7000000000000001,False
420,15,CARD,28,8,41,113,46,15,5,5,10,15,0.30000000000000004,0.7000000000000001,True
421,15,CLF_UNION,36,1,53,113,56,15,5,5,10,15,0.30000000000000004,0.7000000000000001,True
422,15,ORD-UNION,11,0,12,113,15,15,5,5,10,15,0.30000000000000004,0.7000000000000001,True
423,15,CARD,34,2,41,113,46,11,2,5,10,15,0.30000000000000004,0.7000000000000001,False
424,15,CLF_UNION,37,0,52,113,55,11,2,5,10,15,0.30000000000000004,0.7000000000000001,False
425,15,ORD-UNION,13,0,13,113,16,11,2,5,10,15,0.30000000000000004,0.7000000000000001,False
426,15,CARD,30,3,35,113,45,11,2,5,10,15,0.30000000000000004,0.7000000000000001,True
427,15,CLF_UNION,32,1,45,113,55,11,2,5,10,15,0.30000000000000004,0.7000000000000001,True
428,15,ORD-UNION,5,0,5,113,15,11,2,5,10,15,0.30000000000000004,0.7000000000000001,True
429,15,CARD,30,3,35,113,45,11,2,5,10,15,0.30000000000000004,0.7000000000000001,False
430,15,CLF_UNION,32,1,45,113,55,11,2,5,10,15,0.30000000000000004,0.7000000000000001,False
431,15,ORD-UNION,5,0,5,113,15,11,2,5,10,15,0.30000000000000004,0.7000000000000001,False
432,15,CARD,28,2,35,113,45,11,2,5,10,15,0.30000000000000004,0.7000000000000001,True
433,15,CLF_UNION,29,1,45,113,55,11,2,5,10,15,0.30000000000000004,0.7000000000000001,True
434,15,ORD-UNION,18,0,18,113,28,11,2,5,10,15,0.30000000000000004,0.7000000000000001,True
435,15,CARD,28,2,35,113,45,11,2,5,10,15,0.30000000000000004,0.7000000000000001,False
436,15,CLF_UNION,29,1,45,113,55,11,2,5,10,15,0.30000000000000004,0.7000000000000001,False
437,15,ORD-UNION,18,0,18,113,28,11,2,5,10,15,0.30000000000000004,0.7000000000000001,False
438,15,CARD,27,1,31,113,47,11,2,5,10,15,0.30000000000000004,0.7000000000000001,True
439,15,CLF_UNION,29,0,44,113,56,11,2,5,10,15,0.30000000000000004,0.7000000000000001,True
440,15,ORD-UNION,15,0,15,113,27,11,2,5,10,15,0.30000000000000004,0.7000000000000001,True
441,15,CARD,27,1,31,113,47,11,2,5,10,15,0.30000000000000004,0.7000000000000001,False
442,15,CLF_UNION,29,0,44,113,56,11,2,5,10,15,0.30000000000000004,0.7000000000000001,False
443,15,ORD-UNION,15,0,15,113,27,11,2,5,10,15,0.30000000000000004,0.7000000000000001,False
444,15,CARD,26,0,28,113,47,11,2,5,10,15,0.30000000000000004,0.7000000000000001,True
445,15,CLF_UNION,27,0,40,113,55,11,2,5,10,15,0.30000000000000004,0.7000000000000001,True
446,15,ORD-UNION,12,0,12,113,27,11,2,5,10,15,0.30000000000000004,0.7000000000000001,True
447,15,CARD,26,0,28,113,47,11,2,5,10,15,0.30000000000000004,0.7000000000000001,False
448,15,CLF_UNION,27,0,40,113,55,11,2,5,10,15,0.30000000000000004,0.7000000000000001,False
449,15,ORD-UNION,12,0,12,113,27,11,2,5,10,15,0.30000000000000004,0.7000000000000001,False
450,16,CARD,31,4,38,126,46,15,5,5,10,15,0.30000000000000004,0.7000000000000001,True
451,16,CLF_UNION,36,0,49,126,55,15,5,5,10,15,0.30000000000000004,0.7000000000000001,True
452,16,ORD-UNION,5,0,5,126,11,15,5,5,10,15,0.30000000000000004,0.7000000000000001,True
453,16,CARD,29,6,38,126,46,9,2,5,10,15,0.30000000000000004,0.7000000000000001,False
454,16,CLF_UNION,34,2,49,126,55,9,2,5,10,15,0.30000000000000004,0.7000000000000001,False
455,16,ORD-UNION,17,0,17,126,23,9,2,5,10,15,0.30000000000000004,0.7000000000000001,False
456,16,CARD,32,0,36,126,46,9,2,5,10,15,0.30000000000000004,0.7000000000000001,True
457,16,CLF_UNION,30,2,47,126,55,9,2,5,10,15,0.30000000000000004,0.7000000000000001,True
458,16,ORD-UNION,17,0,18,126,26,9,2,5,10,15,0.30000000000000004,0.7000000000000001,True
459,16,CARD,32,0,36,126,46,9,2,5,10,15,0.30000000000000004,0.7000000000000001,False
460,16,CLF_UNION,30,2,47,126,55,9,2,5,10,15,0.30000000000000004,0.7000000000000001,False
461,16,ORD-UNION,17,0,18,126,26,9,2,5,10,15,0.30000000000000004,0.7000000000000001,False
462,16,CARD,29,1,30,126,46,9,2,5,10,15,0.30000000000000004,0.7000000000000001,True
463,16,CLF_UNION,29,1,41,126,55,9,2,5,10,15,0.30000000000000004,0.7000000000000001,True
464,16,ORD-UNION,19,0,19,126,33,9,2,5,10,15,0.30000000000000004,0.7000000000000001,True
465,16,CARD,29,1,30,126,46,9,2,5,10,15,0.30000000000000004,0.7000000000000001,False
466,16,CLF_UNION,29,1,41,126,55,9,2,5,10,15,0.30000000000000004,0.7000000000000001,False
467,16,ORD-UNION,19,0,19,126,33,9,2,5,10,15,0.30000000000000004,0.7000000000000001,False
468,16,CARD,34,0,36,126,45,9,2,5,10,15,0.30000000000000004,0.7000000000000001,True
469,16,CLF_UNION,33,1,46,126,55,9,2,5,10,15,0.30000000000000004,0.7000000000000001,True
470,16,ORD-UNION,22,0,22,126,31,9,2,5,10,15,0.30000000000000004,0.7000000000000001,True
471,16,CARD,34,0,36,126,45,9,2,5,10,15,0.30000000000000004,0.7000000000000001,False
472,16,CLF_UNION,33,1,46,126,55,9,2,5,10,15,0.30000000000000004,0.7000000000000001,False
473,16,ORD-UNION,22,0,22,126,31,9,2,5,10,15,0.30000000000000004,0.7000000000000001,False
474,16,CARD,23,0,23,126,46,9,2,5,10,15,0.30000000000000004,0.7000000000000001,True
475,16,CLF_UNION,23,0,34,126,55,9,2,5,10,15,0.30000000000000004,0.7000000000000001,True
476,16,ORD-UNION,23,0,23,126,44,9,2,5,10,15,0.30000000000000004,0.7000000000000001,True
477,16,CARD,23,0,23,126,46,9,2,5,10,15,0.30000000000000004,0.7000000000000001,False
478,16,CLF_UNION,23,0,34,126,55,9,2,5,10,15,0.30000000000000004,0.7000000000000001,False
479,16,ORD-UNION,23,0,23,126,44,9,2,5,10,15,0.30000000000000004,0.7000000000000001,False
480,17,CARD,28,0,29,142,47,15,5,5,10,15,0.30000000000000004,0.7000000000000001,True
481,17,CLF_UNION,30,1,43,142,57,15,5,5,10,15,0.30000000000000004,0.7000000000000001,True
482,17,ORD-UNION,25,0,25,142,39,15,5,5,10,15,0.30000000000000004,0.7000000000000001,True
483,17,CARD,25,5,31,142,45,8,2,5,10,15,0.30000000000000004,0.7000000000000001,False
484,17,CLF_UNION,28,3,42,142,56,8,2,5,10,15,0.30000000000000004,0.7000000000000001,False
485,17,ORD-UNION,22,0,22,142,36,8,2,5,10,15,0.30000000000000004,0.7000000000000001,False
486,17,CARD,23,4,29,142,47,8,2,5,10,15,0.30000000000000004,0.7000000000000001,True
487,17,CLF_UNION,25,3,42,142,55,8,2,5,10,15,0.30000000000000004,0.7000000000000001,True
488,17,ORD-UNION,19,0,20,142,34,8,2,5,10,15,0.30000000000000004,0.7000000000000001,True
489,17,CARD,23,4,29,142,47,8,2,5,10,15,0.30000000000000004,0.7000000000000001,False
490,17,CLF_UNION,25,3,42,142,55,8,2,5,10,15,0.30000000000000004,0.7000000000000001,False
491,17,ORD-UNION,19,0,20,142,34,8,2,5,10,15,0.30000000000000004,0.7000000000000001,False
492,17,CARD,33,0,34,142,47,8,2,5,10,15,0.30000000000000004,0.7000000000000001,True
493,17,CLF_UNION,33,0,46,142,55,8,2,5,10,15,0.30000000000000004,0.7000000000000001,True
494,17,ORD-UNION,28,0,28,142,37,8,2,5,10,15,0.30000000000000004,0.7000000000000001,True
495,17,CARD,33,0,34,142,47,8,2,5,10,15,0.30000000000000004,0.7000000000000001,False
496,17,CLF_UNION,33,0,46,142,55,8,2,5,10,15,0.30000000000000004,0.7000000000000001,False
497,17,ORD-UNION,28,0,28,142,37,8,2,5,10,15,0.30000000000000004,0.7000000000000001,False
498,17,CARD,26,3,34,142,46,8,2,5,10,15,0.30000000000000004,0.7000000000000001,True
499,17,CLF_UNION,27,5,48,142,57,8,2,5,10,15,0.30000000000000004,0.7000000000000001,True
500,17,ORD-UNION,22,1,26,142,36,8,2,5,10,15,0.30000000000000004,0.7000000000000001,True
501,17,CARD,26,3,34,142,46,8,2,5,10,15,0.30000000000000004,0.7000000000000001,False
502,17,CLF_UNION,27,5,48,142,57,8,2,5,10,15,0.30000000000000004,0.7000000000000001,False
503,17,ORD-UNION,22,1,26,142,36,8,2,5,10,15,0.30000000000000004,0.7000000000000001,False
504,17,CARD,12,3,17,142,46,8,2,5,10,15,0.30000000000000004,0.7000000000000001,True
505,17,CLF_UNION,15,0,28,142,55,8,2,5,10,15,0.30000000000000004,0.7000000000000001,True
506,17,ORD-UNION,10,0,10,142,37,8,2,5,10,15,0.30000000000000004,0.7000000000000001,True
507,17,CARD,12,3,17,142,46,8,2,5,10,15,0.30000000000000004,0.7000000000000001,False
508,17,CLF_UNION,15,0,28,142,55,8,2,5,10,15,0.30000000000000004,0.7000000000000001,False
509,17,ORD-UNION,10,0,10,142,37,8,2,5,10,15,0.30000000000000004,0.7000000000000001,False
510,18,CARD,29,4,35,159,45,15,5,5,10,15,0.30000000000000004,0.7000000000000001,True
511,18,CLF_UNION,33,0,46,159,56,15,5,5,10,15,0.30000000000000004,0.7000000000000001,True
512,18,ORD-UNION,5,0,5,159,15,15,5,5,10,15,0.30000000000000004,0.7000000000000001,True
513,18,CARD,32,1,35,159,45,7,2,5,10,15,0.30000000000000004,0.7000000000000001,False
514,18,CLF_UNION,32,1,45,159,55,7,2,5,10,15,0.30000000000000004,0.7000000000000001,False
515,18,ORD-UNION,32,0,34,159,44,7,2,5,10,15,0.30000000000000004,0.7000000000000001,False
516,18,CARD,36,2,40,159,45,7,2,5,10,15,0.30000000000000004,0.7000000000000001,True
517,18,CLF_UNION,36,3,51,159,56,7,2,5,10,15,0.30000000000000004,0.7000000000000001,True
518,18,ORD-UNION,36,0,38,159,43,7,2,5,10,15,0.30000000000000004,0.7000000000000001,True
519,18,CARD,36,2,40,159,45,7,2,5,10,15,0.30000000000000004,0.7000000000000001,False
520,18,CLF_UNION,36,3,51,159,56,7,2,5,10,15,0.30000000000000004,0.7000000000000001,False
521,18,ORD-UNION,36,0,38,159,43,7,2,5,10,15,0.30000000000000004,0.7000000000000001,False
522,18,CARD,21,0,25,159,46,7,2,5,10,15,0.30000000000000004,0.7000000000000001,True
523,18,CLF_UNION,21,0,36,159,55,7,2,5,10,15,0.30000000000000004,0.7000000000000001,True
524,18,ORD-UNION,21,0,24,159,43,7,2,5,10,15,0.30000000000000004,0.7000000000000001,True
525,18,CARD,21,0,25,159,46,7,2,5,10,15,0.30000000000000004,0.7000000000000001,False
526,18,CLF_UNION,21,0,36,159,55,7,2,5,10,15,0.30000000000000004,0.7000000000000001,False
527,18,ORD-UNION,21,0,24,159,43,7,2,5,10,15,0.30000000000000004,0.7000000000000001,False
528,18,CARD,34,0,34,159,46,7,2,5,10,15,0.30000000000000004,0.7000000000000001,True
529,18,CLF_UNION,33,1,45,159,55,7,2,5,10,15,0.30000000000000004,0.7000000000000001,True
530,18,ORD-UNION,34,0,34,159,44,7,2,5,10,15,0.30000000000000004,0.7000000000000001,True
531,18,CARD,34,0,34,159,46,7,2,5,10,15,0.30000000000000004,0.7000000000000001,False
532,18,CLF_UNION,33,1,45,159,55,7,2,5,10,15,0.30000000000000004,0.7000000000000001,False
533,18,ORD-UNION,34,0,34,159,44,7,2,5,10,15,0.30000000000000004,0.7000000000000001,False
534,18,CARD,33,0,34,159,46,7,2,5,10,15,0.30000000000000004,0.7000000000000001,True
535,18,CLF_UNION,33,0,45,159,55,7,2,5,10,15,0.30000000000000004,0.7000000000000001,True
536,18,ORD-UNION,33,0,34,159,44,7,2,5,10,15,0.30000000000000004,0.7000000000000001,True
537,18,CARD,33,0,34,159,46,7,2,5,10,15,0.30000000000000004,0.7000000000000001,False
538,18,CLF_UNION,33,0,45,159,55,7,2,5,10,15,0.30000000000000004,0.7000000000000001,False
539,18,ORD-UNION,33,0,34,159,44,7,2,5,10,15,0.30000000000000004,0.7000000000000001,False
540,19,CARD,29,0,30,178,46,15,5,5,10,15,0.30000000000000004,0.7000000000000001,True
541,19,CLF_UNION,30,0,41,178,55,15,5,5,10,15,0.30000000000000004,0.7000000000000001,True
542,19,ORD-UNION,19,0,19,178,33,15,5,5,10,15,0.30000000000000004,0.7000000000000001,True
543,19,CARD,30,0,31,178,45,7,2,5,10,15,0.30000000000000004,0.7000000000000001,False
544,19,CLF_UNION,30,0,41,178,55,7,2,5,10,15,0.30000000000000004,0.7000000000000001,False
545,19,ORD-UNION,29,0,29,178,43,7,2,5,10,15,0.30000000000000004,0.7000000000000001,False
546,19,CARD,33,0,35,178,46,7,2,5,10,15,0.30000000000000004,0.7000000000000001,True
547,19,CLF_UNION,34,0,46,178,55,7,2,5,10,15,0.30000000000000004,0.7000000000000001,True
548,19,ORD-UNION,32,0,33,178,42,7,2,5,10,15,0.30000000000000004,0.7000000000000001,True
549,19,CARD,33,0,35,178,46,7,2,5,10,15,0.30000000000000004,0.7000000000000001,False
550,19,CLF_UNION,34,0,46,178,55,7,2,5,10,15,0.30000000000000004,0.7000000000000001,False
551,19,ORD-UNION,32,0,33,178,42,7,2,5,10,15,0.30000000000000004,0.7000000000000001,False
552,19,CARD,26,1,30,178,45,7,2,5,10,15,0.30000000000000004,0.7000000000000001,True
553,19,CLF_UNION,26,1,41,178,56,7,2,5,10,15,0.30000000000000004,0.7000000000000001,True
554,19,ORD-UNION,26,1,29,178,44,7,2,5,10,15,0.30000000000000004,0.7000000000000001,True
555,19,CARD,26,1,30,178,45,7,2,5,10,15,0.30000000000000004,0.7000000000000001,False
556,19,CLF_UNION,26,1,41,178,56,7,2,5,10,15,0.30000000000000004,0.7000000000000001,False
557,19,ORD-UNION,26,1,29,178,44,7,2,5,10,15,0.30000000000000004,0.7000000000000001,False
558,19,CARD,22,1,24,178,46,7,2,5,10,15,0.30000000000000004,0.7000000000000001,True
559,19,CLF_UNION,22,2,36,178,55,7,2,5,10,15,0.30000000000000004,0.7000000000000001,True
560,19,ORD-UNION,19,1,20,178,40,7,2,5,10,15,0.30000000000000004,0.7000000000000001,True
561,19,CARD,22,1,24,178,46,7,2,5,10,15,0.30000000000000004,0.7000000000000001,False
562,19,CLF_UNION,22,2,36,178,55,7,2,5,10,15,0.30000000000000004,0.7000000000000001,False
563,19,ORD-UNION,19,1,20,178,40,7,2,5,10,15,0.30000000000000004,0.7000000000000001,False
564,19,CARD,22,0,26,178,45,7,2,5,10,15,0.30000000000000004,0.7000000000000001,True
565,19,CLF_UNION,22,0,36,178,55,7,2,5,10,15,0.30000000000000004,0.7000000000000001,True
566,19,ORD-UNION,22,0,26,178,45,7,2,5,10,15,0.30000000000000004,0.7000000000000001,True
567,19,CARD,22,0,26,178,45,7,2,5,10,15,0.30000000000000004,0.7000000000000001,False
568,19,CLF_UNION,22,0,36,178,55,7,2,5,10,15,0.30000000000000004,0.7000000000000001,False
569,19,ORD-UNION,22,0,26,178,45,7,2,5,10,15,0.30000000000000004,0.7000000000000001,False
570,20,CARD,31,1,35,196,46,15,5,5,10,15,0.30000000000000004,0.7000000000000001,True
571,20,CLF_UNION,32,0,47,196,56,15,5,5,10,15,0.30000000000000004,0.7000000000000001,True
572,20,ORD-UNION,15,0,17,196,26,15,5,5,10,15,0.30000000000000004,0.7000000000000001,True
573,20,CARD,32,0,36,196,45,7,2,5,10,15,0.30000000000000004,0.7000000000000001,False
574,20,CLF_UNION,32,0,46,196,55,7,2,5,10,15,0.30000000000000004,0.7000000000000001,False
575,20,ORD-UNION,31,0,35,196,44,7,2,5,10,15,0.30000000000000004,0.7000000000000001,False
576,20,CARD,21,2,25,196,45,7,2,5,10,15,0.30000000000000004,0.7000000000000001,True
577,20,CLF_UNION,22,1,35,196,55,7,2,5,10,15,0.30000000000000004,0.7000000000000001,True
578,20,ORD-UNION,21,1,22,196,42,7,2,5,10,15,0.30000000000000004,0.7000000000000001,True
579,20,CARD,21,2,25,196,45,7,2,5,10,15,0.30000000000000004,0.7000000000000001,False
580,20,CLF_UNION,22,1,35,196,55,7,2,5,10,15,0.30000000000000004,0.7000000000000001,False
581,20,ORD-UNION,21,1,22,196,42,7,2,5,10,15,0.30000000000000004,0.7000000000000001,False
582,20,CARD,24,0,25,196,45,7,2,5,10,15,0.30000000000000004,0.7000000000000001,True
583,20,CLF_UNION,24,1,36,196,55,7,2,5,10,15,0.30000000000000004,0.7000000000000001,True
584,20,ORD-UNION,23,0,24,196,44,7,2,5,10,15,0.30000000000000004,0.7000000000000001,True
585,20,CARD,24,0,25,196,45,7,2,5,10,15,0.30000000000000004,0.7000000000000001,False
586,20,CLF_UNION,24,1,36,196,55,7,2,5,10,15,0.30000000000000004,0.7000000000000001,False
587,20,ORD-UNION,23,0,24,196,44,7,2,5,10,15,0.30000000000000004,0.7000000000000001,False
588,20,CARD,29,1,32,196,45,7,2,5,10,15,0.30000000000000004,0.7000000000000001,True
589,20,CLF_UNION,30,0,42,196,55,7,2,5,10,15,0.30000000000000004,0.7000000000000001,True
590,20,ORD-UNION,28,0,30,196,43,7,2,5,10,15,0.30000000000000004,0.7000000000000001,True
591,20,CARD,29,1,32,196,45,7,2,5,10,15,0.30000000000000004,0.7000000000000001,False
592,20,CLF_UNION,30,0,42,196,55,7,2,5,10,15,0.30000000000000004,0.7000000000000001,False
593,20,ORD-UNION,28,0,30,196,43,7,2,5,10,15,0.30000000000000004,0.7000000000000001,False
594,20,CARD,15,0,18,196,46,7,2,5,10,15,0.30000000000000004,0.7000000000000001,True
595,20,CLF_UNION,15,0,29,196,55,7,2,5,10,15,0.30000000000000004,0.7000000000000001,True
596,20,ORD-UNION,15,0,18,196,44,7,2,5,10,15,0.30000000000000004,0.7000000000000001,True
597,20,CARD,15,0,18,196,46,7,2,5,10,15,0.30000000000000004,0.7000000000000001,False
598,20,CLF_UNION,15,0,29,196,55,7,2,5,10,15,0.30000000000000004,0.7000000000000001,False
599,20,ORD-UNION,15,0,18,196,44,7,2,5,10,15,0.30000000000000004,0.7000000000000001,False
600,21,CARD,29,0,30,213,46,15,5,5,10,15,0.30000000000000004,0.7000000000000001,True
601,21,CLF_UNION,29,0,41,213,55,15,5,5,10,15,0.30000000000000004,0.7000000000000001,True
602,21,ORD-UNION,26,0,26,213,40,15,5,5,10,15,0.30000000000000004,0.7000000000000001,True
603,21,CARD,28,0,30,213,46,7,2,5,10,15,0.30000000000000004,0.7000000000000001,False
604,21,CLF_UNION,29,0,42,213,56,7,2,5,10,15,0.30000000000000004,0.7000000000000001,False
605,21,ORD-UNION,28,0,29,213,43,7,2,5,10,15,0.30000000000000004,0.7000000000000001,False
606,21,CARD,35,1,39,213,45,7,2,5,10,15,0.30000000000000004,0.7000000000000001,True
607,21,CLF_UNION,36,0,49,213,55,7,2,5,10,15,0.30000000000000004,0.7000000000000001,True
608,21,ORD-UNION,35,0,37,213,43,7,2,5,10,15,0.30000000000000004,0.7000000000000001,True
609,21,CARD,35,1,39,213,45,7,2,5,10,15,0.30000000000000004,0.7000000000000001,False
610,21,CLF_UNION,36,0,49,213,55,7,2,5,10,15,0.30000000000000004,0.7000000000000001,False
611,21,ORD-UNION,35,0,37,213,43,7,2,5,10,15,0.30000000000000004,0.7000000000000001,False
612,21,CARD,15,0,18,213,45,7,2,5,10,15,0.30000000000000004,0.7000000000000001,True
613,21,CLF_UNION,15,1,29,213,55,7,2,5,10,15,0.30000000000000004,0.7000000000000001,True
614,21,ORD-UNION,14,0,15,213,42,7,2,5,10,15,0.30000000000000004,0.7000000000000001,True
615,21,CARD,15,0,18,213,45,7,2,5,10,15,0.30000000000000004,0.7000000000000001,False
616,21,CLF_UNION,15,1,29,213,55,7,2,5,10,15,0.30000000000000004,0.7000000000000001,False
617,21,ORD-UNION,14,0,15,213,42,7,2,5,10,15,0.30000000000000004,0.7000000000000001,False
618,21,CARD,24,0,26,213,45,7,2,5,10,15,0.30000000000000004,0.7000000000000001,True
619,21,CLF_UNION,24,0,36,213,55,7,2,5,10,15,0.30000000000000004,0.7000000000000001,True
620,21,ORD-UNION,23,0,25,213,44,7,2,5,10,15,0.30000000000000004,0.7000000000000001,True
621,21,CARD,24,0,26,213,45,7,2,5,10,15,0.30000000000000004,0.7000000000000001,False
622,21,CLF_UNION,24,0,36,213,55,7,2,5,10,15,0.30000000000000004,0.7000000000000001,False
623,21,ORD-UNION,23,0,25,213,44,7,2,5,10,15,0.30000000000000004,0.7000000000000001,False
624,21,CARD,23,1,26,213,46,7,2,5,10,15,0.30000000000000004,0.7000000000000001,True
625,21,CLF_UNION,24,1,38,213,55,7,2,5,10,15,0.30000000000000004,0.7000000000000001,True
626,21,ORD-UNION,23,0,24,213,42,7,2,5,10,15,0.30000000000000004,0.7000000000000001,True
627,21,CARD,23,1,26,213,46,7,2,5,10,15,0.30000000000000004,0.7000000000000001,False
628,21,CLF_UNION,24,1,38,213,55,7,2,5,10,15,0.30000000000000004,0.7000000000000001,False
629,21,ORD-UNION,23,0,24,213,42,7,2,5,10,15,0.30000000000000004,0.7000000000000001,False
630,22,CARD,19,3,24,235,46,15,5,5,10,15,0.30000000000000004,0.7000000000000001,True
631,22,CLF_UNION,23,0,35,235,55,15,5,5,10,15,0.30000000000000004,0.7000000000000001,True
632,22,ORD-UNION,7,0,7,235,27,15,5,5,10,15,0.30000000000000004,0.7000000000000001,True
633,22,CARD,23,0,25,235,45,7,2,5,10,15,0.30000000000000004,0.7000000000000001,False
634,22,CLF_UNION,22,3,37,235,56,7,2,5,10,15,0.30000000000000004,0.7000000000000001,False
635,22,ORD-UNION,22,0,22,235,42,7,2,5,10,15,0.30000000000000004,0.7000000000000001,False
636,22,CARD,16,1,17,235,45,7,2,5,10,15,0.30000000000000004,0.7000000000000001,True
637,22,CLF_UNION,15,4,29,235,56,7,2,5,10,15,0.30000000000000004,0.7000000000000001,True
638,22,ORD-UNION,15,1,16,235,44,7,2,5,10,15,0.30000000000000004,0.7000000000000001,True
639,22,CARD,16,1,17,235,45,7,2,5,10,15,0.30000000000000004,0.7000000000000001,False
640,22,CLF_UNION,15,4,29,235,56,7,2,5,10,15,0.30000000000000004,0.7000000000000001,False
641,22,ORD-UNION,15,1,16,235,44,7,2,5,10,15,0.30000000000000004,0.7000000000000001,False
642,22,CARD,14,1,19,235,45,7,2,5,10,15,0.30000000000000004,0.7000000000000001,True
643,22,CLF_UNION,14,1,29,235,55,7,2,5,10,15,0.30000000000000004,0.7000000000000001,True
644,22,ORD-UNION,14,1,18,235,44,7,2,5,10,15,0.30000000000000004,0.7000000000000001,True
645,22,CARD,14,1,19,235,45,7,2,5,10,15,0.30000000000000004,0.7000000000000001,False
646,22,CLF_UNION,14,1,29,235,55,7,2,5,10,15,0.30000000000000004,0.7000000000000001,False
647,22,ORD-UNION,14,1,18,235,44,7,2,5,10,15,0.30000000000000004,0.7000000000000001,False
648,22,CARD,7,1,12,235,45,7,2,5,10,15,0.30000000000000004,0.7000000000000001,True
649,22,CLF_UNION,8,2,24,235,56,7,2,5,10,15,0.30000000000000004,0.7000000000000001,True
650,22,ORD-UNION,7,1,12,235,45,7,2,5,10,15,0.30000000000000004,0.7000000000000001,True
651,22,CARD,7,1,12,235,45,7,2,5,10,15,0.30000000000000004,0.7000000000000001,False
652,22,CLF_UNION,8,2,24,235,56,7,2,5,10,15,0.30000000000000004,0.7000000000000001,False
653,22,ORD-UNION,7,1,12,235,45,7,2,5,10,15,0.30000000000000004,0.7000000000000001,False
654,22,CARD,8,1,10,235,46,7,2,5,10,15,0.30000000000000004,0.7000000000000001,True
655,22,CLF_UNION,9,1,22,235,56,7,2,5,10,15,0.30000000000000004,0.7000000000000001,True
656,22,ORD-UNION,7,0,7,235,41,7,2,5,10,15,0.30000000000000004,0.7000000000000001,True
657,22,CARD,8,1,10,235,46,7,2,5,10,15,0.30000000000000004,0.7000000000000001,False
658,22,CLF_UNION,9,1,22,235,56,7,2,5,10,15,0.30000000000000004,0.7000000000000001,False
659,22,ORD-UNION,7,0,7,235,41,7,2,5,10,15,0.30000000000000004,0.7000000000000001,False
660,23,CARD,8,0,10,256,46,15,5,5,10,15,0.30000000000000004,0.7000000000000001,True
661,23,CLF_UNION,9,1,22,256,56,15,5,5,10,15,0.30000000000000004,0.7000000000000001,True
662,23,ORD-UNION,8,0,9,256,43,15,5,5,10,15,0.30000000000000004,0.7000000000000001,True
663,23,CARD,8,1,11,256,45,7,2,5,10,15,0.30000000000000004,0.7000000000000001,False
664,23,CLF_UNION,8,1,21,256,55,7,2,5,10,15,0.30000000000000004,0.7000000000000001,False
665,23,ORD-UNION,8,0,10,256,44,7,2,5,10,15,0.30000000000000004,0.7000000000000001,False
666,23,CARD,27,1,30,256,45,7,2,5,10,15,0.30000000000000004,0.7000000000000001,True
667,23,CLF_UNION,28,1,41,256,55,7,2,5,10,15,0.30000000000000004,0.7000000000000001,True
668,23,ORD-UNION,27,0,28,256,43,7,2,5,10,15,0.30000000000000004,0.7000000000000001,True
669,23,CARD,27,1,30,256,45,7,2,5,10,15,0.30000000000000004,0.7000000000000001,False
670,23,CLF_UNION,28,1,41,256,55,7,2,5,10,15,0.30000000000000004,0.7000000000000001,False
671,23,ORD-UNION,27,0,28,256,43,7,2,5,10,15,0.30000000000000004,0.7000000000000001,False
672,23,CARD,15,1,20,256,46,7,2,5,10,15,0.30000000000000004,0.7000000000000001,True
673,23,CLF_UNION,17,0,31,256,55,7,2,5,10,15,0.30000000000000004,0.7000000000000001,True
674,23,ORD-UNION,15,0,17,256,41,7,2,5,10,15,0.30000000000000004,0.7000000000000001,True
675,23,CARD,15,1,20,256,46,7,2,5,10,15,0.30000000000000004,0.7000000000000001,False
676,23,CLF_UNION,17,0,31,256,55,7,2,5,10,15,0.30000000000000004,0.7000000000000001,False
677,23,ORD-UNION,15,0,17,256,41,7,2,5,10,15,0.30000000000000004,0.7000000000000001,False
678,23,CARD,28,0,31,256,46,7,2,5,10,15,0.30000000000000004,0.7000000000000001,True
679,23,CLF_UNION,29,0,42,256,55,7,2,5,10,15,0.30000000000000004,0.7000000000000001,True
680,23,ORD-UNION,28,0,30,256,43,7,2,5,10,15,0.30000000000000004,0.7000000000000001,True
681,23,CARD,28,0,31,256,46,7,2,5,10,15,0.30000000000000004,0.7000000000000001,False
682,23,CLF_UNION,29,0,42,256,55,7,2,5,10,15,0.30000000000000004,0.7000000000000001,False
683,23,ORD-UNION,28,0,30,256,43,7,2,5,10,15,0.30000000000000004,0.7000000000000001,False
684,23,CARD,7,0,10,256,46,7,2,5,10,15,0.30000000000000004,0.7000000000000001,True
685,23,CLF_UNION,7,1,22,256,55,7,2,5,10,15,0.30000000000000004,0.7000000000000001,True
686,23,ORD-UNION,7,0,10,256,44,7,2,5,10,15,0.30000000000000004,0.7000000000000001,True
687,23,CARD,7,0,10,256,46,7,2,5,10,15,0.30000000000000004,0.7000000000000001,False
688,23,CLF_UNION,7,1,22,256,55,7,2,5,10,15,0.30000000000000004,0.7000000000000001,False
689,23,ORD-UNION,7,0,10,256,44,7,2,5,10,15,0.30000000000000004,0.7000000000000001,False
690,24,CARD,16,0,18,280,46,15,5,5,10,15,0.30000000000000004,0.7000000000000001,True
691,24,CLF_UNION,16,0,30,280,56,15,5,5,10,15,0.30000000000000004,0.7000000000000001,True
692,24,ORD-UNION,15,0,16,280,42,15,5,5,10,15,0.30000000000000004,0.7000000000000001,True
693,24,CARD,15,1,19,280,45,9,2,5,10,15,0.30000000000000004,0.7000000000000001,False
694,24,CLF_UNION,16,1,31,280,57,9,2,5,10,15,0.30000000000000004,0.7000000000000001,False
695,24,ORD-UNION,15,0,16,280,42,9,2,5,10,15,0.30000000000000004,0.7000000000000001,False
696,24,CARD,19,2,25,280,45,9,2,5,10,15,0.30000000000000004,0.7000000000000001,True
697,24,CLF_UNION,21,1,36,280,56,9,2,5,10,15,0.30000000000000004,0.7000000000000001,True
698,24,ORD-UNION,19,0,23,280,43,9,2,5,10,15,0.30000000000000004,0.7000000000000001,True
699,24,CARD,19,2,25,280,45,9,2,5,10,15,0.30000000000000004,0.7000000000000001,False
700,24,CLF_UNION,21,1,36,280,56,9,2,5,10,15,0.30000000000000004,0.7000000000000001,False
701,24,ORD-UNION,19,0,23,280,43,9,2,5,10,15,0.30000000000000004,0.7000000000000001,False
702,24,CARD,8,0,11,280,45,9,2,5,10,15,0.30000000000000004,0.7000000000000001,True
703,24,CLF_UNION,8,2,23,280,56,9,2,5,10,15,0.30000000000000004,0.7000000000000001,True
704,24,ORD-UNION,8,0,9,280,43,9,2,5,10,15,0.30000000000000004,0.7000000000000001,True
705,24,CARD,8,0,11,280,45,9,2,5,10,15,0.30000000000000004,0.7000000000000001,False
706,24,CLF_UNION,8,2,23,280,56,9,2,5,10,15,0.30000000000000004,0.7000000000000001,False
707,24,ORD-UNION,8,0,9,280,43,9,2,5,10,15,0.30000000000000004,0.7000000000000001,False
708,24,CARD,17,0,20,280,45,9,2,5,10,15,0.30000000000000004,0.7000000000000001,True
709,24,CLF_UNION,17,0,30,280,55,9,2,5,10,15,0.30000000000000004,0.7000000000000001,True
710,24,ORD-UNION,16,0,16,280,41,9,2,5,10,15,0.30000000000000004,0.7000000000000001,True
711,24,CARD,17,0,20,280,45,9,2,5,10,15,0.30000000000000004,0.7000000000000001,False
712,24,CLF_UNION,17,0,30,280,55,9,2,5,10,15,0.30000000000000004,0.7000000000000001,False
713,24,ORD-UNION,16,0,16,280,41,9,2,5,10,15,0.30000000000000004,0.7000000000000001,False
714,24,CARD,8,1,11,280,45,9,2,5,10,15,0.30000000000000004,0.7000000000000001,True
715,24,CLF_UNION,8,2,22,280,55,9,2,5,10,15,0.30000000000000004,0.7000000000000001,True
716,24,ORD-UNION,8,0,8,280,42,9,2,5,10,15,0.30000000000000004,0.7000000000000001,True
717,24,CARD,8,1,11,280,45,9,2,5,10,15,0.30000000000000004,0.7000000000000001,False
718,24,CLF_UNION,8,2,22,280,55,9,2,5,10,15,0.30000000000000004,0.7000000000000001,False
719,24,ORD-UNION,8,0,8,280,42,9,2,5,10,15,0.30000000000000004,0.7000000000000001,False
720,1,CARD,22,3,25,1,65,15,5,5,10,15,0.30000000000000004,0.7000000000000001,True
721,1,CLF_UNION,40,21,75,1,75,15,5,5,10,15,0.30000000000000004,0.7000000000000001,True
722,1,ORD-UNION,0,0,0,1,0,15,5,5,10,15,0.30000000000000004,0.7000000000000001,True
723,1,CARD,22,3,25,1,65,1,1,5,10,15,0.30000000000000004,0.7000000000000001,False
724,1,CLF_UNION,40,21,75,1,75,1,1,5,10,15,0.30000000000000004,0.7000000000000001,False
725,1,ORD-UNION,22,3,25,1,25,1,1,5,10,15,0.30000000000000004,0.7000000000000001,False
726,1,CARD,15,6,21,1,69,1,1,5,10,15,0.30000000000000004,0.7000000000000001,True
727,1,CLF_UNION,39,30,79,1,79,1,1,5,10,15,0.30000000000000004,0.7000000000000001,True
728,1,ORD-UNION,15,6,21,1,21,1,1,5,10,15,0.30000000000000004,0.7000000000000001,True
729,1,CARD,15,6,21,1,69,1,1,5,10,15,0.30000000000000004,0.7000000000000001,False
730,1,CLF_UNION,39,30,79,1,79,1,1,5,10,15,0.30000000000000004,0.7000000000000001,False
731,1,ORD-UNION,15,6,21,1,21,1,1,5,10,15,0.30000000000000004,0.7000000000000001,False
732,1,CARD,13,9,24,1,66,1,1,5,10,15,0.30000000000000004,0.7000000000000001,True
733,1,CLF_UNION,34,30,76,1,76,1,1,5,10,15,0.30000000000000004,0.7000000000000001,True
734,1,ORD-UNION,13,9,24,1,24,1,1,5,10,15,0.30000000000000004,0.7000000000000001,True
735,1,CARD,13,9,24,1,66,1,1,5,10,15,0.30000000000000004,0.7000000000000001,False
736,1,CLF_UNION,34,30,76,1,76,1,1,5,10,15,0.30000000000000004,0.7000000000000001,False
737,1,ORD-UNION,13,9,24,1,24,1,1,5,10,15,0.30000000000000004,0.7000000000000001,False
738,1,CARD,14,8,24,1,66,1,1,5,10,15,0.30000000000000004,0.7000000000000001,True
739,1,CLF_UNION,34,28,76,1,76,1,1,5,10,15,0.30000000000000004,0.7000000000000001,True
740,1,ORD-UNION,14,8,24,1,24,1,1,5,10,15,0.30000000000000004,0.7000000000000001,True
741,1,CARD,14,8,24,1,66,1,1,5,10,15,0.30000000000000004,0.7000000000000001,False
742,1,CLF_UNION,34,28,76,1,76,1,1,5,10,15,0.30000000000000004,0.7000000000000001,False
743,1,ORD-UNION,14,8,24,1,24,1,1,5,10,15,0.30000000000000004,0.7000000000000001,False
744,1,CARD,24,0,24,1,66,1,1,5,10,15,0.30000000000000004,0.7000000000000001,True
745,1,CLF_UNION,43,19,76,1,76,1,1,5,10,15,0.30000000000000004,0.7000000000000001,True
746,1,ORD-UNION,24,0,24,1,24,1,1,5,10,15,0.30000000000000004,0.7000000000000001,True
747,1,CARD,24,0,24,1,66,1,1,5,10,15,0.30000000000000004,0.7000000000000001,False
748,1,CLF_UNION,43,19,76,1,76,1,1,5,10,15,0.30000000000000004,0.7000000000000001,False
749,1,ORD-UNION,24,0,24,1,24,1,1,5,10,15,0.30000000000000004,0.7000000000000001,False
750,2,CARD,14,21,36,3,54,15,5,5,10,15,0.30000000000000004,0.7000000000000001,True
751,2,CLF_UNION,35,30,76,3,76,15,5,5,10,15,0.30000000000000004,0.7000000000000001,True
752,2,ORD-UNION,0,0,0,3,0,15,5,5,10,15,0.30000000000000004,0.7000000000000001,True
753,2,CARD,14,17,32,3,58,2,1,5,10,15,0.30000000000000004,0.7000000000000001,False
754,2,CLF_UNION,35,30,76,3,76,2,1,5,10,15,0.30000000000000004,0.7000000000000001,False
755,2,ORD-UNION,14,17,32,3,32,2,1,5,10,15,0.30000000000000004,0.7000000000000001,False
756,2,CARD,23,12,36,3,54,2,1,5,10,15,0.30000000000000004,0.7000000000000001,True
757,2,CLF_UNION,39,26,76,3,76,2,1,5,10,15,0.30000000000000004,0.7000000000000001,True
758,2,ORD-UNION,23,12,36,3,36,2,1,5,10,15,0.30000000000000004,0.7000000000000001,True
759,2,CARD,23,12,36,3,54,2,1,5,10,15,0.30000000000000004,0.7000000000000001,False
760,2,CLF_UNION,39,26,76,3,76,2,1,5,10,15,0.30000000000000004,0.7000000000000001,False
761,2,ORD-UNION,23,12,36,3,36,2,1,5,10,15,0.30000000000000004,0.7000000000000001,False
762,2,CARD,25,9,35,3,55,2,1,5,10,15,0.30000000000000004,0.7000000000000001,True
763,2,CLF_UNION,41,25,79,3,79,2,1,5,10,15,0.30000000000000004,0.7000000000000001,True
764,2,ORD-UNION,25,9,35,3,35,2,1,5,10,15,0.30000000000000004,0.7000000000000001,True
765,2,CARD,25,9,35,3,55,2,1,5,10,15,0.30000000000000004,0.7000000000000001,False
766,2,CLF_UNION,41,25,79,3,79,2,1,5,10,15,0.30000000000000004,0.7000000000000001,False
767,2,ORD-UNION,25,9,35,3,35,2,1,5,10,15,0.30000000000000004,0.7000000000000001,False
768,2,CARD,21,12,34,3,55,2,1,5,10,15,0.30000000000000004,0.7000000000000001,True
769,2,CLF_UNION,38,23,75,3,76,2,1,5,10,15,0.30000000000000004,0.7000000000000001,True
770,2,ORD-UNION,21,12,34,3,35,2,1,5,10,15,0.30000000000000004,0.7000000000000001,True
771,2,CARD,21,12,34,3,55,2,1,5,10,15,0.30000000000000004,0.7000000000000001,False
772,2,CLF_UNION,38,23,75,3,76,2,1,5,10,15,0.30000000000000004,0.7000000000000001,False
773,2,ORD-UNION,21,12,34,3,35,2,1,5,10,15,0.30000000000000004,0.7000000000000001,False
774,2,CARD,27,7,35,3,55,2,1,5,10,15,0.30000000000000004,0.7000000000000001,True
775,2,CLF_UNION,41,21,75,3,75,2,1,5,10,15,0.30000000000000004,0.7000000000000001,True
776,2,ORD-UNION,27,7,35,3,35,2,1,5,10,15,0.30000000000000004,0.7000000000000001,True
777,2,CARD,27,7,35,3,55,2,1,5,10,15,0.30000000000000004,0.7000000000000001,False
778,2,CLF_UNION,41,21,75,3,75,2,1,5,10,15,0.30000000000000004,0.7000000000000001,False
779,2,ORD-UNION,27,7,35,3,35,2,1,5,10,15,0.30000000000000004,0.7000000000000001,False
780,3,CARD,30,7,41,6,49,15,5,5,10,15,0.30000000000000004,0.7000000000000001,True
781,3,CLF_UNION,31,9,58,6,58,15,5,5,10,15,0.30000000000000004,0.7000000000000001,True
782,3,ORD-UNION,1,0,1,6,1,15,5,5,10,15,0.30000000000000004,0.7000000000000001,True
783,3,CARD,31,7,41,6,49,3,1,5,10,15,0.30000000000000004,0.7000000000000001,False
784,3,CLF_UNION,33,9,59,6,59,3,1,5,10,15,0.30000000000000004,0.7000000000000001,False
785,3,ORD-UNION,31,7,41,6,41,3,1,5,10,15,0.30000000000000004,0.7000000000000001,False
786,3,CARD,28,9,40,6,50,3,1,5,10,15,0.30000000000000004,0.7000000000000001,True
787,3,CLF_UNION,34,11,60,6,60,3,1,5,10,15,0.30000000000000004,0.7000000000000001,True
788,3,ORD-UNION,28,7,36,6,36,3,1,5,10,15,0.30000000000000004,0.7000000000000001,True
789,3,CARD,28,9,40,6,50,3,1,5,10,15,0.30000000000000004,0.7000000000000001,False
790,3,CLF_UNION,34,11,60,6,60,3,1,5,10,15,0.30000000000000004,0.7000000000000001,False
791,3,ORD-UNION,28,7,36,6,36,3,1,5,10,15,0.30000000000000004,0.7000000000000001,False
792,3,CARD,28,9,39,6,51,3,1,5,10,15,0.30000000000000004,0.7000000000000001,True
793,3,CLF_UNION,31,12,61,6,61,3,1,5,10,15,0.30000000000000004,0.7000000000000001,True
794,3,ORD-UNION,28,9,39,6,39,3,1,5,10,15,0.30000000000000004,0.7000000000000001,True
795,3,CARD,28,9,39,6,51,3,1,5,10,15,0.30000000000000004,0.7000000000000001,False
796,3,CLF_UNION,31,12,61,6,61,3,1,5,10,15,0.30000000000000004,0.7000000000000001,False
797,3,ORD-UNION,28,9,39,6,39,3,1,5,10,15,0.30000000000000004,0.7000000000000001,False
798,3,CARD,29,11,42,6,48,3,1,5,10,15,0.30000000000000004,0.7000000000000001,True
799,3,CLF_UNION,32,14,58,6,58,3,1,5,10,15,0.30000000000000004,0.7000000000000001,True
800,3,ORD-UNION,29,11,42,6,42,3,1,5,10,15,0.30000000000000004,0.7000000000000001,True
801,3,CARD,29,11,42,6,48,3,1,5,10,15,0.30000000000000004,0.7000000000000001,False
802,3,CLF_UNION,32,14,58,6,58,3,1,5,10,15,0.30000000000000004,0.7000000000000001,False
803,3,ORD-UNION,29,11,42,6,42,3,1,5,10,15,0.30000000000000004,0.7000000000000001,False
804,3,CARD,17,18,39,6,51,3,1,5,10,15,0.30000000000000004,0.7000000000000001,True
805,3,CLF_UNION,23,24,61,6,61,3,1,5,10,15,0.30000000000000004,0.7000000000000001,True
806,3,ORD-UNION,17,18,38,6,38,3,1,5,10,15,0.30000000000000004,0.7000000000000001,True
807,3,CARD,17,18,39,6,51,3,1,5,10,15,0.30000000000000004,0.7000000000000001,False
808,3,CLF_UNION,23,24,61,6,61,3,1,5,10,15,0.30000000000000004,0.7000000000000001,False
809,3,ORD-UNION,17,18,38,6,38,3,1,5,10,15,0.30000000000000004,0.7000000000000001,False
810,4,CARD,23,16,42,10,47,15,5,5,10,15,0.30000000000000004,0.7000000000000001,True
811,4,CLF_UNION,28,15,56,10,57,15,5,5,10,15,0.30000000000000004,0.7000000000000001,True
812,4,ORD-UNION,0,0,1,10,2,15,5,5,10,15,0.30000000000000004,0.7000000000000001,True
813,4,CARD,21,18,41,10,48,4,1,5,10,15,0.30000000000000004,0.7000000000000001,False
814,4,CLF_UNION,28,23,65,10,66,4,1,5,10,15,0.30000000000000004,0.7000000000000001,False
815,4,ORD-UNION,19,18,39,10,40,4,1,5,10,15,0.30000000000000004,0.7000000000000001,False
816,4,CARD,22,16,43,10,47,4,1,5,10,15,0.30000000000000004,0.7000000000000001,True
817,4,CLF_UNION,25,20,60,10,60,4,1,5,10,15,0.30000000000000004,0.7000000000000001,True
818,4,ORD-UNION,22,14,41,10,41,4,1,5,10,15,0.30000000000000004,0.7000000000000001,True
819,4,CARD,22,16,43,10,47,4,1,5,10,15,0.30000000000000004,0.7000000000000001,False
820,4,CLF_UNION,25,20,60,10,60,4,1,5,10,15,0.30000000000000004,0.7000000000000001,False
821,4,ORD-UNION,22,14,41,10,41,4,1,5,10,15,0.30000000000000004,0.7000000000000001,False
822,4,CARD,18,18,39,10,48,4,1,5,10,15,0.30000000000000004,0.7000000000000001,True
823,4,CLF_UNION,26,21,62,10,65,4,1,5,10,15,0.30000000000000004,0.7000000000000001,True
824,4,ORD-UNION,16,18,37,10,40,4,1,5,10,15,0.30000000000000004,0.7000000000000001,True
825,4,CARD,18,18,39,10,48,4,1,5,10,15,0.30000000000000004,0.7000000000000001,False
826,4,CLF_UNION,26,21,62,10,65,4,1,5,10,15,0.30000000000000004,0.7000000000000001,False
827,4,ORD-UNION,16,18,37,10,40,4,1,5,10,15,0.30000000000000004,0.7000000000000001,False
828,4,CARD,28,12,44,10,46,4,1,5,10,15,0.30000000000000004,0.7000000000000001,True
829,4,CLF_UNION,32,14,61,10,61,4,1,5,10,15,0.30000000000000004,0.7000000000000001,True
830,4,ORD-UNION,28,12,44,10,44,4,1,5,10,15,0.30000000000000004,0.7000000000000001,True
831,4,CARD,28,12,44,10,46,4,1,5,10,15,0.30000000000000004,0.7000000000000001,False
832,4,CLF_UNION,32,14,61,10,61,4,1,5,10,15,0.30000000000000004,0.7000000000000001,False
833,4,ORD-UNION,28,12,44,10,44,4,1,5,10,15,0.30000000000000004,0.7000000000000001,False
834,4,CARD,21,19,44,10,46,4,1,5,10,15,0.30000000000000004,0.7000000000000001,True
835,4,CLF_UNION,24,22,60,10,60,4,1,5,10,15,0.30000000000000004,0.7000000000000001,True
836,4,ORD-UNION,21,18,43,10,43,4,1,5,10,15,0.30000000000000004,0.7000000000000001,True
837,4,CARD,21,19,44,10,46,4,1,5,10,15,0.30000000000000004,0.7000000000000001,False
838,4,CLF_UNION,24,22,60,10,60,4,1,5,10,15,0.30000000000000004,0.7000000000000001,False
839,4,ORD-UNION,21,18,43,10,43,4,1,5,10,15,0.30000000000000004,0.7000000000000001,False
840,5,CARD,18,17,37,15,50,15,5,5,10,15,0.30000000000000004,0.7000000000000001,True
841,5,CLF_UNION,23,17,52,15,55,15,5,5,10,15,0.30000000000000004,0.7000000000000001,True
842,5,ORD-UNION,1,0,1,15,4,15,5,5,10,15,0.30000000000000004,0.7000000000000001,True
843,5,CARD,20,18,40,15,47,4,1,5,10,15,0.30000000000000004,0.7000000000000001,False
844,5,CLF_UNION,23,23,58,15,61,4,1,5,10,15,0.30000000000000004,0.7000000000000001,False
845,5,ORD-UNION,18,18,38,15,41,4,1,5,10,15,0.30000000000000004,0.7000000000000001,False
846,5,CARD,26,12,40,15,47,4,1,5,10,15,0.30000000000000004,0.7000000000000001,True
847,5,CLF_UNION,34,17,63,15,66,4,1,5,10,15,0.30000000000000004,0.7000000000000001,True
848,5,ORD-UNION,26,12,40,15,43,4,1,5,10,15,0.30000000000000004,0.7000000000000001,True
849,5,CARD,26,12,40,15,47,4,1,5,10,15,0.30000000000000004,0.7000000000000001,False
850,5,CLF_UNION,34,17,63,15,66,4,1,5,10,15,0.30000000000000004,0.7000000000000001,False
851,5,ORD-UNION,26,12,40,15,43,4,1,5,10,15,0.30000000000000004,0.7000000000000001,False
852,5,CARD,30,9,43,15,47,4,1,5,10,15,0.30000000000000004,0.7000000000000001,True
853,5,CLF_UNION,34,13,61,15,61,4,1,5,10,15,0.30000000000000004,0.7000000000000001,True
854,5,ORD-UNION,28,9,41,15,41,4,1,5,10,15,0.30000000000000004,0.7000000000000001,True
855,5,CARD,30,9,43,15,47,4,1,5,10,15,0.30000000000000004,0.7000000000000001,False
856,5,CLF_UNION,34,13,61,15,61,4,1,5,10,15,0.30000000000000004,0.7000000000000001,False
857,5,ORD-UNION,28,9,41,15,41,4,1,5,10,15,0.30000000000000004,0.7000000000000001,False
858,5,CARD,12,26,39,15,51,4,1,5,10,15,0.30000000000000004,0.7000000000000001,True
859,5,CLF_UNION,27,29,68,15,68,4,1,5,10,15,0.30000000000000004,0.7000000000000001,True
860,5,ORD-UNION,12,26,39,15,39,4,1,5,10,15,0.30000000000000004,0.7000000000000001,True
861,5,CARD,12,26,39,15,51,4,1,5,10,15,0.30000000000000004,0.7000000000000001,False
862,5,CLF_UNION,27,29,68,15,68,4,1,5,10,15,0.30000000000000004,0.7000000000000001,False
863,5,ORD-UNION,12,26,39,15,39,4,1,5,10,15,0.30000000000000004,0.7000000000000001,False
864,5,CARD,27,8,37,15,50,4,1,5,10,15,0.30000000000000004,0.7000000000000001,True
865,5,CLF_UNION,35,12,59,15,62,4,1,5,10,15,0.30000000000000004,0.7000000000000001,True
866,5,ORD-UNION,27,8,37,15,40,4,1,5,10,15,0.30000000000000004,0.7000000000000001,True
867,5,CARD,27,8,37,15,50,4,1,5,10,15,0.30000000000000004,0.7000000000000001,False
868,5,CLF_UNION,35,12,59,15,62,4,1,5,10,15,0.30000000000000004,0.7000000000000001,False
869,5,ORD-UNION,27,8,37,15,40,4,1,5,10,15,0.30000000000000004,0.7000000000000001,False
870,6,CARD,29,13,43,21,47,15,5,5,10,15,0.30000000000000004,0.7000000000000001,True
871,6,CLF_UNION,30,14,55,21,55,15,5,5,10,15,0.30000000000000004,0.7000000000000001,True
872,6,ORD-UNION,1,1,2,21,2,15,5,5,10,15,0.30000000000000004,0.7000000000000001,True
873,6,CARD,25,17,43,21,47,5,2,5,10,15,0.30000000000000004,0.7000000000000001,False
874,6,CLF_UNION,31,15,57,21,57,5,2,5,10,15,0.30000000000000004,0.7000000000000001,False
875,6,ORD-UNION,25,17,43,21,43,5,2,5,10,15,0.30000000000000004,0.7000000000000001,False
876,6,CARD,25,13,40,21,47,5,2,5,10,15,0.30000000000000004,0.7000000000000001,True
877,6,CLF_UNION,31,9,52,21,55,5,2,5,10,15,0.30000000000000004,0.7000000000000001,True
878,6,ORD-UNION,25,13,40,21,43,5,2,5,10,15,0.30000000000000004,0.7000000000000001,True
879,6,CARD,25,13,40,21,47,5,2,5,10,15,0.30000000000000004,0.7000000000000001,False
880,6,CLF_UNION,31,9,52,21,55,5,2,5,10,15,0.30000000000000004,0.7000000000000001,False
881,6,ORD-UNION,25,13,40,21,43,5,2,5,10,15,0.30000000000000004,0.7000000000000001,False
882,6,CARD,18,22,42,21,47,5,2,5,10,15,0.30000000000000004,0.7000000000000001,True
883,6,CLF_UNION,22,21,55,21,56,5,2,5,10,15,0.30000000000000004,0.7000000000000001,True
884,6,ORD-UNION,18,22,42,21,43,5,2,5,10,15,0.30000000000000004,0.7000000000000001,True
885,6,CARD,18,22,42,21,47,5,2,5,10,15,0.30000000000000004,0.7000000000000001,False
886,6,CLF_UNION,22,21,55,21,56,5,2,5,10,15,0.30000000000000004,0.7000000000000001,False
887,6,ORD-UNION,18,22,42,21,43,5,2,5,10,15,0.30000000000000004,0.7000000000000001,False
888,6,CARD,19,17,39,21,50,5,2,5,10,15,0.30000000000000004,0.7000000000000001,True
889,6,CLF_UNION,28,13,56,21,57,5,2,5,10,15,0.30000000000000004,0.7000000000000001,True
890,6,ORD-UNION,19,17,39,21,40,5,2,5,10,15,0.30000000000000004,0.7000000000000001,True
891,6,CARD,19,17,39,21,50,5,2,5,10,15,0.30000000000000004,0.7000000000000001,False
892,6,CLF_UNION,28,13,56,21,57,5,2,5,10,15,0.30000000000000004,0.7000000000000001,False
893,6,ORD-UNION,19,17,39,21,40,5,2,5,10,15,0.30000000000000004,0.7000000000000001,False
894,6,CARD,28,10,40,21,47,5,2,5,10,15,0.30000000000000004,0.7000000000000001,True
895,6,CLF_UNION,32,10,54,21,56,5,2,5,10,15,0.30000000000000004,0.7000000000000001,True
896,6,ORD-UNION,28,10,40,21,43,5,2,5,10,15,0.30000000000000004,0.7000000000000001,True
897,6,CARD,28,10,40,21,47,5,2,5,10,15,0.30000000000000004,0.7000000000000001,False
898,6,CLF_UNION,32,10,54,21,56,5,2,5,10,15,0.30000000000000004,0.7000000000000001,False
899,6,ORD-UNION,28,10,40,21,43,5,2,5,10,15,0.30000000000000004,0.7000000000000001,False
900,7,CARD,33,6,43,28,47,15,5,5,10,15,0.30000000000000004,0.7000000000000001,True
901,7,CLF_UNION,35,6,55,28,55,15,5,5,10,15,0.30000000000000004,0.7000000000000001,True
902,7,ORD-UNION,1,1,3,28,3,15,5,5,10,15,0.30000000000000004,0.7000000000000001,True
903,7,CARD,30,9,43,28,47,5,2,5,10,15,0.30000000000000004,0.7000000000000001,False
904,7,CLF_UNION,35,7,56,28,56,5,2,5,10,15,0.30000000000000004,0.7000000000000001,False
905,7,ORD-UNION,30,9,43,28,43,5,2,5,10,15,0.30000000000000004,0.7000000000000001,False
906,7,CARD,14,26,42,28,47,5,2,5,10,15,0.30000000000000004,0.7000000000000001,True
907,7,CLF_UNION,20,24,56,28,57,5,2,5,10,15,0.30000000000000004,0.7000000000000001,True
908,7,ORD-UNION,14,26,42,28,43,5,2,5,10,15,0.30000000000000004,0.7000000000000001,True
909,7,CARD,14,26,42,28,47,5,2,5,10,15,0.30000000000000004,0.7000000000000001,False
910,7,CLF_UNION,20,24,56,28,57,5,2,5,10,15,0.30000000000000004,0.7000000000000001,False
911,7,ORD-UNION,14,26,42,28,43,5,2,5,10,15,0.30000000000000004,0.7000000000000001,False
912,7,CARD,19,21,41,28,48,5,2,5,10,15,0.30000000000000004,0.7000000000000001,True
913,7,CLF_UNION,23,24,60,28,61,5,2,5,10,15,0.30000000000000004,0.7000000000000001,True
914,7,ORD-UNION,19,21,41,28,42,5,2,5,10,15,0.30000000000000004,0.7000000000000001,True
915,7,CARD,19,21,41,28,48,5,2,5,10,15,0.30000000000000004,0.7000000000000001,False
916,7,CLF_UNION,23,24,60,28,61,5,2,5,10,15,0.30000000000000004,0.7000000000000001,False
917,7,ORD-UNION,19,21,41,28,42,5,2,5,10,15,0.30000000000000004,0.7000000000000001,False
918,7,CARD,18,24,43,28,46,5,2,5,10,15,0.30000000000000004,0.7000000000000001,True
919,7,CLF_UNION,19,26,56,28,57,5,2,5,10,15,0.30000000000000004,0.7000000000000001,True
920,7,ORD-UNION,18,24,43,28,44,5,2,5,10,15,0.30000000000000004,0.7000000000000001,True
921,7,CARD,18,24,43,28,46,5,2,5,10,15,0.30000000000000004,0.7000000000000001,False
922,7,CLF_UNION,19,26,56,28,57,5,2,5,10,15,0.30000000000000004,0.7000000000000001,False
923,7,ORD-UNION,18,24,43,28,44,5,2,5,10,15,0.30000000000000004,0.7000000000000001,False
924,7,CARD,22,14,40,28,47,5,2,5,10,15,0.30000000000000004,0.7000000000000001,True
925,7,CLF_UNION,27,13,54,28,57,5,2,5,10,15,0.30000000000000004,0.7000000000000001,True
926,7,ORD-UNION,22,14,40,28,43,5,2,5,10,15,0.30000000000000004,0.7000000000000001,True
927,7,CARD,22,14,40,28,47,5,2,5,10,15,0.30000000000000004,0.7000000000000001,False
928,7,CLF_UNION,27,13,54,28,57,5,2,5,10,15,0.30000000000000004,0.7000000000000001,False
929,7,ORD-UNION,22,14,40,28,43,5,2,5,10,15,0.30000000000000004,0.7000000000000001,False
930,8,CARD,29,7,38,35,46,15,5,5,10,15,0.30000000000000004,0.7000000000000001,True
931,8,CLF_UNION,28,9,49,35,55,15,5,5,10,15,0.30000000000000004,0.7000000000000001,True
932,8,ORD-UNION,4,0,4,35,10,15,5,5,10,15,0.30000000000000004,0.7000000000000001,True
933,8,CARD,25,10,37,35,47,5,2,5,10,15,0.30000000000000004,0.7000000000000001,False
934,8,CLF_UNION,27,14,53,35,59,5,2,5,10,15,0.30000000000000004,0.7000000000000001,False
935,8,ORD-UNION,25,10,37,35,43,5,2,5,10,15,0.30000000000000004,0.7000000000000001,False
936,8,CARD,15,25,42,35,48,5,2,5,10,15,0.30000000000000004,0.7000000000000001,True
937,8,CLF_UNION,17,34,63,35,63,5,2,5,10,15,0.30000000000000004,0.7000000000000001,True
938,8,ORD-UNION,15,25,42,35,42,5,2,5,10,15,0.30000000000000004,0.7000000000000001,True
939,8,CARD,15,25,42,35,48,5,2,5,10,15,0.30000000000000004,0.7000000000000001,False
940,8,CLF_UNION,17,34,63,35,63,5,2,5,10,15,0.30000000000000004,0.7000000000000001,False
941,8,ORD-UNION,15,25,42,35,42,5,2,5,10,15,0.30000000000000004,0.7000000000000001,False
942,8,CARD,26,15,43,35,46,5,2,5,10,15,0.30000000000000004,0.7000000000000001,True
943,8,CLF_UNION,28,16,56,35,57,5,2,5,10,15,0.30000000000000004,0.7000000000000001,True
944,8,ORD-UNION,26,15,43,35,44,5,2,5,10,15,0.30000000000000004,0.7000000000000001,True
945,8,CARD,26,15,43,35,46,5,2,5,10,15,0.30000000000000004,0.7000000000000001,False
946,8,CLF_UNION,28,16,56,35,57,5,2,5,10,15,0.30000000000000004,0.7000000000000001,False
947,8,ORD-UNION,26,15,43,35,44,5,2,5,10,15,0.30000000000000004,0.7000000000000001,False
948,8,CARD,25,16,42,35,48,5,2,5,10,15,0.30000000000000004,0.7000000000000001,True
949,8,CLF_UNION,29,21,61,35,61,5,2,5,10,15,0.30000000000000004,0.7000000000000001,True
950,8,ORD-UNION,25,16,42,35,42,5,2,5,10,15,0.30000000000000004,0.7000000000000001,True
951,8,CARD,25,16,42,35,48,5,2,5,10,15,0.30000000000000004,0.7000000000000001,False
952,8,CLF_UNION,29,21,61,35,61,5,2,5,10,15,0.30000000000000004,0.7000000000000001,False
953,8,ORD-UNION,25,16,42,35,42,5,2,5,10,15,0.30000000000000004,0.7000000000000001,False
954,8,CARD,22,17,40,35,47,5,2,5,10,15,0.30000000000000004,0.7000000000000001,True
955,8,CLF_UNION,24,19,54,35,57,5,2,5,10,15,0.30000000000000004,0.7000000000000001,True
956,8,ORD-UNION,22,17,40,35,43,5,2,5,10,15,0.30000000000000004,0.7000000000000001,True
957,8,CARD,22,17,40,35,47,5,2,5,10,15,0.30000000000000004,0.7000000000000001,False
958,8,CLF_UNION,24,19,54,35,57,5,2,5,10,15,0.30000000000000004,0.7000000000000001,False
959,8,ORD-UNION,22,17,40,35,43,5,2,5,10,15,0.30000000000000004,0.7000000000000001,False
960,9,CARD,25,14,41,44,46,15,5,5,10,15,0.30000000000000004,0.7000000000000001,True
961,9,CLF_UNION,27,13,52,44,55,15,5,5,10,15,0.30000000000000004,0.7000000000000001,True
962,9,ORD-UNION,0,0,0,44,3,15,5,5,10,15,0.30000000000000004,0.7000000000000001,True
963,9,CARD,19,19,40,44,47,8,2,5,10,15,0.30000000000000004,0.7000000000000001,False
964,9,CLF_UNION,24,16,53,44,56,8,2,5,10,15,0.30000000000000004,0.7000000000000001,False
965,9,ORD-UNION,5,6,11,44,14,8,2,5,10,15,0.30000000000000004,0.7000000000000001,False
966,9,CARD,17,23,42,44,46,8,2,5,10,15,0.30000000000000004,0.7000000000000001,True
967,9,CLF_UNION,20,21,54,44,56,8,2,5,10,15,0.30000000000000004,0.7000000000000001,True
968,9,ORD-UNION,11,8,20,44,22,8,2,5,10,15,0.30000000000000004,0.7000000000000001,True
969,9,CARD,17,23,42,44,46,8,2,5,10,15,0.30000000000000004,0.7000000000000001,False
970,9,CLF_UNION,20,21,54,44,56,8,2,5,10,15,0.30000000000000004,0.7000000000000001,False
971,9,ORD-UNION,11,8,20,44,22,8,2,5,10,15,0.30000000000000004,0.7000000000000001,False
972,9,CARD,21,17,39,44,45,8,2,5,10,15,0.30000000000000004,0.7000000000000001,True
973,9,CLF_UNION,21,19,51,44,57,8,2,5,10,15,0.30000000000000004,0.7000000000000001,True
974,9,ORD-UNION,9,5,14,44,20,8,2,5,10,15,0.30000000000000004,0.7000000000000001,True
975,9,CARD,21,17,39,44,45,8,2,5,10,15,0.30000000000000004,0.7000000000000001,False
976,9,CLF_UNION,21,19,51,44,57,8,2,5,10,15,0.30000000000000004,0.7000000000000001,False
977,9,ORD-UNION,9,5,14,44,20,8,2,5,10,15,0.30000000000000004,0.7000000000000001,False
978,9,CARD,22,16,41,44,46,8,2,5,10,15,0.30000000000000004,0.7000000000000001,True
979,9,CLF_UNION,28,12,54,44,57,8,2,5,10,15,0.30000000000000004,0.7000000000000001,True
980,9,ORD-UNION,6,2,9,44,12,8,2,5,10,15,0.30000000000000004,0.7000000000000001,True
981,9,CARD,22,16,41,44,46,8,2,5,10,15,0.30000000000000004,0.7000000000000001,False
982,9,CLF_UNION,28,12,54,44,57,8,2,5,10,15,0.30000000000000004,0.7000000000000001,False
983,9,ORD-UNION,6,2,9,44,12,8,2,5,10,15,0.30000000000000004,0.7000000000000001,False
984,9,CARD,18,19,38,44,46,8,2,5,10,15,0.30000000000000004,0.7000000000000001,True
985,9,CLF_UNION,20,19,50,44,56,8,2,5,10,15,0.30000000000000004,0.7000000000000001,True
986,9,ORD-UNION,7,2,9,44,15,8,2,5,10,15,0.30000000000000004,0.7000000000000001,True
987,9,CARD,18,19,38,44,46,8,2,5,10,15,0.30000000000000004,0.7000000000000001,False
988,9,CLF_UNION,20,19,50,44,56,8,2,5,10,15,0.30000000000000004,0.7000000000000001,False
989,9,ORD-UNION,7,2,9,44,15,8,2,5,10,15,0.30000000000000004,0.7000000000000001,False
990,10,CARD,30,11,42,54,46,15,5,5,10,15,0.30000000000000004,0.7000000000000001,True
991,10,CLF_UNION,27,16,55,54,56,15,5,5,10,15,0.30000000000000004,0.7000000000000001,True
992,10,ORD-UNION,8,1,9,54,11,15,5,5,10,15,0.30000000000000004,0.7000000000000001,True
993,10,CARD,27,14,42,54,46,10,2,5,10,15,0.30000000000000004,0.7000000000000001,False
994,10,CLF_UNION,30,16,58,54,60,10,2,5,10,15,0.30000000000000004,0.7000000000000001,False
995,10,ORD-UNION,12,0,12,54,14,10,2,5,10,15,0.30000000000000004,0.7000000000000001,False
996,10,CARD,30,7,40,54,47,10,2,5,10,15,0.30000000000000004,0.7000000000000001,True
997,10,CLF_UNION,32,9,54,54,57,10,2,5,10,15,0.30000000000000004,0.7000000000000001,True
998,10,ORD-UNION,10,0,10,54,13,10,2,5,10,15,0.30000000000000004,0.7000000000000001,True
999,10,CARD,30,7,40,54,47,10,2,5,10,15,0.30000000000000004,0.7000000000000001,False
1000,10,CLF_UNION,32,9,54,54,57,10,2,5,10,15,0.30000000000000004,0.7000000000000001,False
1001,10,ORD-UNION,10,0,10,54,13,10,2,5,10,15,0.30000000000000004,0.7000000000000001,False
1002,10,CARD,26,3,33,54,48,10,2,5,10,15,0.30000000000000004,0.7000000000000001,True
1003,10,CLF_UNION,28,6,49,54,58,10,2,5,10,15,0.30000000000000004,0.7000000000000001,True
1004,10,ORD-UNION,3,1,5,54,14,10,2,5,10,15,0.30000000000000004,0.7000000000000001,True
1005,10,CARD,26,3,33,54,48,10,2,5,10,15,0.30000000000000004,0.7000000000000001,False
1006,10,CLF_UNION,28,6,49,54,58,10,2,5,10,15,0.30000000000000004,0.7000000000000001,False
1007,10,ORD-UNION,3,1,5,54,14,10,2,5,10,15,0.30000000000000004,0.7000000000000001,False
1008,10,CARD,16,14,30,54,45,10,2,5,10,15,0.30000000000000004,0.7000000000000001,True
1009,10,CLF_UNION,13,18,41,54,56,10,2,5,10,15,0.30000000000000004,0.7000000000000001,True
1010,10,ORD-UNION,6,0,6,54,21,10,2,5,10,15,0.30000000000000004,0.7000000000000001,True
1011,10,CARD,16,14,30,54,45,10,2,5,10,15,0.30000000000000004,0.7000000000000001,False
1012,10,CLF_UNION,13,18,41,54,56,10,2,5,10,15,0.30000000000000004,0.7000000000000001,False
1013,10,ORD-UNION,6,0,6,54,21,10,2,5,10,15,0.30000000000000004,0.7000000000000001,False
1014,10,CARD,28,6,35,54,45,10,2,5,10,15,0.30000000000000004,0.7000000000000001,True
1015,10,CLF_UNION,28,9,48,54,58,10,2,5,10,15,0.30000000000000004,0.7000000000000001,True
1016,10,ORD-UNION,10,3,13,54,23,10,2,5,10,15,0.30000000000000004,0.7000000000000001,True
1017,10,CARD,28,6,35,54,45,10,2,5,10,15,0.30000000000000004,0.7000000000000001,False
1018,10,CLF_UNION,28,9,48,54,58,10,2,5,10,15,0.30000000000000004,0.7000000000000001,False
1019,10,ORD-UNION,10,3,13,54,23,10,2,5,10,15,0.30000000000000004,0.7000000000000001,False
