,budget,model,correct,wrong,total,n_pref_input,n_pref_output,theta_size,theta_additivity,n_items,n_test_subsets,n_tiers,alpha,p,real theta
0,1,CARD,8,3,25,1,65,15,5,5,10,3,0.30000000000000004,0.7000000000000001,True
1,1,CLF_UNION,21,2,68,1,68,15,5,5,10,3,0.30000000000000004,0.7000000000000001,True
2,1,ORD-UNION,0,0,0,1,0,15,5,5,10,3,0.30000000000000004,0.7000000000000001,True
3,1,CARD,10,2,24,1,66,1,1,5,10,3,0.30000000000000004,0.7000000000000001,False
4,1,CLF_UNION,19,11,76,1,76,1,1,5,10,3,0.30000000000000004,0.7000000000000001,False
5,1,ORD-UNION,10,2,24,1,24,1,1,5,10,3,0.30000000000000004,0.7000000000000001,False
6,1,CARD,14,0,24,1,66,1,1,5,10,3,0.30000000000000004,0.7000000000000001,True
7,1,CLF_UNION,23,9,76,1,76,1,1,5,10,3,0.30000000000000004,0.7000000000000001,True
8,1,ORD-UNION,14,0,24,1,24,1,1,5,10,3,0.30000000000000004,0.7000000000000001,True
9,1,CARD,14,0,24,1,66,1,1,5,10,3,0.30000000000000004,0.7000000000000001,False
10,1,CLF_UNION,23,9,76,1,76,1,1,5,10,3,0.30000000000000004,0.7000000000000001,False
11,1,ORD-UNION,14,0,24,1,24,1,1,5,10,3,0.30000000000000004,0.7000000000000001,False
12,1,CARD,12,1,21,1,69,1,1,5,10,3,0.30000000000000004,0.7000000000000001,True
13,1,CLF_UNION,20,9,79,1,79,1,1,5,10,3,0.30000000000000004,0.7000000000000001,True
14,1,ORD-UNION,12,1,21,1,21,1,1,5,10,3,0.30000000000000004,0.7000000000000001,True
15,1,CARD,12,1,21,1,69,1,1,5,10,3,0.30000000000000004,0.7000000000000001,False
16,1,CLF_UNION,20,9,79,1,79,1,1,5,10,3,0.30000000000000004,0.7000000000000001,False
17,1,ORD-UNION,12,1,21,1,21,1,1,5,10,3,0.30000000000000004,0.7000000000000001,False
18,1,CARD,9,3,24,1,66,1,1,5,10,3,0.30000000000000004,0.7000000000000001,True
19,1,CLF_UNION,21,15,76,1,76,1,1,5,10,3,0.30000000000000004,0.7000000000000001,True
20,1,ORD-UNION,9,3,24,1,24,1,1,5,10,3,0.30000000000000004,0.7000000000000001,True
21,1,CARD,9,3,24,1,66,1,1,5,10,3,0.30000000000000004,0.7000000000000001,False
22,1,CLF_UNION,21,15,76,1,76,1,1,5,10,3,0.30000000000000004,0.7000000000000001,False
23,1,ORD-UNION,9,3,24,1,24,1,1,5,10,3,0.30000000000000004,0.7000000000000001,False
24,1,CARD,21,0,21,1,69,1,1,5,10,3,0.30000000000000004,0.7000000000000001,True
25,1,CLF_UNION,27,6,79,1,79,1,1,5,10,3,0.30000000000000004,0.7000000000000001,True
26,1,ORD-UNION,21,0,21,1,21,1,1,5,10,3,0.30000000000000004,0.7000000000000001,True
27,1,CARD,21,0,21,1,69,1,1,5,10,3,0.30000000000000004,0.7000000000000001,False
28,1,CLF_UNION,27,6,79,1,79,1,1,5,10,3,0.30000000000000004,0.7000000000000001,False
29,1,ORD-UNION,21,0,21,1,21,1,1,5,10,3,0.30000000000000004,0.7000000000000001,False
30,2,CARD,17,4,33,3,57,15,5,5,10,3,0.30000000000000004,0.7000000000000001,True
31,2,CLF_UNION,29,2,60,3,60,15,5,5,10,3,0.30000000000000004,0.7000000000000001,True
32,2,ORD-UNION,0,0,0,3,0,15,5,5,10,3,0.30000000000000004,0.7000000000000001,True
33,2,CARD,20,3,35,3,55,2,1,5,10,3,0.30000000000000004,0.7000000000000001,False
34,2,CLF_UNION,29,12,79,3,79,2,1,5,10,3,0.30000000000000004,0.7000000000000001,False
35,2,ORD-UNION,20,3,35,3,35,2,1,5,10,3,0.30000000000000004,0.7000000000000001,False
36,2,CARD,23,0,36,3,53,2,1,5,10,3,0.30000000000000004,0.7000000000000001,True
37,2,CLF_UNION,23,0,75,3,76,2,1,5,10,3,0.30000000000000004,0.7000000000000001,True
38,2,ORD-UNION,23,0,36,3,37,2,1,5,10,3,0.30000000000000004,0.7000000000000001,True
39,2,CARD,23,0,36,3,53,2,1,5,10,3,0.30000000000000004,0.7000000000000001,False
40,2,CLF_UNION,23,0,75,3,76,2,1,5,10,3,0.30000000000000004,0.7000000000000001,False
41,2,ORD-UNION,23,0,36,3,37,2,1,5,10,3,0.30000000000000004,0.7000000000000001,False
42,2,CARD,20,1,37,3,53,2,1,5,10,3,0.30000000000000004,0.7000000000000001,True
43,2,CLF_UNION,23,9,76,3,76,2,1,5,10,3,0.30000000000000004,0.7000000000000001,True
44,2,ORD-UNION,20,1,37,3,37,2,1,5,10,3,0.30000000000000004,0.7000000000000001,True
45,2,CARD,20,1,37,3,53,2,1,5,10,3,0.30000000000000004,0.7000000000000001,False
46,2,CLF_UNION,23,9,76,3,76,2,1,5,10,3,0.30000000000000004,0.7000000000000001,False
47,2,ORD-UNION,20,1,37,3,37,2,1,5,10,3,0.30000000000000004,0.7000000000000001,False
48,2,CARD,16,2,37,3,53,2,1,5,10,3,0.30000000000000004,0.7000000000000001,True
49,2,CLF_UNION,21,6,75,3,75,2,1,5,10,3,0.30000000000000004,0.7000000000000001,True
50,2,ORD-UNION,16,2,37,3,37,2,1,5,10,3,0.30000000000000004,0.7000000000000001,True
51,2,CARD,16,2,37,3,53,2,1,5,10,3,0.30000000000000004,0.7000000000000001,False
52,2,CLF_UNION,21,6,75,3,75,2,1,5,10,3,0.30000000000000004,0.7000000000000001,False
53,2,ORD-UNION,16,2,37,3,37,2,1,5,10,3,0.30000000000000004,0.7000000000000001,False
54,2,CARD,18,2,35,3,55,2,1,5,10,3,0.30000000000000004,0.7000000000000001,True
55,2,CLF_UNION,25,10,79,3,79,2,1,5,10,3,0.30000000000000004,0.7000000000000001,True
56,2,ORD-UNION,18,2,35,3,35,2,1,5,10,3,0.30000000000000004,0.7000000000000001,True
57,2,CARD,18,2,35,3,55,2,1,5,10,3,0.30000000000000004,0.7000000000000001,False
58,2,CLF_UNION,25,10,79,3,79,2,1,5,10,3,0.30000000000000004,0.7000000000000001,False
59,2,ORD-UNION,18,2,35,3,35,2,1,5,10,3,0.30000000000000004,0.7000000000000001,False
60,3,CARD,23,2,41,5,49,15,5,5,10,3,0.30000000000000004,0.7000000000000001,True
61,3,CLF_UNION,26,2,56,5,56,15,5,5,10,3,0.30000000000000004,0.7000000000000001,True
62,3,ORD-UNION,0,0,0,5,0,15,5,5,10,3,0.30000000000000004,0.7000000000000001,True
63,3,CARD,21,3,37,5,53,3,1,5,10,3,0.30000000000000004,0.7000000000000001,False
64,3,CLF_UNION,25,5,63,5,63,3,1,5,10,3,0.30000000000000004,0.7000000000000001,False
65,3,ORD-UNION,20,2,31,5,31,3,1,5,10,3,0.30000000000000004,0.7000000000000001,False
66,3,CARD,16,7,36,5,54,3,1,5,10,3,0.30000000000000004,0.7000000000000001,True
67,3,CLF_UNION,22,8,62,5,62,3,1,5,10,3,0.30000000000000004,0.7000000000000001,True
68,3,ORD-UNION,14,3,25,5,25,3,1,5,10,3,0.30000000000000004,0.7000000000000001,True
69,3,CARD,16,7,36,5,54,3,1,5,10,3,0.30000000000000004,0.7000000000000001,False
70,3,CLF_UNION,22,8,62,5,62,3,1,5,10,3,0.30000000000000004,0.7000000000000001,False
71,3,ORD-UNION,14,3,25,5,25,3,1,5,10,3,0.30000000000000004,0.7000000000000001,False
72,3,CARD,16,4,37,5,53,3,1,5,10,3,0.30000000000000004,0.7000000000000001,True
73,3,CLF_UNION,24,4,61,5,61,3,1,5,10,3,0.30000000000000004,0.7000000000000001,True
74,3,ORD-UNION,16,0,30,5,30,3,1,5,10,3,0.30000000000000004,0.7000000000000001,True
75,3,CARD,16,4,37,5,53,3,1,5,10,3,0.30000000000000004,0.7000000000000001,False
76,3,CLF_UNION,24,4,61,5,61,3,1,5,10,3,0.30000000000000004,0.7000000000000001,False
77,3,ORD-UNION,16,0,30,5,30,3,1,5,10,3,0.30000000000000004,0.7000000000000001,False
78,3,CARD,14,7,36,5,54,3,1,5,10,3,0.30000000000000004,0.7000000000000001,True
79,3,CLF_UNION,22,11,65,5,65,3,1,5,10,3,0.30000000000000004,0.7000000000000001,True
80,3,ORD-UNION,13,3,28,5,28,3,1,5,10,3,0.30000000000000004,0.7000000000000001,True
81,3,CARD,14,7,36,5,54,3,1,5,10,3,0.30000000000000004,0.7000000000000001,False
82,3,CLF_UNION,22,11,65,5,65,3,1,5,10,3,0.30000000000000004,0.7000000000000001,False
83,3,ORD-UNION,13,3,28,5,28,3,1,5,10,3,0.30000000000000004,0.7000000000000001,False
84,3,CARD,10,4,33,5,57,3,1,5,10,3,0.30000000000000004,0.7000000000000001,True
85,3,CLF_UNION,14,6,65,5,65,3,1,5,10,3,0.30000000000000004,0.7000000000000001,True
86,3,ORD-UNION,10,3,28,5,28,3,1,5,10,3,0.30000000000000004,0.7000000000000001,True
87,3,CARD,10,4,33,5,57,3,1,5,10,3,0.30000000000000004,0.7000000000000001,False
88,3,CLF_UNION,14,6,65,5,65,3,1,5,10,3,0.30000000000000004,0.7000000000000001,False
89,3,ORD-UNION,10,3,28,5,28,3,1,5,10,3,0.30000000000000004,0.7000000000000001,False
90,4,CARD,17,3,39,7,51,15,5,5,10,3,0.30000000000000004,0.7000000000000001,True
91,4,CLF_UNION,21,4,56,7,56,15,5,5,10,3,0.30000000000000004,0.7000000000000001,True
92,4,ORD-UNION,0,0,0,7,0,15,5,5,10,3,0.30000000000000004,0.7000000000000001,True
93,4,CARD,18,0,33,7,57,4,1,5,10,3,0.30000000000000004,0.7000000000000001,False
94,4,CLF_UNION,24,2,59,7,59,4,1,5,10,3,0.30000000000000004,0.7000000000000001,False
95,4,ORD-UNION,10,0,16,7,16,4,1,5,10,3,0.30000000000000004,0.7000000000000001,False
96,4,CARD,14,2,36,7,54,4,1,5,10,3,0.30000000000000004,0.7000000000000001,True
97,4,CLF_UNION,18,3,58,7,58,4,1,5,10,3,0.30000000000000004,0.7000000000000001,True
98,4,ORD-UNION,8,1,18,7,18,4,1,5,10,3,0.30000000000000004,0.7000000000000001,True
99,4,CARD,14,2,36,7,54,4,1,5,10,3,0.30000000000000004,0.7000000000000001,False
100,4,CLF_UNION,18,3,58,7,58,4,1,5,10,3,0.30000000000000004,0.7000000000000001,False
101,4,ORD-UNION,8,1,18,7,18,4,1,5,10,3,0.30000000000000004,0.7000000000000001,False
102,4,CARD,19,5,37,7,53,4,1,5,10,3,0.30000000000000004,0.7000000000000001,True
103,4,CLF_UNION,25,6,64,7,64,4,1,5,10,3,0.30000000000000004,0.7000000000000001,True
104,4,ORD-UNION,12,1,18,7,18,4,1,5,10,3,0.30000000000000004,0.7000000000000001,True
105,4,CARD,19,5,37,7,53,4,1,5,10,3,0.30000000000000004,0.7000000000000001,False
106,4,CLF_UNION,25,6,64,7,64,4,1,5,10,3,0.30000000000000004,0.7000000000000001,False
107,4,ORD-UNION,12,1,18,7,18,4,1,5,10,3,0.30000000000000004,0.7000000000000001,False
108,4,CARD,18,6,37,7,53,4,1,5,10,3,0.30000000000000004,0.7000000000000001,True
109,4,CLF_UNION,23,6,57,7,57,4,1,5,10,3,0.30000000000000004,0.7000000000000001,True
110,4,ORD-UNION,14,1,20,7,20,4,1,5,10,3,0.30000000000000004,0.7000000000000001,True
111,4,CARD,18,6,37,7,53,4,1,5,10,3,0.30000000000000004,0.7000000000000001,False
112,4,CLF_UNION,23,6,57,7,57,4,1,5,10,3,0.30000000000000004,0.7000000000000001,False
113,4,ORD-UNION,14,1,20,7,20,4,1,5,10,3,0.30000000000000004,0.7000000000000001,False
114,4,CARD,10,7,34,7,55,4,1,5,10,3,0.30000000000000004,0.7000000000000001,True
115,4,CLF_UNION,17,9,57,7,58,4,1,5,10,3,0.30000000000000004,0.7000000000000001,True
116,4,ORD-UNION,8,0,14,7,15,4,1,5,10,3,0.30000000000000004,0.7000000000000001,True
117,4,CARD,10,7,34,7,55,4,1,5,10,3,0.30000000000000004,0.7000000000000001,False
118,4,CLF_UNION,17,9,57,7,58,4,1,5,10,3,0.30000000000000004,0.7000000000000001,False
119,4,ORD-UNION,8,0,14,7,15,4,1,5,10,3,0.30000000000000004,0.7000000000000001,False
120,5,CARD,25,0,38,9,52,15,5,5,10,3,0.30000000000000004,0.7000000000000001,True
121,5,CLF_UNION,28,2,56,9,56,15,5,5,10,3,0.30000000000000004,0.7000000000000001,True
122,5,ORD-UNION,0,0,0,9,0,15,5,5,10,3,0.30000000000000004,0.7000000000000001,True
123,5,CARD,22,3,38,9,52,3,1,5,10,3,0.30000000000000004,0.7000000000000001,False
124,5,CLF_UNION,27,11,68,9,68,3,1,5,10,3,0.30000000000000004,0.7000000000000001,False
125,5,ORD-UNION,18,2,29,9,29,3,1,5,10,3,0.30000000000000004,0.7000000000000001,False
126,5,CARD,19,0,38,9,52,3,1,5,10,3,0.30000000000000004,0.7000000000000001,True
127,5,CLF_UNION,21,3,70,9,70,3,1,5,10,3,0.30000000000000004,0.7000000000000001,True
128,5,ORD-UNION,17,0,28,9,28,3,1,5,10,3,0.30000000000000004,0.7000000000000001,True
129,5,CARD,19,0,38,9,52,3,1,5,10,3,0.30000000000000004,0.7000000000000001,False
130,5,CLF_UNION,21,3,70,9,70,3,1,5,10,3,0.30000000000000004,0.7000000000000001,False
131,5,ORD-UNION,17,0,28,9,28,3,1,5,10,3,0.30000000000000004,0.7000000000000001,False
132,5,CARD,19,3,41,9,49,3,1,5,10,3,0.30000000000000004,0.7000000000000001,True
133,5,CLF_UNION,22,7,65,9,65,3,1,5,10,3,0.30000000000000004,0.7000000000000001,True
134,5,ORD-UNION,16,1,29,9,29,3,1,5,10,3,0.30000000000000004,0.7000000000000001,True
135,5,CARD,19,3,41,9,49,3,1,5,10,3,0.30000000000000004,0.7000000000000001,False
136,5,CLF_UNION,22,7,65,9,65,3,1,5,10,3,0.30000000000000004,0.7000000000000001,False
137,5,ORD-UNION,16,1,29,9,29,3,1,5,10,3,0.30000000000000004,0.7000000000000001,False
138,5,CARD,21,0,37,9,53,3,1,5,10,3,0.30000000000000004,0.7000000000000001,True
139,5,CLF_UNION,24,3,65,9,65,3,1,5,10,3,0.30000000000000004,0.7000000000000001,True
140,5,ORD-UNION,21,0,37,9,37,3,1,5,10,3,0.30000000000000004,0.7000000000000001,True
141,5,CARD,21,0,37,9,53,3,1,5,10,3,0.30000000000000004,0.7000000000000001,False
142,5,CLF_UNION,24,3,65,9,65,3,1,5,10,3,0.30000000000000004,0.7000000000000001,False
143,5,ORD-UNION,21,0,37,9,37,3,1,5,10,3,0.30000000000000004,0.7000000000000001,False
144,5,CARD,16,4,38,9,52,3,1,5,10,3,0.30000000000000004,0.7000000000000001,True
145,5,CLF_UNION,22,7,71,9,71,3,1,5,10,3,0.30000000000000004,0.7000000000000001,True
146,5,ORD-UNION,16,1,29,9,29,3,1,5,10,3,0.30000000000000004,0.7000000000000001,True
147,5,CARD,16,4,38,9,52,3,1,5,10,3,0.30000000000000004,0.7000000000000001,False
148,5,CLF_UNION,22,7,71,9,71,3,1,5,10,3,0.30000000000000004,0.7000000000000001,False
149,5,ORD-UNION,16,1,29,9,29,3,1,5,10,3,0.30000000000000004,0.7000000000000001,False
150,6,CARD,26,3,42,14,48,15,5,5,10,3,0.30000000000000004,0.7000000000000001,True
151,6,CLF_UNION,29,0,55,14,55,15,5,5,10,3,0.30000000000000004,0.7000000000000001,True
152,6,ORD-UNION,0,0,1,14,1,15,5,5,10,3,0.30000000000000004,0.7000000000000001,True
153,6,CARD,21,5,41,14,49,4,1,5,10,3,0.30000000000000004,0.7000000000000001,False
154,6,CLF_UNION,25,4,56,14,56,4,1,5,10,3,0.30000000000000004,0.7000000000000001,False
155,6,ORD-UNION,20,2,32,14,32,4,1,5,10,3,0.30000000000000004,0.7000000000000001,False
156,6,CARD,22,2,43,14,47,4,1,5,10,3,0.30000000000000004,0.7000000000000001,True
157,6,CLF_UNION,23,1,56,14,56,4,1,5,10,3,0.30000000000000004,0.7000000000000001,True
158,6,ORD-UNION,21,1,32,14,32,4,1,5,10,3,0.30000000000000004,0.7000000000000001,True
159,6,CARD,22,2,43,14,47,4,1,5,10,3,0.30000000000000004,0.7000000000000001,False
160,6,CLF_UNION,23,1,56,14,56,4,1,5,10,3,0.30000000000000004,0.7000000000000001,False
161,6,ORD-UNION,21,1,32,14,32,4,1,5,10,3,0.30000000000000004,0.7000000000000001,False
162,6,CARD,20,5,41,14,49,4,1,5,10,3,0.30000000000000004,0.7000000000000001,True
163,6,CLF_UNION,23,5,56,14,56,4,1,5,10,3,0.30000000000000004,0.7000000000000001,True
164,6,ORD-UNION,20,1,29,14,29,4,1,5,10,3,0.30000000000000004,0.7000000000000001,True
165,6,CARD,20,5,41,14,49,4,1,5,10,3,0.30000000000000004,0.7000000000000001,False
166,6,CLF_UNION,23,5,56,14,56,4,1,5,10,3,0.30000000000000004,0.7000000000000001,False
167,6,ORD-UNION,20,1,29,14,29,4,1,5,10,3,0.30000000000000004,0.7000000000000001,False
168,6,CARD,20,3,42,14,48,4,1,5,10,3,0.30000000000000004,0.7000000000000001,True
169,6,CLF_UNION,22,3,58,14,58,4,1,5,10,3,0.30000000000000004,0.7000000000000001,True
170,6,ORD-UNION,19,0,31,14,31,4,1,5,10,3,0.30000000000000004,0.7000000000000001,True
171,6,CARD,20,3,42,14,48,4,1,5,10,3,0.30000000000000004,0.7000000000000001,False
172,6,CLF_UNION,22,3,58,14,58,4,1,5,10,3,0.30000000000000004,0.7000000000000001,False
173,6,ORD-UNION,19,0,31,14,31,4,1,5,10,3,0.30000000000000004,0.7000000000000001,False
174,6,CARD,15,3,41,14,48,4,1,5,10,3,0.30000000000000004,0.7000000000000001,True
175,6,CLF_UNION,19,3,58,14,59,4,1,5,10,3,0.30000000000000004,0.7000000000000001,True
176,6,ORD-UNION,12,0,24,14,25,4,1,5,10,3,0.30000000000000004,0.7000000000000001,True
177,6,CARD,15,3,41,14,48,4,1,5,10,3,0.30000000000000004,0.7000000000000001,False
178,6,CLF_UNION,19,3,58,14,59,4,1,5,10,3,0.30000000000000004,0.7000000000000001,False
179,6,ORD-UNION,12,0,24,14,25,4,1,5,10,3,0.30000000000000004,0.7000000000000001,False
180,7,CARD,19,1,38,19,52,15,5,5,10,3,0.30000000000000004,0.7000000000000001,True
181,7,CLF_UNION,20,1,57,19,57,15,5,5,10,3,0.30000000000000004,0.7000000000000001,True
182,7,ORD-UNION,0,0,0,19,0,15,5,5,10,3,0.30000000000000004,0.7000000000000001,True
183,7,CARD,15,1,33,19,57,3,1,5,10,3,0.30000000000000004,0.7000000000000001,False
184,7,CLF_UNION,18,6,63,19,63,3,1,5,10,3,0.30000000000000004,0.7000000000000001,False
185,7,ORD-UNION,15,1,33,19,33,3,1,5,10,3,0.30000000000000004,0.7000000000000001,False
186,7,CARD,17,4,33,19,55,3,1,5,10,3,0.30000000000000004,0.7000000000000001,True
187,7,CLF_UNION,19,10,57,19,59,3,1,5,10,3,0.30000000000000004,0.7000000000000001,True
188,7,ORD-UNION,17,4,33,19,35,3,1,5,10,3,0.30000000000000004,0.7000000000000001,True
189,7,CARD,17,4,33,19,55,3,1,5,10,3,0.30000000000000004,0.7000000000000001,False
190,7,CLF_UNION,19,10,57,19,59,3,1,5,10,3,0.30000000000000004,0.7000000000000001,False
191,7,ORD-UNION,17,4,33,19,35,3,1,5,10,3,0.30000000000000004,0.7000000000000001,False
192,7,CARD,25,1,36,19,54,3,1,5,10,3,0.30000000000000004,0.7000000000000001,True
193,7,CLF_UNION,27,4,59,19,59,3,1,5,10,3,0.30000000000000004,0.7000000000000001,True
194,7,ORD-UNION,25,1,36,19,36,3,1,5,10,3,0.30000000000000004,0.7000000000000001,True
195,7,CARD,25,1,36,19,54,3,1,5,10,3,0.30000000000000004,0.7000000000000001,False
196,7,CLF_UNION,27,4,59,19,59,3,1,5,10,3,0.30000000000000004,0.7000000000000001,False
197,7,ORD-UNION,25,1,36,19,36,3,1,5,10,3,0.30000000000000004,0.7000000000000001,False
198,7,CARD,17,0,33,19,55,3,1,5,10,3,0.30000000000000004,0.7000000000000001,True
199,7,CLF_UNION,18,2,58,19,60,3,1,5,10,3,0.30000000000000004,0.7000000000000001,True
200,7,ORD-UNION,17,0,33,19,35,3,1,5,10,3,0.30000000000000004,0.7000000000000001,True
201,7,CARD,17,0,33,19,55,3,1,5,10,3,0.30000000000000004,0.7000000000000001,False
202,7,CLF_UNION,18,2,58,19,60,3,1,5,10,3,0.30000000000000004,0.7000000000000001,False
203,7,ORD-UNION,17,0,33,19,35,3,1,5,10,3,0.30000000000000004,0.7000000000000001,False
204,7,CARD,16,4,33,19,57,3,1,5,10,3,0.30000000000000004,0.7000000000000001,True
205,7,CLF_UNION,20,13,61,19,61,3,1,5,10,3,0.30000000000000004,0.7000000000000001,True
206,7,ORD-UNION,16,4,33,19,33,3,1,5,10,3,0.30000000000000004,0.7000000000000001,True
207,7,CARD,16,4,33,19,57,3,1,5,10,3,0.30000000000000004,0.7000000000000001,False
208,7,CLF_UNION,20,13,61,19,61,3,1,5,10,3,0.30000000000000004,0.7000000000000001,False
209,7,ORD-UNION,16,4,33,19,33,3,1,5,10,3,0.30000000000000004,0.7000000000000001,False
210,8,CARD,24,0,37,24,51,15,5,5,10,3,0.30000000000000004,0.7000000000000001,True
211,8,CLF_UNION,25,0,54,24,56,15,5,5,10,3,0.30000000000000004,0.7000000000000001,True
212,8,ORD-UNION,0,0,0,24,2,15,5,5,10,3,0.30000000000000004,0.7000000000000001,True
213,8,CARD,21,1,38,24,50,3,1,5,10,3,0.30000000000000004,0.7000000000000001,False
214,8,CLF_UNION,21,4,55,24,57,3,1,5,10,3,0.30000000000000004,0.7000000000000001,False
215,8,ORD-UNION,21,1,38,24,40,3,1,5,10,3,0.30000000000000004,0.7000000000000001,False
216,8,CARD,21,2,38,24,50,3,1,5,10,3,0.30000000000000004,0.7000000000000001,True
217,8,CLF_UNION,22,4,56,24,58,3,1,5,10,3,0.30000000000000004,0.7000000000000001,True
218,8,ORD-UNION,21,2,38,24,40,3,1,5,10,3,0.30000000000000004,0.7000000000000001,True
219,8,CARD,21,2,38,24,50,3,1,5,10,3,0.30000000000000004,0.7000000000000001,False
220,8,CLF_UNION,22,4,56,24,58,3,1,5,10,3,0.30000000000000004,0.7000000000000001,False
221,8,ORD-UNION,21,2,38,24,40,3,1,5,10,3,0.30000000000000004,0.7000000000000001,False
222,8,CARD,22,2,40,24,50,3,1,5,10,3,0.30000000000000004,0.7000000000000001,True
223,8,CLF_UNION,22,2,58,24,58,3,1,5,10,3,0.30000000000000004,0.7000000000000001,True
224,8,ORD-UNION,22,2,40,24,40,3,1,5,10,3,0.30000000000000004,0.7000000000000001,True
225,8,CARD,22,2,40,24,50,3,1,5,10,3,0.30000000000000004,0.7000000000000001,False
226,8,CLF_UNION,22,2,58,24,58,3,1,5,10,3,0.30000000000000004,0.7000000000000001,False
227,8,ORD-UNION,22,2,40,24,40,3,1,5,10,3,0.30000000000000004,0.7000000000000001,False
228,8,CARD,21,3,40,24,50,3,1,5,10,3,0.30000000000000004,0.7000000000000001,True
229,8,CLF_UNION,21,4,57,24,57,3,1,5,10,3,0.30000000000000004,0.7000000000000001,True
230,8,ORD-UNION,21,3,40,24,40,3,1,5,10,3,0.30000000000000004,0.7000000000000001,True
231,8,CARD,21,3,40,24,50,3,1,5,10,3,0.30000000000000004,0.7000000000000001,False
232,8,CLF_UNION,21,4,57,24,57,3,1,5,10,3,0.30000000000000004,0.7000000000000001,False
233,8,ORD-UNION,21,3,40,24,40,3,1,5,10,3,0.30000000000000004,0.7000000000000001,False
234,8,CARD,19,1,34,24,55,3,1,5,10,3,0.30000000000000004,0.7000000000000001,True
235,8,CLF_UNION,21,5,58,24,59,3,1,5,10,3,0.30000000000000004,0.7000000000000001,True
236,8,ORD-UNION,19,1,34,24,35,3,1,5,10,3,0.30000000000000004,0.7000000000000001,True
237,8,CARD,19,1,34,24,55,3,1,5,10,3,0.30000000000000004,0.7000000000000001,False
238,8,CLF_UNION,21,5,58,24,59,3,1,5,10,3,0.30000000000000004,0.7000000000000001,False
239,8,ORD-UNION,19,1,34,24,35,3,1,5,10,3,0.30000000000000004,0.7000000000000001,False
240,9,CARD,21,0,35,29,55,15,5,5,10,3,0.30000000000000004,0.7000000000000001,True
241,9,CLF_UNION,21,0,57,29,57,15,5,5,10,3,0.30000000000000004,0.7000000000000001,True
242,9,ORD-UNION,0,0,2,29,2,15,5,5,10,3,0.30000000000000004,0.7000000000000001,True
243,9,CARD,21,0,39,29,51,3,1,5,10,3,0.30000000000000004,0.7000000000000001,False
244,9,CLF_UNION,21,0,67,29,67,3,1,5,10,3,0.30000000000000004,0.7000000000000001,False
245,9,ORD-UNION,21,0,39,29,39,3,1,5,10,3,0.30000000000000004,0.7000000000000001,False
246,9,CARD,21,3,37,29,51,3,1,5,10,3,0.30000000000000004,0.7000000000000001,True
247,9,CLF_UNION,22,10,61,29,63,3,1,5,10,3,0.30000000000000004,0.7000000000000001,True
248,9,ORD-UNION,21,3,37,29,39,3,1,5,10,3,0.30000000000000004,0.7000000000000001,True
249,9,CARD,21,3,37,29,51,3,1,5,10,3,0.30000000000000004,0.7000000000000001,False
250,9,CLF_UNION,22,10,61,29,63,3,1,5,10,3,0.30000000000000004,0.7000000000000001,False
251,9,ORD-UNION,21,3,37,29,39,3,1,5,10,3,0.30000000000000004,0.7000000000000001,False
252,9,CARD,21,4,38,29,52,3,1,5,10,3,0.30000000000000004,0.7000000000000001,True
253,9,CLF_UNION,23,11,67,29,67,3,1,5,10,3,0.30000000000000004,0.7000000000000001,True
254,9,ORD-UNION,21,4,38,29,38,3,1,5,10,3,0.30000000000000004,0.7000000000000001,True
255,9,CARD,21,4,38,29,52,3,1,5,10,3,0.30000000000000004,0.7000000000000001,False
256,9,CLF_UNION,23,11,67,29,67,3,1,5,10,3,0.30000000000000004,0.7000000000000001,False
257,9,ORD-UNION,21,4,38,29,38,3,1,5,10,3,0.30000000000000004,0.7000000000000001,False
258,9,CARD,19,2,37,29,51,3,1,5,10,3,0.30000000000000004,0.7000000000000001,True
259,9,CLF_UNION,21,7,62,29,64,3,1,5,10,3,0.30000000000000004,0.7000000000000001,True
260,9,ORD-UNION,19,2,37,29,39,3,1,5,10,3,0.30000000000000004,0.7000000000000001,True
261,9,CARD,19,2,37,29,51,3,1,5,10,3,0.30000000000000004,0.7000000000000001,False
262,9,CLF_UNION,21,7,62,29,64,3,1,5,10,3,0.30000000000000004,0.7000000000000001,False
263,9,ORD-UNION,19,2,37,29,39,3,1,5,10,3,0.30000000000000004,0.7000000000000001,False
264,9,CARD,22,2,37,29,53,3,1,5,10,3,0.30000000000000004,0.7000000000000001,True
265,9,CLF_UNION,24,11,67,29,67,3,1,5,10,3,0.30000000000000004,0.7000000000000001,True
266,9,ORD-UNION,22,2,37,29,37,3,1,5,10,3,0.30000000000000004,0.7000000000000001,True
267,9,CARD,22,2,37,29,53,3,1,5,10,3,0.30000000000000004,0.7000000000000001,False
268,9,CLF_UNION,24,11,67,29,67,3,1,5,10,3,0.30000000000000004,0.7000000000000001,False
269,9,ORD-UNION,22,2,37,29,37,3,1,5,10,3,0.30000000000000004,0.7000000000000001,False
270,10,CARD,21,2,39,34,49,15,5,5,10,3,0.30000000000000004,0.7000000000000001,True
271,10,CLF_UNION,23,0,53,34,55,15,5,5,10,3,0.30000000000000004,0.7000000000000001,True
272,10,ORD-UNION,2,0,3,34,5,15,5,5,10,3,0.30000000000000004,0.7000000000000001,True
273,10,CARD,18,3,37,34,51,3,1,5,10,3,0.30000000000000004,0.7000000000000001,False
274,10,CLF_UNION,19,9,61,34,63,3,1,5,10,3,0.30000000000000004,0.7000000000000001,False
275,10,ORD-UNION,18,3,37,34,39,3,1,5,10,3,0.30000000000000004,0.7000000000000001,False
276,10,CARD,17,0,32,34,52,3,1,5,10,3,0.30000000000000004,0.7000000000000001,True
277,10,CLF_UNION,18,3,59,34,65,3,1,5,10,3,0.30000000000000004,0.7000000000000001,True
278,10,ORD-UNION,17,0,32,34,38,3,1,5,10,3,0.30000000000000004,0.7000000000000001,True
279,10,CARD,17,0,32,34,52,3,1,5,10,3,0.30000000000000004,0.7000000000000001,False
280,10,CLF_UNION,18,3,59,34,65,3,1,5,10,3,0.30000000000000004,0.7000000000000001,False
281,10,ORD-UNION,17,0,32,34,38,3,1,5,10,3,0.30000000000000004,0.7000000000000001,False
282,10,CARD,13,5,36,34,52,3,1,5,10,3,0.30000000000000004,0.7000000000000001,True
283,10,CLF_UNION,17,11,61,34,63,3,1,5,10,3,0.30000000000000004,0.7000000000000001,True
284,10,ORD-UNION,13,5,36,34,38,3,1,5,10,3,0.30000000000000004,0.7000000000000001,True
285,10,CARD,13,5,36,34,52,3,1,5,10,3,0.30000000000000004,0.7000000000000001,False
286,10,CLF_UNION,17,11,61,34,63,3,1,5,10,3,0.30000000000000004,0.7000000000000001,False
287,10,ORD-UNION,13,5,36,34,38,3,1,5,10,3,0.30000000000000004,0.7000000000000001,False
288,10,CARD,19,1,32,34,54,3,1,5,10,3,0.30000000000000004,0.7000000000000001,True
289,10,CLF_UNION,22,8,61,34,65,3,1,5,10,3,0.30000000000000004,0.7000000000000001,True
290,10,ORD-UNION,19,1,32,34,36,3,1,5,10,3,0.30000000000000004,0.7000000000000001,True
291,10,CARD,19,1,32,34,54,3,1,5,10,3,0.30000000000000004,0.7000000000000001,False
292,10,CLF_UNION,22,8,61,34,65,3,1,5,10,3,0.30000000000000004,0.7000000000000001,False
293,10,ORD-UNION,19,1,32,34,36,3,1,5,10,3,0.30000000000000004,0.7000000000000001,False
294,10,CARD,19,1,39,34,51,3,1,5,10,3,0.30000000000000004,0.7000000000000001,True
295,10,CLF_UNION,20,3,65,34,65,3,1,5,10,3,0.30000000000000004,0.7000000000000001,True
296,10,ORD-UNION,19,1,39,34,39,3,1,5,10,3,0.30000000000000004,0.7000000000000001,True
297,10,CARD,19,1,39,34,51,3,1,5,10,3,0.30000000000000004,0.7000000000000001,False
298,10,CLF_UNION,20,3,65,34,65,3,1,5,10,3,0.30000000000000004,0.7000000000000001,False
299,10,ORD-UNION,19,1,39,34,39,3,1,5,10,3,0.30000000000000004,0.7000000000000001,False
300,11,CARD,20,0,28,39,59,15,5,5,10,3,0.30000000000000004,0.7000000000000001,True
301,11,CLF_UNION,26,0,53,39,56,15,5,5,10,3,0.30000000000000004,0.7000000000000001,True
302,11,ORD-UNION,0,0,0,39,3,15,5,5,10,3,0.30000000000000004,0.7000000000000001,True
303,11,CARD,16,2,31,39,56,3,1,5,10,3,0.30000000000000004,0.7000000000000001,False
304,11,CLF_UNION,20,10,57,39,60,3,1,5,10,3,0.30000000000000004,0.7000000000000001,False
305,11,ORD-UNION,16,2,31,39,34,3,1,5,10,3,0.30000000000000004,0.7000000000000001,False
306,11,CARD,14,3,36,39,51,3,1,5,10,3,0.30000000000000004,0.7000000000000001,True
307,11,CLF_UNION,17,7,56,39,59,3,1,5,10,3,0.30000000000000004,0.7000000000000001,True
308,11,ORD-UNION,14,3,36,39,39,3,1,5,10,3,0.30000000000000004,0.7000000000000001,True
309,11,CARD,14,3,36,39,51,3,1,5,10,3,0.30000000000000004,0.7000000000000001,False
310,11,CLF_UNION,17,7,56,39,59,3,1,5,10,3,0.30000000000000004,0.7000000000000001,False
311,11,ORD-UNION,14,3,36,39,39,3,1,5,10,3,0.30000000000000004,0.7000000000000001,False
312,11,CARD,15,1,28,39,56,3,1,5,10,3,0.30000000000000004,0.7000000000000001,True
313,11,CLF_UNION,18,6,54,39,60,3,1,5,10,3,0.30000000000000004,0.7000000000000001,True
314,11,ORD-UNION,15,1,28,39,34,3,1,5,10,3,0.30000000000000004,0.7000000000000001,True
315,11,CARD,15,1,28,39,56,3,1,5,10,3,0.30000000000000004,0.7000000000000001,False
316,11,CLF_UNION,18,6,54,39,60,3,1,5,10,3,0.30000000000000004,0.7000000000000001,False
317,11,ORD-UNION,15,1,28,39,34,3,1,5,10,3,0.30000000000000004,0.7000000000000001,False
318,11,CARD,17,1,34,39,54,3,1,5,10,3,0.30000000000000004,0.7000000000000001,True
319,11,CLF_UNION,19,5,58,39,60,3,1,5,10,3,0.30000000000000004,0.7000000000000001,True
320,11,ORD-UNION,17,1,34,39,36,3,1,5,10,3,0.30000000000000004,0.7000000000000001,True
321,11,CARD,17,1,34,39,54,3,1,5,10,3,0.30000000000000004,0.7000000000000001,False
322,11,CLF_UNION,19,5,58,39,60,3,1,5,10,3,0.30000000000000004,0.7000000000000001,False
323,11,ORD-UNION,17,1,34,39,36,3,1,5,10,3,0.30000000000000004,0.7000000000000001,False
324,11,CARD,22,4,37,39,51,3,1,5,10,3,0.30000000000000004,0.7000000000000001,True
325,11,CLF_UNION,22,5,56,39,58,3,1,5,10,3,0.30000000000000004,0.7000000000000001,True
326,11,ORD-UNION,22,4,37,39,39,3,1,5,10,3,0.30000000000000004,0.7000000000000001,True
327,11,CARD,22,4,37,39,51,3,1,5,10,3,0.30000000000000004,0.7000000000000001,False
328,11,CLF_UNION,22,5,56,39,58,3,1,5,10,3,0.30000000000000004,0.7000000000000001,False
329,11,ORD-UNION,22,4,37,39,39,3,1,5,10,3,0.30000000000000004,0.7000000000000001,False
330,12,CARD,18,5,33,47,55,15,5,5,10,3,0.30000000000000004,0.7000000000000001,True
331,12,CLF_UNION,27,0,53,47,55,15,5,5,10,3,0.30000000000000004,0.7000000000000001,True
332,12,ORD-UNION,2,0,3,47,5,15,5,5,10,3,0.30000000000000004,0.7000000000000001,True
333,12,CARD,22,1,33,47,55,4,1,5,10,3,0.30000000000000004,0.7000000000000001,False
334,12,CLF_UNION,27,0,58,47,60,4,1,5,10,3,0.30000000000000004,0.7000000000000001,False
335,12,ORD-UNION,19,0,24,47,26,4,1,5,10,3,0.30000000000000004,0.7000000000000001,False
336,12,CARD,16,1,32,47,54,4,1,5,10,3,0.30000000000000004,0.7000000000000001,True
337,12,CLF_UNION,20,2,56,47,60,4,1,5,10,3,0.30000000000000004,0.7000000000000001,True
338,12,ORD-UNION,14,0,24,47,28,4,1,5,10,3,0.30000000000000004,0.7000000000000001,True
339,12,CARD,16,1,32,47,54,4,1,5,10,3,0.30000000000000004,0.7000000000000001,False
340,12,CLF_UNION,20,2,56,47,60,4,1,5,10,3,0.30000000000000004,0.7000000000000001,False
341,12,ORD-UNION,14,0,24,47,28,4,1,5,10,3,0.30000000000000004,0.7000000000000001,False
342,12,CARD,19,2,32,47,55,4,1,5,10,3,0.30000000000000004,0.7000000000000001,True
343,12,CLF_UNION,21,0,58,47,61,4,1,5,10,3,0.30000000000000004,0.7000000000000001,True
344,12,ORD-UNION,17,0,21,47,24,4,1,5,10,3,0.30000000000000004,0.7000000000000001,True
345,12,CARD,19,2,32,47,55,4,1,5,10,3,0.30000000000000004,0.7000000000000001,False
346,12,CLF_UNION,21,0,58,47,61,4,1,5,10,3,0.30000000000000004,0.7000000000000001,False
347,12,ORD-UNION,17,0,21,47,24,4,1,5,10,3,0.30000000000000004,0.7000000000000001,False
348,12,CARD,24,4,42,47,48,4,1,5,10,3,0.30000000000000004,0.7000000000000001,True
349,12,CLF_UNION,28,2,59,47,59,4,1,5,10,3,0.30000000000000004,0.7000000000000001,True
350,12,ORD-UNION,22,2,33,47,33,4,1,5,10,3,0.30000000000000004,0.7000000000000001,True
351,12,CARD,24,4,42,47,48,4,1,5,10,3,0.30000000000000004,0.7000000000000001,False
352,12,CLF_UNION,28,2,59,47,59,4,1,5,10,3,0.30000000000000004,0.7000000000000001,False
353,12,ORD-UNION,22,2,33,47,33,4,1,5,10,3,0.30000000000000004,0.7000000000000001,False
354,12,CARD,13,2,34,47,56,4,1,5,10,3,0.30000000000000004,0.7000000000000001,True
355,12,CLF_UNION,16,1,62,47,62,4,1,5,10,3,0.30000000000000004,0.7000000000000001,True
356,12,ORD-UNION,11,0,24,47,24,4,1,5,10,3,0.30000000000000004,0.7000000000000001,True
357,12,CARD,13,2,34,47,56,4,1,5,10,3,0.30000000000000004,0.7000000000000001,False
358,12,CLF_UNION,16,1,62,47,62,4,1,5,10,3,0.30000000000000004,0.7000000000000001,False
359,12,ORD-UNION,11,0,24,47,24,4,1,5,10,3,0.30000000000000004,0.7000000000000001,False
360,13,CARD,18,5,32,53,54,15,5,5,10,3,0.30000000000000004,0.7000000000000001,True
361,13,CLF_UNION,25,0,52,53,56,15,5,5,10,3,0.30000000000000004,0.7000000000000001,True
362,13,ORD-UNION,1,0,2,53,6,15,5,5,10,3,0.30000000000000004,0.7000000000000001,True
363,13,CARD,23,2,36,53,50,4,1,5,10,3,0.30000000000000004,0.7000000000000001,False
364,13,CLF_UNION,25,0,61,53,65,4,1,5,10,3,0.30000000000000004,0.7000000000000001,False
365,13,ORD-UNION,23,0,25,53,29,4,1,5,10,3,0.30000000000000004,0.7000000000000001,False
366,13,CARD,17,2,35,53,49,4,1,5,10,3,0.30000000000000004,0.7000000000000001,True
367,13,CLF_UNION,19,0,57,53,63,4,1,5,10,3,0.30000000000000004,0.7000000000000001,True
368,13,ORD-UNION,17,0,24,53,30,4,1,5,10,3,0.30000000000000004,0.7000000000000001,True
369,13,CARD,17,2,35,53,49,4,1,5,10,3,0.30000000000000004,0.7000000000000001,False
370,13,CLF_UNION,19,0,57,53,63,4,1,5,10,3,0.30000000000000004,0.7000000000000001,False
371,13,ORD-UNION,17,0,24,53,30,4,1,5,10,3,0.30000000000000004,0.7000000000000001,False
372,13,CARD,20,2,36,53,48,4,1,5,10,3,0.30000000000000004,0.7000000000000001,True
373,13,CLF_UNION,23,2,57,53,63,4,1,5,10,3,0.30000000000000004,0.7000000000000001,True
374,13,ORD-UNION,19,0,25,53,31,4,1,5,10,3,0.30000000000000004,0.7000000000000001,True
375,13,CARD,20,2,36,53,48,4,1,5,10,3,0.30000000000000004,0.7000000000000001,False
376,13,CLF_UNION,23,2,57,53,63,4,1,5,10,3,0.30000000000000004,0.7000000000000001,False
377,13,ORD-UNION,19,0,25,53,31,4,1,5,10,3,0.30000000000000004,0.7000000000000001,False
378,13,CARD,24,1,39,53,49,4,1,5,10,3,0.30000000000000004,0.7000000000000001,True
379,13,CLF_UNION,25,0,59,53,61,4,1,5,10,3,0.30000000000000004,0.7000000000000001,True
380,13,ORD-UNION,24,0,30,53,32,4,1,5,10,3,0.30000000000000004,0.7000000000000001,True
381,13,CARD,24,1,39,53,49,4,1,5,10,3,0.30000000000000004,0.7000000000000001,False
382,13,CLF_UNION,25,0,59,53,61,4,1,5,10,3,0.30000000000000004,0.7000000000000001,False
383,13,ORD-UNION,24,0,30,53,32,4,1,5,10,3,0.30000000000000004,0.7000000000000001,False
384,13,CARD,17,1,32,53,52,4,1,5,10,3,0.30000000000000004,0.7000000000000001,True
385,13,CLF_UNION,18,0,60,53,66,4,1,5,10,3,0.30000000000000004,0.7000000000000001,True
386,13,ORD-UNION,17,0,20,53,26,4,1,5,10,3,0.30000000000000004,0.7000000000000001,True
387,13,CARD,17,1,32,53,52,4,1,5,10,3,0.30000000000000004,0.7000000000000001,False
388,13,CLF_UNION,18,0,60,53,66,4,1,5,10,3,0.30000000000000004,0.7000000000000001,False
389,13,ORD-UNION,17,0,20,53,26,4,1,5,10,3,0.30000000000000004,0.7000000000000001,False
390,14,CARD,18,2,31,62,55,15,5,5,10,3,0.30000000000000004,0.7000000000000001,True
391,14,CLF_UNION,25,0,57,62,61,15,5,5,10,3,0.30000000000000004,0.7000000000000001,True
392,14,ORD-UNION,3,0,4,62,8,15,5,5,10,3,0.30000000000000004,0.7000000000000001,True
393,14,CARD,25,0,35,62,51,4,1,5,10,3,0.30000000000000004,0.7000000000000001,False
394,14,CLF_UNION,25,0,58,62,62,4,1,5,10,3,0.30000000000000004,0.7000000000000001,False
395,14,ORD-UNION,24,0,32,62,36,4,1,5,10,3,0.30000000000000004,0.7000000000000001,False
396,14,CARD,18,1,33,62,53,4,1,5,10,3,0.30000000000000004,0.7000000000000001,True
397,14,CLF_UNION,20,2,62,62,66,4,1,5,10,3,0.30000000000000004,0.7000000000000001,True
398,14,ORD-UNION,16,0,25,62,29,4,1,5,10,3,0.30000000000000004,0.7000000000000001,True
399,14,CARD,18,1,33,62,53,4,1,5,10,3,0.30000000000000004,0.7000000000000001,False
400,14,CLF_UNION,20,2,62,62,66,4,1,5,10,3,0.30000000000000004,0.7000000000000001,False
401,14,ORD-UNION,16,0,25,62,29,4,1,5,10,3,0.30000000000000004,0.7000000000000001,False
402,14,CARD,23,2,37,62,51,4,1,5,10,3,0.30000000000000004,0.7000000000000001,True
403,14,CLF_UNION,25,0,63,62,65,4,1,5,10,3,0.30000000000000004,0.7000000000000001,True
404,14,ORD-UNION,22,0,29,62,31,4,1,5,10,3,0.30000000000000004,0.7000000000000001,True
405,14,CARD,23,2,37,62,51,4,1,5,10,3,0.30000000000000004,0.7000000000000001,False
406,14,CLF_UNION,25,0,63,62,65,4,1,5,10,3,0.30000000000000004,0.7000000000000001,False
407,14,ORD-UNION,22,0,29,62,31,4,1,5,10,3,0.30000000000000004,0.7000000000000001,False
408,14,CARD,12,1,30,62,52,4,1,5,10,3,0.30000000000000004,0.7000000000000001,True
409,14,CLF_UNION,13,0,58,62,66,4,1,5,10,3,0.30000000000000004,0.7000000000000001,True
410,14,ORD-UNION,12,0,17,62,25,4,1,5,10,3,0.30000000000000004,0.7000000000000001,True
411,14,CARD,12,1,30,62,52,4,1,5,10,3,0.30000000000000004,0.7000000000000001,False
412,14,CLF_UNION,13,0,58,62,66,4,1,5,10,3,0.30000000000000004,0.7000000000000001,False
413,14,ORD-UNION,12,0,17,62,25,4,1,5,10,3,0.30000000000000004,0.7000000000000001,False
414,14,CARD,26,0,36,62,51,4,1,5,10,3,0.30000000000000004,0.7000000000000001,True
415,14,CLF_UNION,26,1,60,62,63,4,1,5,10,3,0.30000000000000004,0.7000000000000001,True
416,14,ORD-UNION,25,0,29,62,32,4,1,5,10,3,0.30000000000000004,0.7000000000000001,True
417,14,CARD,26,0,36,62,51,4,1,5,10,3,0.30000000000000004,0.7000000000000001,False
418,14,CLF_UNION,26,1,60,62,63,4,1,5,10,3,0.30000000000000004,0.7000000000000001,False
419,14,ORD-UNION,25,0,29,62,32,4,1,5,10,3,0.30000000000000004,0.7000000000000001,False
420,15,CARD,14,8,35,77,50,15,5,5,10,3,0.30000000000000004,0.7000000000000001,True
421,15,CLF_UNION,24,0,51,77,56,15,5,5,10,3,0.30000000000000004,0.7000000000000001,True
422,15,ORD-UNION,7,0,9,77,14,15,5,5,10,3,0.30000000000000004,0.7000000000000001,True
423,15,CARD,24,0,37,77,48,4,1,5,10,3,0.30000000000000004,0.7000000000000001,False
424,15,CLF_UNION,23,2,52,77,57,4,1,5,10,3,0.30000000000000004,0.7000000000000001,False
425,15,ORD-UNION,22,0,29,77,34,4,1,5,10,3,0.30000000000000004,0.7000000000000001,False
426,15,CARD,17,1,32,77,49,4,1,5,10,3,0.30000000000000004,0.7000000000000001,True
427,15,CLF_UNION,17,3,51,77,60,4,1,5,10,3,0.30000000000000004,0.7000000000000001,True
428,15,ORD-UNION,14,0,20,77,29,4,1,5,10,3,0.30000000000000004,0.7000000000000001,True
429,15,CARD,17,1,32,77,49,4,1,5,10,3,0.30000000000000004,0.7000000000000001,False
430,15,CLF_UNION,17,3,51,77,60,4,1,5,10,3,0.30000000000000004,0.7000000000000001,False
431,15,ORD-UNION,14,0,20,77,29,4,1,5,10,3,0.30000000000000004,0.7000000000000001,False
432,15,CARD,15,0,33,77,50,4,1,5,10,3,0.30000000000000004,0.7000000000000001,True
433,15,CLF_UNION,16,3,53,77,60,4,1,5,10,3,0.30000000000000004,0.7000000000000001,True
434,15,ORD-UNION,13,0,20,77,27,4,1,5,10,3,0.30000000000000004,0.7000000000000001,True
435,15,CARD,15,0,33,77,50,4,1,5,10,3,0.30000000000000004,0.7000000000000001,False
436,15,CLF_UNION,16,3,53,77,60,4,1,5,10,3,0.30000000000000004,0.7000000000000001,False
437,15,ORD-UNION,13,0,20,77,27,4,1,5,10,3,0.30000000000000004,0.7000000000000001,False
438,15,CARD,19,1,33,77,50,4,1,5,10,3,0.30000000000000004,0.7000000000000001,True
439,15,CLF_UNION,20,0,53,77,60,4,1,5,10,3,0.30000000000000004,0.7000000000000001,True
440,15,ORD-UNION,18,0,26,77,33,4,1,5,10,3,0.30000000000000004,0.7000000000000001,True
441,15,CARD,19,1,33,77,50,4,1,5,10,3,0.30000000000000004,0.7000000000000001,False
442,15,CLF_UNION,20,0,53,77,60,4,1,5,10,3,0.30000000000000004,0.7000000000000001,False
443,15,ORD-UNION,18,0,26,77,33,4,1,5,10,3,0.30000000000000004,0.7000000000000001,False
444,15,CARD,18,2,34,77,51,4,1,5,10,3,0.30000000000000004,0.7000000000000001,True
445,15,CLF_UNION,22,3,54,77,59,4,1,5,10,3,0.30000000000000004,0.7000000000000001,True
446,15,ORD-UNION,16,0,22,77,27,4,1,5,10,3,0.30000000000000004,0.7000000000000001,True
447,15,CARD,18,2,34,77,51,4,1,5,10,3,0.30000000000000004,0.7000000000000001,False
448,15,CLF_UNION,22,3,54,77,59,4,1,5,10,3,0.30000000000000004,0.7000000000000001,False
449,15,ORD-UNION,16,0,22,77,27,4,1,5,10,3,0.30000000000000004,0.7000000000000001,False
450,16,CARD,20,6,39,87,48,15,5,5,10,3,0.30000000000000004,0.7000000000000001,True
451,16,CLF_UNION,25,1,52,87,55,15,5,5,10,3,0.30000000000000004,0.7000000000000001,True
452,16,ORD-UNION,12,0,14,87,17,15,5,5,10,3,0.30000000000000004,0.7000000000000001,True
453,16,CARD,20,2,35,87,52,4,1,5,10,3,0.30000000000000004,0.7000000000000001,False
454,16,CLF_UNION,26,4,58,87,61,4,1,5,10,3,0.30000000000000004,0.7000000000000001,False
455,16,ORD-UNION,16,0,22,87,25,4,1,5,10,3,0.30000000000000004,0.7000000000000001,False
456,16,CARD,14,0,22,87,58,4,1,5,10,3,0.30000000000000004,0.7000000000000001,True
457,16,CLF_UNION,14,0,48,87,58,4,1,5,10,3,0.30000000000000004,0.7000000000000001,True
458,16,ORD-UNION,14,0,20,87,30,4,1,5,10,3,0.30000000000000004,0.7000000000000001,True
459,16,CARD,14,0,22,87,58,4,1,5,10,3,0.30000000000000004,0.7000000000000001,False
460,16,CLF_UNION,14,0,48,87,58,4,1,5,10,3,0.30000000000000004,0.7000000000000001,False
461,16,ORD-UNION,14,0,20,87,30,4,1,5,10,3,0.30000000000000004,0.7000000000000001,False
462,16,CARD,20,0,32,87,51,4,1,5,10,3,0.30000000000000004,0.7000000000000001,True
463,16,CLF_UNION,20,0,49,87,56,4,1,5,10,3,0.30000000000000004,0.7000000000000001,True
464,16,ORD-UNION,20,0,29,87,36,4,1,5,10,3,0.30000000000000004,0.7000000000000001,True
465,16,CARD,20,0,32,87,51,4,1,5,10,3,0.30000000000000004,0.7000000000000001,False
466,16,CLF_UNION,20,0,49,87,56,4,1,5,10,3,0.30000000000000004,0.7000000000000001,False
467,16,ORD-UNION,20,0,29,87,36,4,1,5,10,3,0.30000000000000004,0.7000000000000001,False
468,16,CARD,16,0,32,87,51,4,1,5,10,3,0.30000000000000004,0.7000000000000001,True
469,16,CLF_UNION,16,0,51,87,58,4,1,5,10,3,0.30000000000000004,0.7000000000000001,True
470,16,ORD-UNION,14,0,26,87,33,4,1,5,10,3,0.30000000000000004,0.7000000000000001,True
471,16,CARD,16,0,32,87,51,4,1,5,10,3,0.30000000000000004,0.7000000000000001,False
472,16,CLF_UNION,16,0,51,87,58,4,1,5,10,3,0.30000000000000004,0.7000000000000001,False
473,16,ORD-UNION,14,0,26,87,33,4,1,5,10,3,0.30000000000000004,0.7000000000000001,False
474,16,CARD,17,0,27,87,55,4,1,5,10,3,0.30000000000000004,0.7000000000000001,True
475,16,CLF_UNION,17,0,48,87,56,4,1,5,10,3,0.30000000000000004,0.7000000000000001,True
476,16,ORD-UNION,17,0,23,87,31,4,1,5,10,3,0.30000000000000004,0.7000000000000001,True
477,16,CARD,17,0,27,87,55,4,1,5,10,3,0.30000000000000004,0.7000000000000001,False
478,16,CLF_UNION,17,0,48,87,56,4,1,5,10,3,0.30000000000000004,0.7000000000000001,False
479,16,ORD-UNION,17,0,23,87,31,4,1,5,10,3,0.30000000000000004,0.7000000000000001,False
480,17,CARD,20,0,36,96,50,15,5,5,10,3,0.30000000000000004,0.7000000000000001,True
481,17,CLF_UNION,20,0,51,96,55,15,5,5,10,3,0.30000000000000004,0.7000000000000001,True
482,17,ORD-UNION,5,0,7,96,11,15,5,5,10,3,0.30000000000000004,0.7000000000000001,True
483,17,CARD,20,0,38,96,48,4,1,5,10,3,0.30000000000000004,0.7000000000000001,False
484,17,CLF_UNION,20,0,53,96,57,4,1,5,10,3,0.30000000000000004,0.7000000000000001,False
485,17,ORD-UNION,18,0,26,96,30,4,1,5,10,3,0.30000000000000004,0.7000000000000001,False
486,17,CARD,15,0,32,96,52,4,1,5,10,3,0.30000000000000004,0.7000000000000001,True
487,17,CLF_UNION,18,1,52,96,58,4,1,5,10,3,0.30000000000000004,0.7000000000000001,True
488,17,ORD-UNION,13,0,22,96,28,4,1,5,10,3,0.30000000000000004,0.7000000000000001,True
489,17,CARD,15,0,32,96,52,4,1,5,10,3,0.30000000000000004,0.7000000000000001,False
490,17,CLF_UNION,18,1,52,96,58,4,1,5,10,3,0.30000000000000004,0.7000000000000001,False
491,17,ORD-UNION,13,0,22,96,28,4,1,5,10,3,0.30000000000000004,0.7000000000000001,False
492,17,CARD,14,2,33,96,48,4,1,5,10,3,0.30000000000000004,0.7000000000000001,True
493,17,CLF_UNION,15,2,50,96,59,4,1,5,10,3,0.30000000000000004,0.7000000000000001,True
494,17,ORD-UNION,14,0,28,96,37,4,1,5,10,3,0.30000000000000004,0.7000000000000001,True
495,17,CARD,14,2,33,96,48,4,1,5,10,3,0.30000000000000004,0.7000000000000001,False
496,17,CLF_UNION,15,2,50,96,59,4,1,5,10,3,0.30000000000000004,0.7000000000000001,False
497,17,ORD-UNION,14,0,28,96,37,4,1,5,10,3,0.30000000000000004,0.7000000000000001,False
498,17,CARD,18,3,35,96,52,4,1,5,10,3,0.30000000000000004,0.7000000000000001,True
499,17,CLF_UNION,22,5,57,96,60,4,1,5,10,3,0.30000000000000004,0.7000000000000001,True
500,17,ORD-UNION,16,0,26,96,29,4,1,5,10,3,0.30000000000000004,0.7000000000000001,True
501,17,CARD,18,3,35,96,52,4,1,5,10,3,0.30000000000000004,0.7000000000000001,False
502,17,CLF_UNION,22,5,57,96,60,4,1,5,10,3,0.30000000000000004,0.7000000000000001,False
503,17,ORD-UNION,16,0,26,96,29,4,1,5,10,3,0.30000000000000004,0.7000000000000001,False
504,17,CARD,22,0,32,96,51,4,1,5,10,3,0.30000000000000004,0.7000000000000001,True
505,17,CLF_UNION,22,0,51,96,58,4,1,5,10,3,0.30000000000000004,0.7000000000000001,True
506,17,ORD-UNION,20,0,26,96,33,4,1,5,10,3,0.30000000000000004,0.7000000000000001,True
507,17,CARD,22,0,32,96,51,4,1,5,10,3,0.30000000000000004,0.7000000000000001,False
508,17,CLF_UNION,22,0,51,96,58,4,1,5,10,3,0.30000000000000004,0.7000000000000001,False
509,17,ORD-UNION,20,0,26,96,33,4,1,5,10,3,0.30000000000000004,0.7000000000000001,False
510,18,CARD,14,5,33,107,49,15,5,5,10,3,0.30000000000000004,0.7000000000000001,True
511,18,CLF_UNION,21,0,48,107,56,15,5,5,10,3,0.30000000000000004,0.7000000000000001,True
512,18,ORD-UNION,7,0,9,107,17,15,5,5,10,3,0.30000000000000004,0.7000000000000001,True
513,18,CARD,19,0,32,107,50,4,1,5,10,3,0.30000000000000004,0.7000000000000001,False
514,18,CLF_UNION,21,1,50,107,58,4,1,5,10,3,0.30000000000000004,0.7000000000000001,False
515,18,ORD-UNION,18,0,31,107,39,4,1,5,10,3,0.30000000000000004,0.7000000000000001,False
516,18,CARD,18,0,32,107,49,4,1,5,10,3,0.30000000000000004,0.7000000000000001,True
517,18,CLF_UNION,20,0,47,107,56,4,1,5,10,3,0.30000000000000004,0.7000000000000001,True
518,18,ORD-UNION,17,0,26,107,35,4,1,5,10,3,0.30000000000000004,0.7000000000000001,True
519,18,CARD,18,0,32,107,49,4,1,5,10,3,0.30000000000000004,0.7000000000000001,False
520,18,CLF_UNION,20,0,47,107,56,4,1,5,10,3,0.30000000000000004,0.7000000000000001,False
521,18,ORD-UNION,17,0,26,107,35,4,1,5,10,3,0.30000000000000004,0.7000000000000001,False
522,18,CARD,12,0,28,107,50,4,1,5,10,3,0.30000000000000004,0.7000000000000001,True
523,18,CLF_UNION,12,0,47,107,59,4,1,5,10,3,0.30000000000000004,0.7000000000000001,True
524,18,ORD-UNION,11,0,19,107,31,4,1,5,10,3,0.30000000000000004,0.7000000000000001,True
525,18,CARD,12,0,28,107,50,4,1,5,10,3,0.30000000000000004,0.7000000000000001,False
526,18,CLF_UNION,12,0,47,107,59,4,1,5,10,3,0.30000000000000004,0.7000000000000001,False
527,18,ORD-UNION,11,0,19,107,31,4,1,5,10,3,0.30000000000000004,0.7000000000000001,False
528,18,CARD,13,0,28,107,48,4,1,5,10,3,0.30000000000000004,0.7000000000000001,True
529,18,CLF_UNION,13,0,43,107,57,4,1,5,10,3,0.30000000000000004,0.7000000000000001,True
530,18,ORD-UNION,12,0,19,107,33,4,1,5,10,3,0.30000000000000004,0.7000000000000001,True
531,18,CARD,13,0,28,107,48,4,1,5,10,3,0.30000000000000004,0.7000000000000001,False
532,18,CLF_UNION,13,0,43,107,57,4,1,5,10,3,0.30000000000000004,0.7000000000000001,False
533,18,ORD-UNION,12,0,19,107,33,4,1,5,10,3,0.30000000000000004,0.7000000000000001,False
534,18,CARD,10,0,25,107,50,4,1,5,10,3,0.30000000000000004,0.7000000000000001,True
535,18,CLF_UNION,12,0,43,107,58,4,1,5,10,3,0.30000000000000004,0.7000000000000001,True
536,18,ORD-UNION,10,0,19,107,34,4,1,5,10,3,0.30000000000000004,0.7000000000000001,True
537,18,CARD,10,0,25,107,50,4,1,5,10,3,0.30000000000000004,0.7000000000000001,False
538,18,CLF_UNION,12,0,43,107,58,4,1,5,10,3,0.30000000000000004,0.7000000000000001,False
539,18,ORD-UNION,10,0,19,107,34,4,1,5,10,3,0.30000000000000004,0.7000000000000001,False
540,19,CARD,8,4,30,117,48,15,5,5,10,3,0.30000000000000004,0.7000000000000001,True
541,19,CLF_UNION,11,1,43,117,55,15,5,5,10,3,0.30000000000000004,0.7000000000000001,True
542,19,ORD-UNION,1,0,3,117,15,15,5,5,10,3,0.30000000000000004,0.7000000000000001,True
543,19,CARD,10,0,28,117,50,4,1,5,10,3,0.30000000000000004,0.7000000000000001,False
544,19,CLF_UNION,12,1,47,117,59,4,1,5,10,3,0.30000000000000004,0.7000000000000001,False
545,19,ORD-UNION,10,0,21,117,33,4,1,5,10,3,0.30000000000000004,0.7000000000000001,False
546,19,CARD,16,0,33,117,49,4,1,5,10,3,0.30000000000000004,0.7000000000000001,True
547,19,CLF_UNION,16,0,51,117,59,4,1,5,10,3,0.30000000000000004,0.7000000000000001,True
548,19,ORD-UNION,14,0,22,117,30,4,1,5,10,3,0.30000000000000004,0.7000000000000001,True
549,19,CARD,16,0,33,117,49,4,1,5,10,3,0.30000000000000004,0.7000000000000001,False
550,19,CLF_UNION,16,0,51,117,59,4,1,5,10,3,0.30000000000000004,0.7000000000000001,False
551,19,ORD-UNION,14,0,22,117,30,4,1,5,10,3,0.30000000000000004,0.7000000000000001,False
552,19,CARD,7,2,28,117,50,4,1,5,10,3,0.30000000000000004,0.7000000000000001,True
553,19,CLF_UNION,8,1,44,117,56,4,1,5,10,3,0.30000000000000004,0.7000000000000001,True
554,19,ORD-UNION,5,0,16,117,28,4,1,5,10,3,0.30000000000000004,0.7000000000000001,True
555,19,CARD,7,2,28,117,50,4,1,5,10,3,0.30000000000000004,0.7000000000000001,False
556,19,CLF_UNION,8,1,44,117,56,4,1,5,10,3,0.30000000000000004,0.7000000000000001,False
557,19,ORD-UNION,5,0,16,117,28,4,1,5,10,3,0.30000000000000004,0.7000000000000001,False
558,19,CARD,16,3,34,117,47,4,1,5,10,3,0.30000000000000004,0.7000000000000001,True
559,19,CLF_UNION,20,1,51,117,60,4,1,5,10,3,0.30000000000000004,0.7000000000000001,True
560,19,ORD-UNION,16,0,22,117,31,4,1,5,10,3,0.30000000000000004,0.7000000000000001,True
561,19,CARD,16,3,34,117,47,4,1,5,10,3,0.30000000000000004,0.7000000000000001,False
562,19,CLF_UNION,20,1,51,117,60,4,1,5,10,3,0.30000000000000004,0.7000000000000001,False
563,19,ORD-UNION,16,0,22,117,31,4,1,5,10,3,0.30000000000000004,0.7000000000000001,False
564,19,CARD,17,0,34,117,48,4,1,5,10,3,0.30000000000000004,0.7000000000000001,True
565,19,CLF_UNION,17,0,49,117,57,4,1,5,10,3,0.30000000000000004,0.7000000000000001,True
566,19,ORD-UNION,17,0,25,117,33,4,1,5,10,3,0.30000000000000004,0.7000000000000001,True
567,19,CARD,17,0,34,117,48,4,1,5,10,3,0.30000000000000004,0.7000000000000001,False
568,19,CLF_UNION,17,0,49,117,57,4,1,5,10,3,0.30000000000000004,0.7000000000000001,False
569,19,ORD-UNION,17,0,25,117,33,4,1,5,10,3,0.30000000000000004,0.7000000000000001,False
570,20,CARD,14,2,32,127,47,15,5,5,10,3,0.30000000000000004,0.7000000000000001,True
571,20,CLF_UNION,16,0,44,127,55,15,5,5,10,3,0.30000000000000004,0.7000000000000001,True
572,20,ORD-UNION,4,0,4,127,15,15,5,5,10,3,0.30000000000000004,0.7000000000000001,True
573,20,CARD,14,0,30,127,49,4,1,5,10,3,0.30000000000000004,0.7000000000000001,False
574,20,CLF_UNION,16,0,45,127,56,4,1,5,10,3,0.30000000000000004,0.7000000000000001,False
575,20,ORD-UNION,14,0,23,127,34,4,1,5,10,3,0.30000000000000004,0.7000000000000001,False
576,20,CARD,11,0,25,127,55,4,1,5,10,3,0.30000000000000004,0.7000000000000001,True
577,20,CLF_UNION,11,0,47,127,57,4,1,5,10,3,0.30000000000000004,0.7000000000000001,True
578,20,ORD-UNION,11,0,20,127,30,4,1,5,10,3,0.30000000000000004,0.7000000000000001,True
579,20,CARD,11,0,25,127,55,4,1,5,10,3,0.30000000000000004,0.7000000000000001,False
580,20,CLF_UNION,11,0,47,127,57,4,1,5,10,3,0.30000000000000004,0.7000000000000001,False
581,20,ORD-UNION,11,0,20,127,30,4,1,5,10,3,0.30000000000000004,0.7000000000000001,False
582,20,CARD,14,1,31,127,50,4,1,5,10,3,0.30000000000000004,0.7000000000000001,True
583,20,CLF_UNION,15,2,48,127,57,4,1,5,10,3,0.30000000000000004,0.7000000000000001,True
584,20,ORD-UNION,12,0,25,127,34,4,1,5,10,3,0.30000000000000004,0.7000000000000001,True
585,20,CARD,14,1,31,127,50,4,1,5,10,3,0.30000000000000004,0.7000000000000001,False
586,20,CLF_UNION,15,2,48,127,57,4,1,5,10,3,0.30000000000000004,0.7000000000000001,False
587,20,ORD-UNION,12,0,25,127,34,4,1,5,10,3,0.30000000000000004,0.7000000000000001,False
588,20,CARD,12,0,30,127,48,4,1,5,10,3,0.30000000000000004,0.7000000000000001,True
589,20,CLF_UNION,12,0,46,127,58,4,1,5,10,3,0.30000000000000004,0.7000000000000001,True
590,20,ORD-UNION,12,0,21,127,33,4,1,5,10,3,0.30000000000000004,0.7000000000000001,True
591,20,CARD,12,0,30,127,48,4,1,5,10,3,0.30000000000000004,0.7000000000000001,False
592,20,CLF_UNION,12,0,46,127,58,4,1,5,10,3,0.30000000000000004,0.7000000000000001,False
593,20,ORD-UNION,12,0,21,127,33,4,1,5,10,3,0.30000000000000004,0.7000000000000001,False
594,20,CARD,20,0,36,127,50,4,1,5,10,3,0.30000000000000004,0.7000000000000001,True
595,20,CLF_UNION,20,0,53,127,57,4,1,5,10,3,0.30000000000000004,0.7000000000000001,True
596,20,ORD-UNION,16,0,26,127,30,4,1,5,10,3,0.30000000000000004,0.7000000000000001,True
597,20,CARD,20,0,36,127,50,4,1,5,10,3,0.30000000000000004,0.7000000000000001,False
598,20,CLF_UNION,20,0,53,127,57,4,1,5,10,3,0.30000000000000004,0.7000000000000001,False
599,20,ORD-UNION,16,0,26,127,30,4,1,5,10,3,0.30000000000000004,0.7000000000000001,False
600,21,CARD,21,0,38,140,48,15,5,5,10,3,0.30000000000000004,0.7000000000000001,True
601,21,CLF_UNION,21,0,52,140,56,15,5,5,10,3,0.30000000000000004,0.7000000000000001,True
602,21,ORD-UNION,2,0,4,140,8,15,5,5,10,3,0.30000000000000004,0.7000000000000001,True
603,21,CARD,18,3,40,140,46,5,1,5,10,3,0.30000000000000004,0.7000000000000001,False
604,21,CLF_UNION,21,0,53,140,57,5,1,5,10,3,0.30000000000000004,0.7000000000000001,False
605,21,ORD-UNION,16,0,24,140,28,5,1,5,10,3,0.30000000000000004,0.7000000000000001,False
606,21,CARD,4,0,22,140,45,5,1,5,10,3,0.30000000000000004,0.7000000000000001,True
607,21,CLF_UNION,4,0,37,140,60,5,1,5,10,3,0.30000000000000004,0.7000000000000001,True
608,21,ORD-UNION,4,0,11,140,34,5,1,5,10,3,0.30000000000000004,0.7000000000000001,True
609,21,CARD,4,0,22,140,45,5,1,5,10,3,0.30000000000000004,0.7000000000000001,False
610,21,CLF_UNION,4,0,37,140,60,5,1,5,10,3,0.30000000000000004,0.7000000000000001,False
611,21,ORD-UNION,4,0,11,140,34,5,1,5,10,3,0.30000000000000004,0.7000000000000001,False
612,21,CARD,13,0,32,140,46,5,1,5,10,3,0.30000000000000004,0.7000000000000001,True
613,21,CLF_UNION,13,0,47,140,59,5,1,5,10,3,0.30000000000000004,0.7000000000000001,True
614,21,ORD-UNION,12,0,24,140,36,5,1,5,10,3,0.30000000000000004,0.7000000000000001,True
615,21,CARD,13,0,32,140,46,5,1,5,10,3,0.30000000000000004,0.7000000000000001,False
616,21,CLF_UNION,13,0,47,140,59,5,1,5,10,3,0.30000000000000004,0.7000000000000001,False
617,21,ORD-UNION,12,0,24,140,36,5,1,5,10,3,0.30000000000000004,0.7000000000000001,False
618,21,CARD,4,0,20,140,46,5,1,5,10,3,0.30000000000000004,0.7000000000000001,True
619,21,CLF_UNION,5,0,31,140,55,5,1,5,10,3,0.30000000000000004,0.7000000000000001,True
620,21,ORD-UNION,2,0,9,140,33,5,1,5,10,3,0.30000000000000004,0.7000000000000001,True
621,21,CARD,4,0,20,140,46,5,1,5,10,3,0.30000000000000004,0.7000000000000001,False
622,21,CLF_UNION,5,0,31,140,55,5,1,5,10,3,0.30000000000000004,0.7000000000000001,False
623,21,ORD-UNION,2,0,9,140,33,5,1,5,10,3,0.30000000000000004,0.7000000000000001,False
624,21,CARD,8,1,30,140,48,5,1,5,10,3,0.30000000000000004,0.7000000000000001,True
625,21,CLF_UNION,9,0,46,140,58,5,1,5,10,3,0.30000000000000004,0.7000000000000001,True
626,21,ORD-UNION,8,0,22,140,34,5,1,5,10,3,0.30000000000000004,0.7000000000000001,True
627,21,CARD,8,1,30,140,48,5,1,5,10,3,0.30000000000000004,0.7000000000000001,False
628,21,CLF_UNION,9,0,46,140,58,5,1,5,10,3,0.30000000000000004,0.7000000000000001,False
629,21,ORD-UNION,8,0,22,140,34,5,1,5,10,3,0.30000000000000004,0.7000000000000001,False
630,22,CARD,10,0,28,151,52,15,5,5,10,3,0.30000000000000004,0.7000000000000001,True
631,22,CLF_UNION,11,0,45,151,55,15,5,5,10,3,0.30000000000000004,0.7000000000000001,True
632,22,ORD-UNION,3,0,6,151,16,15,5,5,10,3,0.30000000000000004,0.7000000000000001,True
633,22,CARD,8,1,32,151,48,5,1,5,10,3,0.30000000000000004,0.7000000000000001,False
634,22,CLF_UNION,11,2,52,151,62,5,1,5,10,3,0.30000000000000004,0.7000000000000001,False
635,22,ORD-UNION,8,0,22,151,32,5,1,5,10,3,0.30000000000000004,0.7000000000000001,False
636,22,CARD,18,0,36,151,48,5,1,5,10,3,0.30000000000000004,0.7000000000000001,True
637,22,CLF_UNION,19,1,54,151,60,5,1,5,10,3,0.30000000000000004,0.7000000000000001,True
638,22,ORD-UNION,17,0,27,151,33,5,1,5,10,3,0.30000000000000004,0.7000000000000001,True
639,22,CARD,18,0,36,151,48,5,1,5,10,3,0.30000000000000004,0.7000000000000001,False
640,22,CLF_UNION,19,1,54,151,60,5,1,5,10,3,0.30000000000000004,0.7000000000000001,False
641,22,ORD-UNION,17,0,27,151,33,5,1,5,10,3,0.30000000000000004,0.7000000000000001,False
642,22,CARD,4,0,24,151,46,5,1,5,10,3,0.30000000000000004,0.7000000000000001,True
643,22,CLF_UNION,4,0,39,151,59,5,1,5,10,3,0.30000000000000004,0.7000000000000001,True
644,22,ORD-UNION,4,0,21,151,41,5,1,5,10,3,0.30000000000000004,0.7000000000000001,True
645,22,CARD,4,0,24,151,46,5,1,5,10,3,0.30000000000000004,0.7000000000000001,False
646,22,CLF_UNION,4,0,39,151,59,5,1,5,10,3,0.30000000000000004,0.7000000000000001,False
647,22,ORD-UNION,4,0,21,151,41,5,1,5,10,3,0.30000000000000004,0.7000000000000001,False
648,22,CARD,9,0,31,151,47,5,1,5,10,3,0.30000000000000004,0.7000000000000001,True
649,22,CLF_UNION,9,0,49,151,61,5,1,5,10,3,0.30000000000000004,0.7000000000000001,True
650,22,ORD-UNION,9,0,22,151,34,5,1,5,10,3,0.30000000000000004,0.7000000000000001,True
651,22,CARD,9,0,31,151,47,5,1,5,10,3,0.30000000000000004,0.7000000000000001,False
652,22,CLF_UNION,9,0,49,151,61,5,1,5,10,3,0.30000000000000004,0.7000000000000001,False
653,22,ORD-UNION,9,0,22,151,34,5,1,5,10,3,0.30000000000000004,0.7000000000000001,False
654,22,CARD,15,1,34,151,45,5,1,5,10,3,0.30000000000000004,0.7000000000000001,True
655,22,CLF_UNION,16,0,45,151,56,5,1,5,10,3,0.30000000000000004,0.7000000000000001,True
656,22,ORD-UNION,15,0,27,151,38,5,1,5,10,3,0.30000000000000004,0.7000000000000001,True
657,22,CARD,15,1,34,151,45,5,1,5,10,3,0.30000000000000004,0.7000000000000001,False
658,22,CLF_UNION,16,0,45,151,56,5,1,5,10,3,0.30000000000000004,0.7000000000000001,False
659,22,ORD-UNION,15,0,27,151,38,5,1,5,10,3,0.30000000000000004,0.7000000000000001,False
660,23,CARD,0,0,15,165,50,15,5,5,10,3,0.30000000000000004,0.7000000000000001,True
661,23,CLF_UNION,0,0,33,165,58,15,5,5,10,3,0.30000000000000004,0.7000000000000001,True
662,23,ORD-UNION,0,0,4,165,29,15,5,5,10,3,0.30000000000000004,0.7000000000000001,True
663,23,CARD,0,0,18,165,47,5,1,5,10,3,0.30000000000000004,0.7000000000000001,False
664,23,CLF_UNION,0,0,32,165,57,5,1,5,10,3,0.30000000000000004,0.7000000000000001,False
665,23,ORD-UNION,0,0,10,165,35,5,1,5,10,3,0.30000000000000004,0.7000000000000001,False
666,23,CARD,13,0,33,165,45,5,1,5,10,3,0.30000000000000004,0.7000000000000001,True
667,23,CLF_UNION,13,0,44,165,56,5,1,5,10,3,0.30000000000000004,0.7000000000000001,True
668,23,ORD-UNION,13,0,25,165,37,5,1,5,10,3,0.30000000000000004,0.7000000000000001,True
669,23,CARD,13,0,33,165,45,5,1,5,10,3,0.30000000000000004,0.7000000000000001,False
670,23,CLF_UNION,13,0,44,165,56,5,1,5,10,3,0.30000000000000004,0.7000000000000001,False
671,23,ORD-UNION,13,0,25,165,37,5,1,5,10,3,0.30000000000000004,0.7000000000000001,False
672,23,CARD,10,0,30,165,45,5,1,5,10,3,0.30000000000000004,0.7000000000000001,True
673,23,CLF_UNION,10,0,40,165,55,5,1,5,10,3,0.30000000000000004,0.7000000000000001,True
674,23,ORD-UNION,9,0,20,165,35,5,1,5,10,3,0.30000000000000004,0.7000000000000001,True
675,23,CARD,10,0,30,165,45,5,1,5,10,3,0.30000000000000004,0.7000000000000001,False
676,23,CLF_UNION,10,0,40,165,55,5,1,5,10,3,0.30000000000000004,0.7000000000000001,False
677,23,ORD-UNION,9,0,20,165,35,5,1,5,10,3,0.30000000000000004,0.7000000000000001,False
678,23,CARD,12,0,30,165,45,5,1,5,10,3,0.30000000000000004,0.7000000000000001,True
679,23,CLF_UNION,12,0,43,165,58,5,1,5,10,3,0.30000000000000004,0.7000000000000001,True
680,23,ORD-UNION,12,0,27,165,42,5,1,5,10,3,0.30000000000000004,0.7000000000000001,True
681,23,CARD,12,0,30,165,45,5,1,5,10,3,0.30000000000000004,0.7000000000000001,False
682,23,CLF_UNION,12,0,43,165,58,5,1,5,10,3,0.30000000000000004,0.7000000000000001,False
683,23,ORD-UNION,12,0,27,165,42,5,1,5,10,3,0.30000000000000004,0.7000000000000001,False
684,23,CARD,10,0,27,165,46,5,1,5,10,3,0.30000000000000004,0.7000000000000001,True
685,23,CLF_UNION,10,0,40,165,57,5,1,5,10,3,0.30000000000000004,0.7000000000000001,True
686,23,ORD-UNION,10,0,23,165,40,5,1,5,10,3,0.30000000000000004,0.7000000000000001,True
687,23,CARD,10,0,27,165,46,5,1,5,10,3,0.30000000000000004,0.7000000000000001,False
688,23,CLF_UNION,10,0,40,165,57,5,1,5,10,3,0.30000000000000004,0.7000000000000001,False
689,23,ORD-UNION,10,0,23,165,40,5,1,5,10,3,0.30000000000000004,0.7000000000000001,False
690,24,CARD,10,0,33,179,51,15,5,5,10,3,0.30000000000000004,0.7000000000000001,True
691,24,CLF_UNION,10,0,50,179,56,15,5,5,10,3,0.30000000000000004,0.7000000000000001,True
692,24,ORD-UNION,6,0,6,179,12,15,5,5,10,3,0.30000000000000004,0.7000000000000001,True
693,24,CARD,10,0,39,179,45,5,1,5,10,3,0.30000000000000004,0.7000000000000001,False
694,24,CLF_UNION,10,0,49,179,55,5,1,5,10,3,0.30000000000000004,0.7000000000000001,False
695,24,ORD-UNION,10,0,31,179,37,5,1,5,10,3,0.30000000000000004,0.7000000000000001,False
696,24,CARD,15,0,30,179,46,5,1,5,10,3,0.30000000000000004,0.7000000000000001,True
697,24,CLF_UNION,14,1,41,179,55,5,1,5,10,3,0.30000000000000004,0.7000000000000001,True
698,24,ORD-UNION,14,0,27,179,41,5,1,5,10,3,0.30000000000000004,0.7000000000000001,True
699,24,CARD,15,0,30,179,46,5,1,5,10,3,0.30000000000000004,0.7000000000000001,False
700,24,CLF_UNION,14,1,41,179,55,5,1,5,10,3,0.30000000000000004,0.7000000000000001,False
701,24,ORD-UNION,14,0,27,179,41,5,1,5,10,3,0.30000000000000004,0.7000000000000001,False
702,24,CARD,8,0,29,179,45,5,1,5,10,3,0.30000000000000004,0.7000000000000001,True
703,24,CLF_UNION,8,0,39,179,55,5,1,5,10,3,0.30000000000000004,0.7000000000000001,True
704,24,ORD-UNION,8,0,24,179,40,5,1,5,10,3,0.30000000000000004,0.7000000000000001,True
705,24,CARD,8,0,29,179,45,5,1,5,10,3,0.30000000000000004,0.7000000000000001,False
706,24,CLF_UNION,8,0,39,179,55,5,1,5,10,3,0.30000000000000004,0.7000000000000001,False
707,24,ORD-UNION,8,0,24,179,40,5,1,5,10,3,0.30000000000000004,0.7000000000000001,False
708,24,CARD,12,0,27,179,46,5,1,5,10,3,0.30000000000000004,0.7000000000000001,True
709,24,CLF_UNION,12,0,38,179,55,5,1,5,10,3,0.30000000000000004,0.7000000000000001,True
710,24,ORD-UNION,12,0,24,179,41,5,1,5,10,3,0.30000000000000004,0.7000000000000001,True
711,24,CARD,12,0,27,179,46,5,1,5,10,3,0.30000000000000004,0.7000000000000001,False
712,24,CLF_UNION,12,0,38,179,55,5,1,5,10,3,0.30000000000000004,0.7000000000000001,False
713,24,ORD-UNION,12,0,24,179,41,5,1,5,10,3,0.30000000000000004,0.7000000000000001,False
714,24,CARD,0,0,21,179,46,5,1,5,10,3,0.30000000000000004,0.7000000000000001,True
715,24,CLF_UNION,0,0,32,179,55,5,1,5,10,3,0.30000000000000004,0.7000000000000001,True
716,24,ORD-UNION,0,0,19,179,42,5,1,5,10,3,0.30000000000000004,0.7000000000000001,True
717,24,CARD,0,0,21,179,46,5,1,5,10,3,0.30000000000000004,0.7000000000000001,False
718,24,CLF_UNION,0,0,32,179,55,5,1,5,10,3,0.30000000000000004,0.7000000000000001,False
719,24,ORD-UNION,0,0,19,179,42,5,1,5,10,3,0.30000000000000004,0.7000000000000001,False
720,1,CARD,6,12,25,1,65,15,5,5,10,3,0.30000000000000004,0.7000000000000001,True
721,1,CLF_UNION,14,20,64,1,64,15,5,5,10,3,0.30000000000000004,0.7000000000000001,True
722,1,ORD-UNION,0,0,0,1,0,15,5,5,10,3,0.30000000000000004,0.7000000000000001,True
723,1,CARD,6,12,25,1,65,1,1,5,10,3,0.30000000000000004,0.7000000000000001,False
724,1,CLF_UNION,17,23,75,1,75,1,1,5,10,3,0.30000000000000004,0.7000000000000001,False
725,1,ORD-UNION,6,12,25,1,25,1,1,5,10,3,0.30000000000000004,0.7000000000000001,False
726,1,CARD,4,8,24,1,66,1,1,5,10,3,0.30000000000000004,0.7000000000000001,True
727,1,CLF_UNION,16,20,76,1,76,1,1,5,10,3,0.30000000000000004,0.7000000000000001,True
728,1,ORD-UNION,4,8,24,1,24,1,1,5,10,3,0.30000000000000004,0.7000000000000001,True
729,1,CARD,4,8,24,1,66,1,1,5,10,3,0.30000000000000004,0.7000000000000001,False
730,1,CLF_UNION,16,20,76,1,76,1,1,5,10,3,0.30000000000000004,0.7000000000000001,False
731,1,ORD-UNION,4,8,24,1,24,1,1,5,10,3,0.30000000000000004,0.7000000000000001,False
732,1,CARD,0,12,24,1,66,1,1,5,10,3,0.30000000000000004,0.7000000000000001,True
733,1,CLF_UNION,9,21,76,1,76,1,1,5,10,3,0.30000000000000004,0.7000000000000001,True
734,1,ORD-UNION,0,12,24,1,24,1,1,5,10,3,0.30000000000000004,0.7000000000000001,True
735,1,CARD,0,12,24,1,66,1,1,5,10,3,0.30000000000000004,0.7000000000000001,False
736,1,CLF_UNION,9,21,76,1,76,1,1,5,10,3,0.30000000000000004,0.7000000000000001,False
737,1,ORD-UNION,0,12,24,1,24,1,1,5,10,3,0.30000000000000004,0.7000000000000001,False
738,1,CARD,4,6,24,1,66,1,1,5,10,3,0.30000000000000004,0.7000000000000001,True
739,1,CLF_UNION,15,17,76,1,76,1,1,5,10,3,0.30000000000000004,0.7000000000000001,True
740,1,ORD-UNION,4,6,24,1,24,1,1,5,10,3,0.30000000000000004,0.7000000000000001,True
741,1,CARD,4,6,24,1,66,1,1,5,10,3,0.30000000000000004,0.7000000000000001,False
742,1,CLF_UNION,15,17,76,1,76,1,1,5,10,3,0.30000000000000004,0.7000000000000001,False
743,1,ORD-UNION,4,6,24,1,24,1,1,5,10,3,0.30000000000000004,0.7000000000000001,False
744,1,CARD,0,12,21,1,69,1,1,5,10,3,0.30000000000000004,0.7000000000000001,True
745,1,CLF_UNION,12,24,79,1,79,1,1,5,10,3,0.30000000000000004,0.7000000000000001,True
746,1,ORD-UNION,0,12,21,1,21,1,1,5,10,3,0.30000000000000004,0.7000000000000001,True
747,1,CARD,0,12,21,1,69,1,1,5,10,3,0.30000000000000004,0.7000000000000001,False
748,1,CLF_UNION,12,24,79,1,79,1,1,5,10,3,0.30000000000000004,0.7000000000000001,False
749,1,ORD-UNION,0,12,21,1,21,1,1,5,10,3,0.30000000000000004,0.7000000000000001,False
750,2,CARD,3,18,37,3,53,15,5,5,10,3,0.30000000000000004,0.7000000000000001,True
751,2,CLF_UNION,12,16,65,3,65,15,5,5,10,3,0.30000000000000004,0.7000000000000001,True
752,2,ORD-UNION,0,0,0,3,0,15,5,5,10,3,0.30000000000000004,0.7000000000000001,True
753,2,CARD,7,11,35,3,55,2,1,5,10,3,0.30000000000000004,0.7000000000000001,False
754,2,CLF_UNION,16,20,76,3,76,2,1,5,10,3,0.30000000000000004,0.7000000000000001,False
755,2,ORD-UNION,7,11,35,3,35,2,1,5,10,3,0.30000000000000004,0.7000000000000001,False
756,2,CARD,9,8,35,3,55,2,1,5,10,3,0.30000000000000004,0.7000000000000001,True
757,2,CLF_UNION,13,18,75,3,75,2,1,5,10,3,0.30000000000000004,0.7000000000000001,True
758,2,ORD-UNION,9,8,35,3,35,2,1,5,10,3,0.30000000000000004,0.7000000000000001,True
759,2,CARD,9,8,35,3,55,2,1,5,10,3,0.30000000000000004,0.7000000000000001,False
760,2,CLF_UNION,13,18,75,3,75,2,1,5,10,3,0.30000000000000004,0.7000000000000001,False
761,2,ORD-UNION,9,8,35,3,35,2,1,5,10,3,0.30000000000000004,0.7000000000000001,False
762,2,CARD,10,10,37,3,53,2,1,5,10,3,0.30000000000000004,0.7000000000000001,True
763,2,CLF_UNION,16,20,76,3,76,2,1,5,10,3,0.30000000000000004,0.7000000000000001,True
764,2,ORD-UNION,10,10,37,3,37,2,1,5,10,3,0.30000000000000004,0.7000000000000001,True
765,2,CARD,10,10,37,3,53,2,1,5,10,3,0.30000000000000004,0.7000000000000001,False
766,2,CLF_UNION,16,20,76,3,76,2,1,5,10,3,0.30000000000000004,0.7000000000000001,False
767,2,ORD-UNION,10,10,37,3,37,2,1,5,10,3,0.30000000000000004,0.7000000000000001,False
768,2,CARD,10,8,37,3,53,2,1,5,10,3,0.30000000000000004,0.7000000000000001,True
769,2,CLF_UNION,18,18,75,3,75,2,1,5,10,3,0.30000000000000004,0.7000000000000001,True
770,2,ORD-UNION,10,8,37,3,37,2,1,5,10,3,0.30000000000000004,0.7000000000000001,True
771,2,CARD,10,8,37,3,53,2,1,5,10,3,0.30000000000000004,0.7000000000000001,False
772,2,CLF_UNION,18,18,75,3,75,2,1,5,10,3,0.30000000000000004,0.7000000000000001,False
773,2,ORD-UNION,10,8,37,3,37,2,1,5,10,3,0.30000000000000004,0.7000000000000001,False
774,2,CARD,18,2,36,3,54,2,1,5,10,3,0.30000000000000004,0.7000000000000001,True
775,2,CLF_UNION,23,9,76,3,76,2,1,5,10,3,0.30000000000000004,0.7000000000000001,True
776,2,ORD-UNION,18,2,36,3,36,2,1,5,10,3,0.30000000000000004,0.7000000000000001,True
777,2,CARD,18,2,36,3,54,2,1,5,10,3,0.30000000000000004,0.7000000000000001,False
778,2,CLF_UNION,23,9,76,3,76,2,1,5,10,3,0.30000000000000004,0.7000000000000001,False
779,2,ORD-UNION,18,2,36,3,36,2,1,5,10,3,0.30000000000000004,0.7000000000000001,False
780,3,CARD,8,10,38,5,50,15,5,5,10,3,0.30000000000000004,0.7000000000000001,True
781,3,CLF_UNION,10,11,53,5,55,15,5,5,10,3,0.30000000000000004,0.7000000000000001,True
782,3,ORD-UNION,0,0,0,5,2,15,5,5,10,3,0.30000000000000004,0.7000000000000001,True
783,3,CARD,9,7,36,5,52,3,1,5,10,3,0.30000000000000004,0.7000000000000001,False
784,3,CLF_UNION,15,20,75,5,77,3,1,5,10,3,0.30000000000000004,0.7000000000000001,False
785,3,ORD-UNION,9,7,36,5,38,3,1,5,10,3,0.30000000000000004,0.7000000000000001,False
786,3,CARD,11,11,40,5,50,3,1,5,10,3,0.30000000000000004,0.7000000000000001,True
787,3,CLF_UNION,15,18,69,5,69,3,1,5,10,3,0.30000000000000004,0.7000000000000001,True
788,3,ORD-UNION,11,11,40,5,40,3,1,5,10,3,0.30000000000000004,0.7000000000000001,True
789,3,CARD,11,11,40,5,50,3,1,5,10,3,0.30000000000000004,0.7000000000000001,False
790,3,CLF_UNION,15,18,69,5,69,3,1,5,10,3,0.30000000000000004,0.7000000000000001,False
791,3,ORD-UNION,11,11,40,5,40,3,1,5,10,3,0.30000000000000004,0.7000000000000001,False
792,3,CARD,15,10,42,5,48,3,1,5,10,3,0.30000000000000004,0.7000000000000001,True
793,3,CLF_UNION,17,17,68,5,68,3,1,5,10,3,0.30000000000000004,0.7000000000000001,True
794,3,ORD-UNION,15,10,42,5,42,3,1,5,10,3,0.30000000000000004,0.7000000000000001,True
795,3,CARD,15,10,42,5,48,3,1,5,10,3,0.30000000000000004,0.7000000000000001,False
796,3,CLF_UNION,17,17,68,5,68,3,1,5,10,3,0.30000000000000004,0.7000000000000001,False
797,3,ORD-UNION,15,10,42,5,42,3,1,5,10,3,0.30000000000000004,0.7000000000000001,False
798,3,CARD,9,10,39,5,51,3,1,5,10,3,0.30000000000000004,0.7000000000000001,True
799,3,CLF_UNION,16,17,69,5,69,3,1,5,10,3,0.30000000000000004,0.7000000000000001,True
800,3,ORD-UNION,9,10,39,5,39,3,1,5,10,3,0.30000000000000004,0.7000000000000001,True
801,3,CARD,9,10,39,5,51,3,1,5,10,3,0.30000000000000004,0.7000000000000001,False
802,3,CLF_UNION,16,17,69,5,69,3,1,5,10,3,0.30000000000000004,0.7000000000000001,False
803,3,ORD-UNION,9,10,39,5,39,3,1,5,10,3,0.30000000000000004,0.7000000000000001,False
804,3,CARD,11,2,40,5,49,3,1,5,10,3,0.30000000000000004,0.7000000000000001,True
805,3,CLF_UNION,13,8,68,5,69,3,1,5,10,3,0.30000000000000004,0.7000000000000001,True
806,3,ORD-UNION,11,2,40,5,41,3,1,5,10,3,0.30000000000000004,0.7000000000000001,True
807,3,CARD,11,2,40,5,49,3,1,5,10,3,0.30000000000000004,0.7000000000000001,False
808,3,CLF_UNION,13,8,68,5,69,3,1,5,10,3,0.30000000000000004,0.7000000000000001,False
809,3,ORD-UNION,11,2,40,5,41,3,1,5,10,3,0.30000000000000004,0.7000000000000001,False
810,4,CARD,10,9,34,7,56,15,5,5,10,3,0.30000000000000004,0.7000000000000001,True
811,4,CLF_UNION,10,18,56,7,56,15,5,5,10,3,0.30000000000000004,0.7000000000000001,True
812,4,ORD-UNION,0,0,0,7,0,15,5,5,10,3,0.30000000000000004,0.7000000000000001,True
813,4,CARD,14,11,42,7,48,3,1,5,10,3,0.30000000000000004,0.7000000000000001,False
814,4,CLF_UNION,16,13,58,7,58,3,1,5,10,3,0.30000000000000004,0.7000000000000001,False
815,4,ORD-UNION,14,9,40,7,40,3,1,5,10,3,0.30000000000000004,0.7000000000000001,False
816,4,CARD,13,5,38,7,50,3,1,5,10,3,0.30000000000000004,0.7000000000000001,True
817,4,CLF_UNION,14,6,58,7,60,3,1,5,10,3,0.30000000000000004,0.7000000000000001,True
818,4,ORD-UNION,13,5,37,7,39,3,1,5,10,3,0.30000000000000004,0.7000000000000001,True
819,4,CARD,13,5,38,7,50,3,1,5,10,3,0.30000000000000004,0.7000000000000001,False
820,4,CLF_UNION,14,6,58,7,60,3,1,5,10,3,0.30000000000000004,0.7000000000000001,False
821,4,ORD-UNION,13,5,37,7,39,3,1,5,10,3,0.30000000000000004,0.7000000000000001,False
822,4,CARD,9,10,42,7,48,3,1,5,10,3,0.30000000000000004,0.7000000000000001,True
823,4,CLF_UNION,11,12,58,7,58,3,1,5,10,3,0.30000000000000004,0.7000000000000001,True
824,4,ORD-UNION,9,9,40,7,40,3,1,5,10,3,0.30000000000000004,0.7000000000000001,True
825,4,CARD,9,10,42,7,48,3,1,5,10,3,0.30000000000000004,0.7000000000000001,False
826,4,CLF_UNION,11,12,58,7,58,3,1,5,10,3,0.30000000000000004,0.7000000000000001,False
827,4,ORD-UNION,9,9,40,7,40,3,1,5,10,3,0.30000000000000004,0.7000000000000001,False
828,4,CARD,13,4,39,7,50,3,1,5,10,3,0.30000000000000004,0.7000000000000001,True
829,4,CLF_UNION,16,7,59,7,60,3,1,5,10,3,0.30000000000000004,0.7000000000000001,True
830,4,ORD-UNION,13,2,36,7,37,3,1,5,10,3,0.30000000000000004,0.7000000000000001,True
831,4,CARD,13,4,39,7,50,3,1,5,10,3,0.30000000000000004,0.7000000000000001,False
832,4,CLF_UNION,16,7,59,7,60,3,1,5,10,3,0.30000000000000004,0.7000000000000001,False
833,4,ORD-UNION,13,2,36,7,37,3,1,5,10,3,0.30000000000000004,0.7000000000000001,False
834,4,CARD,13,7,41,7,49,3,1,5,10,3,0.30000000000000004,0.7000000000000001,True
835,4,CLF_UNION,16,10,59,7,59,3,1,5,10,3,0.30000000000000004,0.7000000000000001,True
836,4,ORD-UNION,12,6,38,7,38,3,1,5,10,3,0.30000000000000004,0.7000000000000001,True
837,4,CARD,13,7,41,7,49,3,1,5,10,3,0.30000000000000004,0.7000000000000001,False
838,4,CLF_UNION,16,10,59,7,59,3,1,5,10,3,0.30000000000000004,0.7000000000000001,False
839,4,ORD-UNION,12,6,38,7,38,3,1,5,10,3,0.30000000000000004,0.7000000000000001,False
840,5,CARD,16,6,40,9,50,15,5,5,10,3,0.30000000000000004,0.7000000000000001,True
841,5,CLF_UNION,20,5,55,9,55,15,5,5,10,3,0.30000000000000004,0.7000000000000001,True
842,5,ORD-UNION,1,0,1,9,1,15,5,5,10,3,0.30000000000000004,0.7000000000000001,True
843,5,CARD,15,8,42,9,48,3,1,5,10,3,0.30000000000000004,0.7000000000000001,False
844,5,CLF_UNION,17,12,60,9,60,3,1,5,10,3,0.30000000000000004,0.7000000000000001,False
845,5,ORD-UNION,13,8,40,9,40,3,1,5,10,3,0.30000000000000004,0.7000000000000001,False
846,5,CARD,13,8,41,9,49,3,1,5,10,3,0.30000000000000004,0.7000000000000001,True
847,5,CLF_UNION,16,11,59,9,59,3,1,5,10,3,0.30000000000000004,0.7000000000000001,True
848,5,ORD-UNION,13,8,41,9,41,3,1,5,10,3,0.30000000000000004,0.7000000000000001,True
849,5,CARD,13,8,41,9,49,3,1,5,10,3,0.30000000000000004,0.7000000000000001,False
850,5,CLF_UNION,16,11,59,9,59,3,1,5,10,3,0.30000000000000004,0.7000000000000001,False
851,5,ORD-UNION,13,8,41,9,41,3,1,5,10,3,0.30000000000000004,0.7000000000000001,False
852,5,CARD,10,14,40,9,50,3,1,5,10,3,0.30000000000000004,0.7000000000000001,True
853,5,CLF_UNION,13,17,61,9,61,3,1,5,10,3,0.30000000000000004,0.7000000000000001,True
854,5,ORD-UNION,10,14,39,9,39,3,1,5,10,3,0.30000000000000004,0.7000000000000001,True
855,5,CARD,10,14,40,9,50,3,1,5,10,3,0.30000000000000004,0.7000000000000001,False
856,5,CLF_UNION,13,17,61,9,61,3,1,5,10,3,0.30000000000000004,0.7000000000000001,False
857,5,ORD-UNION,10,14,39,9,39,3,1,5,10,3,0.30000000000000004,0.7000000000000001,False
858,5,CARD,16,8,39,9,51,3,1,5,10,3,0.30000000000000004,0.7000000000000001,True
859,5,CLF_UNION,17,9,61,9,61,3,1,5,10,3,0.30000000000000004,0.7000000000000001,True
860,5,ORD-UNION,16,8,39,9,39,3,1,5,10,3,0.30000000000000004,0.7000000000000001,True
861,5,CARD,16,8,39,9,51,3,1,5,10,3,0.30000000000000004,0.7000000000000001,False
862,5,CLF_UNION,17,9,61,9,61,3,1,5,10,3,0.30000000000000004,0.7000000000000001,False
863,5,ORD-UNION,16,8,39,9,39,3,1,5,10,3,0.30000000000000004,0.7000000000000001,False
864,5,CARD,15,6,42,9,48,3,1,5,10,3,0.30000000000000004,0.7000000000000001,True
865,5,CLF_UNION,15,8,60,9,60,3,1,5,10,3,0.30000000000000004,0.7000000000000001,True
866,5,ORD-UNION,13,6,40,9,40,3,1,5,10,3,0.30000000000000004,0.7000000000000001,True
867,5,CARD,15,6,42,9,48,3,1,5,10,3,0.30000000000000004,0.7000000000000001,False
868,5,CLF_UNION,15,8,60,9,60,3,1,5,10,3,0.30000000000000004,0.7000000000000001,False
869,5,ORD-UNION,13,6,40,9,40,3,1,5,10,3,0.30000000000000004,0.7000000000000001,False
870,6,CARD,19,1,36,11,52,15,5,5,10,3,0.30000000000000004,0.7000000000000001,True
871,6,CLF_UNION,22,0,54,11,56,15,5,5,10,3,0.30000000000000004,0.7000000000000001,True
872,6,ORD-UNION,1,0,1,11,3,15,5,5,10,3,0.30000000000000004,0.7000000000000001,True
873,6,CARD,20,0,39,11,49,3,1,5,10,3,0.30000000000000004,0.7000000000000001,False
874,6,CLF_UNION,22,2,58,11,60,3,1,5,10,3,0.30000000000000004,0.7000000000000001,False
875,6,ORD-UNION,20,0,38,11,40,3,1,5,10,3,0.30000000000000004,0.7000000000000001,False
876,6,CARD,14,12,42,11,48,3,1,5,10,3,0.30000000000000004,0.7000000000000001,True
877,6,CLF_UNION,15,13,60,11,60,3,1,5,10,3,0.30000000000000004,0.7000000000000001,True
878,6,ORD-UNION,14,12,40,11,40,3,1,5,10,3,0.30000000000000004,0.7000000000000001,True
879,6,CARD,14,12,42,11,48,3,1,5,10,3,0.30000000000000004,0.7000000000000001,False
880,6,CLF_UNION,15,13,60,11,60,3,1,5,10,3,0.30000000000000004,0.7000000000000001,False
881,6,ORD-UNION,14,12,40,11,40,3,1,5,10,3,0.30000000000000004,0.7000000000000001,False
882,6,CARD,15,11,41,11,48,3,1,5,10,3,0.30000000000000004,0.7000000000000001,True
883,6,CLF_UNION,17,14,59,11,60,3,1,5,10,3,0.30000000000000004,0.7000000000000001,True
884,6,ORD-UNION,14,11,39,11,40,3,1,5,10,3,0.30000000000000004,0.7000000000000001,True
885,6,CARD,15,11,41,11,48,3,1,5,10,3,0.30000000000000004,0.7000000000000001,False
886,6,CLF_UNION,17,14,59,11,60,3,1,5,10,3,0.30000000000000004,0.7000000000000001,False
887,6,ORD-UNION,14,11,39,11,40,3,1,5,10,3,0.30000000000000004,0.7000000000000001,False
888,6,CARD,13,10,41,11,49,3,1,5,10,3,0.30000000000000004,0.7000000000000001,True
889,6,CLF_UNION,14,13,63,11,63,3,1,5,10,3,0.30000000000000004,0.7000000000000001,True
890,6,ORD-UNION,11,10,37,11,37,3,1,5,10,3,0.30000000000000004,0.7000000000000001,True
891,6,CARD,13,10,41,11,49,3,1,5,10,3,0.30000000000000004,0.7000000000000001,False
892,6,CLF_UNION,14,13,63,11,63,3,1,5,10,3,0.30000000000000004,0.7000000000000001,False
893,6,ORD-UNION,11,10,37,11,37,3,1,5,10,3,0.30000000000000004,0.7000000000000001,False
894,6,CARD,14,1,35,11,52,3,1,5,10,3,0.30000000000000004,0.7000000000000001,True
895,6,CLF_UNION,17,4,59,11,62,3,1,5,10,3,0.30000000000000004,0.7000000000000001,True
896,6,ORD-UNION,14,1,35,11,38,3,1,5,10,3,0.30000000000000004,0.7000000000000001,True
897,6,CARD,14,1,35,11,52,3,1,5,10,3,0.30000000000000004,0.7000000000000001,False
898,6,CLF_UNION,17,4,59,11,62,3,1,5,10,3,0.30000000000000004,0.7000000000000001,False
899,6,ORD-UNION,14,1,35,11,38,3,1,5,10,3,0.30000000000000004,0.7000000000000001,False
900,7,CARD,11,2,26,13,61,15,5,5,10,3,0.30000000000000004,0.7000000000000001,True
901,7,CLF_UNION,11,2,57,13,60,15,5,5,10,3,0.30000000000000004,0.7000000000000001,True
902,7,ORD-UNION,0,0,1,13,4,15,5,5,10,3,0.30000000000000004,0.7000000000000001,True
903,7,CARD,7,4,37,13,50,3,1,5,10,3,0.30000000000000004,0.7000000000000001,False
904,7,CLF_UNION,11,6,63,13,66,3,1,5,10,3,0.30000000000000004,0.7000000000000001,False
905,7,ORD-UNION,7,2,31,13,34,3,1,5,10,3,0.30000000000000004,0.7000000000000001,False
906,7,CARD,8,10,35,13,55,3,1,5,10,3,0.30000000000000004,0.7000000000000001,True
907,7,CLF_UNION,17,17,68,13,68,3,1,5,10,3,0.30000000000000004,0.7000000000000001,True
908,7,ORD-UNION,8,8,32,13,32,3,1,5,10,3,0.30000000000000004,0.7000000000000001,True
909,7,CARD,8,10,35,13,55,3,1,5,10,3,0.30000000000000004,0.7000000000000001,False
910,7,CLF_UNION,17,17,68,13,68,3,1,5,10,3,0.30000000000000004,0.7000000000000001,False
911,7,ORD-UNION,8,8,32,13,32,3,1,5,10,3,0.30000000000000004,0.7000000000000001,False
912,7,CARD,10,9,40,13,50,3,1,5,10,3,0.30000000000000004,0.7000000000000001,True
913,7,CLF_UNION,14,11,63,13,63,3,1,5,10,3,0.30000000000000004,0.7000000000000001,True
914,7,ORD-UNION,10,7,37,13,37,3,1,5,10,3,0.30000000000000004,0.7000000000000001,True
915,7,CARD,10,9,40,13,50,3,1,5,10,3,0.30000000000000004,0.7000000000000001,False
916,7,CLF_UNION,14,11,63,13,63,3,1,5,10,3,0.30000000000000004,0.7000000000000001,False
917,7,ORD-UNION,10,7,37,13,37,3,1,5,10,3,0.30000000000000004,0.7000000000000001,False
918,7,CARD,10,10,39,13,51,3,1,5,10,3,0.30000000000000004,0.7000000000000001,True
919,7,CLF_UNION,15,14,64,13,64,3,1,5,10,3,0.30000000000000004,0.7000000000000001,True
920,7,ORD-UNION,10,9,36,13,36,3,1,5,10,3,0.30000000000000004,0.7000000000000001,True
921,7,CARD,10,10,39,13,51,3,1,5,10,3,0.30000000000000004,0.7000000000000001,False
922,7,CLF_UNION,15,14,64,13,64,3,1,5,10,3,0.30000000000000004,0.7000000000000001,False
923,7,ORD-UNION,10,9,36,13,36,3,1,5,10,3,0.30000000000000004,0.7000000000000001,False
924,7,CARD,18,1,40,13,50,3,1,5,10,3,0.30000000000000004,0.7000000000000001,True
925,7,CLF_UNION,20,3,61,13,61,3,1,5,10,3,0.30000000000000004,0.7000000000000001,True
926,7,ORD-UNION,18,1,39,13,39,3,1,5,10,3,0.30000000000000004,0.7000000000000001,True
927,7,CARD,18,1,40,13,50,3,1,5,10,3,0.30000000000000004,0.7000000000000001,False
928,7,CLF_UNION,20,3,61,13,61,3,1,5,10,3,0.30000000000000004,0.7000000000000001,False
929,7,ORD-UNION,18,1,39,13,39,3,1,5,10,3,0.30000000000000004,0.7000000000000001,False
930,8,CARD,9,15,33,20,54,15,5,5,10,3,0.30000000000000004,0.7000000000000001,True
931,8,CLF_UNION,10,17,56,20,59,15,5,5,10,3,0.30000000000000004,0.7000000000000001,True
932,8,ORD-UNION,0,0,1,20,4,15,5,5,10,3,0.30000000000000004,0.7000000000000001,True
933,8,CARD,9,16,41,20,46,5,1,5,10,3,0.30000000000000004,0.7000000000000001,False
934,8,CLF_UNION,9,17,52,20,55,5,1,5,10,3,0.30000000000000004,0.7000000000000001,False
935,8,ORD-UNION,5,11,28,20,31,5,1,5,10,3,0.30000000000000004,0.7000000000000001,False
936,8,CARD,8,15,43,20,47,5,1,5,10,3,0.30000000000000004,0.7000000000000001,True
937,8,CLF_UNION,10,14,55,20,55,5,1,5,10,3,0.30000000000000004,0.7000000000000001,True
938,8,ORD-UNION,6,10,29,20,29,5,1,5,10,3,0.30000000000000004,0.7000000000000001,True
939,8,CARD,8,15,43,20,47,5,1,5,10,3,0.30000000000000004,0.7000000000000001,False
940,8,CLF_UNION,10,14,55,20,55,5,1,5,10,3,0.30000000000000004,0.7000000000000001,False
941,8,ORD-UNION,6,10,29,20,29,5,1,5,10,3,0.30000000000000004,0.7000000000000001,False
942,8,CARD,8,12,43,20,47,5,1,5,10,3,0.30000000000000004,0.7000000000000001,True
943,8,CLF_UNION,12,9,55,20,55,5,1,5,10,3,0.30000000000000004,0.7000000000000001,True
944,8,ORD-UNION,5,7,26,20,26,5,1,5,10,3,0.30000000000000004,0.7000000000000001,True
945,8,CARD,8,12,43,20,47,5,1,5,10,3,0.30000000000000004,0.7000000000000001,False
946,8,CLF_UNION,12,9,55,20,55,5,1,5,10,3,0.30000000000000004,0.7000000000000001,False
947,8,ORD-UNION,5,7,26,20,26,5,1,5,10,3,0.30000000000000004,0.7000000000000001,False
948,8,CARD,5,14,41,20,46,5,1,5,10,3,0.30000000000000004,0.7000000000000001,True
949,8,CLF_UNION,6,14,52,20,55,5,1,5,10,3,0.30000000000000004,0.7000000000000001,True
950,8,ORD-UNION,2,8,22,20,25,5,1,5,10,3,0.30000000000000004,0.7000000000000001,True
951,8,CARD,5,14,41,20,46,5,1,5,10,3,0.30000000000000004,0.7000000000000001,False
952,8,CLF_UNION,6,14,52,20,55,5,1,5,10,3,0.30000000000000004,0.7000000000000001,False
953,8,ORD-UNION,2,8,22,20,25,5,1,5,10,3,0.30000000000000004,0.7000000000000001,False
954,8,CARD,10,12,41,20,48,5,1,5,10,3,0.30000000000000004,0.7000000000000001,True
955,8,CLF_UNION,12,13,55,20,56,5,1,5,10,3,0.30000000000000004,0.7000000000000001,True
956,8,ORD-UNION,6,9,30,20,31,5,1,5,10,3,0.30000000000000004,0.7000000000000001,True
957,8,CARD,10,12,41,20,48,5,1,5,10,3,0.30000000000000004,0.7000000000000001,False
958,8,CLF_UNION,12,13,55,20,56,5,1,5,10,3,0.30000000000000004,0.7000000000000001,False
959,8,ORD-UNION,6,9,30,20,31,5,1,5,10,3,0.30000000000000004,0.7000000000000001,False
960,9,CARD,12,11,38,27,49,15,5,5,10,3,0.30000000000000004,0.7000000000000001,True
961,9,CLF_UNION,10,15,54,27,57,15,5,5,10,3,0.30000000000000004,0.7000000000000001,True
962,9,ORD-UNION,2,0,5,27,8,15,5,5,10,3,0.30000000000000004,0.7000000000000001,True
963,9,CARD,13,10,40,27,47,5,2,5,10,3,0.30000000000000004,0.7000000000000001,False
964,9,CLF_UNION,16,14,62,27,65,5,2,5,10,3,0.30000000000000004,0.7000000000000001,False
965,9,ORD-UNION,7,5,26,27,29,5,2,5,10,3,0.30000000000000004,0.7000000000000001,False
966,9,CARD,5,16,41,27,48,5,2,5,10,3,0.30000000000000004,0.7000000000000001,True
967,9,CLF_UNION,12,20,69,27,70,5,2,5,10,3,0.30000000000000004,0.7000000000000001,True
968,9,ORD-UNION,3,9,24,27,25,5,2,5,10,3,0.30000000000000004,0.7000000000000001,True
969,9,CARD,5,16,41,27,48,5,2,5,10,3,0.30000000000000004,0.7000000000000001,False
970,9,CLF_UNION,12,20,69,27,70,5,2,5,10,3,0.30000000000000004,0.7000000000000001,False
971,9,ORD-UNION,3,9,24,27,25,5,2,5,10,3,0.30000000000000004,0.7000000000000001,False
972,9,CARD,4,16,39,27,47,5,2,5,10,3,0.30000000000000004,0.7000000000000001,True
973,9,CLF_UNION,7,16,61,27,65,5,2,5,10,3,0.30000000000000004,0.7000000000000001,True
974,9,ORD-UNION,4,10,27,27,31,5,2,5,10,3,0.30000000000000004,0.7000000000000001,True
975,9,CARD,4,16,39,27,47,5,2,5,10,3,0.30000000000000004,0.7000000000000001,False
976,9,CLF_UNION,7,16,61,27,65,5,2,5,10,3,0.30000000000000004,0.7000000000000001,False
977,9,ORD-UNION,4,10,27,27,31,5,2,5,10,3,0.30000000000000004,0.7000000000000001,False
978,9,CARD,11,9,41,27,47,5,2,5,10,3,0.30000000000000004,0.7000000000000001,True
979,9,CLF_UNION,13,12,62,27,64,5,2,5,10,3,0.30000000000000004,0.7000000000000001,True
980,9,ORD-UNION,9,5,32,27,34,5,2,5,10,3,0.30000000000000004,0.7000000000000001,True
981,9,CARD,11,9,41,27,47,5,2,5,10,3,0.30000000000000004,0.7000000000000001,False
982,9,CLF_UNION,13,12,62,27,64,5,2,5,10,3,0.30000000000000004,0.7000000000000001,False
983,9,ORD-UNION,9,5,32,27,34,5,2,5,10,3,0.30000000000000004,0.7000000000000001,False
984,9,CARD,8,13,35,27,49,5,2,5,10,3,0.30000000000000004,0.7000000000000001,True
985,9,CLF_UNION,10,14,56,27,62,5,2,5,10,3,0.30000000000000004,0.7000000000000001,True
986,9,ORD-UNION,7,5,24,27,30,5,2,5,10,3,0.30000000000000004,0.7000000000000001,True
987,9,CARD,8,13,35,27,49,5,2,5,10,3,0.30000000000000004,0.7000000000000001,False
988,9,CLF_UNION,10,14,56,27,62,5,2,5,10,3,0.30000000000000004,0.7000000000000001,False
989,9,ORD-UNION,7,5,24,27,30,5,2,5,10,3,0.30000000000000004,0.7000000000000001,False
990,10,CARD,10,11,39,31,49,15,5,5,10,3,0.30000000000000004,0.7000000000000001,True
991,10,CLF_UNION,6,18,54,31,56,15,5,5,10,3,0.30000000000000004,0.7000000000000001,True
992,10,ORD-UNION,1,0,2,31,4,15,5,5,10,3,0.30000000000000004,0.7000000000000001,True
993,10,CARD,9,11,39,31,49,5,2,5,10,3,0.30000000000000004,0.7000000000000001,False
994,10,CLF_UNION,10,18,65,31,67,5,2,5,10,3,0.30000000000000004,0.7000000000000001,False
995,10,ORD-UNION,5,9,26,31,28,5,2,5,10,3,0.30000000000000004,0.7000000000000001,False
996,10,CARD,14,8,40,31,48,5,2,5,10,3,0.30000000000000004,0.7000000000000001,True
997,10,CLF_UNION,18,10,61,31,63,5,2,5,10,3,0.30000000000000004,0.7000000000000001,True
998,10,ORD-UNION,11,6,31,31,33,5,2,5,10,3,0.30000000000000004,0.7000000000000001,True
999,10,CARD,14,8,40,31,48,5,2,5,10,3,0.30000000000000004,0.7000000000000001,False
1000,10,CLF_UNION,18,10,61,31,63,5,2,5,10,3,0.30000000000000004,0.7000000000000001,False
1001,10,ORD-UNION,11,6,31,31,33,5,2,5,10,3,0.30000000000000004,0.7000000000000001,False
1002,10,CARD,5,3,42,31,48,5,2,5,10,3,0.30000000000000004,0.7000000000000001,True
1003,10,CLF_UNION,4,6,58,31,58,5,2,5,10,3,0.30000000000000004,0.7000000000000001,True
1004,10,ORD-UNION,3,2,36,31,36,5,2,5,10,3,0.30000000000000004,0.7000000000000001,True
1005,10,CARD,5,3,42,31,48,5,2,5,10,3,0.30000000000000004,0.7000000000000001,False
1006,10,CLF_UNION,4,6,58,31,58,5,2,5,10,3,0.30000000000000004,0.7000000000000001,False
1007,10,ORD-UNION,3,2,36,31,36,5,2,5,10,3,0.30000000000000004,0.7000000000000001,False
1008,10,CARD,4,4,23,31,55,5,2,5,10,3,0.30000000000000004,0.7000000000000001,True
1009,10,CLF_UNION,6,13,50,31,62,5,2,5,10,3,0.30000000000000004,0.7000000000000001,True
1010,10,ORD-UNION,1,2,15,31,27,5,2,5,10,3,0.30000000000000004,0.7000000000000001,True
1011,10,CARD,4,4,23,31,55,5,2,5,10,3,0.30000000000000004,0.7000000000000001,False
1012,10,CLF_UNION,6,13,50,31,62,5,2,5,10,3,0.30000000000000004,0.7000000000000001,False
1013,10,ORD-UNION,1,2,15,31,27,5,2,5,10,3,0.30000000000000004,0.7000000000000001,False
1014,10,CARD,14,0,35,31,51,5,2,5,10,3,0.30000000000000004,0.7000000000000001,True
1015,10,CLF_UNION,14,8,59,31,63,5,2,5,10,3,0.30000000000000004,0.7000000000000001,True
1016,10,ORD-UNION,10,0,27,31,31,5,2,5,10,3,0.30000000000000004,0.7000000000000001,True
1017,10,CARD,14,0,35,31,51,5,2,5,10,3,0.30000000000000004,0.7000000000000001,False
1018,10,CLF_UNION,14,8,59,31,63,5,2,5,10,3,0.30000000000000004,0.7000000000000001,False
1019,10,ORD-UNION,10,0,27,31,31,5,2,5,10,3,0.30000000000000004,0.7000000000000001,False
1020,11,CARD,14,4,35,35,53,15,5,5,10,3,0.30000000000000004,0.7000000000000001,True
1021,11,CLF_UNION,12,10,54,35,56,15,5,5,10,3,0.30000000000000004,0.7000000000000001,True
1022,11,ORD-UNION,2,0,2,35,4,15,5,5,10,3,0.30000000000000004,0.7000000000000001,True
1023,11,CARD,18,4,38,35,50,5,2,5,10,3,0.30000000000000004,0.7000000000000001,False
1024,11,CLF_UNION,18,12,66,35,68,5,2,5,10,3,0.30000000000000004,0.7000000000000001,False
1025,11,ORD-UNION,10,2,21,35,23,5,2,5,10,3,0.30000000000000004,0.7000000000000001,False
1026,11,CARD,8,8,34,35,55,5,2,5,10,3,0.30000000000000004,0.7000000000000001,True
1027,11,CLF_UNION,14,17,67,35,68,5,2,5,10,3,0.30000000000000004,0.7000000000000001,True
1028,11,ORD-UNION,6,7,27,35,28,5,2,5,10,3,0.30000000000000004,0.7000000000000001,True
1029,11,CARD,8,8,34,35,55,5,2,5,10,3,0.30000000000000004,0.7000000000000001,False
1030,11,CLF_UNION,14,17,67,35,68,5,2,5,10,3,0.30000000000000004,0.7000000000000001,False
1031,11,ORD-UNION,6,7,27,35,28,5,2,5,10,3,0.30000000000000004,0.7000000000000001,False
1032,11,CARD,11,5,32,35,52,5,2,5,10,3,0.30000000000000004,0.7000000000000001,True
1033,11,CLF_UNION,10,17,57,35,63,5,2,5,10,3,0.30000000000000004,0.7000000000000001,True
1034,11,ORD-UNION,5,3,23,35,29,5,2,5,10,3,0.30000000000000004,0.7000000000000001,True
1035,11,CARD,11,5,32,35,52,5,2,5,10,3,0.30000000000000004,0.7000000000000001,False
1036,11,CLF_UNION,10,17,57,35,63,5,2,5,10,3,0.30000000000000004,0.7000000000000001,False
1037,11,ORD-UNION,5,3,23,35,29,5,2,5,10,3,0.30000000000000004,0.7000000000000001,False
1038,11,CARD,13,6,36,35,48,5,2,5,10,3,0.30000000000000004,0.7000000000000001,True
1039,11,CLF_UNION,16,6,55,35,61,5,2,5,10,3,0.30000000000000004,0.7000000000000001,True
1040,11,ORD-UNION,11,4,29,35,35,5,2,5,10,3,0.30000000000000004,0.7000000000000001,True
1041,11,CARD,13,6,36,35,48,5,2,5,10,3,0.30000000000000004,0.7000000000000001,False
1042,11,CLF_UNION,16,6,55,35,61,5,2,5,10,3,0.30000000000000004,0.7000000000000001,False
1043,11,ORD-UNION,11,4,29,35,35,5,2,5,10,3,0.30000000000000004,0.7000000000000001,False
1044,11,CARD,9,5,42,35,48,5,2,5,10,3,0.30000000000000004,0.7000000000000001,True
1045,11,CLF_UNION,10,13,73,35,73,5,2,5,10,3,0.30000000000000004,0.7000000000000001,True
1046,11,ORD-UNION,2,5,25,35,25,5,2,5,10,3,0.30000000000000004,0.7000000000000001,True
1047,11,CARD,9,5,42,35,48,5,2,5,10,3,0.30000000000000004,0.7000000000000001,False
1048,11,CLF_UNION,10,13,73,35,73,5,2,5,10,3,0.30000000000000004,0.7000000000000001,False
1049,11,ORD-UNION,2,5,25,35,25,5,2,5,10,3,0.30000000000000004,0.7000000000000001,False
1050,12,CARD,11,6,37,44,49,15,5,5,10,3,0.30000000000000004,0.7000000000000001,True
1051,12,CLF_UNION,14,3,53,44,57,15,5,5,10,3,0.30000000000000004,0.7000000000000001,True
1052,12,ORD-UNION,6,0,11,44,15,15,5,5,10,3,0.30000000000000004,0.7000000000000001,True
1053,12,CARD,13,4,35,44,51,5,2,5,10,3,0.30000000000000004,0.7000000000000001,False
1054,12,CLF_UNION,15,2,53,44,57,5,2,5,10,3,0.30000000000000004,0.7000000000000001,False
1055,12,ORD-UNION,13,2,31,44,35,5,2,5,10,3,0.30000000000000004,0.7000000000000001,False
1056,12,CARD,12,9,40,44,48,5,2,5,10,3,0.30000000000000004,0.7000000000000001,True
1057,12,CLF_UNION,10,13,54,44,56,5,2,5,10,3,0.30000000000000004,0.7000000000000001,True
1058,12,ORD-UNION,11,8,35,44,37,5,2,5,10,3,0.30000000000000004,0.7000000000000001,True
1059,12,CARD,12,9,40,44,48,5,2,5,10,3,0.30000000000000004,0.7000000000000001,False
1060,12,CLF_UNION,10,13,54,44,56,5,2,5,10,3,0.30000000000000004,0.7000000000000001,False
1061,12,ORD-UNION,11,8,35,44,37,5,2,5,10,3,0.30000000000000004,0.7000000000000001,False
1062,12,CARD,4,8,37,44,50,5,2,5,10,3,0.30000000000000004,0.7000000000000001,True
1063,12,CLF_UNION,3,10,56,44,59,5,2,5,10,3,0.30000000000000004,0.7000000000000001,True
1064,12,ORD-UNION,4,7,34,44,37,5,2,5,10,3,0.30000000000000004,0.7000000000000001,True
1065,12,CARD,4,8,37,44,50,5,2,5,10,3,0.30000000000000004,0.7000000000000001,False
1066,12,CLF_UNION,3,10,56,44,59,5,2,5,10,3,0.30000000000000004,0.7000000000000001,False
1067,12,ORD-UNION,4,7,34,44,37,5,2,5,10,3,0.30000000000000004,0.7000000000000001,False
1068,12,CARD,13,5,35,44,51,5,2,5,10,3,0.30000000000000004,0.7000000000000001,True
1069,12,CLF_UNION,15,7,54,44,58,5,2,5,10,3,0.30000000000000004,0.7000000000000001,True
1070,12,ORD-UNION,13,3,31,44,35,5,2,5,10,3,0.30000000000000004,0.7000000000000001,True
1071,12,CARD,13,5,35,44,51,5,2,5,10,3,0.30000000000000004,0.7000000000000001,False
1072,12,CLF_UNION,15,7,54,44,58,5,2,5,10,3,0.30000000000000004,0.7000000000000001,False
1073,12,ORD-UNION,13,3,31,44,35,5,2,5,10,3,0.30000000000000004,0.7000000000000001,False
1074,12,CARD,11,11,41,44,47,5,2,5,10,3,0.30000000000000004,0.7000000000000001,True
1075,12,CLF_UNION,11,11,53,44,55,5,2,5,10,3,0.30000000000000004,0.7000000000000001,True
1076,12,ORD-UNION,10,11,38,44,40,5,2,5,10,3,0.30000000000000004,0.7000000000000001,True
1077,12,CARD,11,11,41,44,47,5,2,5,10,3,0.30000000000000004,0.7000000000000001,False
1078,12,CLF_UNION,11,11,53,44,55,5,2,5,10,3,0.30000000000000004,0.7000000000000001,False
1079,12,ORD-UNION,10,11,38,44,40,5,2,5,10,3,0.30000000000000004,0.7000000000000001,False
1080,13,CARD,11,4,27,49,57,15,5,5,10,3,0.30000000000000004,0.7000000000000001,True
1081,13,CLF_UNION,12,9,49,49,55,15,5,5,10,3,0.30000000000000004,0.7000000000000001,True
1082,13,ORD-UNION,2,1,4,49,10,15,5,5,10,3,0.30000000000000004,0.7000000000000001,True
1083,13,CARD,9,12,36,49,48,7,2,5,10,3,0.30000000000000004,0.7000000000000001,False
1084,13,CLF_UNION,9,12,49,49,55,7,2,5,10,3,0.30000000000000004,0.7000000000000001,False
1085,13,ORD-UNION,5,8,21,49,27,7,2,5,10,3,0.30000000000000004,0.7000000000000001,False
1086,13,CARD,8,11,36,49,51,7,2,5,10,3,0.30000000000000004,0.7000000000000001,True
1087,13,CLF_UNION,8,14,53,49,56,7,2,5,10,3,0.30000000000000004,0.7000000000000001,True
1088,13,ORD-UNION,6,8,26,49,29,7,2,5,10,3,0.30000000000000004,0.7000000000000001,True
1089,13,CARD,8,11,36,49,51,7,2,5,10,3,0.30000000000000004,0.7000000000000001,False
1090,13,CLF_UNION,8,14,53,49,56,7,2,5,10,3,0.30000000000000004,0.7000000000000001,False
1091,13,ORD-UNION,6,8,26,49,29,7,2,5,10,3,0.30000000000000004,0.7000000000000001,False
1092,13,CARD,6,15,35,49,51,7,2,5,10,3,0.30000000000000004,0.7000000000000001,True
1093,13,CLF_UNION,7,18,51,49,55,7,2,5,10,3,0.30000000000000004,0.7000000000000001,True
1094,13,ORD-UNION,3,13,24,49,28,7,2,5,10,3,0.30000000000000004,0.7000000000000001,True
1095,13,CARD,6,15,35,49,51,7,2,5,10,3,0.30000000000000004,0.7000000000000001,False
1096,13,CLF_UNION,7,18,51,49,55,7,2,5,10,3,0.30000000000000004,0.7000000000000001,False
1097,13,ORD-UNION,3,13,24,49,28,7,2,5,10,3,0.30000000000000004,0.7000000000000001,False
1098,13,CARD,13,7,39,49,48,7,2,5,10,3,0.30000000000000004,0.7000000000000001,True
1099,13,CLF_UNION,14,8,52,49,55,7,2,5,10,3,0.30000000000000004,0.7000000000000001,True
1100,13,ORD-UNION,11,5,32,49,35,7,2,5,10,3,0.30000000000000004,0.7000000000000001,True
1101,13,CARD,13,7,39,49,48,7,2,5,10,3,0.30000000000000004,0.7000000000000001,False
1102,13,CLF_UNION,14,8,52,49,55,7,2,5,10,3,0.30000000000000004,0.7000000000000001,False
1103,13,ORD-UNION,11,5,32,49,35,7,2,5,10,3,0.30000000000000004,0.7000000000000001,False
1104,13,CARD,4,15,37,49,50,7,2,5,10,3,0.30000000000000004,0.7000000000000001,True
1105,13,CLF_UNION,4,16,52,49,55,7,2,5,10,3,0.30000000000000004,0.7000000000000001,True
1106,13,ORD-UNION,2,8,20,49,23,7,2,5,10,3,0.30000000000000004,0.7000000000000001,True
1107,13,CARD,4,15,37,49,50,7,2,5,10,3,0.30000000000000004,0.7000000000000001,False
1108,13,CLF_UNION,4,16,52,49,55,7,2,5,10,3,0.30000000000000004,0.7000000000000001,False
1109,13,ORD-UNION,2,8,20,49,23,7,2,5,10,3,0.30000000000000004,0.7000000000000001,False
1110,14,CARD,13,12,37,54,49,15,5,5,10,3,0.30000000000000004,0.7000000000000001,True
1111,14,CLF_UNION,13,12,51,54,55,15,5,5,10,3,0.30000000000000004,0.7000000000000001,True
1112,14,ORD-UNION,1,3,4,54,8,15,5,5,10,3,0.30000000000000004,0.7000000000000001,True
1113,14,CARD,12,11,38,54,48,6,2,5,10,3,0.30000000000000004,0.7000000000000001,False
1114,14,CLF_UNION,11,15,52,54,56,6,2,5,10,3,0.30000000000000004,0.7000000000000001,False
1115,14,ORD-UNION,9,11,35,54,39,6,2,5,10,3,0.30000000000000004,0.7000000000000001,False
1116,14,CARD,9,5,33,54,47,6,2,5,10,3,0.30000000000000004,0.7000000000000001,True
1117,14,CLF_UNION,6,10,46,54,56,6,2,5,10,3,0.30000000000000004,0.7000000000000001,True
1118,14,ORD-UNION,3,5,25,54,35,6,2,5,10,3,0.30000000000000004,0.7000000000000001,True
1119,14,CARD,9,5,33,54,47,6,2,5,10,3,0.30000000000000004,0.7000000000000001,False
1120,14,CLF_UNION,6,10,46,54,56,6,2,5,10,3,0.30000000000000004,0.7000000000000001,False
1121,14,ORD-UNION,3,5,25,54,35,6,2,5,10,3,0.30000000000000004,0.7000000000000001,False
1122,14,CARD,11,2,40,54,47,6,2,5,10,3,0.30000000000000004,0.7000000000000001,True
1123,14,CLF_UNION,11,2,52,54,55,6,2,5,10,3,0.30000000000000004,0.7000000000000001,True
1124,14,ORD-UNION,11,2,39,54,42,6,2,5,10,3,0.30000000000000004,0.7000000000000001,True
1125,14,CARD,11,2,40,54,47,6,2,5,10,3,0.30000000000000004,0.7000000000000001,False
1126,14,CLF_UNION,11,2,52,54,55,6,2,5,10,3,0.30000000000000004,0.7000000000000001,False
1127,14,ORD-UNION,11,2,39,54,42,6,2,5,10,3,0.30000000000000004,0.7000000000000001,False
1128,14,CARD,11,9,38,54,48,6,2,5,10,3,0.30000000000000004,0.7000000000000001,True
1129,14,CLF_UNION,12,9,51,54,55,6,2,5,10,3,0.30000000000000004,0.7000000000000001,True
1130,14,ORD-UNION,9,7,32,54,36,6,2,5,10,3,0.30000000000000004,0.7000000000000001,True
1131,14,CARD,11,9,38,54,48,6,2,5,10,3,0.30000000000000004,0.7000000000000001,False
1132,14,CLF_UNION,12,9,51,54,55,6,2,5,10,3,0.30000000000000004,0.7000000000000001,False
1133,14,ORD-UNION,9,7,32,54,36,6,2,5,10,3,0.30000000000000004,0.7000000000000001,False
1134,14,CARD,11,14,40,54,47,6,2,5,10,3,0.30000000000000004,0.7000000000000001,True
1135,14,CLF_UNION,9,18,53,54,56,6,2,5,10,3,0.30000000000000004,0.7000000000000001,True
1136,14,ORD-UNION,8,12,31,54,34,6,2,5,10,3,0.30000000000000004,0.7000000000000001,True
1137,14,CARD,11,14,40,54,47,6,2,5,10,3,0.30000000000000004,0.7000000000000001,False
1138,14,CLF_UNION,9,18,53,54,56,6,2,5,10,3,0.30000000000000004,0.7000000000000001,False
1139,14,ORD-UNION,8,12,31,54,34,6,2,5,10,3,0.30000000000000004,0.7000000000000001,False
1140,15,CARD,2,13,31,65,54,15,5,5,10,3,0.30000000000000004,0.7000000000000001,True
1141,15,CLF_UNION,3,17,55,65,60,15,5,5,10,3,0.30000000000000004,0.7000000000000001,True
1142,15,ORD-UNION,1,2,5,65,10,15,5,5,10,3,0.30000000000000004,0.7000000000000001,True
1143,15,CARD,12,5,36,65,49,11,2,5,10,3,0.30000000000000004,0.7000000000000001,False
1144,15,CLF_UNION,10,10,52,65,57,11,2,5,10,3,0.30000000000000004,0.7000000000000001,False
1145,15,ORD-UNION,2,1,7,65,12,11,2,5,10,3,0.30000000000000004,0.7000000000000001,False
1146,15,CARD,13,6,38,65,48,11,2,5,10,3,0.30000000000000004,0.7000000000000001,True
1147,15,CLF_UNION,12,11,54,65,58,11,2,5,10,3,0.30000000000000004,0.7000000000000001,True
1148,15,ORD-UNION,3,0,5,65,9,11,2,5,10,3,0.30000000000000004,0.7000000000000001,True
1149,15,CARD,13,6,38,65,48,11,2,5,10,3,0.30000000000000004,0.7000000000000001,False
1150,15,CLF_UNION,12,11,54,65,58,11,2,5,10,3,0.30000000000000004,0.7000000000000001,False
1151,15,ORD-UNION,3,0,5,65,9,11,2,5,10,3,0.30000000000000004,0.7000000000000001,False
1152,15,CARD,13,2,38,65,46,11,2,5,10,3,0.30000000000000004,0.7000000000000001,True
1153,15,CLF_UNION,15,0,51,65,57,11,2,5,10,3,0.30000000000000004,0.7000000000000001,True
1154,15,ORD-UNION,6,0,6,65,12,11,2,5,10,3,0.30000000000000004,0.7000000000000001,True
1155,15,CARD,13,2,38,65,46,11,2,5,10,3,0.30000000000000004,0.7000000000000001,False
1156,15,CLF_UNION,15,0,51,65,57,11,2,5,10,3,0.30000000000000004,0.7000000000000001,False
1157,15,ORD-UNION,6,0,6,65,12,11,2,5,10,3,0.30000000000000004,0.7000000000000001,False
1158,15,CARD,7,8,36,65,48,11,2,5,10,3,0.30000000000000004,0.7000000000000001,True
1159,15,CLF_UNION,10,5,49,65,55,11,2,5,10,3,0.30000000000000004,0.7000000000000001,True
1160,15,ORD-UNION,3,2,13,65,19,11,2,5,10,3,0.30000000000000004,0.7000000000000001,True
1161,15,CARD,7,8,36,65,48,11,2,5,10,3,0.30000000000000004,0.7000000000000001,False
1162,15,CLF_UNION,10,5,49,65,55,11,2,5,10,3,0.30000000000000004,0.7000000000000001,False
1163,15,ORD-UNION,3,2,13,65,19,11,2,5,10,3,0.30000000000000004,0.7000000000000001,False
1164,15,CARD,5,7,29,65,49,11,2,5,10,3,0.30000000000000004,0.7000000000000001,True
1165,15,CLF_UNION,8,5,44,65,56,11,2,5,10,3,0.30000000000000004,0.7000000000000001,True
1166,15,ORD-UNION,4,0,12,65,24,11,2,5,10,3,0.30000000000000004,0.7000000000000001,True
1167,15,CARD,5,7,29,65,49,11,2,5,10,3,0.30000000000000004,0.7000000000000001,False
1168,15,CLF_UNION,8,5,44,65,56,11,2,5,10,3,0.30000000000000004,0.7000000000000001,False
1169,15,ORD-UNION,4,0,12,65,24,11,2,5,10,3,0.30000000000000004,0.7000000000000001,False
