,budget,model,correct,wrong,total,n_pref_input,n_pref_output,theta_size,theta_additivity,n_items,n_test_subsets,n_tiers,alpha,p,real theta
0,1,CARD,9,12,25,1,65,9,3,5,10,12,0.1,0.30000000000000004,True
1,1,CLF_UNION,38,18,73,1,73,9,3,5,10,12,0.1,0.30000000000000004,True
2,1,ORD-UNION,0,0,0,1,0,9,3,5,10,12,0.1,0.30000000000000004,True
3,1,CARD,18,5,25,1,65,1,1,5,10,12,0.1,0.30000000000000004,False
4,1,CLF_UNION,35,22,75,1,75,1,1,5,10,12,0.1,0.30000000000000004,False
5,1,ORD-UNION,18,5,25,1,25,1,1,5,10,12,0.1,0.30000000000000004,False
6,1,CARD,20,1,21,1,69,1,1,5,10,12,0.1,0.30000000000000004,True
7,1,CLF_UNION,41,22,79,1,79,1,1,5,10,12,0.1,0.30000000000000004,True
8,1,ORD-UNION,20,1,21,1,21,1,1,5,10,12,0.1,0.30000000000000004,True
9,1,CARD,20,1,21,1,69,1,1,5,10,12,0.1,0.30000000000000004,False
10,1,CLF_UNION,41,22,79,1,79,1,1,5,10,12,0.1,0.30000000000000004,False
11,1,ORD-UNION,20,1,21,1,21,1,1,5,10,12,0.1,0.30000000000000004,False
12,1,CARD,16,4,21,1,69,1,1,5,10,12,0.1,0.30000000000000004,True
13,1,CLF_UNION,39,27,79,1,79,1,1,5,10,12,0.1,0.30000000000000004,True
14,1,ORD-UNION,16,4,21,1,21,1,1,5,10,12,0.1,0.30000000000000004,True
15,1,CARD,16,4,21,1,69,1,1,5,10,12,0.1,0.30000000000000004,False
16,1,CLF_UNION,39,27,79,1,79,1,1,5,10,12,0.1,0.30000000000000004,False
17,1,ORD-UNION,16,4,21,1,21,1,1,5,10,12,0.1,0.30000000000000004,False
18,1,CARD,14,5,21,1,69,1,1,5,10,12,0.1,0.30000000000000004,True
19,1,CLF_UNION,36,27,79,1,79,1,1,5,10,12,0.1,0.30000000000000004,True
20,1,ORD-UNION,14,5,21,1,21,1,1,5,10,12,0.1,0.30000000000000004,True
21,1,CARD,14,5,21,1,69,1,1,5,10,12,0.1,0.30000000000000004,False
22,1,CLF_UNION,36,27,79,1,79,1,1,5,10,12,0.1,0.30000000000000004,False
23,1,ORD-UNION,14,5,21,1,21,1,1,5,10,12,0.1,0.30000000000000004,False
24,1,CARD,15,5,21,1,69,1,1,5,10,12,0.1,0.30000000000000004,True
25,1,CLF_UNION,37,27,79,1,79,1,1,5,10,12,0.1,0.30000000000000004,True
26,1,ORD-UNION,15,5,21,1,21,1,1,5,10,12,0.1,0.30000000000000004,True
27,1,CARD,15,5,21,1,69,1,1,5,10,12,0.1,0.30000000000000004,False
28,1,CLF_UNION,37,27,79,1,79,1,1,5,10,12,0.1,0.30000000000000004,False
29,1,ORD-UNION,15,5,21,1,21,1,1,5,10,12,0.1,0.30000000000000004,False
30,2,CARD,21,12,36,3,54,9,3,5,10,12,0.1,0.30000000000000004,True
31,2,CLF_UNION,40,10,65,3,65,9,3,5,10,12,0.1,0.30000000000000004,True
32,2,ORD-UNION,2,0,2,3,2,9,3,5,10,12,0.1,0.30000000000000004,True
33,2,CARD,29,3,33,3,57,2,1,5,10,12,0.1,0.30000000000000004,False
34,2,CLF_UNION,40,21,79,3,79,2,1,5,10,12,0.1,0.30000000000000004,False
35,2,ORD-UNION,29,3,33,3,33,2,1,5,10,12,0.1,0.30000000000000004,False
36,2,CARD,28,8,37,3,53,2,1,5,10,12,0.1,0.30000000000000004,True
37,2,CLF_UNION,40,23,76,3,76,2,1,5,10,12,0.1,0.30000000000000004,True
38,2,ORD-UNION,28,8,37,3,37,2,1,5,10,12,0.1,0.30000000000000004,True
39,2,CARD,28,8,37,3,53,2,1,5,10,12,0.1,0.30000000000000004,False
40,2,CLF_UNION,40,23,76,3,76,2,1,5,10,12,0.1,0.30000000000000004,False
41,2,ORD-UNION,28,8,37,3,37,2,1,5,10,12,0.1,0.30000000000000004,False
42,2,CARD,25,9,35,3,55,2,1,5,10,12,0.1,0.30000000000000004,True
43,2,CLF_UNION,42,23,76,3,76,2,1,5,10,12,0.1,0.30000000000000004,True
44,2,ORD-UNION,25,9,35,3,35,2,1,5,10,12,0.1,0.30000000000000004,True
45,2,CARD,25,9,35,3,55,2,1,5,10,12,0.1,0.30000000000000004,False
46,2,CLF_UNION,42,23,76,3,76,2,1,5,10,12,0.1,0.30000000000000004,False
47,2,ORD-UNION,25,9,35,3,35,2,1,5,10,12,0.1,0.30000000000000004,False
48,2,CARD,29,6,37,3,53,2,1,5,10,12,0.1,0.30000000000000004,True
49,2,CLF_UNION,40,21,75,3,75,2,1,5,10,12,0.1,0.30000000000000004,True
50,2,ORD-UNION,29,6,37,3,37,2,1,5,10,12,0.1,0.30000000000000004,True
51,2,CARD,29,6,37,3,53,2,1,5,10,12,0.1,0.30000000000000004,False
52,2,CLF_UNION,40,21,75,3,75,2,1,5,10,12,0.1,0.30000000000000004,False
53,2,ORD-UNION,29,6,37,3,37,2,1,5,10,12,0.1,0.30000000000000004,False
54,2,CARD,19,13,35,3,54,2,1,5,10,12,0.1,0.30000000000000004,True
55,2,CLF_UNION,32,27,75,3,76,2,1,5,10,12,0.1,0.30000000000000004,True
56,2,ORD-UNION,19,13,35,3,36,2,1,5,10,12,0.1,0.30000000000000004,True
57,2,CARD,19,13,35,3,54,2,1,5,10,12,0.1,0.30000000000000004,False
58,2,CLF_UNION,32,27,75,3,76,2,1,5,10,12,0.1,0.30000000000000004,False
59,2,ORD-UNION,19,13,35,3,36,2,1,5,10,12,0.1,0.30000000000000004,False
60,3,CARD,24,10,36,6,51,9,3,5,10,12,0.1,0.30000000000000004,True
61,3,CLF_UNION,31,18,61,6,64,9,3,5,10,12,0.1,0.30000000000000004,True
62,3,ORD-UNION,4,0,4,6,7,9,3,5,10,12,0.1,0.30000000000000004,True
63,3,CARD,24,10,35,6,52,3,1,5,10,12,0.1,0.30000000000000004,False
64,3,CLF_UNION,37,23,74,6,77,3,1,5,10,12,0.1,0.30000000000000004,False
65,3,ORD-UNION,22,3,25,6,28,3,1,5,10,12,0.1,0.30000000000000004,False
66,3,CARD,29,7,39,6,51,3,1,5,10,12,0.1,0.30000000000000004,True
67,3,CLF_UNION,37,22,73,6,73,3,1,5,10,12,0.1,0.30000000000000004,True
68,3,ORD-UNION,23,6,31,6,31,3,1,5,10,12,0.1,0.30000000000000004,True
69,3,CARD,29,7,39,6,51,3,1,5,10,12,0.1,0.30000000000000004,False
70,3,CLF_UNION,37,22,73,6,73,3,1,5,10,12,0.1,0.30000000000000004,False
71,3,ORD-UNION,23,6,31,6,31,3,1,5,10,12,0.1,0.30000000000000004,False
72,3,CARD,23,11,39,6,51,3,1,5,10,12,0.1,0.30000000000000004,True
73,3,CLF_UNION,35,22,73,6,73,3,1,5,10,12,0.1,0.30000000000000004,True
74,3,ORD-UNION,20,6,30,6,30,3,1,5,10,12,0.1,0.30000000000000004,True
75,3,CARD,23,11,39,6,51,3,1,5,10,12,0.1,0.30000000000000004,False
76,3,CLF_UNION,35,22,73,6,73,3,1,5,10,12,0.1,0.30000000000000004,False
77,3,ORD-UNION,20,6,30,6,30,3,1,5,10,12,0.1,0.30000000000000004,False
78,3,CARD,35,2,40,6,50,3,1,5,10,12,0.1,0.30000000000000004,True
79,3,CLF_UNION,41,14,69,6,69,3,1,5,10,12,0.1,0.30000000000000004,True
80,3,ORD-UNION,33,1,36,6,36,3,1,5,10,12,0.1,0.30000000000000004,True
81,3,CARD,35,2,40,6,50,3,1,5,10,12,0.1,0.30000000000000004,False
82,3,CLF_UNION,41,14,69,6,69,3,1,5,10,12,0.1,0.30000000000000004,False
83,3,ORD-UNION,33,1,36,6,36,3,1,5,10,12,0.1,0.30000000000000004,False
84,3,CARD,23,8,35,6,55,3,1,5,10,12,0.1,0.30000000000000004,True
85,3,CLF_UNION,38,20,73,6,73,3,1,5,10,12,0.1,0.30000000000000004,True
86,3,ORD-UNION,18,5,27,6,27,3,1,5,10,12,0.1,0.30000000000000004,True
87,3,CARD,23,8,35,6,55,3,1,5,10,12,0.1,0.30000000000000004,False
88,3,CLF_UNION,38,20,73,6,73,3,1,5,10,12,0.1,0.30000000000000004,False
89,3,ORD-UNION,18,5,27,6,27,3,1,5,10,12,0.1,0.30000000000000004,False
90,4,CARD,27,6,37,10,53,9,3,5,10,12,0.1,0.30000000000000004,True
91,4,CLF_UNION,33,7,55,10,55,9,3,5,10,12,0.1,0.30000000000000004,True
92,4,ORD-UNION,1,0,1,10,1,9,3,5,10,12,0.1,0.30000000000000004,True
93,4,CARD,29,8,42,10,48,3,1,5,10,12,0.1,0.30000000000000004,False
94,4,CLF_UNION,33,11,59,10,59,3,1,5,10,12,0.1,0.30000000000000004,False
95,4,ORD-UNION,29,7,41,10,41,3,1,5,10,12,0.1,0.30000000000000004,False
96,4,CARD,23,15,41,10,49,3,1,5,10,12,0.1,0.30000000000000004,True
97,4,CLF_UNION,28,18,61,10,61,3,1,5,10,12,0.1,0.30000000000000004,True
98,4,ORD-UNION,23,13,39,10,39,3,1,5,10,12,0.1,0.30000000000000004,True
99,4,CARD,23,15,41,10,49,3,1,5,10,12,0.1,0.30000000000000004,False
100,4,CLF_UNION,28,18,61,10,61,3,1,5,10,12,0.1,0.30000000000000004,False
101,4,ORD-UNION,23,13,39,10,39,3,1,5,10,12,0.1,0.30000000000000004,False
102,4,CARD,25,11,39,10,50,3,1,5,10,12,0.1,0.30000000000000004,True
103,4,CLF_UNION,35,16,65,10,66,3,1,5,10,12,0.1,0.30000000000000004,True
104,4,ORD-UNION,25,6,33,10,34,3,1,5,10,12,0.1,0.30000000000000004,True
105,4,CARD,25,11,39,10,50,3,1,5,10,12,0.1,0.30000000000000004,False
106,4,CLF_UNION,35,16,65,10,66,3,1,5,10,12,0.1,0.30000000000000004,False
107,4,ORD-UNION,25,6,33,10,34,3,1,5,10,12,0.1,0.30000000000000004,False
108,4,CARD,21,15,40,10,49,3,1,5,10,12,0.1,0.30000000000000004,True
109,4,CLF_UNION,27,19,60,10,61,3,1,5,10,12,0.1,0.30000000000000004,True
110,4,ORD-UNION,21,13,38,10,39,3,1,5,10,12,0.1,0.30000000000000004,True
111,4,CARD,21,15,40,10,49,3,1,5,10,12,0.1,0.30000000000000004,False
112,4,CLF_UNION,27,19,60,10,61,3,1,5,10,12,0.1,0.30000000000000004,False
113,4,ORD-UNION,21,13,38,10,39,3,1,5,10,12,0.1,0.30000000000000004,False
114,4,CARD,25,14,42,10,48,3,1,5,10,12,0.1,0.30000000000000004,True
115,4,CLF_UNION,28,17,58,10,58,3,1,5,10,12,0.1,0.30000000000000004,True
116,4,ORD-UNION,25,14,42,10,42,3,1,5,10,12,0.1,0.30000000000000004,True
117,4,CARD,25,14,42,10,48,3,1,5,10,12,0.1,0.30000000000000004,False
118,4,CLF_UNION,28,17,58,10,58,3,1,5,10,12,0.1,0.30000000000000004,False
119,4,ORD-UNION,25,14,42,10,42,3,1,5,10,12,0.1,0.30000000000000004,False
120,5,CARD,31,4,38,15,49,9,3,5,10,12,0.1,0.30000000000000004,True
121,5,CLF_UNION,35,4,53,15,56,9,3,5,10,12,0.1,0.30000000000000004,True
122,5,ORD-UNION,2,0,2,15,5,9,3,5,10,12,0.1,0.30000000000000004,True
123,5,CARD,31,4,39,15,48,4,1,5,10,12,0.1,0.30000000000000004,False
124,5,CLF_UNION,36,6,56,15,59,4,1,5,10,12,0.1,0.30000000000000004,False
125,5,ORD-UNION,29,2,35,15,38,4,1,5,10,12,0.1,0.30000000000000004,False
126,5,CARD,32,5,42,15,47,4,1,5,10,12,0.1,0.30000000000000004,True
127,5,CLF_UNION,30,10,55,15,56,4,1,5,10,12,0.1,0.30000000000000004,True
128,5,ORD-UNION,22,4,30,15,31,4,1,5,10,12,0.1,0.30000000000000004,True
129,5,CARD,32,5,42,15,47,4,1,5,10,12,0.1,0.30000000000000004,False
130,5,CLF_UNION,30,10,55,15,56,4,1,5,10,12,0.1,0.30000000000000004,False
131,5,ORD-UNION,22,4,30,15,31,4,1,5,10,12,0.1,0.30000000000000004,False
132,5,CARD,37,3,43,15,46,4,1,5,10,12,0.1,0.30000000000000004,True
133,5,CLF_UNION,38,4,55,15,56,4,1,5,10,12,0.1,0.30000000000000004,True
134,5,ORD-UNION,23,0,24,15,25,4,1,5,10,12,0.1,0.30000000000000004,True
135,5,CARD,37,3,43,15,46,4,1,5,10,12,0.1,0.30000000000000004,False
136,5,CLF_UNION,38,4,55,15,56,4,1,5,10,12,0.1,0.30000000000000004,False
137,5,ORD-UNION,23,0,24,15,25,4,1,5,10,12,0.1,0.30000000000000004,False
138,5,CARD,37,0,44,15,46,4,1,5,10,12,0.1,0.30000000000000004,True
139,5,CLF_UNION,32,5,56,15,56,4,1,5,10,12,0.1,0.30000000000000004,True
140,5,ORD-UNION,29,0,32,15,32,4,1,5,10,12,0.1,0.30000000000000004,True
141,5,CARD,37,0,44,15,46,4,1,5,10,12,0.1,0.30000000000000004,False
142,5,CLF_UNION,32,5,56,15,56,4,1,5,10,12,0.1,0.30000000000000004,False
143,5,ORD-UNION,29,0,32,15,32,4,1,5,10,12,0.1,0.30000000000000004,False
144,5,CARD,36,3,43,15,46,4,1,5,10,12,0.1,0.30000000000000004,True
145,5,CLF_UNION,37,4,55,15,56,4,1,5,10,12,0.1,0.30000000000000004,True
146,5,ORD-UNION,26,0,28,15,29,4,1,5,10,12,0.1,0.30000000000000004,True
147,5,CARD,36,3,43,15,46,4,1,5,10,12,0.1,0.30000000000000004,False
148,5,CLF_UNION,37,4,55,15,56,4,1,5,10,12,0.1,0.30000000000000004,False
149,5,ORD-UNION,26,0,28,15,29,4,1,5,10,12,0.1,0.30000000000000004,False
150,6,CARD,35,5,44,20,46,9,3,5,10,12,0.1,0.30000000000000004,True
151,6,CLF_UNION,39,1,55,20,55,9,3,5,10,12,0.1,0.30000000000000004,True
152,6,ORD-UNION,4,0,4,20,4,9,3,5,10,12,0.1,0.30000000000000004,True
153,6,CARD,35,4,43,20,47,4,1,5,10,12,0.1,0.30000000000000004,False
154,6,CLF_UNION,36,4,56,20,56,4,1,5,10,12,0.1,0.30000000000000004,False
155,6,ORD-UNION,35,4,42,20,42,4,1,5,10,12,0.1,0.30000000000000004,False
156,6,CARD,32,6,43,20,46,4,1,5,10,12,0.1,0.30000000000000004,True
157,6,CLF_UNION,34,6,55,20,56,4,1,5,10,12,0.1,0.30000000000000004,True
158,6,ORD-UNION,26,2,31,20,32,4,1,5,10,12,0.1,0.30000000000000004,True
159,6,CARD,32,6,43,20,46,4,1,5,10,12,0.1,0.30000000000000004,False
160,6,CLF_UNION,34,6,55,20,56,4,1,5,10,12,0.1,0.30000000000000004,False
161,6,ORD-UNION,26,2,31,20,32,4,1,5,10,12,0.1,0.30000000000000004,False
162,6,CARD,34,4,40,20,47,4,1,5,10,12,0.1,0.30000000000000004,True
163,6,CLF_UNION,38,3,53,20,56,4,1,5,10,12,0.1,0.30000000000000004,True
164,6,ORD-UNION,33,0,34,20,37,4,1,5,10,12,0.1,0.30000000000000004,True
165,6,CARD,34,4,40,20,47,4,1,5,10,12,0.1,0.30000000000000004,False
166,6,CLF_UNION,38,3,53,20,56,4,1,5,10,12,0.1,0.30000000000000004,False
167,6,ORD-UNION,33,0,34,20,37,4,1,5,10,12,0.1,0.30000000000000004,False
168,6,CARD,31,6,43,20,46,4,1,5,10,12,0.1,0.30000000000000004,True
169,6,CLF_UNION,32,7,55,20,56,4,1,5,10,12,0.1,0.30000000000000004,True
170,6,ORD-UNION,27,5,37,20,38,4,1,5,10,12,0.1,0.30000000000000004,True
171,6,CARD,31,6,43,20,46,4,1,5,10,12,0.1,0.30000000000000004,False
172,6,CLF_UNION,32,7,55,20,56,4,1,5,10,12,0.1,0.30000000000000004,False
173,6,ORD-UNION,27,5,37,20,38,4,1,5,10,12,0.1,0.30000000000000004,False
174,6,CARD,30,5,37,20,50,4,1,5,10,12,0.1,0.30000000000000004,True
175,6,CLF_UNION,33,6,55,20,58,4,1,5,10,12,0.1,0.30000000000000004,True
176,6,ORD-UNION,30,5,37,20,40,4,1,5,10,12,0.1,0.30000000000000004,True
177,6,CARD,30,5,37,20,50,4,1,5,10,12,0.1,0.30000000000000004,False
178,6,CLF_UNION,33,6,55,20,58,4,1,5,10,12,0.1,0.30000000000000004,False
179,6,ORD-UNION,30,5,37,20,40,4,1,5,10,12,0.1,0.30000000000000004,False
180,7,CARD,32,4,40,25,50,9,3,5,10,12,0.1,0.30000000000000004,True
181,7,CLF_UNION,33,5,55,25,55,9,3,5,10,12,0.1,0.30000000000000004,True
182,7,ORD-UNION,6,0,6,25,6,9,3,5,10,12,0.1,0.30000000000000004,True
183,7,CARD,31,6,43,25,47,5,1,5,10,12,0.1,0.30000000000000004,False
184,7,CLF_UNION,30,8,55,25,55,5,1,5,10,12,0.1,0.30000000000000004,False
185,7,ORD-UNION,10,4,15,25,15,5,1,5,10,12,0.1,0.30000000000000004,False
186,7,CARD,37,2,41,25,46,5,1,5,10,12,0.1,0.30000000000000004,True
187,7,CLF_UNION,32,8,52,25,55,5,1,5,10,12,0.1,0.30000000000000004,True
188,7,ORD-UNION,18,1,20,25,23,5,1,5,10,12,0.1,0.30000000000000004,True
189,7,CARD,37,2,41,25,46,5,1,5,10,12,0.1,0.30000000000000004,False
190,7,CLF_UNION,32,8,52,25,55,5,1,5,10,12,0.1,0.30000000000000004,False
191,7,ORD-UNION,18,1,20,25,23,5,1,5,10,12,0.1,0.30000000000000004,False
192,7,CARD,31,3,39,25,48,5,1,5,10,12,0.1,0.30000000000000004,True
193,7,CLF_UNION,29,7,52,25,55,5,1,5,10,12,0.1,0.30000000000000004,True
194,7,ORD-UNION,20,3,25,25,28,5,1,5,10,12,0.1,0.30000000000000004,True
195,7,CARD,31,3,39,25,48,5,1,5,10,12,0.1,0.30000000000000004,False
196,7,CLF_UNION,29,7,52,25,55,5,1,5,10,12,0.1,0.30000000000000004,False
197,7,ORD-UNION,20,3,25,25,28,5,1,5,10,12,0.1,0.30000000000000004,False
198,7,CARD,35,0,38,25,47,5,1,5,10,12,0.1,0.30000000000000004,True
199,7,CLF_UNION,31,4,50,25,55,5,1,5,10,12,0.1,0.30000000000000004,True
200,7,ORD-UNION,18,0,18,25,23,5,1,5,10,12,0.1,0.30000000000000004,True
201,7,CARD,35,0,38,25,47,5,1,5,10,12,0.1,0.30000000000000004,False
202,7,CLF_UNION,31,4,50,25,55,5,1,5,10,12,0.1,0.30000000000000004,False
203,7,ORD-UNION,18,0,18,25,23,5,1,5,10,12,0.1,0.30000000000000004,False
204,7,CARD,38,1,42,25,45,5,1,5,10,12,0.1,0.30000000000000004,True
205,7,CLF_UNION,37,2,52,25,55,5,1,5,10,12,0.1,0.30000000000000004,True
206,7,ORD-UNION,29,0,30,25,33,5,1,5,10,12,0.1,0.30000000000000004,True
207,7,CARD,38,1,42,25,45,5,1,5,10,12,0.1,0.30000000000000004,False
208,7,CLF_UNION,37,2,52,25,55,5,1,5,10,12,0.1,0.30000000000000004,False
209,7,ORD-UNION,29,0,30,25,33,5,1,5,10,12,0.1,0.30000000000000004,False
210,8,CARD,29,10,40,33,49,9,3,5,10,12,0.1,0.30000000000000004,True
211,8,CLF_UNION,38,5,54,33,55,9,3,5,10,12,0.1,0.30000000000000004,True
212,8,ORD-UNION,4,0,4,33,5,9,3,5,10,12,0.1,0.30000000000000004,True
213,8,CARD,42,1,44,33,45,5,1,5,10,12,0.1,0.30000000000000004,False
214,8,CLF_UNION,38,5,54,33,55,5,1,5,10,12,0.1,0.30000000000000004,False
215,8,ORD-UNION,32,1,34,33,35,5,1,5,10,12,0.1,0.30000000000000004,False
216,8,CARD,38,3,44,33,46,5,1,5,10,12,0.1,0.30000000000000004,True
217,8,CLF_UNION,37,6,57,33,57,5,1,5,10,12,0.1,0.30000000000000004,True
218,8,ORD-UNION,31,2,35,33,35,5,1,5,10,12,0.1,0.30000000000000004,True
219,8,CARD,38,3,44,33,46,5,1,5,10,12,0.1,0.30000000000000004,False
220,8,CLF_UNION,37,6,57,33,57,5,1,5,10,12,0.1,0.30000000000000004,False
221,8,ORD-UNION,31,2,35,33,35,5,1,5,10,12,0.1,0.30000000000000004,False
222,8,CARD,25,1,31,33,45,5,1,5,10,12,0.1,0.30000000000000004,True
223,8,CLF_UNION,22,4,41,33,55,5,1,5,10,12,0.1,0.30000000000000004,True
224,8,ORD-UNION,19,0,21,33,35,5,1,5,10,12,0.1,0.30000000000000004,True
225,8,CARD,25,1,31,33,45,5,1,5,10,12,0.1,0.30000000000000004,False
226,8,CLF_UNION,22,4,41,33,55,5,1,5,10,12,0.1,0.30000000000000004,False
227,8,ORD-UNION,19,0,21,33,35,5,1,5,10,12,0.1,0.30000000000000004,False
228,8,CARD,30,3,35,33,45,5,1,5,10,12,0.1,0.30000000000000004,True
229,8,CLF_UNION,28,6,46,33,56,5,1,5,10,12,0.1,0.30000000000000004,True
230,8,ORD-UNION,22,3,26,33,36,5,1,5,10,12,0.1,0.30000000000000004,True
231,8,CARD,30,3,35,33,45,5,1,5,10,12,0.1,0.30000000000000004,False
232,8,CLF_UNION,28,6,46,33,56,5,1,5,10,12,0.1,0.30000000000000004,False
233,8,ORD-UNION,22,3,26,33,36,5,1,5,10,12,0.1,0.30000000000000004,False
234,8,CARD,37,0,40,33,47,5,1,5,10,12,0.1,0.30000000000000004,True
235,8,CLF_UNION,32,6,53,33,56,5,1,5,10,12,0.1,0.30000000000000004,True
236,8,ORD-UNION,29,0,31,33,34,5,1,5,10,12,0.1,0.30000000000000004,True
237,8,CARD,37,0,40,33,47,5,1,5,10,12,0.1,0.30000000000000004,False
238,8,CLF_UNION,32,6,53,33,56,5,1,5,10,12,0.1,0.30000000000000004,False
239,8,ORD-UNION,29,0,31,33,34,5,1,5,10,12,0.1,0.30000000000000004,False
240,9,CARD,34,1,41,42,48,9,3,5,10,12,0.1,0.30000000000000004,True
241,9,CLF_UNION,36,2,54,42,55,9,3,5,10,12,0.1,0.30000000000000004,True
242,9,ORD-UNION,11,0,11,42,12,9,3,5,10,12,0.1,0.30000000000000004,True
243,9,CARD,31,5,40,42,49,5,1,5,10,12,0.1,0.30000000000000004,False
244,9,CLF_UNION,32,7,55,42,56,5,1,5,10,12,0.1,0.30000000000000004,False
245,9,ORD-UNION,29,3,36,42,37,5,1,5,10,12,0.1,0.30000000000000004,False
246,9,CARD,25,11,39,42,46,5,1,5,10,12,0.1,0.30000000000000004,True
247,9,CLF_UNION,32,7,53,42,58,5,1,5,10,12,0.1,0.30000000000000004,True
248,9,ORD-UNION,25,0,26,42,31,5,1,5,10,12,0.1,0.30000000000000004,True
249,9,CARD,25,11,39,42,46,5,1,5,10,12,0.1,0.30000000000000004,False
250,9,CLF_UNION,32,7,53,42,58,5,1,5,10,12,0.1,0.30000000000000004,False
251,9,ORD-UNION,25,0,26,42,31,5,1,5,10,12,0.1,0.30000000000000004,False
252,9,CARD,23,4,32,42,46,5,1,5,10,12,0.1,0.30000000000000004,True
253,9,CLF_UNION,25,4,44,42,56,5,1,5,10,12,0.1,0.30000000000000004,True
254,9,ORD-UNION,23,0,24,42,36,5,1,5,10,12,0.1,0.30000000000000004,True
255,9,CARD,23,4,32,42,46,5,1,5,10,12,0.1,0.30000000000000004,False
256,9,CLF_UNION,25,4,44,42,56,5,1,5,10,12,0.1,0.30000000000000004,False
257,9,ORD-UNION,23,0,24,42,36,5,1,5,10,12,0.1,0.30000000000000004,False
258,9,CARD,28,10,43,42,46,5,1,5,10,12,0.1,0.30000000000000004,True
259,9,CLF_UNION,34,5,55,42,56,5,1,5,10,12,0.1,0.30000000000000004,True
260,9,ORD-UNION,27,1,30,42,31,5,1,5,10,12,0.1,0.30000000000000004,True
261,9,CARD,28,10,43,42,46,5,1,5,10,12,0.1,0.30000000000000004,False
262,9,CLF_UNION,34,5,55,42,56,5,1,5,10,12,0.1,0.30000000000000004,False
263,9,ORD-UNION,27,1,30,42,31,5,1,5,10,12,0.1,0.30000000000000004,False
264,9,CARD,29,6,37,42,47,5,1,5,10,12,0.1,0.30000000000000004,True
265,9,CLF_UNION,30,8,51,42,57,5,1,5,10,12,0.1,0.30000000000000004,True
266,9,ORD-UNION,28,1,31,42,37,5,1,5,10,12,0.1,0.30000000000000004,True
267,9,CARD,29,6,37,42,47,5,1,5,10,12,0.1,0.30000000000000004,False
268,9,CLF_UNION,30,8,51,42,57,5,1,5,10,12,0.1,0.30000000000000004,False
269,9,ORD-UNION,28,1,31,42,37,5,1,5,10,12,0.1,0.30000000000000004,False
270,10,CARD,29,5,38,52,47,9,3,5,10,12,0.1,0.30000000000000004,True
271,10,CLF_UNION,35,1,50,52,55,9,3,5,10,12,0.1,0.30000000000000004,True
272,10,ORD-UNION,20,0,20,52,25,9,3,5,10,12,0.1,0.30000000000000004,True
273,10,CARD,31,3,37,52,48,5,2,5,10,12,0.1,0.30000000000000004,False
274,10,CLF_UNION,35,4,53,52,58,5,2,5,10,12,0.1,0.30000000000000004,False
275,10,ORD-UNION,30,3,35,52,40,5,2,5,10,12,0.1,0.30000000000000004,False
276,10,CARD,34,3,39,52,45,5,2,5,10,12,0.1,0.30000000000000004,True
277,10,CLF_UNION,34,3,50,52,56,5,2,5,10,12,0.1,0.30000000000000004,True
278,10,ORD-UNION,34,2,38,52,44,5,2,5,10,12,0.1,0.30000000000000004,True
279,10,CARD,34,3,39,52,45,5,2,5,10,12,0.1,0.30000000000000004,False
280,10,CLF_UNION,34,3,50,52,56,5,2,5,10,12,0.1,0.30000000000000004,False
281,10,ORD-UNION,34,2,38,52,44,5,2,5,10,12,0.1,0.30000000000000004,False
282,10,CARD,35,5,41,52,46,5,2,5,10,12,0.1,0.30000000000000004,True
283,10,CLF_UNION,36,7,55,52,58,5,2,5,10,12,0.1,0.30000000000000004,True
284,10,ORD-UNION,33,4,38,52,41,5,2,5,10,12,0.1,0.30000000000000004,True
285,10,CARD,35,5,41,52,46,5,2,5,10,12,0.1,0.30000000000000004,False
286,10,CLF_UNION,36,7,55,52,58,5,2,5,10,12,0.1,0.30000000000000004,False
287,10,ORD-UNION,33,4,38,52,41,5,2,5,10,12,0.1,0.30000000000000004,False
288,10,CARD,27,0,30,52,46,5,2,5,10,12,0.1,0.30000000000000004,True
289,10,CLF_UNION,28,1,42,52,56,5,2,5,10,12,0.1,0.30000000000000004,True
290,10,ORD-UNION,26,0,28,52,42,5,2,5,10,12,0.1,0.30000000000000004,True
291,10,CARD,27,0,30,52,46,5,2,5,10,12,0.1,0.30000000000000004,False
292,10,CLF_UNION,28,1,42,52,56,5,2,5,10,12,0.1,0.30000000000000004,False
293,10,ORD-UNION,26,0,28,52,42,5,2,5,10,12,0.1,0.30000000000000004,False
294,10,CARD,24,3,29,52,46,5,2,5,10,12,0.1,0.30000000000000004,True
295,10,CLF_UNION,26,4,43,52,58,5,2,5,10,12,0.1,0.30000000000000004,True
296,10,ORD-UNION,24,3,29,52,44,5,2,5,10,12,0.1,0.30000000000000004,True
297,10,CARD,24,3,29,52,46,5,2,5,10,12,0.1,0.30000000000000004,False
298,10,CLF_UNION,26,4,43,52,58,5,2,5,10,12,0.1,0.30000000000000004,False
299,10,ORD-UNION,24,3,29,52,44,5,2,5,10,12,0.1,0.30000000000000004,False
300,11,CARD,28,3,33,62,54,9,3,5,10,12,0.1,0.30000000000000004,True
301,11,CLF_UNION,35,3,52,62,55,9,3,5,10,12,0.1,0.30000000000000004,True
302,11,ORD-UNION,19,0,19,62,22,9,3,5,10,12,0.1,0.30000000000000004,True
303,11,CARD,28,6,38,62,49,5,2,5,10,12,0.1,0.30000000000000004,False
304,11,CLF_UNION,34,9,57,62,60,5,2,5,10,12,0.1,0.30000000000000004,False
305,11,ORD-UNION,28,6,38,62,41,5,2,5,10,12,0.1,0.30000000000000004,False
306,11,CARD,21,3,26,62,45,5,2,5,10,12,0.1,0.30000000000000004,True
307,11,CLF_UNION,22,3,37,62,56,5,2,5,10,12,0.1,0.30000000000000004,True
308,11,ORD-UNION,21,2,25,62,44,5,2,5,10,12,0.1,0.30000000000000004,True
309,11,CARD,21,3,26,62,45,5,2,5,10,12,0.1,0.30000000000000004,False
310,11,CLF_UNION,22,3,37,62,56,5,2,5,10,12,0.1,0.30000000000000004,False
311,11,ORD-UNION,21,2,25,62,44,5,2,5,10,12,0.1,0.30000000000000004,False
312,11,CARD,26,0,30,62,46,5,2,5,10,12,0.1,0.30000000000000004,True
313,11,CLF_UNION,26,1,43,62,57,5,2,5,10,12,0.1,0.30000000000000004,True
314,11,ORD-UNION,24,0,27,62,41,5,2,5,10,12,0.1,0.30000000000000004,True
315,11,CARD,26,0,30,62,46,5,2,5,10,12,0.1,0.30000000000000004,False
316,11,CLF_UNION,26,1,43,62,57,5,2,5,10,12,0.1,0.30000000000000004,False
317,11,ORD-UNION,24,0,27,62,41,5,2,5,10,12,0.1,0.30000000000000004,False
318,11,CARD,27,2,34,62,46,5,2,5,10,12,0.1,0.30000000000000004,True
319,11,CLF_UNION,29,4,50,62,60,5,2,5,10,12,0.1,0.30000000000000004,True
320,11,ORD-UNION,27,2,32,62,42,5,2,5,10,12,0.1,0.30000000000000004,True
321,11,CARD,27,2,34,62,46,5,2,5,10,12,0.1,0.30000000000000004,False
322,11,CLF_UNION,29,4,50,62,60,5,2,5,10,12,0.1,0.30000000000000004,False
323,11,ORD-UNION,27,2,32,62,42,5,2,5,10,12,0.1,0.30000000000000004,False
324,11,CARD,33,2,37,62,47,5,2,5,10,12,0.1,0.30000000000000004,True
325,11,CLF_UNION,36,9,58,62,64,5,2,5,10,12,0.1,0.30000000000000004,True
326,11,ORD-UNION,33,2,37,62,43,5,2,5,10,12,0.1,0.30000000000000004,True
327,11,CARD,33,2,37,62,47,5,2,5,10,12,0.1,0.30000000000000004,False
328,11,CLF_UNION,36,9,58,62,64,5,2,5,10,12,0.1,0.30000000000000004,False
329,11,ORD-UNION,33,2,37,62,43,5,2,5,10,12,0.1,0.30000000000000004,False
330,12,CARD,27,1,32,73,49,9,3,5,10,12,0.1,0.30000000000000004,True
331,12,CLF_UNION,31,2,50,73,59,9,3,5,10,12,0.1,0.30000000000000004,True
332,12,ORD-UNION,18,0,18,73,27,9,3,5,10,12,0.1,0.30000000000000004,True
333,12,CARD,26,2,33,73,48,7,2,5,10,12,0.1,0.30000000000000004,False
334,12,CLF_UNION,29,3,48,73,57,7,2,5,10,12,0.1,0.30000000000000004,False
335,12,ORD-UNION,21,0,22,73,31,7,2,5,10,12,0.1,0.30000000000000004,False
336,12,CARD,25,0,29,73,47,7,2,5,10,12,0.1,0.30000000000000004,True
337,12,CLF_UNION,27,2,44,73,58,7,2,5,10,12,0.1,0.30000000000000004,True
338,12,ORD-UNION,22,0,22,73,36,7,2,5,10,12,0.1,0.30000000000000004,True
339,12,CARD,25,0,29,73,47,7,2,5,10,12,0.1,0.30000000000000004,False
340,12,CLF_UNION,27,2,44,73,58,7,2,5,10,12,0.1,0.30000000000000004,False
341,12,ORD-UNION,22,0,22,73,36,7,2,5,10,12,0.1,0.30000000000000004,False
342,12,CARD,34,1,41,73,46,7,2,5,10,12,0.1,0.30000000000000004,True
343,12,CLF_UNION,34,3,53,73,56,7,2,5,10,12,0.1,0.30000000000000004,True
344,12,ORD-UNION,28,0,30,73,33,7,2,5,10,12,0.1,0.30000000000000004,True
345,12,CARD,34,1,41,73,46,7,2,5,10,12,0.1,0.30000000000000004,False
346,12,CLF_UNION,34,3,53,73,56,7,2,5,10,12,0.1,0.30000000000000004,False
347,12,ORD-UNION,28,0,30,73,33,7,2,5,10,12,0.1,0.30000000000000004,False
348,12,CARD,32,2,38,73,46,7,2,5,10,12,0.1,0.30000000000000004,True
349,12,CLF_UNION,33,2,49,73,55,7,2,5,10,12,0.1,0.30000000000000004,True
350,12,ORD-UNION,26,0,27,73,33,7,2,5,10,12,0.1,0.30000000000000004,True
351,12,CARD,32,2,38,73,46,7,2,5,10,12,0.1,0.30000000000000004,False
352,12,CLF_UNION,33,2,49,73,55,7,2,5,10,12,0.1,0.30000000000000004,False
353,12,ORD-UNION,26,0,27,73,33,7,2,5,10,12,0.1,0.30000000000000004,False
354,12,CARD,32,2,39,73,45,7,2,5,10,12,0.1,0.30000000000000004,True
355,12,CLF_UNION,32,3,51,73,57,7,2,5,10,12,0.1,0.30000000000000004,True
356,12,ORD-UNION,27,0,28,73,34,7,2,5,10,12,0.1,0.30000000000000004,True
357,12,CARD,32,2,39,73,45,7,2,5,10,12,0.1,0.30000000000000004,False
358,12,CLF_UNION,32,3,51,73,57,7,2,5,10,12,0.1,0.30000000000000004,False
359,12,ORD-UNION,27,0,28,73,34,7,2,5,10,12,0.1,0.30000000000000004,False
360,13,CARD,31,0,32,84,49,9,3,5,10,12,0.1,0.30000000000000004,True
361,13,CLF_UNION,33,0,47,84,56,9,3,5,10,12,0.1,0.30000000000000004,True
362,13,ORD-UNION,27,0,27,84,36,9,3,5,10,12,0.1,0.30000000000000004,True
363,13,CARD,30,0,32,84,49,7,2,5,10,12,0.1,0.30000000000000004,False
364,13,CLF_UNION,31,2,46,84,55,7,2,5,10,12,0.1,0.30000000000000004,False
365,13,ORD-UNION,27,0,29,84,38,7,2,5,10,12,0.1,0.30000000000000004,False
366,13,CARD,27,1,29,84,47,7,2,5,10,12,0.1,0.30000000000000004,True
367,13,CLF_UNION,28,1,41,84,55,7,2,5,10,12,0.1,0.30000000000000004,True
368,13,ORD-UNION,25,0,25,84,39,7,2,5,10,12,0.1,0.30000000000000004,True
369,13,CARD,27,1,29,84,47,7,2,5,10,12,0.1,0.30000000000000004,False
370,13,CLF_UNION,28,1,41,84,55,7,2,5,10,12,0.1,0.30000000000000004,False
371,13,ORD-UNION,25,0,25,84,39,7,2,5,10,12,0.1,0.30000000000000004,False
372,13,CARD,25,0,29,84,47,7,2,5,10,12,0.1,0.30000000000000004,True
373,13,CLF_UNION,26,1,41,84,55,7,2,5,10,12,0.1,0.30000000000000004,True
374,13,ORD-UNION,24,0,25,84,39,7,2,5,10,12,0.1,0.30000000000000004,True
375,13,CARD,25,0,29,84,47,7,2,5,10,12,0.1,0.30000000000000004,False
376,13,CLF_UNION,26,1,41,84,55,7,2,5,10,12,0.1,0.30000000000000004,False
377,13,ORD-UNION,24,0,25,84,39,7,2,5,10,12,0.1,0.30000000000000004,False
378,13,CARD,24,3,30,84,46,7,2,5,10,12,0.1,0.30000000000000004,True
379,13,CLF_UNION,25,3,41,84,55,7,2,5,10,12,0.1,0.30000000000000004,True
380,13,ORD-UNION,21,0,23,84,37,7,2,5,10,12,0.1,0.30000000000000004,True
381,13,CARD,24,3,30,84,46,7,2,5,10,12,0.1,0.30000000000000004,False
382,13,CLF_UNION,25,3,41,84,55,7,2,5,10,12,0.1,0.30000000000000004,False
383,13,ORD-UNION,21,0,23,84,37,7,2,5,10,12,0.1,0.30000000000000004,False
384,13,CARD,20,1,24,84,46,7,2,5,10,12,0.1,0.30000000000000004,True
385,13,CLF_UNION,21,1,35,84,55,7,2,5,10,12,0.1,0.30000000000000004,True
386,13,ORD-UNION,19,0,20,84,40,7,2,5,10,12,0.1,0.30000000000000004,True
387,13,CARD,20,1,24,84,46,7,2,5,10,12,0.1,0.30000000000000004,False
388,13,CLF_UNION,21,1,35,84,55,7,2,5,10,12,0.1,0.30000000000000004,False
389,13,ORD-UNION,19,0,20,84,40,7,2,5,10,12,0.1,0.30000000000000004,False
390,14,CARD,29,1,35,98,45,9,3,5,10,12,0.1,0.30000000000000004,True
391,14,CLF_UNION,30,0,46,98,56,9,3,5,10,12,0.1,0.30000000000000004,True
392,14,ORD-UNION,25,0,26,98,36,9,3,5,10,12,0.1,0.30000000000000004,True
393,14,CARD,29,0,34,98,46,7,2,5,10,12,0.1,0.30000000000000004,False
394,14,CLF_UNION,29,1,45,98,55,7,2,5,10,12,0.1,0.30000000000000004,False
395,14,ORD-UNION,27,0,30,98,40,7,2,5,10,12,0.1,0.30000000000000004,False
396,14,CARD,23,0,31,98,47,7,2,5,10,12,0.1,0.30000000000000004,True
397,14,CLF_UNION,24,0,43,98,55,7,2,5,10,12,0.1,0.30000000000000004,True
398,14,ORD-UNION,22,0,24,98,36,7,2,5,10,12,0.1,0.30000000000000004,True
399,14,CARD,23,0,31,98,47,7,2,5,10,12,0.1,0.30000000000000004,False
400,14,CLF_UNION,24,0,43,98,55,7,2,5,10,12,0.1,0.30000000000000004,False
401,14,ORD-UNION,22,0,24,98,36,7,2,5,10,12,0.1,0.30000000000000004,False
402,14,CARD,30,2,36,98,45,7,2,5,10,12,0.1,0.30000000000000004,True
403,14,CLF_UNION,31,2,47,98,56,7,2,5,10,12,0.1,0.30000000000000004,True
404,14,ORD-UNION,29,0,32,98,41,7,2,5,10,12,0.1,0.30000000000000004,True
405,14,CARD,30,2,36,98,45,7,2,5,10,12,0.1,0.30000000000000004,False
406,14,CLF_UNION,31,2,47,98,56,7,2,5,10,12,0.1,0.30000000000000004,False
407,14,ORD-UNION,29,0,32,98,41,7,2,5,10,12,0.1,0.30000000000000004,False
408,14,CARD,9,0,10,98,45,7,2,5,10,12,0.1,0.30000000000000004,True
409,14,CLF_UNION,9,2,22,98,57,7,2,5,10,12,0.1,0.30000000000000004,True
410,14,ORD-UNION,9,0,9,98,44,7,2,5,10,12,0.1,0.30000000000000004,True
411,14,CARD,9,0,10,98,45,7,2,5,10,12,0.1,0.30000000000000004,False
412,14,CLF_UNION,9,2,22,98,57,7,2,5,10,12,0.1,0.30000000000000004,False
413,14,ORD-UNION,9,0,9,98,44,7,2,5,10,12,0.1,0.30000000000000004,False
414,14,CARD,28,0,33,98,47,7,2,5,10,12,0.1,0.30000000000000004,True
415,14,CLF_UNION,29,1,45,98,55,7,2,5,10,12,0.1,0.30000000000000004,True
416,14,ORD-UNION,26,0,30,98,40,7,2,5,10,12,0.1,0.30000000000000004,True
417,14,CARD,28,0,33,98,47,7,2,5,10,12,0.1,0.30000000000000004,False
418,14,CLF_UNION,29,1,45,98,55,7,2,5,10,12,0.1,0.30000000000000004,False
419,14,ORD-UNION,26,0,30,98,40,7,2,5,10,12,0.1,0.30000000000000004,False
420,15,CARD,27,0,31,113,47,9,3,5,10,12,0.1,0.30000000000000004,True
421,15,CLF_UNION,28,1,45,113,57,9,3,5,10,12,0.1,0.30000000000000004,True
422,15,ORD-UNION,21,0,21,113,33,9,3,5,10,12,0.1,0.30000000000000004,True
423,15,CARD,27,0,32,113,46,6,2,5,10,12,0.1,0.30000000000000004,False
424,15,CLF_UNION,28,1,45,113,57,6,2,5,10,12,0.1,0.30000000000000004,False
425,15,ORD-UNION,26,0,29,113,41,6,2,5,10,12,0.1,0.30000000000000004,False
426,15,CARD,21,0,24,113,46,6,2,5,10,12,0.1,0.30000000000000004,True
427,15,CLF_UNION,22,0,35,113,55,6,2,5,10,12,0.1,0.30000000000000004,True
428,15,ORD-UNION,21,0,23,113,43,6,2,5,10,12,0.1,0.30000000000000004,True
429,15,CARD,21,0,24,113,46,6,2,5,10,12,0.1,0.30000000000000004,False
430,15,CLF_UNION,22,0,35,113,55,6,2,5,10,12,0.1,0.30000000000000004,False
431,15,ORD-UNION,21,0,23,113,43,6,2,5,10,12,0.1,0.30000000000000004,False
432,15,CARD,35,0,39,113,46,6,2,5,10,12,0.1,0.30000000000000004,True
433,15,CLF_UNION,35,1,52,113,57,6,2,5,10,12,0.1,0.30000000000000004,True
434,15,ORD-UNION,32,0,34,113,39,6,2,5,10,12,0.1,0.30000000000000004,True
435,15,CARD,35,0,39,113,46,6,2,5,10,12,0.1,0.30000000000000004,False
436,15,CLF_UNION,35,1,52,113,57,6,2,5,10,12,0.1,0.30000000000000004,False
437,15,ORD-UNION,32,0,34,113,39,6,2,5,10,12,0.1,0.30000000000000004,False
438,15,CARD,24,0,30,113,46,6,2,5,10,12,0.1,0.30000000000000004,True
439,15,CLF_UNION,24,0,41,113,55,6,2,5,10,12,0.1,0.30000000000000004,True
440,15,ORD-UNION,23,0,27,113,41,6,2,5,10,12,0.1,0.30000000000000004,True
441,15,CARD,24,0,30,113,46,6,2,5,10,12,0.1,0.30000000000000004,False
442,15,CLF_UNION,24,0,41,113,55,6,2,5,10,12,0.1,0.30000000000000004,False
443,15,ORD-UNION,23,0,27,113,41,6,2,5,10,12,0.1,0.30000000000000004,False
444,15,CARD,26,2,31,113,45,6,2,5,10,12,0.1,0.30000000000000004,True
445,15,CLF_UNION,27,3,44,113,58,6,2,5,10,12,0.1,0.30000000000000004,True
446,15,ORD-UNION,25,0,27,113,41,6,2,5,10,12,0.1,0.30000000000000004,True
447,15,CARD,26,2,31,113,45,6,2,5,10,12,0.1,0.30000000000000004,False
448,15,CLF_UNION,27,3,44,113,58,6,2,5,10,12,0.1,0.30000000000000004,False
449,15,ORD-UNION,25,0,27,113,41,6,2,5,10,12,0.1,0.30000000000000004,False
450,16,CARD,28,2,31,128,49,9,3,5,10,12,0.1,0.30000000000000004,True
451,16,CLF_UNION,31,1,46,128,55,9,3,5,10,12,0.1,0.30000000000000004,True
452,16,ORD-UNION,25,0,25,128,35,9,3,5,10,12,0.1,0.30000000000000004,True
453,16,CARD,31,0,34,128,46,6,2,5,10,12,0.1,0.30000000000000004,False
454,16,CLF_UNION,31,1,46,128,55,6,2,5,10,12,0.1,0.30000000000000004,False
455,16,ORD-UNION,30,0,33,128,43,6,2,5,10,12,0.1,0.30000000000000004,False
456,16,CARD,35,2,39,128,45,6,2,5,10,12,0.1,0.30000000000000004,True
457,16,CLF_UNION,36,1,49,128,55,6,2,5,10,12,0.1,0.30000000000000004,True
458,16,ORD-UNION,34,0,35,128,41,6,2,5,10,12,0.1,0.30000000000000004,True
459,16,CARD,35,2,39,128,45,6,2,5,10,12,0.1,0.30000000000000004,False
460,16,CLF_UNION,36,1,49,128,55,6,2,5,10,12,0.1,0.30000000000000004,False
461,16,ORD-UNION,34,0,35,128,41,6,2,5,10,12,0.1,0.30000000000000004,False
462,16,CARD,32,0,34,128,46,6,2,5,10,12,0.1,0.30000000000000004,True
463,16,CLF_UNION,32,0,45,128,55,6,2,5,10,12,0.1,0.30000000000000004,True
464,16,ORD-UNION,32,0,34,128,44,6,2,5,10,12,0.1,0.30000000000000004,True
465,16,CARD,32,0,34,128,46,6,2,5,10,12,0.1,0.30000000000000004,False
466,16,CLF_UNION,32,0,45,128,55,6,2,5,10,12,0.1,0.30000000000000004,False
467,16,ORD-UNION,32,0,34,128,44,6,2,5,10,12,0.1,0.30000000000000004,False
468,16,CARD,22,0,24,128,45,6,2,5,10,12,0.1,0.30000000000000004,True
469,16,CLF_UNION,22,1,35,128,55,6,2,5,10,12,0.1,0.30000000000000004,True
470,16,ORD-UNION,22,0,24,128,45,6,2,5,10,12,0.1,0.30000000000000004,True
471,16,CARD,22,0,24,128,45,6,2,5,10,12,0.1,0.30000000000000004,False
472,16,CLF_UNION,22,1,35,128,55,6,2,5,10,12,0.1,0.30000000000000004,False
473,16,ORD-UNION,22,0,24,128,45,6,2,5,10,12,0.1,0.30000000000000004,False
474,16,CARD,24,3,31,128,45,6,2,5,10,12,0.1,0.30000000000000004,True
475,16,CLF_UNION,27,0,41,128,55,6,2,5,10,12,0.1,0.30000000000000004,True
476,16,ORD-UNION,24,1,27,128,41,6,2,5,10,12,0.1,0.30000000000000004,True
477,16,CARD,24,3,31,128,45,6,2,5,10,12,0.1,0.30000000000000004,False
478,16,CLF_UNION,27,0,41,128,55,6,2,5,10,12,0.1,0.30000000000000004,False
479,16,ORD-UNION,24,1,27,128,41,6,2,5,10,12,0.1,0.30000000000000004,False
480,17,CARD,25,4,31,145,45,9,3,5,10,12,0.1,0.30000000000000004,True
481,17,CLF_UNION,29,1,43,145,57,9,3,5,10,12,0.1,0.30000000000000004,True
482,17,ORD-UNION,23,0,23,145,37,9,3,5,10,12,0.1,0.30000000000000004,True
483,17,CARD,28,0,30,145,46,6,2,5,10,12,0.1,0.30000000000000004,False
484,17,CLF_UNION,28,1,41,145,55,6,2,5,10,12,0.1,0.30000000000000004,False
485,17,ORD-UNION,28,0,30,145,44,6,2,5,10,12,0.1,0.30000000000000004,False
486,17,CARD,26,1,31,145,45,6,2,5,10,12,0.1,0.30000000000000004,True
487,17,CLF_UNION,27,0,41,145,55,6,2,5,10,12,0.1,0.30000000000000004,True
488,17,ORD-UNION,26,1,29,145,43,6,2,5,10,12,0.1,0.30000000000000004,True
489,17,CARD,26,1,31,145,45,6,2,5,10,12,0.1,0.30000000000000004,False
490,17,CLF_UNION,27,0,41,145,55,6,2,5,10,12,0.1,0.30000000000000004,False
491,17,ORD-UNION,26,1,29,145,43,6,2,5,10,12,0.1,0.30000000000000004,False
492,17,CARD,30,0,35,145,46,6,2,5,10,12,0.1,0.30000000000000004,True
493,17,CLF_UNION,30,2,47,145,56,6,2,5,10,12,0.1,0.30000000000000004,True
494,17,ORD-UNION,27,0,32,145,41,6,2,5,10,12,0.1,0.30000000000000004,True
495,17,CARD,30,0,35,145,46,6,2,5,10,12,0.1,0.30000000000000004,False
496,17,CLF_UNION,30,2,47,145,56,6,2,5,10,12,0.1,0.30000000000000004,False
497,17,ORD-UNION,27,0,32,145,41,6,2,5,10,12,0.1,0.30000000000000004,False
498,17,CARD,35,1,43,145,45,6,2,5,10,12,0.1,0.30000000000000004,True
499,17,CLF_UNION,36,1,54,145,56,6,2,5,10,12,0.1,0.30000000000000004,True
500,17,ORD-UNION,33,1,40,145,42,6,2,5,10,12,0.1,0.30000000000000004,True
501,17,CARD,35,1,43,145,45,6,2,5,10,12,0.1,0.30000000000000004,False
502,17,CLF_UNION,36,1,54,145,56,6,2,5,10,12,0.1,0.30000000000000004,False
503,17,ORD-UNION,33,1,40,145,42,6,2,5,10,12,0.1,0.30000000000000004,False
504,17,CARD,31,0,35,145,45,6,2,5,10,12,0.1,0.30000000000000004,True
505,17,CLF_UNION,31,0,45,145,55,6,2,5,10,12,0.1,0.30000000000000004,True
506,17,ORD-UNION,31,0,34,145,44,6,2,5,10,12,0.1,0.30000000000000004,True
507,17,CARD,31,0,35,145,45,6,2,5,10,12,0.1,0.30000000000000004,False
508,17,CLF_UNION,31,0,45,145,55,6,2,5,10,12,0.1,0.30000000000000004,False
509,17,ORD-UNION,31,0,34,145,44,6,2,5,10,12,0.1,0.30000000000000004,False
510,18,CARD,23,0,24,162,46,9,3,5,10,12,0.1,0.30000000000000004,True
511,18,CLF_UNION,23,0,36,162,56,9,3,5,10,12,0.1,0.30000000000000004,True
512,18,ORD-UNION,20,0,20,162,40,9,3,5,10,12,0.1,0.30000000000000004,True
513,18,CARD,23,0,25,162,45,6,2,5,10,12,0.1,0.30000000000000004,False
514,18,CLF_UNION,23,0,35,162,55,6,2,5,10,12,0.1,0.30000000000000004,False
515,18,ORD-UNION,23,0,24,162,44,6,2,5,10,12,0.1,0.30000000000000004,False
516,18,CARD,27,0,31,162,46,6,2,5,10,12,0.1,0.30000000000000004,True
517,18,CLF_UNION,27,0,42,162,55,6,2,5,10,12,0.1,0.30000000000000004,True
518,18,ORD-UNION,26,0,29,162,42,6,2,5,10,12,0.1,0.30000000000000004,True
519,18,CARD,27,0,31,162,46,6,2,5,10,12,0.1,0.30000000000000004,False
520,18,CLF_UNION,27,0,42,162,55,6,2,5,10,12,0.1,0.30000000000000004,False
521,18,ORD-UNION,26,0,29,162,42,6,2,5,10,12,0.1,0.30000000000000004,False
522,18,CARD,29,0,32,162,45,6,2,5,10,12,0.1,0.30000000000000004,True
523,18,CLF_UNION,29,0,42,162,55,6,2,5,10,12,0.1,0.30000000000000004,True
524,18,ORD-UNION,28,0,31,162,44,6,2,5,10,12,0.1,0.30000000000000004,True
525,18,CARD,29,0,32,162,45,6,2,5,10,12,0.1,0.30000000000000004,False
526,18,CLF_UNION,29,0,42,162,55,6,2,5,10,12,0.1,0.30000000000000004,False
527,18,ORD-UNION,28,0,31,162,44,6,2,5,10,12,0.1,0.30000000000000004,False
528,18,CARD,14,1,17,162,46,6,2,5,10,12,0.1,0.30000000000000004,True
529,18,CLF_UNION,15,1,29,162,55,6,2,5,10,12,0.1,0.30000000000000004,True
530,18,ORD-UNION,14,0,16,162,43,6,2,5,10,12,0.1,0.30000000000000004,True
531,18,CARD,14,1,17,162,46,6,2,5,10,12,0.1,0.30000000000000004,False
532,18,CLF_UNION,15,1,29,162,55,6,2,5,10,12,0.1,0.30000000000000004,False
533,18,ORD-UNION,14,0,16,162,43,6,2,5,10,12,0.1,0.30000000000000004,False
534,18,CARD,19,0,25,162,45,6,2,5,10,12,0.1,0.30000000000000004,True
535,18,CLF_UNION,18,1,35,162,55,6,2,5,10,12,0.1,0.30000000000000004,True
536,18,ORD-UNION,18,0,22,162,42,6,2,5,10,12,0.1,0.30000000000000004,True
537,18,CARD,19,0,25,162,45,6,2,5,10,12,0.1,0.30000000000000004,False
538,18,CLF_UNION,18,1,35,162,55,6,2,5,10,12,0.1,0.30000000000000004,False
539,18,ORD-UNION,18,0,22,162,42,6,2,5,10,12,0.1,0.30000000000000004,False
540,19,CARD,13,1,17,180,47,9,3,5,10,12,0.1,0.30000000000000004,True
541,19,CLF_UNION,14,0,31,180,57,9,3,5,10,12,0.1,0.30000000000000004,True
542,19,ORD-UNION,11,0,11,180,37,9,3,5,10,12,0.1,0.30000000000000004,True
543,19,CARD,14,0,19,180,45,6,2,5,10,12,0.1,0.30000000000000004,False
544,19,CLF_UNION,14,0,29,180,55,6,2,5,10,12,0.1,0.30000000000000004,False
545,19,ORD-UNION,14,0,19,180,45,6,2,5,10,12,0.1,0.30000000000000004,False
546,19,CARD,15,0,19,180,46,6,2,5,10,12,0.1,0.30000000000000004,True
547,19,CLF_UNION,15,0,30,180,55,6,2,5,10,12,0.1,0.30000000000000004,True
548,19,ORD-UNION,15,0,18,180,43,6,2,5,10,12,0.1,0.30000000000000004,True
549,19,CARD,15,0,19,180,46,6,2,5,10,12,0.1,0.30000000000000004,False
550,19,CLF_UNION,15,0,30,180,55,6,2,5,10,12,0.1,0.30000000000000004,False
551,19,ORD-UNION,15,0,18,180,43,6,2,5,10,12,0.1,0.30000000000000004,False
552,19,CARD,26,1,31,180,46,6,2,5,10,12,0.1,0.30000000000000004,True
553,19,CLF_UNION,27,1,42,180,55,6,2,5,10,12,0.1,0.30000000000000004,True
554,19,ORD-UNION,26,0,30,180,43,6,2,5,10,12,0.1,0.30000000000000004,True
555,19,CARD,26,1,31,180,46,6,2,5,10,12,0.1,0.30000000000000004,False
556,19,CLF_UNION,27,1,42,180,55,6,2,5,10,12,0.1,0.30000000000000004,False
557,19,ORD-UNION,26,0,30,180,43,6,2,5,10,12,0.1,0.30000000000000004,False
558,19,CARD,29,0,34,180,47,6,2,5,10,12,0.1,0.30000000000000004,True
559,19,CLF_UNION,30,1,46,180,55,6,2,5,10,12,0.1,0.30000000000000004,True
560,19,ORD-UNION,29,0,32,180,41,6,2,5,10,12,0.1,0.30000000000000004,True
561,19,CARD,29,0,34,180,47,6,2,5,10,12,0.1,0.30000000000000004,False
562,19,CLF_UNION,30,1,46,180,55,6,2,5,10,12,0.1,0.30000000000000004,False
563,19,ORD-UNION,29,0,32,180,41,6,2,5,10,12,0.1,0.30000000000000004,False
564,19,CARD,21,0,25,180,45,6,2,5,10,12,0.1,0.30000000000000004,True
565,19,CLF_UNION,21,0,35,180,55,6,2,5,10,12,0.1,0.30000000000000004,True
566,19,ORD-UNION,21,0,23,180,43,6,2,5,10,12,0.1,0.30000000000000004,True
567,19,CARD,21,0,25,180,45,6,2,5,10,12,0.1,0.30000000000000004,False
568,19,CLF_UNION,21,0,35,180,55,6,2,5,10,12,0.1,0.30000000000000004,False
569,19,ORD-UNION,21,0,23,180,43,6,2,5,10,12,0.1,0.30000000000000004,False
570,20,CARD,19,1,25,198,45,9,3,5,10,12,0.1,0.30000000000000004,True
571,20,CLF_UNION,20,1,37,198,57,9,3,5,10,12,0.1,0.30000000000000004,True
572,20,ORD-UNION,19,0,20,198,40,9,3,5,10,12,0.1,0.30000000000000004,True
573,20,CARD,20,0,25,198,45,6,2,5,10,12,0.1,0.30000000000000004,False
574,20,CLF_UNION,20,0,35,198,55,6,2,5,10,12,0.1,0.30000000000000004,False
575,20,ORD-UNION,20,0,24,198,44,6,2,5,10,12,0.1,0.30000000000000004,False
576,20,CARD,21,0,24,198,46,6,2,5,10,12,0.1,0.30000000000000004,True
577,20,CLF_UNION,22,0,35,198,55,6,2,5,10,12,0.1,0.30000000000000004,True
578,20,ORD-UNION,21,0,23,198,43,6,2,5,10,12,0.1,0.30000000000000004,True
579,20,CARD,21,0,24,198,46,6,2,5,10,12,0.1,0.30000000000000004,False
580,20,CLF_UNION,22,0,35,198,55,6,2,5,10,12,0.1,0.30000000000000004,False
581,20,ORD-UNION,21,0,23,198,43,6,2,5,10,12,0.1,0.30000000000000004,False
582,20,CARD,21,0,24,198,45,6,2,5,10,12,0.1,0.30000000000000004,True
583,20,CLF_UNION,21,0,34,198,55,6,2,5,10,12,0.1,0.30000000000000004,True
584,20,ORD-UNION,21,0,24,198,45,6,2,5,10,12,0.1,0.30000000000000004,True
585,20,CARD,21,0,24,198,45,6,2,5,10,12,0.1,0.30000000000000004,False
586,20,CLF_UNION,21,0,34,198,55,6,2,5,10,12,0.1,0.30000000000000004,False
587,20,ORD-UNION,21,0,24,198,45,6,2,5,10,12,0.1,0.30000000000000004,False
588,20,CARD,22,0,26,198,46,6,2,5,10,12,0.1,0.30000000000000004,True
589,20,CLF_UNION,22,1,38,198,55,6,2,5,10,12,0.1,0.30000000000000004,True
590,20,ORD-UNION,22,0,26,198,44,6,2,5,10,12,0.1,0.30000000000000004,True
591,20,CARD,22,0,26,198,46,6,2,5,10,12,0.1,0.30000000000000004,False
592,20,CLF_UNION,22,1,38,198,55,6,2,5,10,12,0.1,0.30000000000000004,False
593,20,ORD-UNION,22,0,26,198,44,6,2,5,10,12,0.1,0.30000000000000004,False
594,20,CARD,19,0,25,198,45,6,2,5,10,12,0.1,0.30000000000000004,True
595,20,CLF_UNION,19,0,35,198,55,6,2,5,10,12,0.1,0.30000000000000004,True
596,20,ORD-UNION,19,0,25,198,45,6,2,5,10,12,0.1,0.30000000000000004,True
597,20,CARD,19,0,25,198,45,6,2,5,10,12,0.1,0.30000000000000004,False
598,20,CLF_UNION,19,0,35,198,55,6,2,5,10,12,0.1,0.30000000000000004,False
599,20,ORD-UNION,19,0,25,198,45,6,2,5,10,12,0.1,0.30000000000000004,False
600,21,CARD,23,0,30,217,49,9,3,5,10,12,0.1,0.30000000000000004,True
601,21,CLF_UNION,23,0,50,217,61,9,3,5,10,12,0.1,0.30000000000000004,True
602,21,ORD-UNION,21,0,22,217,33,9,3,5,10,12,0.1,0.30000000000000004,True
603,21,CARD,23,0,33,217,46,6,2,5,10,12,0.1,0.30000000000000004,False
604,21,CLF_UNION,23,0,45,217,56,6,2,5,10,12,0.1,0.30000000000000004,False
605,21,ORD-UNION,23,0,30,217,41,6,2,5,10,12,0.1,0.30000000000000004,False
606,21,CARD,15,0,20,217,45,6,2,5,10,12,0.1,0.30000000000000004,True
607,21,CLF_UNION,15,0,30,217,55,6,2,5,10,12,0.1,0.30000000000000004,True
608,21,ORD-UNION,15,0,19,217,44,6,2,5,10,12,0.1,0.30000000000000004,True
609,21,CARD,15,0,20,217,45,6,2,5,10,12,0.1,0.30000000000000004,False
610,21,CLF_UNION,15,0,30,217,55,6,2,5,10,12,0.1,0.30000000000000004,False
611,21,ORD-UNION,15,0,19,217,44,6,2,5,10,12,0.1,0.30000000000000004,False
612,21,CARD,16,1,20,217,46,6,2,5,10,12,0.1,0.30000000000000004,True
613,21,CLF_UNION,16,1,32,217,56,6,2,5,10,12,0.1,0.30000000000000004,True
614,21,ORD-UNION,15,1,19,217,43,6,2,5,10,12,0.1,0.30000000000000004,True
615,21,CARD,16,1,20,217,46,6,2,5,10,12,0.1,0.30000000000000004,False
616,21,CLF_UNION,16,1,32,217,56,6,2,5,10,12,0.1,0.30000000000000004,False
617,21,ORD-UNION,15,1,19,217,43,6,2,5,10,12,0.1,0.30000000000000004,False
618,21,CARD,27,0,29,217,46,6,2,5,10,12,0.1,0.30000000000000004,True
619,21,CLF_UNION,28,0,40,217,55,6,2,5,10,12,0.1,0.30000000000000004,True
620,21,ORD-UNION,26,0,27,217,42,6,2,5,10,12,0.1,0.30000000000000004,True
621,21,CARD,27,0,29,217,46,6,2,5,10,12,0.1,0.30000000000000004,False
622,21,CLF_UNION,28,0,40,217,55,6,2,5,10,12,0.1,0.30000000000000004,False
623,21,ORD-UNION,26,0,27,217,42,6,2,5,10,12,0.1,0.30000000000000004,False
624,21,CARD,22,0,25,217,45,6,2,5,10,12,0.1,0.30000000000000004,True
625,21,CLF_UNION,22,1,36,217,55,6,2,5,10,12,0.1,0.30000000000000004,True
626,21,ORD-UNION,21,0,23,217,43,6,2,5,10,12,0.1,0.30000000000000004,True
627,21,CARD,22,0,25,217,45,6,2,5,10,12,0.1,0.30000000000000004,False
628,21,CLF_UNION,22,1,36,217,55,6,2,5,10,12,0.1,0.30000000000000004,False
629,21,ORD-UNION,21,0,23,217,43,6,2,5,10,12,0.1,0.30000000000000004,False
630,22,CARD,16,0,18,238,45,9,3,5,10,12,0.1,0.30000000000000004,True
631,22,CLF_UNION,16,0,28,238,55,9,3,5,10,12,0.1,0.30000000000000004,True
632,22,ORD-UNION,16,0,17,238,44,9,3,5,10,12,0.1,0.30000000000000004,True
633,22,CARD,16,0,18,238,45,6,2,5,10,12,0.1,0.30000000000000004,False
634,22,CLF_UNION,16,0,28,238,55,6,2,5,10,12,0.1,0.30000000000000004,False
635,22,ORD-UNION,16,0,18,238,45,6,2,5,10,12,0.1,0.30000000000000004,False
636,22,CARD,23,0,25,238,45,6,2,5,10,12,0.1,0.30000000000000004,True
637,22,CLF_UNION,22,1,35,238,55,6,2,5,10,12,0.1,0.30000000000000004,True
638,22,ORD-UNION,22,0,23,238,43,6,2,5,10,12,0.1,0.30000000000000004,True
639,22,CARD,23,0,25,238,45,6,2,5,10,12,0.1,0.30000000000000004,False
640,22,CLF_UNION,22,1,35,238,55,6,2,5,10,12,0.1,0.30000000000000004,False
641,22,ORD-UNION,22,0,23,238,43,6,2,5,10,12,0.1,0.30000000000000004,False
642,22,CARD,14,0,19,238,45,6,2,5,10,12,0.1,0.30000000000000004,True
643,22,CLF_UNION,14,0,29,238,55,6,2,5,10,12,0.1,0.30000000000000004,True
644,22,ORD-UNION,14,0,18,238,44,6,2,5,10,12,0.1,0.30000000000000004,True
645,22,CARD,14,0,19,238,45,6,2,5,10,12,0.1,0.30000000000000004,False
646,22,CLF_UNION,14,0,29,238,55,6,2,5,10,12,0.1,0.30000000000000004,False
647,22,ORD-UNION,14,0,18,238,44,6,2,5,10,12,0.1,0.30000000000000004,False
648,22,CARD,25,0,31,238,45,6,2,5,10,12,0.1,0.30000000000000004,True
649,22,CLF_UNION,25,0,41,238,55,6,2,5,10,12,0.1,0.30000000000000004,True
650,22,ORD-UNION,25,0,30,238,44,6,2,5,10,12,0.1,0.30000000000000004,True
651,22,CARD,25,0,31,238,45,6,2,5,10,12,0.1,0.30000000000000004,False
652,22,CLF_UNION,25,0,41,238,55,6,2,5,10,12,0.1,0.30000000000000004,False
653,22,ORD-UNION,25,0,30,238,44,6,2,5,10,12,0.1,0.30000000000000004,False
654,22,CARD,0,0,0,238,46,6,2,5,10,12,0.1,0.30000000000000004,True
655,22,CLF_UNION,0,1,12,238,55,6,2,5,10,12,0.1,0.30000000000000004,True
656,22,ORD-UNION,0,0,0,238,44,6,2,5,10,12,0.1,0.30000000000000004,True
657,22,CARD,0,0,0,238,46,6,2,5,10,12,0.1,0.30000000000000004,False
658,22,CLF_UNION,0,1,12,238,55,6,2,5,10,12,0.1,0.30000000000000004,False
659,22,ORD-UNION,0,0,0,238,44,6,2,5,10,12,0.1,0.30000000000000004,False
660,23,CARD,9,0,14,258,45,9,3,5,10,12,0.1,0.30000000000000004,True
661,23,CLF_UNION,9,0,24,258,55,9,3,5,10,12,0.1,0.30000000000000004,True
662,23,ORD-UNION,9,0,10,258,41,9,3,5,10,12,0.1,0.30000000000000004,True
663,23,CARD,9,0,13,258,46,9,2,5,10,12,0.1,0.30000000000000004,False
664,23,CLF_UNION,9,0,24,258,55,9,2,5,10,12,0.1,0.30000000000000004,False
665,23,ORD-UNION,4,0,5,258,36,9,2,5,10,12,0.1,0.30000000000000004,False
666,23,CARD,14,0,20,258,45,9,2,5,10,12,0.1,0.30000000000000004,True
667,23,CLF_UNION,14,0,30,258,55,9,2,5,10,12,0.1,0.30000000000000004,True
668,23,ORD-UNION,13,0,14,258,39,9,2,5,10,12,0.1,0.30000000000000004,True
669,23,CARD,14,0,20,258,45,9,2,5,10,12,0.1,0.30000000000000004,False
670,23,CLF_UNION,14,0,30,258,55,9,2,5,10,12,0.1,0.30000000000000004,False
671,23,ORD-UNION,13,0,14,258,39,9,2,5,10,12,0.1,0.30000000000000004,False
672,23,CARD,8,0,9,258,46,9,2,5,10,12,0.1,0.30000000000000004,True
673,23,CLF_UNION,8,0,20,258,55,9,2,5,10,12,0.1,0.30000000000000004,True
674,23,ORD-UNION,8,0,8,258,43,9,2,5,10,12,0.1,0.30000000000000004,True
675,23,CARD,8,0,9,258,46,9,2,5,10,12,0.1,0.30000000000000004,False
676,23,CLF_UNION,8,0,20,258,55,9,2,5,10,12,0.1,0.30000000000000004,False
677,23,ORD-UNION,8,0,8,258,43,9,2,5,10,12,0.1,0.30000000000000004,False
678,23,CARD,8,0,12,258,46,9,2,5,10,12,0.1,0.30000000000000004,True
679,23,CLF_UNION,8,0,23,258,55,9,2,5,10,12,0.1,0.30000000000000004,True
680,23,ORD-UNION,7,0,7,258,39,9,2,5,10,12,0.1,0.30000000000000004,True
681,23,CARD,8,0,12,258,46,9,2,5,10,12,0.1,0.30000000000000004,False
682,23,CLF_UNION,8,0,23,258,55,9,2,5,10,12,0.1,0.30000000000000004,False
683,23,ORD-UNION,7,0,7,258,39,9,2,5,10,12,0.1,0.30000000000000004,False
684,23,CARD,21,0,24,258,47,9,2,5,10,12,0.1,0.30000000000000004,True
685,23,CLF_UNION,20,1,36,258,55,9,2,5,10,12,0.1,0.30000000000000004,True
686,23,ORD-UNION,17,0,17,258,36,9,2,5,10,12,0.1,0.30000000000000004,True
687,23,CARD,21,0,24,258,47,9,2,5,10,12,0.1,0.30000000000000004,False
688,23,CLF_UNION,20,1,36,258,55,9,2,5,10,12,0.1,0.30000000000000004,False
689,23,ORD-UNION,17,0,17,258,36,9,2,5,10,12,0.1,0.30000000000000004,False
690,24,CARD,8,0,10,280,47,9,3,5,10,12,0.1,0.30000000000000004,True
691,24,CLF_UNION,8,0,23,280,56,9,3,5,10,12,0.1,0.30000000000000004,True
692,24,ORD-UNION,6,0,7,280,40,9,3,5,10,12,0.1,0.30000000000000004,True
693,24,CARD,8,0,11,280,46,9,2,5,10,12,0.1,0.30000000000000004,False
694,24,CLF_UNION,8,0,23,280,56,9,2,5,10,12,0.1,0.30000000000000004,False
695,24,ORD-UNION,7,0,7,280,40,9,2,5,10,12,0.1,0.30000000000000004,False
696,24,CARD,16,0,17,280,47,9,2,5,10,12,0.1,0.30000000000000004,True
697,24,CLF_UNION,16,0,30,280,56,9,2,5,10,12,0.1,0.30000000000000004,True
698,24,ORD-UNION,15,0,16,280,42,9,2,5,10,12,0.1,0.30000000000000004,True
699,24,CARD,16,0,17,280,47,9,2,5,10,12,0.1,0.30000000000000004,False
700,24,CLF_UNION,16,0,30,280,56,9,2,5,10,12,0.1,0.30000000000000004,False
701,24,ORD-UNION,15,0,16,280,42,9,2,5,10,12,0.1,0.30000000000000004,False
702,24,CARD,0,0,1,280,46,9,2,5,10,12,0.1,0.30000000000000004,True
703,24,CLF_UNION,0,0,12,280,55,9,2,5,10,12,0.1,0.30000000000000004,True
704,24,ORD-UNION,0,0,0,280,43,9,2,5,10,12,0.1,0.30000000000000004,True
705,24,CARD,0,0,1,280,46,9,2,5,10,12,0.1,0.30000000000000004,False
706,24,CLF_UNION,0,0,12,280,55,9,2,5,10,12,0.1,0.30000000000000004,False
707,24,ORD-UNION,0,0,0,280,43,9,2,5,10,12,0.1,0.30000000000000004,False
708,24,CARD,14,0,18,280,46,9,2,5,10,12,0.1,0.30000000000000004,True
709,24,CLF_UNION,14,0,30,280,56,9,2,5,10,12,0.1,0.30000000000000004,True
710,24,ORD-UNION,14,0,15,280,41,9,2,5,10,12,0.1,0.30000000000000004,True
711,24,CARD,14,0,18,280,46,9,2,5,10,12,0.1,0.30000000000000004,False
712,24,CLF_UNION,14,0,30,280,56,9,2,5,10,12,0.1,0.30000000000000004,False
713,24,ORD-UNION,14,0,15,280,41,9,2,5,10,12,0.1,0.30000000000000004,False
714,24,CARD,7,0,10,280,45,9,2,5,10,12,0.1,0.30000000000000004,True
715,24,CLF_UNION,7,1,21,280,56,9,2,5,10,12,0.1,0.30000000000000004,True
716,24,ORD-UNION,7,0,8,280,43,9,2,5,10,12,0.1,0.30000000000000004,True
717,24,CARD,7,0,10,280,45,9,2,5,10,12,0.1,0.30000000000000004,False
718,24,CLF_UNION,7,1,21,280,56,9,2,5,10,12,0.1,0.30000000000000004,False
719,24,ORD-UNION,7,0,8,280,43,9,2,5,10,12,0.1,0.30000000000000004,False
720,1,CARD,25,0,25,1,65,9,3,5,10,12,0.1,0.30000000000000004,True
721,1,CLF_UNION,36,16,69,1,69,9,3,5,10,12,0.1,0.30000000000000004,True
722,1,ORD-UNION,0,0,0,1,0,9,3,5,10,12,0.1,0.30000000000000004,True
723,1,CARD,11,10,24,1,66,1,1,5,10,12,0.1,0.30000000000000004,False
724,1,CLF_UNION,30,29,76,1,76,1,1,5,10,12,0.1,0.30000000000000004,False
725,1,ORD-UNION,11,10,24,1,24,1,1,5,10,12,0.1,0.30000000000000004,False
726,1,CARD,7,16,25,1,65,1,1,5,10,12,0.1,0.30000000000000004,True
727,1,CLF_UNION,26,35,75,1,75,1,1,5,10,12,0.1,0.30000000000000004,True
728,1,ORD-UNION,7,16,25,1,25,1,1,5,10,12,0.1,0.30000000000000004,True
729,1,CARD,7,16,25,1,65,1,1,5,10,12,0.1,0.30000000000000004,False
730,1,CLF_UNION,26,35,75,1,75,1,1,5,10,12,0.1,0.30000000000000004,False
731,1,ORD-UNION,7,16,25,1,25,1,1,5,10,12,0.1,0.30000000000000004,False
732,1,CARD,10,9,21,1,69,1,1,5,10,12,0.1,0.30000000000000004,True
733,1,CLF_UNION,32,31,79,1,79,1,1,5,10,12,0.1,0.30000000000000004,True
734,1,ORD-UNION,10,9,21,1,21,1,1,5,10,12,0.1,0.30000000000000004,True
735,1,CARD,10,9,21,1,69,1,1,5,10,12,0.1,0.30000000000000004,False
736,1,CLF_UNION,32,31,79,1,79,1,1,5,10,12,0.1,0.30000000000000004,False
737,1,ORD-UNION,10,9,21,1,21,1,1,5,10,12,0.1,0.30000000000000004,False
738,1,CARD,16,5,24,1,66,1,1,5,10,12,0.1,0.30000000000000004,True
739,1,CLF_UNION,36,25,76,1,76,1,1,5,10,12,0.1,0.30000000000000004,True
740,1,ORD-UNION,16,5,24,1,24,1,1,5,10,12,0.1,0.30000000000000004,True
741,1,CARD,16,5,24,1,66,1,1,5,10,12,0.1,0.30000000000000004,False
742,1,CLF_UNION,36,25,76,1,76,1,1,5,10,12,0.1,0.30000000000000004,False
743,1,ORD-UNION,16,5,24,1,24,1,1,5,10,12,0.1,0.30000000000000004,False
744,1,CARD,9,14,25,1,65,1,1,5,10,12,0.1,0.30000000000000004,True
745,1,CLF_UNION,26,31,75,1,75,1,1,5,10,12,0.1,0.30000000000000004,True
746,1,ORD-UNION,9,14,25,1,25,1,1,5,10,12,0.1,0.30000000000000004,True
747,1,CARD,9,14,25,1,65,1,1,5,10,12,0.1,0.30000000000000004,False
748,1,CLF_UNION,26,31,75,1,75,1,1,5,10,12,0.1,0.30000000000000004,False
749,1,ORD-UNION,9,14,25,1,25,1,1,5,10,12,0.1,0.30000000000000004,False
750,2,CARD,24,7,35,3,55,9,3,5,10,12,0.1,0.30000000000000004,True
751,2,CLF_UNION,34,13,64,3,64,9,3,5,10,12,0.1,0.30000000000000004,True
752,2,ORD-UNION,0,0,0,3,0,9,3,5,10,12,0.1,0.30000000000000004,True
753,2,CARD,18,7,29,3,61,2,1,5,10,12,0.1,0.30000000000000004,False
754,2,CLF_UNION,35,27,79,3,79,2,1,5,10,12,0.1,0.30000000000000004,False
755,2,ORD-UNION,18,7,29,3,29,2,1,5,10,12,0.1,0.30000000000000004,False
756,2,CARD,17,14,35,3,55,2,1,5,10,12,0.1,0.30000000000000004,True
757,2,CLF_UNION,30,29,75,3,75,2,1,5,10,12,0.1,0.30000000000000004,True
758,2,ORD-UNION,17,14,35,3,35,2,1,5,10,12,0.1,0.30000000000000004,True
759,2,CARD,17,14,35,3,55,2,1,5,10,12,0.1,0.30000000000000004,False
760,2,CLF_UNION,30,29,75,3,75,2,1,5,10,12,0.1,0.30000000000000004,False
761,2,ORD-UNION,17,14,35,3,35,2,1,5,10,12,0.1,0.30000000000000004,False
762,2,CARD,17,14,36,3,54,2,1,5,10,12,0.1,0.30000000000000004,True
763,2,CLF_UNION,29,31,76,3,76,2,1,5,10,12,0.1,0.30000000000000004,True
764,2,ORD-UNION,17,14,36,3,36,2,1,5,10,12,0.1,0.30000000000000004,True
765,2,CARD,17,14,36,3,54,2,1,5,10,12,0.1,0.30000000000000004,False
766,2,CLF_UNION,29,31,76,3,76,2,1,5,10,12,0.1,0.30000000000000004,False
767,2,ORD-UNION,17,14,36,3,36,2,1,5,10,12,0.1,0.30000000000000004,False
768,2,CARD,26,9,36,3,53,2,1,5,10,12,0.1,0.30000000000000004,True
769,2,CLF_UNION,35,23,74,3,75,2,1,5,10,12,0.1,0.30000000000000004,True
770,2,ORD-UNION,26,9,36,3,37,2,1,5,10,12,0.1,0.30000000000000004,True
771,2,CARD,26,9,36,3,53,2,1,5,10,12,0.1,0.30000000000000004,False
772,2,CLF_UNION,35,23,74,3,75,2,1,5,10,12,0.1,0.30000000000000004,False
773,2,ORD-UNION,26,9,36,3,37,2,1,5,10,12,0.1,0.30000000000000004,False
774,2,CARD,15,17,33,3,57,2,1,5,10,12,0.1,0.30000000000000004,True
775,2,CLF_UNION,34,38,84,3,84,2,1,5,10,12,0.1,0.30000000000000004,True
776,2,ORD-UNION,15,17,33,3,33,2,1,5,10,12,0.1,0.30000000000000004,True
777,2,CARD,15,17,33,3,57,2,1,5,10,12,0.1,0.30000000000000004,False
778,2,CLF_UNION,34,38,84,3,84,2,1,5,10,12,0.1,0.30000000000000004,False
779,2,ORD-UNION,15,17,33,3,33,2,1,5,10,12,0.1,0.30000000000000004,False
780,3,CARD,24,10,36,6,54,9,3,5,10,12,0.1,0.30000000000000004,True
781,3,CLF_UNION,28,23,63,6,63,9,3,5,10,12,0.1,0.30000000000000004,True
782,3,ORD-UNION,1,0,1,6,1,9,3,5,10,12,0.1,0.30000000000000004,True
783,3,CARD,24,10,36,6,54,2,1,5,10,12,0.1,0.30000000000000004,False
784,3,CLF_UNION,33,22,67,6,67,2,1,5,10,12,0.1,0.30000000000000004,False
785,3,ORD-UNION,24,10,36,6,36,2,1,5,10,12,0.1,0.30000000000000004,False
786,3,CARD,17,13,34,6,55,2,1,5,10,12,0.1,0.30000000000000004,True
787,3,CLF_UNION,30,27,76,6,77,2,1,5,10,12,0.1,0.30000000000000004,True
788,3,ORD-UNION,17,13,34,6,35,2,1,5,10,12,0.1,0.30000000000000004,True
789,3,CARD,17,13,34,6,55,2,1,5,10,12,0.1,0.30000000000000004,False
790,3,CLF_UNION,30,27,76,6,77,2,1,5,10,12,0.1,0.30000000000000004,False
791,3,ORD-UNION,17,13,34,6,35,2,1,5,10,12,0.1,0.30000000000000004,False
792,3,CARD,20,12,35,6,55,2,1,5,10,12,0.1,0.30000000000000004,True
793,3,CLF_UNION,32,28,77,6,77,2,1,5,10,12,0.1,0.30000000000000004,True
794,3,ORD-UNION,20,12,35,6,35,2,1,5,10,12,0.1,0.30000000000000004,True
795,3,CARD,20,12,35,6,55,2,1,5,10,12,0.1,0.30000000000000004,False
796,3,CLF_UNION,32,28,77,6,77,2,1,5,10,12,0.1,0.30000000000000004,False
797,3,ORD-UNION,20,12,35,6,35,2,1,5,10,12,0.1,0.30000000000000004,False
798,3,CARD,26,5,35,6,55,2,1,5,10,12,0.1,0.30000000000000004,True
799,3,CLF_UNION,37,24,77,6,77,2,1,5,10,12,0.1,0.30000000000000004,True
800,3,ORD-UNION,26,5,35,6,35,2,1,5,10,12,0.1,0.30000000000000004,True
801,3,CARD,26,5,35,6,55,2,1,5,10,12,0.1,0.30000000000000004,False
802,3,CLF_UNION,37,24,77,6,77,2,1,5,10,12,0.1,0.30000000000000004,False
803,3,ORD-UNION,26,5,35,6,35,2,1,5,10,12,0.1,0.30000000000000004,False
804,3,CARD,31,1,35,6,55,2,1,5,10,12,0.1,0.30000000000000004,True
805,3,CLF_UNION,40,12,67,6,67,2,1,5,10,12,0.1,0.30000000000000004,True
806,3,ORD-UNION,31,1,35,6,35,2,1,5,10,12,0.1,0.30000000000000004,True
807,3,CARD,31,1,35,6,55,2,1,5,10,12,0.1,0.30000000000000004,False
808,3,CLF_UNION,40,12,67,6,67,2,1,5,10,12,0.1,0.30000000000000004,False
809,3,ORD-UNION,31,1,35,6,35,2,1,5,10,12,0.1,0.30000000000000004,False
810,4,CARD,34,4,41,10,49,9,3,5,10,12,0.1,0.30000000000000004,True
811,4,CLF_UNION,32,10,57,10,57,9,3,5,10,12,0.1,0.30000000000000004,True
812,4,ORD-UNION,0,0,0,10,0,9,3,5,10,12,0.1,0.30000000000000004,True
813,4,CARD,21,16,41,10,49,3,1,5,10,12,0.1,0.30000000000000004,False
814,4,CLF_UNION,26,22,63,10,63,3,1,5,10,12,0.1,0.30000000000000004,False
815,4,ORD-UNION,21,16,41,10,41,3,1,5,10,12,0.1,0.30000000000000004,False
816,4,CARD,26,13,42,10,48,3,1,5,10,12,0.1,0.30000000000000004,True
817,4,CLF_UNION,33,19,65,10,65,3,1,5,10,12,0.1,0.30000000000000004,True
818,4,ORD-UNION,26,13,42,10,42,3,1,5,10,12,0.1,0.30000000000000004,True
819,4,CARD,26,13,42,10,48,3,1,5,10,12,0.1,0.30000000000000004,False
820,4,CLF_UNION,33,19,65,10,65,3,1,5,10,12,0.1,0.30000000000000004,False
821,4,ORD-UNION,26,13,42,10,42,3,1,5,10,12,0.1,0.30000000000000004,False
822,4,CARD,12,22,40,10,50,3,1,5,10,12,0.1,0.30000000000000004,True
823,4,CLF_UNION,21,30,67,10,67,3,1,5,10,12,0.1,0.30000000000000004,True
824,4,ORD-UNION,12,22,40,10,40,3,1,5,10,12,0.1,0.30000000000000004,True
825,4,CARD,12,22,40,10,50,3,1,5,10,12,0.1,0.30000000000000004,False
826,4,CLF_UNION,21,30,67,10,67,3,1,5,10,12,0.1,0.30000000000000004,False
827,4,ORD-UNION,12,22,40,10,40,3,1,5,10,12,0.1,0.30000000000000004,False
828,4,CARD,20,14,36,10,51,3,1,5,10,12,0.1,0.30000000000000004,True
829,4,CLF_UNION,32,31,76,10,79,3,1,5,10,12,0.1,0.30000000000000004,True
830,4,ORD-UNION,20,14,36,10,39,3,1,5,10,12,0.1,0.30000000000000004,True
831,4,CARD,20,14,36,10,51,3,1,5,10,12,0.1,0.30000000000000004,False
832,4,CLF_UNION,32,31,76,10,79,3,1,5,10,12,0.1,0.30000000000000004,False
833,4,ORD-UNION,20,14,36,10,39,3,1,5,10,12,0.1,0.30000000000000004,False
834,4,CARD,27,11,41,10,49,3,1,5,10,12,0.1,0.30000000000000004,True
835,4,CLF_UNION,35,20,68,10,68,3,1,5,10,12,0.1,0.30000000000000004,True
836,4,ORD-UNION,27,11,41,10,41,3,1,5,10,12,0.1,0.30000000000000004,True
837,4,CARD,27,11,41,10,49,3,1,5,10,12,0.1,0.30000000000000004,False
838,4,CLF_UNION,35,20,68,10,68,3,1,5,10,12,0.1,0.30000000000000004,False
839,4,ORD-UNION,27,11,41,10,41,3,1,5,10,12,0.1,0.30000000000000004,False
840,5,CARD,23,17,43,15,47,9,3,5,10,12,0.1,0.30000000000000004,True
841,5,CLF_UNION,24,19,56,15,56,9,3,5,10,12,0.1,0.30000000000000004,True
842,5,ORD-UNION,1,0,1,15,1,9,3,5,10,12,0.1,0.30000000000000004,True
843,5,CARD,23,18,44,15,46,5,1,5,10,12,0.1,0.30000000000000004,False
844,5,CLF_UNION,22,20,55,15,55,5,1,5,10,12,0.1,0.30000000000000004,False
845,5,ORD-UNION,7,9,16,15,16,5,1,5,10,12,0.1,0.30000000000000004,False
846,5,CARD,22,21,44,15,45,5,1,5,10,12,0.1,0.30000000000000004,True
847,5,CLF_UNION,26,18,55,15,56,5,1,5,10,12,0.1,0.30000000000000004,True
848,5,ORD-UNION,16,10,26,15,27,5,1,5,10,12,0.1,0.30000000000000004,True
849,5,CARD,22,21,44,15,45,5,1,5,10,12,0.1,0.30000000000000004,False
850,5,CLF_UNION,26,18,55,15,56,5,1,5,10,12,0.1,0.30000000000000004,False
851,5,ORD-UNION,16,10,26,15,27,5,1,5,10,12,0.1,0.30000000000000004,False
852,5,CARD,32,9,44,15,45,5,1,5,10,12,0.1,0.30000000000000004,True
853,5,CLF_UNION,34,7,54,15,55,5,1,5,10,12,0.1,0.30000000000000004,True
854,5,ORD-UNION,20,2,22,15,23,5,1,5,10,12,0.1,0.30000000000000004,True
855,5,CARD,32,9,44,15,45,5,1,5,10,12,0.1,0.30000000000000004,False
856,5,CLF_UNION,34,7,54,15,55,5,1,5,10,12,0.1,0.30000000000000004,False
857,5,ORD-UNION,20,2,22,15,23,5,1,5,10,12,0.1,0.30000000000000004,False
858,5,CARD,29,11,44,15,45,5,1,5,10,12,0.1,0.30000000000000004,True
859,5,CLF_UNION,31,10,55,15,56,5,1,5,10,12,0.1,0.30000000000000004,True
860,5,ORD-UNION,20,1,23,15,24,5,1,5,10,12,0.1,0.30000000000000004,True
861,5,CARD,29,11,44,15,45,5,1,5,10,12,0.1,0.30000000000000004,False
862,5,CLF_UNION,31,10,55,15,56,5,1,5,10,12,0.1,0.30000000000000004,False
863,5,ORD-UNION,20,1,23,15,24,5,1,5,10,12,0.1,0.30000000000000004,False
864,5,CARD,21,19,44,15,46,5,1,5,10,12,0.1,0.30000000000000004,True
865,5,CLF_UNION,26,14,56,15,56,5,1,5,10,12,0.1,0.30000000000000004,True
866,5,ORD-UNION,14,9,25,15,25,5,1,5,10,12,0.1,0.30000000000000004,True
867,5,CARD,21,19,44,15,46,5,1,5,10,12,0.1,0.30000000000000004,False
868,5,CLF_UNION,26,14,56,15,56,5,1,5,10,12,0.1,0.30000000000000004,False
869,5,ORD-UNION,14,9,25,15,25,5,1,5,10,12,0.1,0.30000000000000004,False
870,6,CARD,27,14,45,20,45,9,3,5,10,12,0.1,0.30000000000000004,True
871,6,CLF_UNION,24,17,55,20,55,9,3,5,10,12,0.1,0.30000000000000004,True
872,6,ORD-UNION,3,3,6,20,6,9,3,5,10,12,0.1,0.30000000000000004,True
873,6,CARD,16,22,42,20,48,5,2,5,10,12,0.1,0.30000000000000004,False
874,6,CLF_UNION,22,25,61,20,61,5,2,5,10,12,0.1,0.30000000000000004,False
875,6,ORD-UNION,16,21,41,20,41,5,2,5,10,12,0.1,0.30000000000000004,False
876,6,CARD,14,26,44,20,45,5,2,5,10,12,0.1,0.30000000000000004,True
877,6,CLF_UNION,18,26,58,20,59,5,2,5,10,12,0.1,0.30000000000000004,True
878,6,ORD-UNION,13,24,41,20,42,5,2,5,10,12,0.1,0.30000000000000004,True
879,6,CARD,14,26,44,20,45,5,2,5,10,12,0.1,0.30000000000000004,False
880,6,CLF_UNION,18,26,58,20,59,5,2,5,10,12,0.1,0.30000000000000004,False
881,6,ORD-UNION,13,24,41,20,42,5,2,5,10,12,0.1,0.30000000000000004,False
882,6,CARD,12,27,43,20,47,5,2,5,10,12,0.1,0.30000000000000004,True
883,6,CLF_UNION,20,26,60,20,60,5,2,5,10,12,0.1,0.30000000000000004,True
884,6,ORD-UNION,12,23,39,20,39,5,2,5,10,12,0.1,0.30000000000000004,True
885,6,CARD,12,27,43,20,47,5,2,5,10,12,0.1,0.30000000000000004,False
886,6,CLF_UNION,20,26,60,20,60,5,2,5,10,12,0.1,0.30000000000000004,False
887,6,ORD-UNION,12,23,39,20,39,5,2,5,10,12,0.1,0.30000000000000004,False
888,6,CARD,13,27,44,20,46,5,2,5,10,12,0.1,0.30000000000000004,True
889,6,CLF_UNION,19,30,63,20,63,5,2,5,10,12,0.1,0.30000000000000004,True
890,6,ORD-UNION,13,26,43,20,43,5,2,5,10,12,0.1,0.30000000000000004,True
891,6,CARD,13,27,44,20,46,5,2,5,10,12,0.1,0.30000000000000004,False
892,6,CLF_UNION,19,30,63,20,63,5,2,5,10,12,0.1,0.30000000000000004,False
893,6,ORD-UNION,13,26,43,20,43,5,2,5,10,12,0.1,0.30000000000000004,False
894,6,CARD,22,16,43,20,46,5,2,5,10,12,0.1,0.30000000000000004,True
895,6,CLF_UNION,23,19,57,20,58,5,2,5,10,12,0.1,0.30000000000000004,True
896,6,ORD-UNION,21,15,41,20,42,5,2,5,10,12,0.1,0.30000000000000004,True
897,6,CARD,22,16,43,20,46,5,2,5,10,12,0.1,0.30000000000000004,False
898,6,CLF_UNION,23,19,57,20,58,5,2,5,10,12,0.1,0.30000000000000004,False
899,6,ORD-UNION,21,15,41,20,42,5,2,5,10,12,0.1,0.30000000000000004,False
