,budget,model,correct,wrong,total,n_pref_input,n_pref_output,theta_size,theta_additivity,n_items,n_test_subsets,n_tiers,alpha,p,real theta
0,1,CARD,16,8,25,1,65,9,2,5,10,18,0.1,0.30000000000000004,True
1,1,CLF_UNION,38,13,65,1,65,9,2,5,10,18,0.1,0.30000000000000004,True
2,1,ORD-UNION,0,0,0,1,0,9,2,5,10,18,0.1,0.30000000000000004,True
3,1,CARD,17,7,25,1,65,1,1,5,10,18,0.1,0.30000000000000004,False
4,1,CLF_UNION,36,26,75,1,75,1,1,5,10,18,0.1,0.30000000000000004,False
5,1,ORD-UNION,17,7,25,1,25,1,1,5,10,18,0.1,0.30000000000000004,False
6,1,CARD,10,11,21,1,69,1,1,5,10,18,0.1,0.30000000000000004,True
7,1,CLF_UNION,33,34,79,1,79,1,1,5,10,18,0.1,0.30000000000000004,True
8,1,ORD-UNION,10,11,21,1,21,1,1,5,10,18,0.1,0.30000000000000004,True
9,1,CARD,10,11,21,1,69,1,1,5,10,18,0.1,0.30000000000000004,False
10,1,CLF_UNION,33,34,79,1,79,1,1,5,10,18,0.1,0.30000000000000004,False
11,1,ORD-UNION,10,11,21,1,21,1,1,5,10,18,0.1,0.30000000000000004,False
12,1,CARD,15,5,21,1,69,1,1,5,10,18,0.1,0.30000000000000004,True
13,1,CLF_UNION,38,28,79,1,79,1,1,5,10,18,0.1,0.30000000000000004,True
14,1,ORD-UNION,15,5,21,1,21,1,1,5,10,18,0.1,0.30000000000000004,True
15,1,CARD,15,5,21,1,69,1,1,5,10,18,0.1,0.30000000000000004,False
16,1,CLF_UNION,38,28,79,1,79,1,1,5,10,18,0.1,0.30000000000000004,False
17,1,ORD-UNION,15,5,21,1,21,1,1,5,10,18,0.1,0.30000000000000004,False
18,1,CARD,8,12,21,1,69,1,1,5,10,18,0.1,0.30000000000000004,True
19,1,CLF_UNION,32,36,79,1,79,1,1,5,10,18,0.1,0.30000000000000004,True
20,1,ORD-UNION,8,12,21,1,21,1,1,5,10,18,0.1,0.30000000000000004,True
21,1,CARD,8,12,21,1,69,1,1,5,10,18,0.1,0.30000000000000004,False
22,1,CLF_UNION,32,36,79,1,79,1,1,5,10,18,0.1,0.30000000000000004,False
23,1,ORD-UNION,8,12,21,1,21,1,1,5,10,18,0.1,0.30000000000000004,False
24,1,CARD,10,11,21,1,69,1,1,5,10,18,0.1,0.30000000000000004,True
25,1,CLF_UNION,32,33,79,1,79,1,1,5,10,18,0.1,0.30000000000000004,True
26,1,ORD-UNION,10,11,21,1,21,1,1,5,10,18,0.1,0.30000000000000004,True
27,1,CARD,10,11,21,1,69,1,1,5,10,18,0.1,0.30000000000000004,False
28,1,CLF_UNION,32,33,79,1,79,1,1,5,10,18,0.1,0.30000000000000004,False
29,1,ORD-UNION,10,11,21,1,21,1,1,5,10,18,0.1,0.30000000000000004,False
30,2,CARD,22,12,36,3,54,9,2,5,10,18,0.1,0.30000000000000004,True
31,2,CLF_UNION,29,18,59,3,59,9,2,5,10,18,0.1,0.30000000000000004,True
32,2,ORD-UNION,1,0,1,3,1,9,2,5,10,18,0.1,0.30000000000000004,True
33,2,CARD,20,12,33,3,57,2,1,5,10,18,0.1,0.30000000000000004,False
34,2,CLF_UNION,32,33,79,3,79,2,1,5,10,18,0.1,0.30000000000000004,False
35,2,ORD-UNION,20,12,33,3,33,2,1,5,10,18,0.1,0.30000000000000004,False
36,2,CARD,25,11,37,3,53,2,1,5,10,18,0.1,0.30000000000000004,True
37,2,CLF_UNION,35,29,76,3,76,2,1,5,10,18,0.1,0.30000000000000004,True
38,2,ORD-UNION,25,11,37,3,37,2,1,5,10,18,0.1,0.30000000000000004,True
39,2,CARD,25,11,37,3,53,2,1,5,10,18,0.1,0.30000000000000004,False
40,2,CLF_UNION,35,29,76,3,76,2,1,5,10,18,0.1,0.30000000000000004,False
41,2,ORD-UNION,25,11,37,3,37,2,1,5,10,18,0.1,0.30000000000000004,False
42,2,CARD,19,14,35,3,55,2,1,5,10,18,0.1,0.30000000000000004,True
43,2,CLF_UNION,35,28,76,3,76,2,1,5,10,18,0.1,0.30000000000000004,True
44,2,ORD-UNION,19,14,35,3,35,2,1,5,10,18,0.1,0.30000000000000004,True
45,2,CARD,19,14,35,3,55,2,1,5,10,18,0.1,0.30000000000000004,False
46,2,CLF_UNION,35,28,76,3,76,2,1,5,10,18,0.1,0.30000000000000004,False
47,2,ORD-UNION,19,14,35,3,35,2,1,5,10,18,0.1,0.30000000000000004,False
48,2,CARD,25,9,37,3,53,2,1,5,10,18,0.1,0.30000000000000004,True
49,2,CLF_UNION,35,23,75,3,75,2,1,5,10,18,0.1,0.30000000000000004,True
50,2,ORD-UNION,25,9,37,3,37,2,1,5,10,18,0.1,0.30000000000000004,True
51,2,CARD,25,9,37,3,53,2,1,5,10,18,0.1,0.30000000000000004,False
52,2,CLF_UNION,35,23,75,3,75,2,1,5,10,18,0.1,0.30000000000000004,False
53,2,ORD-UNION,25,9,37,3,37,2,1,5,10,18,0.1,0.30000000000000004,False
54,2,CARD,17,16,35,3,54,2,1,5,10,18,0.1,0.30000000000000004,True
55,2,CLF_UNION,31,31,75,3,76,2,1,5,10,18,0.1,0.30000000000000004,True
56,2,ORD-UNION,17,16,35,3,36,2,1,5,10,18,0.1,0.30000000000000004,True
57,2,CARD,17,16,35,3,54,2,1,5,10,18,0.1,0.30000000000000004,False
58,2,CLF_UNION,31,31,75,3,76,2,1,5,10,18,0.1,0.30000000000000004,False
59,2,ORD-UNION,17,16,35,3,36,2,1,5,10,18,0.1,0.30000000000000004,False
60,3,CARD,26,8,36,6,51,9,2,5,10,18,0.1,0.30000000000000004,True
61,3,CLF_UNION,31,15,59,6,62,9,2,5,10,18,0.1,0.30000000000000004,True
62,3,ORD-UNION,1,0,1,6,4,9,2,5,10,18,0.1,0.30000000000000004,True
63,3,CARD,25,8,35,6,52,3,1,5,10,18,0.1,0.30000000000000004,False
64,3,CLF_UNION,37,23,74,6,77,3,1,5,10,18,0.1,0.30000000000000004,False
65,3,ORD-UNION,21,3,25,6,28,3,1,5,10,18,0.1,0.30000000000000004,False
66,3,CARD,26,10,39,6,51,3,1,5,10,18,0.1,0.30000000000000004,True
67,3,CLF_UNION,31,27,73,6,73,3,1,5,10,18,0.1,0.30000000000000004,True
68,3,ORD-UNION,20,9,31,6,31,3,1,5,10,18,0.1,0.30000000000000004,True
69,3,CARD,26,10,39,6,51,3,1,5,10,18,0.1,0.30000000000000004,False
70,3,CLF_UNION,31,27,73,6,73,3,1,5,10,18,0.1,0.30000000000000004,False
71,3,ORD-UNION,20,9,31,6,31,3,1,5,10,18,0.1,0.30000000000000004,False
72,3,CARD,27,12,39,6,51,3,1,5,10,18,0.1,0.30000000000000004,True
73,3,CLF_UNION,35,27,73,6,73,3,1,5,10,18,0.1,0.30000000000000004,True
74,3,ORD-UNION,23,7,30,6,30,3,1,5,10,18,0.1,0.30000000000000004,True
75,3,CARD,27,12,39,6,51,3,1,5,10,18,0.1,0.30000000000000004,False
76,3,CLF_UNION,35,27,73,6,73,3,1,5,10,18,0.1,0.30000000000000004,False
77,3,ORD-UNION,23,7,30,6,30,3,1,5,10,18,0.1,0.30000000000000004,False
78,3,CARD,36,3,40,6,50,3,1,5,10,18,0.1,0.30000000000000004,True
79,3,CLF_UNION,40,16,69,6,69,3,1,5,10,18,0.1,0.30000000000000004,True
80,3,ORD-UNION,32,3,36,6,36,3,1,5,10,18,0.1,0.30000000000000004,True
81,3,CARD,36,3,40,6,50,3,1,5,10,18,0.1,0.30000000000000004,False
82,3,CLF_UNION,40,16,69,6,69,3,1,5,10,18,0.1,0.30000000000000004,False
83,3,ORD-UNION,32,3,36,6,36,3,1,5,10,18,0.1,0.30000000000000004,False
84,3,CARD,25,9,35,6,55,3,1,5,10,18,0.1,0.30000000000000004,True
85,3,CLF_UNION,35,27,73,6,73,3,1,5,10,18,0.1,0.30000000000000004,True
86,3,ORD-UNION,19,7,27,6,27,3,1,5,10,18,0.1,0.30000000000000004,True
87,3,CARD,25,9,35,6,55,3,1,5,10,18,0.1,0.30000000000000004,False
88,3,CLF_UNION,35,27,73,6,73,3,1,5,10,18,0.1,0.30000000000000004,False
89,3,ORD-UNION,19,7,27,6,27,3,1,5,10,18,0.1,0.30000000000000004,False
90,4,CARD,25,10,37,10,53,9,2,5,10,18,0.1,0.30000000000000004,True
91,4,CLF_UNION,31,13,56,10,56,9,2,5,10,18,0.1,0.30000000000000004,True
92,4,ORD-UNION,0,0,0,10,0,9,2,5,10,18,0.1,0.30000000000000004,True
93,4,CARD,29,11,42,10,48,3,1,5,10,18,0.1,0.30000000000000004,False
94,4,CLF_UNION,32,15,59,10,59,3,1,5,10,18,0.1,0.30000000000000004,False
95,4,ORD-UNION,28,11,41,10,41,3,1,5,10,18,0.1,0.30000000000000004,False
96,4,CARD,24,16,41,10,49,3,1,5,10,18,0.1,0.30000000000000004,True
97,4,CLF_UNION,28,22,61,10,61,3,1,5,10,18,0.1,0.30000000000000004,True
98,4,ORD-UNION,22,16,39,10,39,3,1,5,10,18,0.1,0.30000000000000004,True
99,4,CARD,24,16,41,10,49,3,1,5,10,18,0.1,0.30000000000000004,False
100,4,CLF_UNION,28,22,61,10,61,3,1,5,10,18,0.1,0.30000000000000004,False
101,4,ORD-UNION,22,16,39,10,39,3,1,5,10,18,0.1,0.30000000000000004,False
102,4,CARD,25,14,39,10,50,3,1,5,10,18,0.1,0.30000000000000004,True
103,4,CLF_UNION,33,22,65,10,66,3,1,5,10,18,0.1,0.30000000000000004,True
104,4,ORD-UNION,22,11,33,10,34,3,1,5,10,18,0.1,0.30000000000000004,True
105,4,CARD,25,14,39,10,50,3,1,5,10,18,0.1,0.30000000000000004,False
106,4,CLF_UNION,33,22,65,10,66,3,1,5,10,18,0.1,0.30000000000000004,False
107,4,ORD-UNION,22,11,33,10,34,3,1,5,10,18,0.1,0.30000000000000004,False
108,4,CARD,22,17,40,10,49,3,1,5,10,18,0.1,0.30000000000000004,True
109,4,CLF_UNION,27,22,60,10,61,3,1,5,10,18,0.1,0.30000000000000004,True
110,4,ORD-UNION,21,16,38,10,39,3,1,5,10,18,0.1,0.30000000000000004,True
111,4,CARD,22,17,40,10,49,3,1,5,10,18,0.1,0.30000000000000004,False
112,4,CLF_UNION,27,22,60,10,61,3,1,5,10,18,0.1,0.30000000000000004,False
113,4,ORD-UNION,21,16,38,10,39,3,1,5,10,18,0.1,0.30000000000000004,False
114,4,CARD,26,13,42,10,48,3,1,5,10,18,0.1,0.30000000000000004,True
115,4,CLF_UNION,29,16,58,10,58,3,1,5,10,18,0.1,0.30000000000000004,True
116,4,ORD-UNION,26,13,42,10,42,3,1,5,10,18,0.1,0.30000000000000004,True
117,4,CARD,26,13,42,10,48,3,1,5,10,18,0.1,0.30000000000000004,False
118,4,CLF_UNION,29,16,58,10,58,3,1,5,10,18,0.1,0.30000000000000004,False
119,4,ORD-UNION,26,13,42,10,42,3,1,5,10,18,0.1,0.30000000000000004,False
120,5,CARD,25,11,38,15,49,9,2,5,10,18,0.1,0.30000000000000004,True
121,5,CLF_UNION,34,6,52,15,55,9,2,5,10,18,0.1,0.30000000000000004,True
122,5,ORD-UNION,1,0,1,15,4,9,2,5,10,18,0.1,0.30000000000000004,True
123,5,CARD,25,11,38,15,49,3,1,5,10,18,0.1,0.30000000000000004,False
124,5,CLF_UNION,32,20,64,15,67,3,1,5,10,18,0.1,0.30000000000000004,False
125,5,ORD-UNION,25,8,35,15,38,3,1,5,10,18,0.1,0.30000000000000004,False
126,5,CARD,23,14,41,15,48,3,1,5,10,18,0.1,0.30000000000000004,True
127,5,CLF_UNION,35,17,67,15,68,3,1,5,10,18,0.1,0.30000000000000004,True
128,5,ORD-UNION,21,6,29,15,30,3,1,5,10,18,0.1,0.30000000000000004,True
129,5,CARD,23,14,41,15,48,3,1,5,10,18,0.1,0.30000000000000004,False
130,5,CLF_UNION,35,17,67,15,68,3,1,5,10,18,0.1,0.30000000000000004,False
131,5,ORD-UNION,21,6,29,15,30,3,1,5,10,18,0.1,0.30000000000000004,False
132,5,CARD,21,14,35,15,49,3,1,5,10,18,0.1,0.30000000000000004,True
133,5,CLF_UNION,25,22,57,15,63,3,1,5,10,18,0.1,0.30000000000000004,True
134,5,ORD-UNION,21,14,35,15,41,3,1,5,10,18,0.1,0.30000000000000004,True
135,5,CARD,21,14,35,15,49,3,1,5,10,18,0.1,0.30000000000000004,False
136,5,CLF_UNION,25,22,57,15,63,3,1,5,10,18,0.1,0.30000000000000004,False
137,5,ORD-UNION,21,14,35,15,41,3,1,5,10,18,0.1,0.30000000000000004,False
138,5,CARD,20,12,39,15,50,3,1,5,10,18,0.1,0.30000000000000004,True
139,5,CLF_UNION,31,22,71,15,72,3,1,5,10,18,0.1,0.30000000000000004,True
140,5,ORD-UNION,18,8,32,15,33,3,1,5,10,18,0.1,0.30000000000000004,True
141,5,CARD,20,12,39,15,50,3,1,5,10,18,0.1,0.30000000000000004,False
142,5,CLF_UNION,31,22,71,15,72,3,1,5,10,18,0.1,0.30000000000000004,False
143,5,ORD-UNION,18,8,32,15,33,3,1,5,10,18,0.1,0.30000000000000004,False
144,5,CARD,20,17,41,15,49,3,1,5,10,18,0.1,0.30000000000000004,True
145,5,CLF_UNION,35,21,71,15,71,3,1,5,10,18,0.1,0.30000000000000004,True
146,5,ORD-UNION,16,7,25,15,25,3,1,5,10,18,0.1,0.30000000000000004,True
147,5,CARD,20,17,41,15,49,3,1,5,10,18,0.1,0.30000000000000004,False
148,5,CLF_UNION,35,21,71,15,71,3,1,5,10,18,0.1,0.30000000000000004,False
149,5,ORD-UNION,16,7,25,15,25,3,1,5,10,18,0.1,0.30000000000000004,False
150,6,CARD,24,12,39,21,48,9,2,5,10,18,0.1,0.30000000000000004,True
151,6,CLF_UNION,32,7,52,21,55,9,2,5,10,18,0.1,0.30000000000000004,True
152,6,ORD-UNION,0,0,0,21,3,9,2,5,10,18,0.1,0.30000000000000004,True
153,6,CARD,24,13,40,21,47,4,1,5,10,18,0.1,0.30000000000000004,False
154,6,CLF_UNION,27,15,56,21,59,4,1,5,10,18,0.1,0.30000000000000004,False
155,6,ORD-UNION,22,10,33,21,36,4,1,5,10,18,0.1,0.30000000000000004,False
156,6,CARD,25,8,36,21,48,4,1,5,10,18,0.1,0.30000000000000004,True
157,6,CLF_UNION,26,11,50,21,56,4,1,5,10,18,0.1,0.30000000000000004,True
158,6,ORD-UNION,20,6,28,21,34,4,1,5,10,18,0.1,0.30000000000000004,True
159,6,CARD,25,8,36,21,48,4,1,5,10,18,0.1,0.30000000000000004,False
160,6,CLF_UNION,26,11,50,21,56,4,1,5,10,18,0.1,0.30000000000000004,False
161,6,ORD-UNION,20,6,28,21,34,4,1,5,10,18,0.1,0.30000000000000004,False
162,6,CARD,14,24,40,21,50,4,1,5,10,18,0.1,0.30000000000000004,True
163,6,CLF_UNION,22,24,58,21,58,4,1,5,10,18,0.1,0.30000000000000004,True
164,6,ORD-UNION,14,16,32,21,32,4,1,5,10,18,0.1,0.30000000000000004,True
165,6,CARD,14,24,40,21,50,4,1,5,10,18,0.1,0.30000000000000004,False
166,6,CLF_UNION,22,24,58,21,58,4,1,5,10,18,0.1,0.30000000000000004,False
167,6,ORD-UNION,14,16,32,21,32,4,1,5,10,18,0.1,0.30000000000000004,False
168,6,CARD,18,20,40,21,49,4,1,5,10,18,0.1,0.30000000000000004,True
169,6,CLF_UNION,23,21,56,21,57,4,1,5,10,18,0.1,0.30000000000000004,True
170,6,ORD-UNION,17,18,37,21,38,4,1,5,10,18,0.1,0.30000000000000004,True
171,6,CARD,18,20,40,21,49,4,1,5,10,18,0.1,0.30000000000000004,False
172,6,CLF_UNION,23,21,56,21,57,4,1,5,10,18,0.1,0.30000000000000004,False
173,6,ORD-UNION,17,18,37,21,38,4,1,5,10,18,0.1,0.30000000000000004,False
174,6,CARD,24,15,40,21,47,4,1,5,10,18,0.1,0.30000000000000004,True
175,6,CLF_UNION,25,19,55,21,58,4,1,5,10,18,0.1,0.30000000000000004,True
176,6,ORD-UNION,18,10,29,21,32,4,1,5,10,18,0.1,0.30000000000000004,True
177,6,CARD,24,15,40,21,47,4,1,5,10,18,0.1,0.30000000000000004,False
178,6,CLF_UNION,25,19,55,21,58,4,1,5,10,18,0.1,0.30000000000000004,False
179,6,ORD-UNION,18,10,29,21,32,4,1,5,10,18,0.1,0.30000000000000004,False
180,7,CARD,21,20,42,28,45,9,2,5,10,18,0.1,0.30000000000000004,True
181,7,CLF_UNION,28,13,52,28,55,9,2,5,10,18,0.1,0.30000000000000004,True
182,7,ORD-UNION,3,1,4,28,7,9,2,5,10,18,0.1,0.30000000000000004,True
183,7,CARD,29,10,40,28,47,4,1,5,10,18,0.1,0.30000000000000004,False
184,7,CLF_UNION,33,10,54,28,57,4,1,5,10,18,0.1,0.30000000000000004,False
185,7,ORD-UNION,24,8,32,28,35,4,1,5,10,18,0.1,0.30000000000000004,False
186,7,CARD,32,2,37,28,47,4,1,5,10,18,0.1,0.30000000000000004,True
187,7,CLF_UNION,34,4,51,28,57,4,1,5,10,18,0.1,0.30000000000000004,True
188,7,ORD-UNION,29,0,30,28,36,4,1,5,10,18,0.1,0.30000000000000004,True
189,7,CARD,32,2,37,28,47,4,1,5,10,18,0.1,0.30000000000000004,False
190,7,CLF_UNION,34,4,51,28,57,4,1,5,10,18,0.1,0.30000000000000004,False
191,7,ORD-UNION,29,0,30,28,36,4,1,5,10,18,0.1,0.30000000000000004,False
192,7,CARD,36,1,37,28,47,4,1,5,10,18,0.1,0.30000000000000004,True
193,7,CLF_UNION,37,4,51,28,57,4,1,5,10,18,0.1,0.30000000000000004,True
194,7,ORD-UNION,29,1,30,28,36,4,1,5,10,18,0.1,0.30000000000000004,True
195,7,CARD,36,1,37,28,47,4,1,5,10,18,0.1,0.30000000000000004,False
196,7,CLF_UNION,37,4,51,28,57,4,1,5,10,18,0.1,0.30000000000000004,False
197,7,ORD-UNION,29,1,30,28,36,4,1,5,10,18,0.1,0.30000000000000004,False
198,7,CARD,34,3,40,28,47,4,1,5,10,18,0.1,0.30000000000000004,True
199,7,CLF_UNION,38,3,54,28,57,4,1,5,10,18,0.1,0.30000000000000004,True
200,7,ORD-UNION,29,1,32,28,35,4,1,5,10,18,0.1,0.30000000000000004,True
201,7,CARD,34,3,40,28,47,4,1,5,10,18,0.1,0.30000000000000004,False
202,7,CLF_UNION,38,3,54,28,57,4,1,5,10,18,0.1,0.30000000000000004,False
203,7,ORD-UNION,29,1,32,28,35,4,1,5,10,18,0.1,0.30000000000000004,False
204,7,CARD,28,7,37,28,47,4,1,5,10,18,0.1,0.30000000000000004,True
205,7,CLF_UNION,31,10,53,28,59,4,1,5,10,18,0.1,0.30000000000000004,True
206,7,ORD-UNION,21,5,28,28,34,4,1,5,10,18,0.1,0.30000000000000004,True
207,7,CARD,28,7,37,28,47,4,1,5,10,18,0.1,0.30000000000000004,False
208,7,CLF_UNION,31,10,53,28,59,4,1,5,10,18,0.1,0.30000000000000004,False
209,7,ORD-UNION,21,5,28,28,34,4,1,5,10,18,0.1,0.30000000000000004,False
210,8,CARD,35,5,41,35,47,9,2,5,10,18,0.1,0.30000000000000004,True
211,8,CLF_UNION,38,2,53,35,55,9,2,5,10,18,0.1,0.30000000000000004,True
212,8,ORD-UNION,5,0,5,35,7,9,2,5,10,18,0.1,0.30000000000000004,True
213,8,CARD,35,2,39,35,49,4,1,5,10,18,0.1,0.30000000000000004,False
214,8,CLF_UNION,36,5,55,35,57,4,1,5,10,18,0.1,0.30000000000000004,False
215,8,ORD-UNION,33,2,37,35,39,4,1,5,10,18,0.1,0.30000000000000004,False
216,8,CARD,35,4,39,35,48,4,1,5,10,18,0.1,0.30000000000000004,True
217,8,CLF_UNION,36,6,54,35,57,4,1,5,10,18,0.1,0.30000000000000004,True
218,8,ORD-UNION,35,4,39,35,42,4,1,5,10,18,0.1,0.30000000000000004,True
219,8,CARD,35,4,39,35,48,4,1,5,10,18,0.1,0.30000000000000004,False
220,8,CLF_UNION,36,6,54,35,57,4,1,5,10,18,0.1,0.30000000000000004,False
221,8,ORD-UNION,35,4,39,35,42,4,1,5,10,18,0.1,0.30000000000000004,False
222,8,CARD,27,11,42,35,47,4,1,5,10,18,0.1,0.30000000000000004,True
223,8,CLF_UNION,28,13,55,35,56,4,1,5,10,18,0.1,0.30000000000000004,True
224,8,ORD-UNION,22,11,36,35,37,4,1,5,10,18,0.1,0.30000000000000004,True
225,8,CARD,27,11,42,35,47,4,1,5,10,18,0.1,0.30000000000000004,False
226,8,CLF_UNION,28,13,55,35,56,4,1,5,10,18,0.1,0.30000000000000004,False
227,8,ORD-UNION,22,11,36,35,37,4,1,5,10,18,0.1,0.30000000000000004,False
228,8,CARD,30,9,41,35,46,4,1,5,10,18,0.1,0.30000000000000004,True
229,8,CLF_UNION,30,10,52,35,55,4,1,5,10,18,0.1,0.30000000000000004,True
230,8,ORD-UNION,27,9,37,35,40,4,1,5,10,18,0.1,0.30000000000000004,True
231,8,CARD,30,9,41,35,46,4,1,5,10,18,0.1,0.30000000000000004,False
232,8,CLF_UNION,30,10,52,35,55,4,1,5,10,18,0.1,0.30000000000000004,False
233,8,ORD-UNION,27,9,37,35,40,4,1,5,10,18,0.1,0.30000000000000004,False
234,8,CARD,36,0,36,35,51,4,1,5,10,18,0.1,0.30000000000000004,True
235,8,CLF_UNION,37,4,53,35,56,4,1,5,10,18,0.1,0.30000000000000004,True
236,8,ORD-UNION,35,0,35,35,38,4,1,5,10,18,0.1,0.30000000000000004,True
237,8,CARD,36,0,36,35,51,4,1,5,10,18,0.1,0.30000000000000004,False
238,8,CLF_UNION,37,4,53,35,56,4,1,5,10,18,0.1,0.30000000000000004,False
239,8,ORD-UNION,35,0,35,35,38,4,1,5,10,18,0.1,0.30000000000000004,False
240,9,CARD,31,9,42,44,45,9,2,5,10,18,0.1,0.30000000000000004,True
241,9,CLF_UNION,37,4,53,44,56,9,2,5,10,18,0.1,0.30000000000000004,True
242,9,ORD-UNION,10,0,10,44,13,9,2,5,10,18,0.1,0.30000000000000004,True
243,9,CARD,33,7,42,44,45,5,1,5,10,18,0.1,0.30000000000000004,False
244,9,CLF_UNION,35,6,53,44,56,5,1,5,10,18,0.1,0.30000000000000004,False
245,9,ORD-UNION,29,2,32,44,35,5,1,5,10,18,0.1,0.30000000000000004,False
246,9,CARD,25,13,42,44,45,5,1,5,10,18,0.1,0.30000000000000004,True
247,9,CLF_UNION,26,12,52,44,55,5,1,5,10,18,0.1,0.30000000000000004,True
248,9,ORD-UNION,23,9,33,44,36,5,1,5,10,18,0.1,0.30000000000000004,True
249,9,CARD,25,13,42,44,45,5,1,5,10,18,0.1,0.30000000000000004,False
250,9,CLF_UNION,26,12,52,44,55,5,1,5,10,18,0.1,0.30000000000000004,False
251,9,ORD-UNION,23,9,33,44,36,5,1,5,10,18,0.1,0.30000000000000004,False
252,9,CARD,26,14,42,44,47,5,1,5,10,18,0.1,0.30000000000000004,True
253,9,CLF_UNION,31,12,55,44,56,5,1,5,10,18,0.1,0.30000000000000004,True
254,9,ORD-UNION,21,8,30,44,31,5,1,5,10,18,0.1,0.30000000000000004,True
255,9,CARD,26,14,42,44,47,5,1,5,10,18,0.1,0.30000000000000004,False
256,9,CLF_UNION,31,12,55,44,56,5,1,5,10,18,0.1,0.30000000000000004,False
257,9,ORD-UNION,21,8,30,44,31,5,1,5,10,18,0.1,0.30000000000000004,False
258,9,CARD,24,15,40,44,47,5,1,5,10,18,0.1,0.30000000000000004,True
259,9,CLF_UNION,27,14,52,44,55,5,1,5,10,18,0.1,0.30000000000000004,True
260,9,ORD-UNION,17,10,28,44,31,5,1,5,10,18,0.1,0.30000000000000004,True
261,9,CARD,24,15,40,44,47,5,1,5,10,18,0.1,0.30000000000000004,False
262,9,CLF_UNION,27,14,52,44,55,5,1,5,10,18,0.1,0.30000000000000004,False
263,9,ORD-UNION,17,10,28,44,31,5,1,5,10,18,0.1,0.30000000000000004,False
264,9,CARD,34,3,40,44,47,5,1,5,10,18,0.1,0.30000000000000004,True
265,9,CLF_UNION,35,4,52,44,55,5,1,5,10,18,0.1,0.30000000000000004,True
266,9,ORD-UNION,32,1,34,44,37,5,1,5,10,18,0.1,0.30000000000000004,True
267,9,CARD,34,3,40,44,47,5,1,5,10,18,0.1,0.30000000000000004,False
268,9,CLF_UNION,35,4,52,44,55,5,1,5,10,18,0.1,0.30000000000000004,False
269,9,ORD-UNION,32,1,34,44,37,5,1,5,10,18,0.1,0.30000000000000004,False
270,10,CARD,19,20,41,53,46,9,2,5,10,18,0.1,0.30000000000000004,True
271,10,CLF_UNION,30,10,52,53,55,9,2,5,10,18,0.1,0.30000000000000004,True
272,10,ORD-UNION,6,5,11,53,14,9,2,5,10,18,0.1,0.30000000000000004,True
273,10,CARD,25,13,40,53,47,5,1,5,10,18,0.1,0.30000000000000004,False
274,10,CLF_UNION,27,13,52,53,55,5,1,5,10,18,0.1,0.30000000000000004,False
275,10,ORD-UNION,22,13,36,53,39,5,1,5,10,18,0.1,0.30000000000000004,False
276,10,CARD,34,7,43,53,46,5,1,5,10,18,0.1,0.30000000000000004,True
277,10,CLF_UNION,41,2,55,53,56,5,1,5,10,18,0.1,0.30000000000000004,True
278,10,ORD-UNION,33,4,39,53,40,5,1,5,10,18,0.1,0.30000000000000004,True
279,10,CARD,34,7,43,53,46,5,1,5,10,18,0.1,0.30000000000000004,False
280,10,CLF_UNION,41,2,55,53,56,5,1,5,10,18,0.1,0.30000000000000004,False
281,10,ORD-UNION,33,4,39,53,40,5,1,5,10,18,0.1,0.30000000000000004,False
282,10,CARD,18,3,25,53,45,5,1,5,10,18,0.1,0.30000000000000004,True
283,10,CLF_UNION,18,3,35,53,55,5,1,5,10,18,0.1,0.30000000000000004,True
284,10,ORD-UNION,16,2,21,53,41,5,1,5,10,18,0.1,0.30000000000000004,True
285,10,CARD,18,3,25,53,45,5,1,5,10,18,0.1,0.30000000000000004,False
286,10,CLF_UNION,18,3,35,53,55,5,1,5,10,18,0.1,0.30000000000000004,False
287,10,ORD-UNION,16,2,21,53,41,5,1,5,10,18,0.1,0.30000000000000004,False
288,10,CARD,32,6,38,53,49,5,1,5,10,18,0.1,0.30000000000000004,True
289,10,CLF_UNION,39,3,53,53,56,5,1,5,10,18,0.1,0.30000000000000004,True
290,10,ORD-UNION,31,5,36,53,39,5,1,5,10,18,0.1,0.30000000000000004,True
291,10,CARD,32,6,38,53,49,5,1,5,10,18,0.1,0.30000000000000004,False
292,10,CLF_UNION,39,3,53,53,56,5,1,5,10,18,0.1,0.30000000000000004,False
293,10,ORD-UNION,31,5,36,53,39,5,1,5,10,18,0.1,0.30000000000000004,False
294,10,CARD,28,12,42,53,45,5,1,5,10,18,0.1,0.30000000000000004,True
295,10,CLF_UNION,30,11,53,53,56,5,1,5,10,18,0.1,0.30000000000000004,True
296,10,ORD-UNION,23,10,35,53,38,5,1,5,10,18,0.1,0.30000000000000004,True
297,10,CARD,28,12,42,53,45,5,1,5,10,18,0.1,0.30000000000000004,False
298,10,CLF_UNION,30,11,53,53,56,5,1,5,10,18,0.1,0.30000000000000004,False
299,10,ORD-UNION,23,10,35,53,38,5,1,5,10,18,0.1,0.30000000000000004,False
300,11,CARD,28,11,39,63,46,9,2,5,10,18,0.1,0.30000000000000004,True
301,11,CLF_UNION,39,0,50,63,55,9,2,5,10,18,0.1,0.30000000000000004,True
302,11,ORD-UNION,12,0,12,63,17,9,2,5,10,18,0.1,0.30000000000000004,True
303,11,CARD,33,5,38,63,47,5,1,5,10,18,0.1,0.30000000000000004,False
304,11,CLF_UNION,37,4,53,63,58,5,1,5,10,18,0.1,0.30000000000000004,False
305,11,ORD-UNION,32,5,37,63,42,5,1,5,10,18,0.1,0.30000000000000004,False
306,11,CARD,30,7,39,63,45,5,1,5,10,18,0.1,0.30000000000000004,True
307,11,CLF_UNION,35,6,54,63,59,5,1,5,10,18,0.1,0.30000000000000004,True
308,11,ORD-UNION,27,7,36,63,42,5,1,5,10,18,0.1,0.30000000000000004,True
309,11,CARD,30,7,39,63,45,5,1,5,10,18,0.1,0.30000000000000004,False
310,11,CLF_UNION,35,6,54,63,59,5,1,5,10,18,0.1,0.30000000000000004,False
311,11,ORD-UNION,27,7,36,63,42,5,1,5,10,18,0.1,0.30000000000000004,False
312,11,CARD,27,11,38,63,46,5,1,5,10,18,0.1,0.30000000000000004,True
313,11,CLF_UNION,31,10,51,63,57,5,1,5,10,18,0.1,0.30000000000000004,True
314,11,ORD-UNION,27,10,37,63,43,5,1,5,10,18,0.1,0.30000000000000004,True
315,11,CARD,27,11,38,63,46,5,1,5,10,18,0.1,0.30000000000000004,False
316,11,CLF_UNION,31,10,51,63,57,5,1,5,10,18,0.1,0.30000000000000004,False
317,11,ORD-UNION,27,10,37,63,43,5,1,5,10,18,0.1,0.30000000000000004,False
318,11,CARD,32,10,43,63,46,5,1,5,10,18,0.1,0.30000000000000004,True
319,11,CLF_UNION,34,10,55,63,56,5,1,5,10,18,0.1,0.30000000000000004,True
320,11,ORD-UNION,31,10,42,63,43,5,1,5,10,18,0.1,0.30000000000000004,True
321,11,CARD,32,10,43,63,46,5,1,5,10,18,0.1,0.30000000000000004,False
322,11,CLF_UNION,34,10,55,63,56,5,1,5,10,18,0.1,0.30000000000000004,False
323,11,ORD-UNION,31,10,42,63,43,5,1,5,10,18,0.1,0.30000000000000004,False
324,11,CARD,19,10,30,63,46,5,1,5,10,18,0.1,0.30000000000000004,True
325,11,CLF_UNION,21,8,43,63,57,5,1,5,10,18,0.1,0.30000000000000004,True
326,11,ORD-UNION,18,9,28,63,42,5,1,5,10,18,0.1,0.30000000000000004,True
327,11,CARD,19,10,30,63,46,5,1,5,10,18,0.1,0.30000000000000004,False
328,11,CLF_UNION,21,8,43,63,57,5,1,5,10,18,0.1,0.30000000000000004,False
329,11,ORD-UNION,18,9,28,63,42,5,1,5,10,18,0.1,0.30000000000000004,False
330,12,CARD,28,10,40,75,47,9,2,5,10,18,0.1,0.30000000000000004,True
331,12,CLF_UNION,31,9,52,75,55,9,2,5,10,18,0.1,0.30000000000000004,True
332,12,ORD-UNION,14,6,20,75,23,9,2,5,10,18,0.1,0.30000000000000004,True
333,12,CARD,26,12,40,75,47,8,2,5,10,18,0.1,0.30000000000000004,False
334,12,CLF_UNION,31,9,52,75,55,8,2,5,10,18,0.1,0.30000000000000004,False
335,12,ORD-UNION,16,1,18,75,21,8,2,5,10,18,0.1,0.30000000000000004,False
336,12,CARD,34,1,40,75,47,8,2,5,10,18,0.1,0.30000000000000004,True
337,12,CLF_UNION,35,2,52,75,55,8,2,5,10,18,0.1,0.30000000000000004,True
338,12,ORD-UNION,10,0,11,75,14,8,2,5,10,18,0.1,0.30000000000000004,True
339,12,CARD,34,1,40,75,47,8,2,5,10,18,0.1,0.30000000000000004,False
340,12,CLF_UNION,35,2,52,75,55,8,2,5,10,18,0.1,0.30000000000000004,False
341,12,ORD-UNION,10,0,11,75,14,8,2,5,10,18,0.1,0.30000000000000004,False
342,12,CARD,28,0,29,75,46,8,2,5,10,18,0.1,0.30000000000000004,True
343,12,CLF_UNION,29,0,40,75,55,8,2,5,10,18,0.1,0.30000000000000004,True
344,12,ORD-UNION,11,0,11,75,26,8,2,5,10,18,0.1,0.30000000000000004,True
345,12,CARD,28,0,29,75,46,8,2,5,10,18,0.1,0.30000000000000004,False
346,12,CLF_UNION,29,0,40,75,55,8,2,5,10,18,0.1,0.30000000000000004,False
347,12,ORD-UNION,11,0,11,75,26,8,2,5,10,18,0.1,0.30000000000000004,False
348,12,CARD,25,2,28,75,47,8,2,5,10,18,0.1,0.30000000000000004,True
349,12,CLF_UNION,26,3,40,75,55,8,2,5,10,18,0.1,0.30000000000000004,True
350,12,ORD-UNION,11,0,11,75,26,8,2,5,10,18,0.1,0.30000000000000004,True
351,12,CARD,25,2,28,75,47,8,2,5,10,18,0.1,0.30000000000000004,False
352,12,CLF_UNION,26,3,40,75,55,8,2,5,10,18,0.1,0.30000000000000004,False
353,12,ORD-UNION,11,0,11,75,26,8,2,5,10,18,0.1,0.30000000000000004,False
354,12,CARD,18,3,22,75,48,8,2,5,10,18,0.1,0.30000000000000004,True
355,12,CLF_UNION,21,2,35,75,55,8,2,5,10,18,0.1,0.30000000000000004,True
356,12,ORD-UNION,4,1,6,75,26,8,2,5,10,18,0.1,0.30000000000000004,True
357,12,CARD,18,3,22,75,48,8,2,5,10,18,0.1,0.30000000000000004,False
358,12,CLF_UNION,21,2,35,75,55,8,2,5,10,18,0.1,0.30000000000000004,False
359,12,ORD-UNION,4,1,6,75,26,8,2,5,10,18,0.1,0.30000000000000004,False
360,13,CARD,31,4,39,87,48,9,2,5,10,18,0.1,0.30000000000000004,True
361,13,CLF_UNION,37,1,52,87,55,9,2,5,10,18,0.1,0.30000000000000004,True
362,13,ORD-UNION,23,0,24,87,27,9,2,5,10,18,0.1,0.30000000000000004,True
363,13,CARD,32,5,40,87,47,8,2,5,10,18,0.1,0.30000000000000004,False
364,13,CLF_UNION,35,3,52,87,55,8,2,5,10,18,0.1,0.30000000000000004,False
365,13,ORD-UNION,23,1,24,87,27,8,2,5,10,18,0.1,0.30000000000000004,False
366,13,CARD,31,1,34,87,46,8,2,5,10,18,0.1,0.30000000000000004,True
367,13,CLF_UNION,31,1,45,87,55,8,2,5,10,18,0.1,0.30000000000000004,True
368,13,ORD-UNION,13,0,14,87,24,8,2,5,10,18,0.1,0.30000000000000004,True
369,13,CARD,31,1,34,87,46,8,2,5,10,18,0.1,0.30000000000000004,False
370,13,CLF_UNION,31,1,45,87,55,8,2,5,10,18,0.1,0.30000000000000004,False
371,13,ORD-UNION,13,0,14,87,24,8,2,5,10,18,0.1,0.30000000000000004,False
372,13,CARD,34,3,38,87,46,8,2,5,10,18,0.1,0.30000000000000004,True
373,13,CLF_UNION,36,2,49,87,55,8,2,5,10,18,0.1,0.30000000000000004,True
374,13,ORD-UNION,17,1,19,87,25,8,2,5,10,18,0.1,0.30000000000000004,True
375,13,CARD,34,3,38,87,46,8,2,5,10,18,0.1,0.30000000000000004,False
376,13,CLF_UNION,36,2,49,87,55,8,2,5,10,18,0.1,0.30000000000000004,False
377,13,ORD-UNION,17,1,19,87,25,8,2,5,10,18,0.1,0.30000000000000004,False
378,13,CARD,37,1,38,87,46,8,2,5,10,18,0.1,0.30000000000000004,True
379,13,CLF_UNION,37,2,49,87,55,8,2,5,10,18,0.1,0.30000000000000004,True
380,13,ORD-UNION,17,0,17,87,23,8,2,5,10,18,0.1,0.30000000000000004,True
381,13,CARD,37,1,38,87,46,8,2,5,10,18,0.1,0.30000000000000004,False
382,13,CLF_UNION,37,2,49,87,55,8,2,5,10,18,0.1,0.30000000000000004,False
383,13,ORD-UNION,17,0,17,87,23,8,2,5,10,18,0.1,0.30000000000000004,False
384,13,CARD,23,9,33,87,47,8,2,5,10,18,0.1,0.30000000000000004,True
385,13,CLF_UNION,25,9,45,87,55,8,2,5,10,18,0.1,0.30000000000000004,True
386,13,ORD-UNION,12,1,13,87,23,8,2,5,10,18,0.1,0.30000000000000004,True
387,13,CARD,23,9,33,87,47,8,2,5,10,18,0.1,0.30000000000000004,False
388,13,CLF_UNION,25,9,45,87,55,8,2,5,10,18,0.1,0.30000000000000004,False
389,13,ORD-UNION,12,1,13,87,23,8,2,5,10,18,0.1,0.30000000000000004,False
390,14,CARD,17,12,30,99,46,9,2,5,10,18,0.1,0.30000000000000004,True
391,14,CLF_UNION,20,10,43,99,57,9,2,5,10,18,0.1,0.30000000000000004,True
392,14,ORD-UNION,11,7,19,99,33,9,2,5,10,18,0.1,0.30000000000000004,True
393,14,CARD,18,9,28,99,48,11,2,5,10,18,0.1,0.30000000000000004,False
394,14,CLF_UNION,20,9,41,99,55,11,2,5,10,18,0.1,0.30000000000000004,False
395,14,ORD-UNION,1,2,3,99,17,11,2,5,10,18,0.1,0.30000000000000004,False
396,14,CARD,28,1,31,99,49,11,2,5,10,18,0.1,0.30000000000000004,True
397,14,CLF_UNION,32,1,45,99,55,11,2,5,10,18,0.1,0.30000000000000004,True
398,14,ORD-UNION,10,0,10,99,20,11,2,5,10,18,0.1,0.30000000000000004,True
399,14,CARD,28,1,31,99,49,11,2,5,10,18,0.1,0.30000000000000004,False
400,14,CLF_UNION,32,1,45,99,55,11,2,5,10,18,0.1,0.30000000000000004,False
401,14,ORD-UNION,10,0,10,99,20,11,2,5,10,18,0.1,0.30000000000000004,False
402,14,CARD,17,0,17,99,48,11,2,5,10,18,0.1,0.30000000000000004,True
403,14,CLF_UNION,16,1,30,99,55,11,2,5,10,18,0.1,0.30000000000000004,True
404,14,ORD-UNION,9,0,9,99,34,11,2,5,10,18,0.1,0.30000000000000004,True
405,14,CARD,17,0,17,99,48,11,2,5,10,18,0.1,0.30000000000000004,False
406,14,CLF_UNION,16,1,30,99,55,11,2,5,10,18,0.1,0.30000000000000004,False
407,14,ORD-UNION,9,0,9,99,34,11,2,5,10,18,0.1,0.30000000000000004,False
408,14,CARD,21,10,32,99,48,11,2,5,10,18,0.1,0.30000000000000004,True
409,14,CLF_UNION,25,9,45,99,55,11,2,5,10,18,0.1,0.30000000000000004,True
410,14,ORD-UNION,8,2,10,99,20,11,2,5,10,18,0.1,0.30000000000000004,True
411,14,CARD,21,10,32,99,48,11,2,5,10,18,0.1,0.30000000000000004,False
412,14,CLF_UNION,25,9,45,99,55,11,2,5,10,18,0.1,0.30000000000000004,False
413,14,ORD-UNION,8,2,10,99,20,11,2,5,10,18,0.1,0.30000000000000004,False
414,14,CARD,27,1,29,99,49,11,2,5,10,18,0.1,0.30000000000000004,True
415,14,CLF_UNION,29,0,44,99,56,11,2,5,10,18,0.1,0.30000000000000004,True
416,14,ORD-UNION,3,0,3,99,15,11,2,5,10,18,0.1,0.30000000000000004,True
417,14,CARD,27,1,29,99,49,11,2,5,10,18,0.1,0.30000000000000004,False
418,14,CLF_UNION,29,0,44,99,56,11,2,5,10,18,0.1,0.30000000000000004,False
419,14,ORD-UNION,3,0,3,99,15,11,2,5,10,18,0.1,0.30000000000000004,False
420,15,CARD,25,12,39,113,46,9,2,5,10,18,0.1,0.30000000000000004,True
421,15,CLF_UNION,28,10,52,113,57,9,2,5,10,18,0.1,0.30000000000000004,True
422,15,ORD-UNION,17,7,25,113,30,9,2,5,10,18,0.1,0.30000000000000004,True
423,15,CARD,25,12,39,113,46,10,2,5,10,18,0.1,0.30000000000000004,False
424,15,CLF_UNION,28,9,51,113,56,10,2,5,10,18,0.1,0.30000000000000004,False
425,15,ORD-UNION,14,7,21,113,26,10,2,5,10,18,0.1,0.30000000000000004,False
426,15,CARD,24,14,39,113,45,10,2,5,10,18,0.1,0.30000000000000004,True
427,15,CLF_UNION,28,11,50,113,56,10,2,5,10,18,0.1,0.30000000000000004,True
428,15,ORD-UNION,14,6,20,113,26,10,2,5,10,18,0.1,0.30000000000000004,True
429,15,CARD,24,14,39,113,45,10,2,5,10,18,0.1,0.30000000000000004,False
430,15,CLF_UNION,28,11,50,113,56,10,2,5,10,18,0.1,0.30000000000000004,False
431,15,ORD-UNION,14,6,20,113,26,10,2,5,10,18,0.1,0.30000000000000004,False
432,15,CARD,26,3,30,113,46,10,2,5,10,18,0.1,0.30000000000000004,True
433,15,CLF_UNION,28,1,41,113,55,10,2,5,10,18,0.1,0.30000000000000004,True
434,15,ORD-UNION,13,0,13,113,27,10,2,5,10,18,0.1,0.30000000000000004,True
435,15,CARD,26,3,30,113,46,10,2,5,10,18,0.1,0.30000000000000004,False
436,15,CLF_UNION,28,1,41,113,55,10,2,5,10,18,0.1,0.30000000000000004,False
437,15,ORD-UNION,13,0,13,113,27,10,2,5,10,18,0.1,0.30000000000000004,False
438,15,CARD,24,14,38,113,46,10,2,5,10,18,0.1,0.30000000000000004,True
439,15,CLF_UNION,29,10,50,113,56,10,2,5,10,18,0.1,0.30000000000000004,True
440,15,ORD-UNION,15,7,22,113,28,10,2,5,10,18,0.1,0.30000000000000004,True
441,15,CARD,24,14,38,113,46,10,2,5,10,18,0.1,0.30000000000000004,False
442,15,CLF_UNION,29,10,50,113,56,10,2,5,10,18,0.1,0.30000000000000004,False
443,15,ORD-UNION,15,7,22,113,28,10,2,5,10,18,0.1,0.30000000000000004,False
444,15,CARD,17,13,30,113,46,10,2,5,10,18,0.1,0.30000000000000004,True
445,15,CLF_UNION,20,10,42,113,56,10,2,5,10,18,0.1,0.30000000000000004,True
446,15,ORD-UNION,10,9,19,113,33,10,2,5,10,18,0.1,0.30000000000000004,True
447,15,CARD,17,13,30,113,46,10,2,5,10,18,0.1,0.30000000000000004,False
448,15,CLF_UNION,20,10,42,113,56,10,2,5,10,18,0.1,0.30000000000000004,False
449,15,ORD-UNION,10,9,19,113,33,10,2,5,10,18,0.1,0.30000000000000004,False
450,16,CARD,34,3,40,129,47,9,2,5,10,18,0.1,0.30000000000000004,True
451,16,CLF_UNION,37,1,52,129,55,9,2,5,10,18,0.1,0.30000000000000004,True
452,16,ORD-UNION,29,0,30,129,33,9,2,5,10,18,0.1,0.30000000000000004,True
453,16,CARD,36,2,41,129,46,9,2,5,10,18,0.1,0.30000000000000004,False
454,16,CLF_UNION,37,1,54,129,57,9,2,5,10,18,0.1,0.30000000000000004,False
455,16,ORD-UNION,29,0,29,129,32,9,2,5,10,18,0.1,0.30000000000000004,False
456,16,CARD,12,1,16,129,49,9,2,5,10,18,0.1,0.30000000000000004,True
457,16,CLF_UNION,16,0,30,129,55,9,2,5,10,18,0.1,0.30000000000000004,True
458,16,ORD-UNION,7,0,7,129,32,9,2,5,10,18,0.1,0.30000000000000004,True
459,16,CARD,12,1,16,129,49,9,2,5,10,18,0.1,0.30000000000000004,False
460,16,CLF_UNION,16,0,30,129,55,9,2,5,10,18,0.1,0.30000000000000004,False
461,16,ORD-UNION,7,0,7,129,32,9,2,5,10,18,0.1,0.30000000000000004,False
462,16,CARD,28,0,30,129,46,9,2,5,10,18,0.1,0.30000000000000004,True
463,16,CLF_UNION,29,1,42,129,56,9,2,5,10,18,0.1,0.30000000000000004,True
464,16,ORD-UNION,26,0,26,129,40,9,2,5,10,18,0.1,0.30000000000000004,True
465,16,CARD,28,0,30,129,46,9,2,5,10,18,0.1,0.30000000000000004,False
466,16,CLF_UNION,29,1,42,129,56,9,2,5,10,18,0.1,0.30000000000000004,False
467,16,ORD-UNION,26,0,26,129,40,9,2,5,10,18,0.1,0.30000000000000004,False
468,16,CARD,26,2,30,129,46,9,2,5,10,18,0.1,0.30000000000000004,True
469,16,CLF_UNION,29,0,42,129,56,9,2,5,10,18,0.1,0.30000000000000004,True
470,16,ORD-UNION,18,0,18,129,32,9,2,5,10,18,0.1,0.30000000000000004,True
471,16,CARD,26,2,30,129,46,9,2,5,10,18,0.1,0.30000000000000004,False
472,16,CLF_UNION,29,0,42,129,56,9,2,5,10,18,0.1,0.30000000000000004,False
473,16,ORD-UNION,18,0,18,129,32,9,2,5,10,18,0.1,0.30000000000000004,False
474,16,CARD,38,0,38,129,46,9,2,5,10,18,0.1,0.30000000000000004,True
475,16,CLF_UNION,38,2,50,129,56,9,2,5,10,18,0.1,0.30000000000000004,True
476,16,ORD-UNION,30,0,30,129,36,9,2,5,10,18,0.1,0.30000000000000004,True
477,16,CARD,38,0,38,129,46,9,2,5,10,18,0.1,0.30000000000000004,False
478,16,CLF_UNION,38,2,50,129,56,9,2,5,10,18,0.1,0.30000000000000004,False
479,16,ORD-UNION,30,0,30,129,36,9,2,5,10,18,0.1,0.30000000000000004,False
480,17,CARD,24,9,34,146,46,9,2,5,10,18,0.1,0.30000000000000004,True
481,17,CLF_UNION,24,9,45,146,55,9,2,5,10,18,0.1,0.30000000000000004,True
482,17,ORD-UNION,16,8,24,146,34,9,2,5,10,18,0.1,0.30000000000000004,True
483,17,CARD,24,9,34,146,46,7,2,5,10,18,0.1,0.30000000000000004,False
484,17,CLF_UNION,24,9,45,146,55,7,2,5,10,18,0.1,0.30000000000000004,False
485,17,ORD-UNION,20,8,28,146,38,7,2,5,10,18,0.1,0.30000000000000004,False
486,17,CARD,17,0,18,146,46,7,2,5,10,18,0.1,0.30000000000000004,True
487,17,CLF_UNION,17,1,30,146,56,7,2,5,10,18,0.1,0.30000000000000004,True
488,17,ORD-UNION,17,0,18,146,44,7,2,5,10,18,0.1,0.30000000000000004,True
489,17,CARD,17,0,18,146,46,7,2,5,10,18,0.1,0.30000000000000004,False
490,17,CLF_UNION,17,1,30,146,56,7,2,5,10,18,0.1,0.30000000000000004,False
491,17,ORD-UNION,17,0,18,146,44,7,2,5,10,18,0.1,0.30000000000000004,False
492,17,CARD,20,9,30,146,46,7,2,5,10,18,0.1,0.30000000000000004,True
493,17,CLF_UNION,20,9,42,146,56,7,2,5,10,18,0.1,0.30000000000000004,True
494,17,ORD-UNION,19,8,27,146,41,7,2,5,10,18,0.1,0.30000000000000004,True
495,17,CARD,20,9,30,146,46,7,2,5,10,18,0.1,0.30000000000000004,False
496,17,CLF_UNION,20,9,42,146,56,7,2,5,10,18,0.1,0.30000000000000004,False
497,17,ORD-UNION,19,8,27,146,41,7,2,5,10,18,0.1,0.30000000000000004,False
498,17,CARD,16,9,28,146,47,7,2,5,10,18,0.1,0.30000000000000004,True
499,17,CLF_UNION,18,11,42,146,57,7,2,5,10,18,0.1,0.30000000000000004,True
500,17,ORD-UNION,15,9,25,146,40,7,2,5,10,18,0.1,0.30000000000000004,True
501,17,CARD,16,9,28,146,47,7,2,5,10,18,0.1,0.30000000000000004,False
502,17,CLF_UNION,18,11,42,146,57,7,2,5,10,18,0.1,0.30000000000000004,False
503,17,ORD-UNION,15,9,25,146,40,7,2,5,10,18,0.1,0.30000000000000004,False
504,17,CARD,25,9,34,146,46,7,2,5,10,18,0.1,0.30000000000000004,True
505,17,CLF_UNION,25,10,45,146,55,7,2,5,10,18,0.1,0.30000000000000004,True
506,17,ORD-UNION,24,9,33,146,43,7,2,5,10,18,0.1,0.30000000000000004,True
507,17,CARD,25,9,34,146,46,7,2,5,10,18,0.1,0.30000000000000004,False
508,17,CLF_UNION,25,10,45,146,55,7,2,5,10,18,0.1,0.30000000000000004,False
509,17,ORD-UNION,24,9,33,146,43,7,2,5,10,18,0.1,0.30000000000000004,False
