,budget,model,correct,wrong,total,n_pref_input,n_pref_output,theta_size,theta_additivity,n_items,n_test_subsets,n_tiers,alpha,p,real theta
0,1,CARD,7,15,25,1,65,15,5,5,10,18,0.30000000000000004,0.30000000000000004,True
1,1,CLF_UNION,35,18,68,1,68,15,5,5,10,18,0.30000000000000004,0.30000000000000004,True
2,1,ORD-UNION,0,0,0,1,0,15,5,5,10,18,0.30000000000000004,0.30000000000000004,True
3,1,CARD,16,6,24,1,66,1,1,5,10,18,0.30000000000000004,0.30000000000000004,False
4,1,CLF_UNION,35,25,76,1,76,1,1,5,10,18,0.30000000000000004,0.30000000000000004,False
5,1,ORD-UNION,16,6,24,1,24,1,1,5,10,18,0.30000000000000004,0.30000000000000004,False
6,1,CARD,17,5,24,1,66,1,1,5,10,18,0.30000000000000004,0.30000000000000004,True
7,1,CLF_UNION,38,26,76,1,76,1,1,5,10,18,0.30000000000000004,0.30000000000000004,True
8,1,ORD-UNION,17,5,24,1,24,1,1,5,10,18,0.30000000000000004,0.30000000000000004,True
9,1,CARD,17,5,24,1,66,1,1,5,10,18,0.30000000000000004,0.30000000000000004,False
10,1,CLF_UNION,38,26,76,1,76,1,1,5,10,18,0.30000000000000004,0.30000000000000004,False
11,1,ORD-UNION,17,5,24,1,24,1,1,5,10,18,0.30000000000000004,0.30000000000000004,False
12,1,CARD,14,6,21,1,69,1,1,5,10,18,0.30000000000000004,0.30000000000000004,True
13,1,CLF_UNION,37,29,79,1,79,1,1,5,10,18,0.30000000000000004,0.30000000000000004,True
14,1,ORD-UNION,14,6,21,1,21,1,1,5,10,18,0.30000000000000004,0.30000000000000004,True
15,1,CARD,14,6,21,1,69,1,1,5,10,18,0.30000000000000004,0.30000000000000004,False
16,1,CLF_UNION,37,29,79,1,79,1,1,5,10,18,0.30000000000000004,0.30000000000000004,False
17,1,ORD-UNION,14,6,21,1,21,1,1,5,10,18,0.30000000000000004,0.30000000000000004,False
18,1,CARD,21,2,24,1,66,1,1,5,10,18,0.30000000000000004,0.30000000000000004,True
19,1,CLF_UNION,42,23,76,1,76,1,1,5,10,18,0.30000000000000004,0.30000000000000004,True
20,1,ORD-UNION,21,2,24,1,24,1,1,5,10,18,0.30000000000000004,0.30000000000000004,True
21,1,CARD,21,2,24,1,66,1,1,5,10,18,0.30000000000000004,0.30000000000000004,False
22,1,CLF_UNION,42,23,76,1,76,1,1,5,10,18,0.30000000000000004,0.30000000000000004,False
23,1,ORD-UNION,21,2,24,1,24,1,1,5,10,18,0.30000000000000004,0.30000000000000004,False
24,1,CARD,17,4,21,1,69,1,1,5,10,18,0.30000000000000004,0.30000000000000004,True
25,1,CLF_UNION,41,28,79,1,79,1,1,5,10,18,0.30000000000000004,0.30000000000000004,True
26,1,ORD-UNION,17,4,21,1,21,1,1,5,10,18,0.30000000000000004,0.30000000000000004,True
27,1,CARD,17,4,21,1,69,1,1,5,10,18,0.30000000000000004,0.30000000000000004,False
28,1,CLF_UNION,41,28,79,1,79,1,1,5,10,18,0.30000000000000004,0.30000000000000004,False
29,1,ORD-UNION,17,4,21,1,21,1,1,5,10,18,0.30000000000000004,0.30000000000000004,False
30,2,CARD,20,11,33,3,57,15,5,5,10,18,0.30000000000000004,0.30000000000000004,True
31,2,CLF_UNION,41,6,60,3,60,15,5,5,10,18,0.30000000000000004,0.30000000000000004,True
32,2,ORD-UNION,0,0,0,3,0,15,5,5,10,18,0.30000000000000004,0.30000000000000004,True
33,2,CARD,27,8,35,3,55,2,1,5,10,18,0.30000000000000004,0.30000000000000004,False
34,2,CLF_UNION,40,23,79,3,79,2,1,5,10,18,0.30000000000000004,0.30000000000000004,False
35,2,ORD-UNION,27,8,35,3,35,2,1,5,10,18,0.30000000000000004,0.30000000000000004,False
36,2,CARD,24,12,36,3,53,2,1,5,10,18,0.30000000000000004,0.30000000000000004,True
37,2,CLF_UNION,37,26,75,3,76,2,1,5,10,18,0.30000000000000004,0.30000000000000004,True
38,2,ORD-UNION,24,12,36,3,37,2,1,5,10,18,0.30000000000000004,0.30000000000000004,True
39,2,CARD,24,12,36,3,53,2,1,5,10,18,0.30000000000000004,0.30000000000000004,False
40,2,CLF_UNION,37,26,75,3,76,2,1,5,10,18,0.30000000000000004,0.30000000000000004,False
41,2,ORD-UNION,24,12,36,3,37,2,1,5,10,18,0.30000000000000004,0.30000000000000004,False
42,2,CARD,31,4,37,3,53,2,1,5,10,18,0.30000000000000004,0.30000000000000004,True
43,2,CLF_UNION,40,22,76,3,76,2,1,5,10,18,0.30000000000000004,0.30000000000000004,True
44,2,ORD-UNION,31,4,37,3,37,2,1,5,10,18,0.30000000000000004,0.30000000000000004,True
45,2,CARD,31,4,37,3,53,2,1,5,10,18,0.30000000000000004,0.30000000000000004,False
46,2,CLF_UNION,40,22,76,3,76,2,1,5,10,18,0.30000000000000004,0.30000000000000004,False
47,2,ORD-UNION,31,4,37,3,37,2,1,5,10,18,0.30000000000000004,0.30000000000000004,False
48,2,CARD,30,5,37,3,53,2,1,5,10,18,0.30000000000000004,0.30000000000000004,True
49,2,CLF_UNION,39,21,75,3,75,2,1,5,10,18,0.30000000000000004,0.30000000000000004,True
50,2,ORD-UNION,30,5,37,3,37,2,1,5,10,18,0.30000000000000004,0.30000000000000004,True
51,2,CARD,30,5,37,3,53,2,1,5,10,18,0.30000000000000004,0.30000000000000004,False
52,2,CLF_UNION,39,21,75,3,75,2,1,5,10,18,0.30000000000000004,0.30000000000000004,False
53,2,ORD-UNION,30,5,37,3,37,2,1,5,10,18,0.30000000000000004,0.30000000000000004,False
54,2,CARD,31,4,35,3,55,2,1,5,10,18,0.30000000000000004,0.30000000000000004,True
55,2,CLF_UNION,44,23,79,3,79,2,1,5,10,18,0.30000000000000004,0.30000000000000004,True
56,2,ORD-UNION,31,4,35,3,35,2,1,5,10,18,0.30000000000000004,0.30000000000000004,True
57,2,CARD,31,4,35,3,55,2,1,5,10,18,0.30000000000000004,0.30000000000000004,False
58,2,CLF_UNION,44,23,79,3,79,2,1,5,10,18,0.30000000000000004,0.30000000000000004,False
59,2,ORD-UNION,31,4,35,3,35,2,1,5,10,18,0.30000000000000004,0.30000000000000004,False
60,3,CARD,29,5,35,6,55,15,5,5,10,18,0.30000000000000004,0.30000000000000004,True
61,3,CLF_UNION,35,9,56,6,56,15,5,5,10,18,0.30000000000000004,0.30000000000000004,True
62,3,ORD-UNION,0,0,0,6,0,15,5,5,10,18,0.30000000000000004,0.30000000000000004,True
63,3,CARD,29,5,35,6,55,2,1,5,10,18,0.30000000000000004,0.30000000000000004,False
64,3,CLF_UNION,40,15,68,6,68,2,1,5,10,18,0.30000000000000004,0.30000000000000004,False
65,3,ORD-UNION,29,5,35,6,35,2,1,5,10,18,0.30000000000000004,0.30000000000000004,False
66,3,CARD,21,10,33,6,57,2,1,5,10,18,0.30000000000000004,0.30000000000000004,True
67,3,CLF_UNION,35,21,71,6,71,2,1,5,10,18,0.30000000000000004,0.30000000000000004,True
68,3,ORD-UNION,21,10,33,6,33,2,1,5,10,18,0.30000000000000004,0.30000000000000004,True
69,3,CARD,21,10,33,6,57,2,1,5,10,18,0.30000000000000004,0.30000000000000004,False
70,3,CLF_UNION,35,21,71,6,71,2,1,5,10,18,0.30000000000000004,0.30000000000000004,False
71,3,ORD-UNION,21,10,33,6,33,2,1,5,10,18,0.30000000000000004,0.30000000000000004,False
72,3,CARD,17,16,35,6,55,2,1,5,10,18,0.30000000000000004,0.30000000000000004,True
73,3,CLF_UNION,29,28,71,6,71,2,1,5,10,18,0.30000000000000004,0.30000000000000004,True
74,3,ORD-UNION,17,16,35,6,35,2,1,5,10,18,0.30000000000000004,0.30000000000000004,True
75,3,CARD,17,16,35,6,55,2,1,5,10,18,0.30000000000000004,0.30000000000000004,False
76,3,CLF_UNION,29,28,71,6,71,2,1,5,10,18,0.30000000000000004,0.30000000000000004,False
77,3,ORD-UNION,17,16,35,6,35,2,1,5,10,18,0.30000000000000004,0.30000000000000004,False
78,3,CARD,21,13,35,6,55,2,1,5,10,18,0.30000000000000004,0.30000000000000004,True
79,3,CLF_UNION,36,22,71,6,71,2,1,5,10,18,0.30000000000000004,0.30000000000000004,True
80,3,ORD-UNION,21,13,35,6,35,2,1,5,10,18,0.30000000000000004,0.30000000000000004,True
81,3,CARD,21,13,35,6,55,2,1,5,10,18,0.30000000000000004,0.30000000000000004,False
82,3,CLF_UNION,36,22,71,6,71,2,1,5,10,18,0.30000000000000004,0.30000000000000004,False
83,3,ORD-UNION,21,13,35,6,35,2,1,5,10,18,0.30000000000000004,0.30000000000000004,False
84,3,CARD,23,8,32,6,57,2,1,5,10,18,0.30000000000000004,0.30000000000000004,True
85,3,CLF_UNION,34,19,66,6,67,2,1,5,10,18,0.30000000000000004,0.30000000000000004,True
86,3,ORD-UNION,23,8,32,6,33,2,1,5,10,18,0.30000000000000004,0.30000000000000004,True
87,3,CARD,23,8,32,6,57,2,1,5,10,18,0.30000000000000004,0.30000000000000004,False
88,3,CLF_UNION,34,19,66,6,67,2,1,5,10,18,0.30000000000000004,0.30000000000000004,False
89,3,ORD-UNION,23,8,32,6,33,2,1,5,10,18,0.30000000000000004,0.30000000000000004,False
90,4,CARD,26,13,41,10,49,15,5,5,10,18,0.30000000000000004,0.30000000000000004,True
91,4,CLF_UNION,37,7,56,10,56,15,5,5,10,18,0.30000000000000004,0.30000000000000004,True
92,4,ORD-UNION,1,0,1,10,1,15,5,5,10,18,0.30000000000000004,0.30000000000000004,True
93,4,CARD,26,13,41,10,49,3,1,5,10,18,0.30000000000000004,0.30000000000000004,False
94,4,CLF_UNION,30,18,60,10,60,3,1,5,10,18,0.30000000000000004,0.30000000000000004,False
95,4,ORD-UNION,25,13,40,10,40,3,1,5,10,18,0.30000000000000004,0.30000000000000004,False
96,4,CARD,31,7,39,10,50,3,1,5,10,18,0.30000000000000004,0.30000000000000004,True
97,4,CLF_UNION,38,14,63,10,64,3,1,5,10,18,0.30000000000000004,0.30000000000000004,True
98,4,ORD-UNION,29,5,35,10,36,3,1,5,10,18,0.30000000000000004,0.30000000000000004,True
99,4,CARD,31,7,39,10,50,3,1,5,10,18,0.30000000000000004,0.30000000000000004,False
100,4,CLF_UNION,38,14,63,10,64,3,1,5,10,18,0.30000000000000004,0.30000000000000004,False
101,4,ORD-UNION,29,5,35,10,36,3,1,5,10,18,0.30000000000000004,0.30000000000000004,False
102,4,CARD,19,22,42,10,48,3,1,5,10,18,0.30000000000000004,0.30000000000000004,True
103,4,CLF_UNION,24,25,60,10,60,3,1,5,10,18,0.30000000000000004,0.30000000000000004,True
104,4,ORD-UNION,19,20,40,10,40,3,1,5,10,18,0.30000000000000004,0.30000000000000004,True
105,4,CARD,19,22,42,10,48,3,1,5,10,18,0.30000000000000004,0.30000000000000004,False
106,4,CLF_UNION,24,25,60,10,60,3,1,5,10,18,0.30000000000000004,0.30000000000000004,False
107,4,ORD-UNION,19,20,40,10,40,3,1,5,10,18,0.30000000000000004,0.30000000000000004,False
108,4,CARD,28,12,40,10,49,3,1,5,10,18,0.30000000000000004,0.30000000000000004,True
109,4,CLF_UNION,32,16,58,10,59,3,1,5,10,18,0.30000000000000004,0.30000000000000004,True
110,4,ORD-UNION,28,12,40,10,41,3,1,5,10,18,0.30000000000000004,0.30000000000000004,True
111,4,CARD,28,12,40,10,49,3,1,5,10,18,0.30000000000000004,0.30000000000000004,False
112,4,CLF_UNION,32,16,58,10,59,3,1,5,10,18,0.30000000000000004,0.30000000000000004,False
113,4,ORD-UNION,28,12,40,10,41,3,1,5,10,18,0.30000000000000004,0.30000000000000004,False
114,4,CARD,27,12,41,10,48,3,1,5,10,18,0.30000000000000004,0.30000000000000004,True
115,4,CLF_UNION,33,16,61,10,62,3,1,5,10,18,0.30000000000000004,0.30000000000000004,True
116,4,ORD-UNION,26,9,37,10,38,3,1,5,10,18,0.30000000000000004,0.30000000000000004,True
117,4,CARD,27,12,41,10,48,3,1,5,10,18,0.30000000000000004,0.30000000000000004,False
118,4,CLF_UNION,33,16,61,10,62,3,1,5,10,18,0.30000000000000004,0.30000000000000004,False
119,4,ORD-UNION,26,9,37,10,38,3,1,5,10,18,0.30000000000000004,0.30000000000000004,False
120,5,CARD,28,7,39,14,50,15,5,5,10,18,0.30000000000000004,0.30000000000000004,True
121,5,CLF_UNION,38,3,55,14,56,15,5,5,10,18,0.30000000000000004,0.30000000000000004,True
122,5,ORD-UNION,0,0,0,14,1,15,5,5,10,18,0.30000000000000004,0.30000000000000004,True
123,5,CARD,28,9,41,14,48,3,1,5,10,18,0.30000000000000004,0.30000000000000004,False
124,5,CLF_UNION,33,19,67,14,68,3,1,5,10,18,0.30000000000000004,0.30000000000000004,False
125,5,ORD-UNION,28,9,41,14,42,3,1,5,10,18,0.30000000000000004,0.30000000000000004,False
126,5,CARD,30,7,40,14,50,3,1,5,10,18,0.30000000000000004,0.30000000000000004,True
127,5,CLF_UNION,36,15,64,14,64,3,1,5,10,18,0.30000000000000004,0.30000000000000004,True
128,5,ORD-UNION,30,7,40,14,40,3,1,5,10,18,0.30000000000000004,0.30000000000000004,True
129,5,CARD,30,7,40,14,50,3,1,5,10,18,0.30000000000000004,0.30000000000000004,False
130,5,CLF_UNION,36,15,64,14,64,3,1,5,10,18,0.30000000000000004,0.30000000000000004,False
131,5,ORD-UNION,30,7,40,14,40,3,1,5,10,18,0.30000000000000004,0.30000000000000004,False
132,5,CARD,30,6,37,14,53,3,1,5,10,18,0.30000000000000004,0.30000000000000004,True
133,5,CLF_UNION,39,17,67,14,67,3,1,5,10,18,0.30000000000000004,0.30000000000000004,True
134,5,ORD-UNION,30,6,37,14,37,3,1,5,10,18,0.30000000000000004,0.30000000000000004,True
135,5,CARD,30,6,37,14,53,3,1,5,10,18,0.30000000000000004,0.30000000000000004,False
136,5,CLF_UNION,39,17,67,14,67,3,1,5,10,18,0.30000000000000004,0.30000000000000004,False
137,5,ORD-UNION,30,6,37,14,37,3,1,5,10,18,0.30000000000000004,0.30000000000000004,False
138,5,CARD,31,5,38,14,51,3,1,5,10,18,0.30000000000000004,0.30000000000000004,True
139,5,CLF_UNION,39,11,62,14,63,3,1,5,10,18,0.30000000000000004,0.30000000000000004,True
140,5,ORD-UNION,31,5,38,14,39,3,1,5,10,18,0.30000000000000004,0.30000000000000004,True
141,5,CARD,31,5,38,14,51,3,1,5,10,18,0.30000000000000004,0.30000000000000004,False
142,5,CLF_UNION,39,11,62,14,63,3,1,5,10,18,0.30000000000000004,0.30000000000000004,False
143,5,ORD-UNION,31,5,38,14,39,3,1,5,10,18,0.30000000000000004,0.30000000000000004,False
144,5,CARD,27,2,38,14,50,3,1,5,10,18,0.30000000000000004,0.30000000000000004,True
145,5,CLF_UNION,33,11,65,14,67,3,1,5,10,18,0.30000000000000004,0.30000000000000004,True
146,5,ORD-UNION,27,2,38,14,40,3,1,5,10,18,0.30000000000000004,0.30000000000000004,True
147,5,CARD,27,2,38,14,50,3,1,5,10,18,0.30000000000000004,0.30000000000000004,False
148,5,CLF_UNION,33,11,65,14,67,3,1,5,10,18,0.30000000000000004,0.30000000000000004,False
149,5,ORD-UNION,27,2,38,14,40,3,1,5,10,18,0.30000000000000004,0.30000000000000004,False
150,6,CARD,30,12,43,20,47,15,5,5,10,18,0.30000000000000004,0.30000000000000004,True
151,6,CLF_UNION,34,10,55,20,55,15,5,5,10,18,0.30000000000000004,0.30000000000000004,True
152,6,ORD-UNION,0,0,0,20,0,15,5,5,10,18,0.30000000000000004,0.30000000000000004,True
153,6,CARD,32,11,44,20,46,4,1,5,10,18,0.30000000000000004,0.30000000000000004,False
154,6,CLF_UNION,35,10,56,20,56,4,1,5,10,18,0.30000000000000004,0.30000000000000004,False
155,6,ORD-UNION,32,8,41,20,41,4,1,5,10,18,0.30000000000000004,0.30000000000000004,False
156,6,CARD,26,13,43,20,47,4,1,5,10,18,0.30000000000000004,0.30000000000000004,True
157,6,CLF_UNION,30,15,60,20,60,4,1,5,10,18,0.30000000000000004,0.30000000000000004,True
158,6,ORD-UNION,26,11,40,20,40,4,1,5,10,18,0.30000000000000004,0.30000000000000004,True
159,6,CARD,26,13,43,20,47,4,1,5,10,18,0.30000000000000004,0.30000000000000004,False
160,6,CLF_UNION,30,15,60,20,60,4,1,5,10,18,0.30000000000000004,0.30000000000000004,False
161,6,ORD-UNION,26,11,40,20,40,4,1,5,10,18,0.30000000000000004,0.30000000000000004,False
162,6,CARD,35,3,39,20,48,4,1,5,10,18,0.30000000000000004,0.30000000000000004,True
163,6,CLF_UNION,39,5,55,20,58,4,1,5,10,18,0.30000000000000004,0.30000000000000004,True
164,6,ORD-UNION,35,2,38,20,41,4,1,5,10,18,0.30000000000000004,0.30000000000000004,True
165,6,CARD,35,3,39,20,48,4,1,5,10,18,0.30000000000000004,0.30000000000000004,False
166,6,CLF_UNION,39,5,55,20,58,4,1,5,10,18,0.30000000000000004,0.30000000000000004,False
167,6,ORD-UNION,35,2,38,20,41,4,1,5,10,18,0.30000000000000004,0.30000000000000004,False
168,6,CARD,35,5,44,20,46,4,1,5,10,18,0.30000000000000004,0.30000000000000004,True
169,6,CLF_UNION,38,5,57,20,57,4,1,5,10,18,0.30000000000000004,0.30000000000000004,True
170,6,ORD-UNION,33,2,39,20,39,4,1,5,10,18,0.30000000000000004,0.30000000000000004,True
171,6,CARD,35,5,44,20,46,4,1,5,10,18,0.30000000000000004,0.30000000000000004,False
172,6,CLF_UNION,38,5,57,20,57,4,1,5,10,18,0.30000000000000004,0.30000000000000004,False
173,6,ORD-UNION,33,2,39,20,39,4,1,5,10,18,0.30000000000000004,0.30000000000000004,False
174,6,CARD,35,3,41,20,48,4,1,5,10,18,0.30000000000000004,0.30000000000000004,True
175,6,CLF_UNION,37,5,57,20,58,4,1,5,10,18,0.30000000000000004,0.30000000000000004,True
176,6,ORD-UNION,34,2,39,20,40,4,1,5,10,18,0.30000000000000004,0.30000000000000004,True
177,6,CARD,35,3,41,20,48,4,1,5,10,18,0.30000000000000004,0.30000000000000004,False
178,6,CLF_UNION,37,5,57,20,58,4,1,5,10,18,0.30000000000000004,0.30000000000000004,False
179,6,ORD-UNION,34,2,39,20,40,4,1,5,10,18,0.30000000000000004,0.30000000000000004,False
180,7,CARD,23,12,35,27,46,15,5,5,10,18,0.30000000000000004,0.30000000000000004,True
181,7,CLF_UNION,26,9,46,27,55,15,5,5,10,18,0.30000000000000004,0.30000000000000004,True
182,7,ORD-UNION,0,0,0,27,9,15,5,5,10,18,0.30000000000000004,0.30000000000000004,True
183,7,CARD,23,9,32,27,49,5,1,5,10,18,0.30000000000000004,0.30000000000000004,False
184,7,CLF_UNION,25,10,46,27,55,5,1,5,10,18,0.30000000000000004,0.30000000000000004,False
185,7,ORD-UNION,19,9,28,27,37,5,1,5,10,18,0.30000000000000004,0.30000000000000004,False
186,7,CARD,24,12,40,27,47,5,1,5,10,18,0.30000000000000004,0.30000000000000004,True
187,7,CLF_UNION,28,9,52,27,55,5,1,5,10,18,0.30000000000000004,0.30000000000000004,True
188,7,ORD-UNION,19,9,29,27,32,5,1,5,10,18,0.30000000000000004,0.30000000000000004,True
189,7,CARD,24,12,40,27,47,5,1,5,10,18,0.30000000000000004,0.30000000000000004,False
190,7,CLF_UNION,28,9,52,27,55,5,1,5,10,18,0.30000000000000004,0.30000000000000004,False
191,7,ORD-UNION,19,9,29,27,32,5,1,5,10,18,0.30000000000000004,0.30000000000000004,False
192,7,CARD,33,10,43,27,47,5,1,5,10,18,0.30000000000000004,0.30000000000000004,True
193,7,CLF_UNION,35,11,56,27,56,5,1,5,10,18,0.30000000000000004,0.30000000000000004,True
194,7,ORD-UNION,24,8,32,27,32,5,1,5,10,18,0.30000000000000004,0.30000000000000004,True
195,7,CARD,33,10,43,27,47,5,1,5,10,18,0.30000000000000004,0.30000000000000004,False
196,7,CLF_UNION,35,11,56,27,56,5,1,5,10,18,0.30000000000000004,0.30000000000000004,False
197,7,ORD-UNION,24,8,32,27,32,5,1,5,10,18,0.30000000000000004,0.30000000000000004,False
198,7,CARD,29,13,43,27,46,5,1,5,10,18,0.30000000000000004,0.30000000000000004,True
199,7,CLF_UNION,31,13,56,27,57,5,1,5,10,18,0.30000000000000004,0.30000000000000004,True
200,7,ORD-UNION,21,9,30,27,31,5,1,5,10,18,0.30000000000000004,0.30000000000000004,True
201,7,CARD,29,13,43,27,46,5,1,5,10,18,0.30000000000000004,0.30000000000000004,False
202,7,CLF_UNION,31,13,56,27,57,5,1,5,10,18,0.30000000000000004,0.30000000000000004,False
203,7,ORD-UNION,21,9,30,27,31,5,1,5,10,18,0.30000000000000004,0.30000000000000004,False
204,7,CARD,25,11,37,27,47,5,1,5,10,18,0.30000000000000004,0.30000000000000004,True
205,7,CLF_UNION,28,10,49,27,55,5,1,5,10,18,0.30000000000000004,0.30000000000000004,True
206,7,ORD-UNION,20,9,30,27,36,5,1,5,10,18,0.30000000000000004,0.30000000000000004,True
207,7,CARD,25,11,37,27,47,5,1,5,10,18,0.30000000000000004,0.30000000000000004,False
208,7,CLF_UNION,28,10,49,27,55,5,1,5,10,18,0.30000000000000004,0.30000000000000004,False
209,7,ORD-UNION,20,9,30,27,36,5,1,5,10,18,0.30000000000000004,0.30000000000000004,False
210,8,CARD,35,3,39,35,48,15,5,5,10,18,0.30000000000000004,0.30000000000000004,True
211,8,CLF_UNION,41,0,52,35,55,15,5,5,10,18,0.30000000000000004,0.30000000000000004,True
212,8,ORD-UNION,0,0,0,35,3,15,5,5,10,18,0.30000000000000004,0.30000000000000004,True
213,8,CARD,36,4,41,35,46,5,1,5,10,18,0.30000000000000004,0.30000000000000004,False
214,8,CLF_UNION,39,2,52,35,55,5,1,5,10,18,0.30000000000000004,0.30000000000000004,False
215,8,ORD-UNION,33,0,33,35,36,5,1,5,10,18,0.30000000000000004,0.30000000000000004,False
216,8,CARD,35,4,41,35,46,5,1,5,10,18,0.30000000000000004,0.30000000000000004,True
217,8,CLF_UNION,39,0,52,35,55,5,1,5,10,18,0.30000000000000004,0.30000000000000004,True
218,8,ORD-UNION,28,0,29,35,32,5,1,5,10,18,0.30000000000000004,0.30000000000000004,True
219,8,CARD,35,4,41,35,46,5,1,5,10,18,0.30000000000000004,0.30000000000000004,False
220,8,CLF_UNION,39,0,52,35,55,5,1,5,10,18,0.30000000000000004,0.30000000000000004,False
221,8,ORD-UNION,28,0,29,35,32,5,1,5,10,18,0.30000000000000004,0.30000000000000004,False
222,8,CARD,32,2,37,35,47,5,1,5,10,18,0.30000000000000004,0.30000000000000004,True
223,8,CLF_UNION,35,0,49,35,55,5,1,5,10,18,0.30000000000000004,0.30000000000000004,True
224,8,ORD-UNION,26,0,27,35,33,5,1,5,10,18,0.30000000000000004,0.30000000000000004,True
225,8,CARD,32,2,37,35,47,5,1,5,10,18,0.30000000000000004,0.30000000000000004,False
226,8,CLF_UNION,35,0,49,35,55,5,1,5,10,18,0.30000000000000004,0.30000000000000004,False
227,8,ORD-UNION,26,0,27,35,33,5,1,5,10,18,0.30000000000000004,0.30000000000000004,False
228,8,CARD,35,2,39,35,45,5,1,5,10,18,0.30000000000000004,0.30000000000000004,True
229,8,CLF_UNION,37,0,49,35,55,5,1,5,10,18,0.30000000000000004,0.30000000000000004,True
230,8,ORD-UNION,29,0,29,35,35,5,1,5,10,18,0.30000000000000004,0.30000000000000004,True
231,8,CARD,35,2,39,35,45,5,1,5,10,18,0.30000000000000004,0.30000000000000004,False
232,8,CLF_UNION,37,0,49,35,55,5,1,5,10,18,0.30000000000000004,0.30000000000000004,False
233,8,ORD-UNION,29,0,29,35,35,5,1,5,10,18,0.30000000000000004,0.30000000000000004,False
234,8,CARD,34,5,42,35,45,5,1,5,10,18,0.30000000000000004,0.30000000000000004,True
235,8,CLF_UNION,38,2,53,35,56,5,1,5,10,18,0.30000000000000004,0.30000000000000004,True
236,8,ORD-UNION,28,0,29,35,32,5,1,5,10,18,0.30000000000000004,0.30000000000000004,True
237,8,CARD,34,5,42,35,45,5,1,5,10,18,0.30000000000000004,0.30000000000000004,False
238,8,CLF_UNION,38,2,53,35,56,5,1,5,10,18,0.30000000000000004,0.30000000000000004,False
239,8,ORD-UNION,28,0,29,35,32,5,1,5,10,18,0.30000000000000004,0.30000000000000004,False
240,9,CARD,36,0,40,44,49,15,5,5,10,18,0.30000000000000004,0.30000000000000004,True
241,9,CLF_UNION,36,1,54,44,55,15,5,5,10,18,0.30000000000000004,0.30000000000000004,True
242,9,ORD-UNION,2,0,3,44,4,15,5,5,10,18,0.30000000000000004,0.30000000000000004,True
243,9,CARD,36,0,40,44,49,5,1,5,10,18,0.30000000000000004,0.30000000000000004,False
244,9,CLF_UNION,37,0,56,44,57,5,1,5,10,18,0.30000000000000004,0.30000000000000004,False
245,9,ORD-UNION,36,0,38,44,39,5,1,5,10,18,0.30000000000000004,0.30000000000000004,False
246,9,CARD,39,1,41,44,46,5,1,5,10,18,0.30000000000000004,0.30000000000000004,True
247,9,CLF_UNION,40,2,53,44,56,5,1,5,10,18,0.30000000000000004,0.30000000000000004,True
248,9,ORD-UNION,35,0,35,44,38,5,1,5,10,18,0.30000000000000004,0.30000000000000004,True
249,9,CARD,39,1,41,44,46,5,1,5,10,18,0.30000000000000004,0.30000000000000004,False
250,9,CLF_UNION,40,2,53,44,56,5,1,5,10,18,0.30000000000000004,0.30000000000000004,False
251,9,ORD-UNION,35,0,35,44,38,5,1,5,10,18,0.30000000000000004,0.30000000000000004,False
252,9,CARD,34,9,44,44,45,5,1,5,10,18,0.30000000000000004,0.30000000000000004,True
253,9,CLF_UNION,34,10,55,44,56,5,1,5,10,18,0.30000000000000004,0.30000000000000004,True
254,9,ORD-UNION,33,9,42,44,43,5,1,5,10,18,0.30000000000000004,0.30000000000000004,True
255,9,CARD,34,9,44,44,45,5,1,5,10,18,0.30000000000000004,0.30000000000000004,False
256,9,CLF_UNION,34,10,55,44,56,5,1,5,10,18,0.30000000000000004,0.30000000000000004,False
257,9,ORD-UNION,33,9,42,44,43,5,1,5,10,18,0.30000000000000004,0.30000000000000004,False
258,9,CARD,35,0,37,44,47,5,1,5,10,18,0.30000000000000004,0.30000000000000004,True
259,9,CLF_UNION,35,0,51,44,57,5,1,5,10,18,0.30000000000000004,0.30000000000000004,True
260,9,ORD-UNION,33,0,34,44,40,5,1,5,10,18,0.30000000000000004,0.30000000000000004,True
261,9,CARD,35,0,37,44,47,5,1,5,10,18,0.30000000000000004,0.30000000000000004,False
262,9,CLF_UNION,35,0,51,44,57,5,1,5,10,18,0.30000000000000004,0.30000000000000004,False
263,9,ORD-UNION,33,0,34,44,40,5,1,5,10,18,0.30000000000000004,0.30000000000000004,False
264,9,CARD,32,0,33,44,47,5,1,5,10,18,0.30000000000000004,0.30000000000000004,True
265,9,CLF_UNION,33,0,46,44,56,5,1,5,10,18,0.30000000000000004,0.30000000000000004,True
266,9,ORD-UNION,29,0,29,44,39,5,1,5,10,18,0.30000000000000004,0.30000000000000004,True
267,9,CARD,32,0,33,44,47,5,1,5,10,18,0.30000000000000004,0.30000000000000004,False
268,9,CLF_UNION,33,0,46,44,56,5,1,5,10,18,0.30000000000000004,0.30000000000000004,False
269,9,ORD-UNION,29,0,29,44,39,5,1,5,10,18,0.30000000000000004,0.30000000000000004,False
270,10,CARD,30,10,40,54,47,15,5,5,10,18,0.30000000000000004,0.30000000000000004,True
271,10,CLF_UNION,31,11,52,54,55,15,5,5,10,18,0.30000000000000004,0.30000000000000004,True
272,10,ORD-UNION,1,0,1,54,4,15,5,5,10,18,0.30000000000000004,0.30000000000000004,True
273,10,CARD,32,9,41,54,46,5,1,5,10,18,0.30000000000000004,0.30000000000000004,False
274,10,CLF_UNION,31,12,53,54,56,5,1,5,10,18,0.30000000000000004,0.30000000000000004,False
275,10,ORD-UNION,28,9,37,54,40,5,1,5,10,18,0.30000000000000004,0.30000000000000004,False
276,10,CARD,33,0,35,54,45,5,1,5,10,18,0.30000000000000004,0.30000000000000004,True
277,10,CLF_UNION,33,1,46,54,56,5,1,5,10,18,0.30000000000000004,0.30000000000000004,True
278,10,ORD-UNION,31,0,32,54,42,5,1,5,10,18,0.30000000000000004,0.30000000000000004,True
279,10,CARD,33,0,35,54,45,5,1,5,10,18,0.30000000000000004,0.30000000000000004,False
280,10,CLF_UNION,33,1,46,54,56,5,1,5,10,18,0.30000000000000004,0.30000000000000004,False
281,10,ORD-UNION,31,0,32,54,42,5,1,5,10,18,0.30000000000000004,0.30000000000000004,False
282,10,CARD,31,9,42,54,47,5,1,5,10,18,0.30000000000000004,0.30000000000000004,True
283,10,CLF_UNION,32,12,57,54,57,5,1,5,10,18,0.30000000000000004,0.30000000000000004,True
284,10,ORD-UNION,30,9,41,54,42,5,1,5,10,18,0.30000000000000004,0.30000000000000004,True
285,10,CARD,31,9,42,54,47,5,1,5,10,18,0.30000000000000004,0.30000000000000004,False
286,10,CLF_UNION,32,12,57,54,57,5,1,5,10,18,0.30000000000000004,0.30000000000000004,False
287,10,ORD-UNION,30,9,41,54,42,5,1,5,10,18,0.30000000000000004,0.30000000000000004,False
288,10,CARD,35,1,38,54,46,5,1,5,10,18,0.30000000000000004,0.30000000000000004,True
289,10,CLF_UNION,35,2,49,54,55,5,1,5,10,18,0.30000000000000004,0.30000000000000004,True
290,10,ORD-UNION,33,0,34,54,40,5,1,5,10,18,0.30000000000000004,0.30000000000000004,True
291,10,CARD,35,1,38,54,46,5,1,5,10,18,0.30000000000000004,0.30000000000000004,False
292,10,CLF_UNION,35,2,49,54,55,5,1,5,10,18,0.30000000000000004,0.30000000000000004,False
293,10,ORD-UNION,33,0,34,54,40,5,1,5,10,18,0.30000000000000004,0.30000000000000004,False
294,10,CARD,38,0,38,54,46,5,1,5,10,18,0.30000000000000004,0.30000000000000004,True
295,10,CLF_UNION,36,5,51,54,57,5,1,5,10,18,0.30000000000000004,0.30000000000000004,True
296,10,ORD-UNION,36,0,36,54,42,5,1,5,10,18,0.30000000000000004,0.30000000000000004,True
297,10,CARD,38,0,38,54,46,5,1,5,10,18,0.30000000000000004,0.30000000000000004,False
298,10,CLF_UNION,36,5,51,54,57,5,1,5,10,18,0.30000000000000004,0.30000000000000004,False
299,10,ORD-UNION,36,0,36,54,42,5,1,5,10,18,0.30000000000000004,0.30000000000000004,False
300,11,CARD,28,11,42,65,45,15,5,5,10,18,0.30000000000000004,0.30000000000000004,True
301,11,CLF_UNION,28,11,52,65,55,15,5,5,10,18,0.30000000000000004,0.30000000000000004,True
302,11,ORD-UNION,1,0,1,65,4,15,5,5,10,18,0.30000000000000004,0.30000000000000004,True
303,11,CARD,29,9,40,65,47,5,1,5,10,18,0.30000000000000004,0.30000000000000004,False
304,11,CLF_UNION,30,12,55,65,58,5,1,5,10,18,0.30000000000000004,0.30000000000000004,False
305,11,ORD-UNION,28,9,39,65,42,5,1,5,10,18,0.30000000000000004,0.30000000000000004,False
306,11,CARD,31,9,42,65,47,5,1,5,10,18,0.30000000000000004,0.30000000000000004,True
307,11,CLF_UNION,31,11,54,65,55,5,1,5,10,18,0.30000000000000004,0.30000000000000004,True
308,11,ORD-UNION,30,9,41,65,42,5,1,5,10,18,0.30000000000000004,0.30000000000000004,True
309,11,CARD,31,9,42,65,47,5,1,5,10,18,0.30000000000000004,0.30000000000000004,False
310,11,CLF_UNION,31,11,54,65,55,5,1,5,10,18,0.30000000000000004,0.30000000000000004,False
311,11,ORD-UNION,30,9,41,65,42,5,1,5,10,18,0.30000000000000004,0.30000000000000004,False
312,11,CARD,30,9,41,65,46,5,1,5,10,18,0.30000000000000004,0.30000000000000004,True
313,11,CLF_UNION,31,11,55,65,58,5,1,5,10,18,0.30000000000000004,0.30000000000000004,True
314,11,ORD-UNION,29,9,40,65,43,5,1,5,10,18,0.30000000000000004,0.30000000000000004,True
315,11,CARD,30,9,41,65,46,5,1,5,10,18,0.30000000000000004,0.30000000000000004,False
316,11,CLF_UNION,31,11,55,65,58,5,1,5,10,18,0.30000000000000004,0.30000000000000004,False
317,11,ORD-UNION,29,9,40,65,43,5,1,5,10,18,0.30000000000000004,0.30000000000000004,False
318,11,CARD,25,13,40,65,49,5,1,5,10,18,0.30000000000000004,0.30000000000000004,True
319,11,CLF_UNION,28,15,56,65,57,5,1,5,10,18,0.30000000000000004,0.30000000000000004,True
320,11,ORD-UNION,21,11,34,65,35,5,1,5,10,18,0.30000000000000004,0.30000000000000004,True
321,11,CARD,25,13,40,65,49,5,1,5,10,18,0.30000000000000004,0.30000000000000004,False
322,11,CLF_UNION,28,15,56,65,57,5,1,5,10,18,0.30000000000000004,0.30000000000000004,False
323,11,ORD-UNION,21,11,34,65,35,5,1,5,10,18,0.30000000000000004,0.30000000000000004,False
324,11,CARD,28,1,30,65,45,5,1,5,10,18,0.30000000000000004,0.30000000000000004,True
325,11,CLF_UNION,27,4,42,65,56,5,1,5,10,18,0.30000000000000004,0.30000000000000004,True
326,11,ORD-UNION,26,1,28,65,43,5,1,5,10,18,0.30000000000000004,0.30000000000000004,True
327,11,CARD,28,1,30,65,45,5,1,5,10,18,0.30000000000000004,0.30000000000000004,False
328,11,CLF_UNION,27,4,42,65,56,5,1,5,10,18,0.30000000000000004,0.30000000000000004,False
329,11,ORD-UNION,26,1,28,65,43,5,1,5,10,18,0.30000000000000004,0.30000000000000004,False
330,12,CARD,25,2,28,75,47,15,5,5,10,18,0.30000000000000004,0.30000000000000004,True
331,12,CLF_UNION,29,1,41,75,55,15,5,5,10,18,0.30000000000000004,0.30000000000000004,True
332,12,ORD-UNION,3,0,3,75,18,15,5,5,10,18,0.30000000000000004,0.30000000000000004,True
333,12,CARD,27,2,30,75,45,5,1,5,10,18,0.30000000000000004,0.30000000000000004,False
334,12,CLF_UNION,27,3,41,75,55,5,1,5,10,18,0.30000000000000004,0.30000000000000004,False
335,12,ORD-UNION,26,1,28,75,43,5,1,5,10,18,0.30000000000000004,0.30000000000000004,False
336,12,CARD,25,9,36,75,45,5,1,5,10,18,0.30000000000000004,0.30000000000000004,True
337,12,CLF_UNION,24,10,46,75,55,5,1,5,10,18,0.30000000000000004,0.30000000000000004,True
338,12,ORD-UNION,24,9,35,75,44,5,1,5,10,18,0.30000000000000004,0.30000000000000004,True
339,12,CARD,25,9,36,75,45,5,1,5,10,18,0.30000000000000004,0.30000000000000004,False
340,12,CLF_UNION,24,10,46,75,55,5,1,5,10,18,0.30000000000000004,0.30000000000000004,False
341,12,ORD-UNION,24,9,35,75,44,5,1,5,10,18,0.30000000000000004,0.30000000000000004,False
342,12,CARD,32,3,41,75,46,5,1,5,10,18,0.30000000000000004,0.30000000000000004,True
343,12,CLF_UNION,29,7,53,75,56,5,1,5,10,18,0.30000000000000004,0.30000000000000004,True
344,12,ORD-UNION,30,3,38,75,41,5,1,5,10,18,0.30000000000000004,0.30000000000000004,True
345,12,CARD,32,3,41,75,46,5,1,5,10,18,0.30000000000000004,0.30000000000000004,False
346,12,CLF_UNION,29,7,53,75,56,5,1,5,10,18,0.30000000000000004,0.30000000000000004,False
347,12,ORD-UNION,30,3,38,75,41,5,1,5,10,18,0.30000000000000004,0.30000000000000004,False
348,12,CARD,20,9,31,75,45,5,1,5,10,18,0.30000000000000004,0.30000000000000004,True
349,12,CLF_UNION,20,10,42,75,55,5,1,5,10,18,0.30000000000000004,0.30000000000000004,True
350,12,ORD-UNION,20,9,31,75,45,5,1,5,10,18,0.30000000000000004,0.30000000000000004,True
351,12,CARD,20,9,31,75,45,5,1,5,10,18,0.30000000000000004,0.30000000000000004,False
352,12,CLF_UNION,20,10,42,75,55,5,1,5,10,18,0.30000000000000004,0.30000000000000004,False
353,12,ORD-UNION,20,9,31,75,45,5,1,5,10,18,0.30000000000000004,0.30000000000000004,False
354,12,CARD,33,1,35,75,45,5,1,5,10,18,0.30000000000000004,0.30000000000000004,True
355,12,CLF_UNION,32,2,45,75,55,5,1,5,10,18,0.30000000000000004,0.30000000000000004,True
356,12,ORD-UNION,32,0,33,75,43,5,1,5,10,18,0.30000000000000004,0.30000000000000004,True
357,12,CARD,33,1,35,75,45,5,1,5,10,18,0.30000000000000004,0.30000000000000004,False
358,12,CLF_UNION,32,2,45,75,55,5,1,5,10,18,0.30000000000000004,0.30000000000000004,False
359,12,ORD-UNION,32,0,33,75,43,5,1,5,10,18,0.30000000000000004,0.30000000000000004,False
360,13,CARD,30,9,41,88,46,15,5,5,10,18,0.30000000000000004,0.30000000000000004,True
361,13,CLF_UNION,29,10,52,88,55,15,5,5,10,18,0.30000000000000004,0.30000000000000004,True
362,13,ORD-UNION,3,0,3,88,6,15,5,5,10,18,0.30000000000000004,0.30000000000000004,True
363,13,CARD,29,10,42,88,45,5,1,5,10,18,0.30000000000000004,0.30000000000000004,False
364,13,CLF_UNION,29,11,54,88,57,5,1,5,10,18,0.30000000000000004,0.30000000000000004,False
365,13,ORD-UNION,27,10,40,88,43,5,1,5,10,18,0.30000000000000004,0.30000000000000004,False
366,13,CARD,33,1,34,88,46,5,1,5,10,18,0.30000000000000004,0.30000000000000004,True
367,13,CLF_UNION,35,1,46,88,56,5,1,5,10,18,0.30000000000000004,0.30000000000000004,True
368,13,ORD-UNION,33,0,33,88,43,5,1,5,10,18,0.30000000000000004,0.30000000000000004,True
369,13,CARD,33,1,34,88,46,5,1,5,10,18,0.30000000000000004,0.30000000000000004,False
370,13,CLF_UNION,35,1,46,88,56,5,1,5,10,18,0.30000000000000004,0.30000000000000004,False
371,13,ORD-UNION,33,0,33,88,43,5,1,5,10,18,0.30000000000000004,0.30000000000000004,False
372,13,CARD,31,10,45,88,45,5,1,5,10,18,0.30000000000000004,0.30000000000000004,True
373,13,CLF_UNION,31,12,58,88,58,5,1,5,10,18,0.30000000000000004,0.30000000000000004,True
374,13,ORD-UNION,29,10,43,88,43,5,1,5,10,18,0.30000000000000004,0.30000000000000004,True
375,13,CARD,31,10,45,88,45,5,1,5,10,18,0.30000000000000004,0.30000000000000004,False
376,13,CLF_UNION,31,12,58,88,58,5,1,5,10,18,0.30000000000000004,0.30000000000000004,False
377,13,ORD-UNION,29,10,43,88,43,5,1,5,10,18,0.30000000000000004,0.30000000000000004,False
378,13,CARD,24,9,34,88,46,5,1,5,10,18,0.30000000000000004,0.30000000000000004,True
379,13,CLF_UNION,23,11,47,88,56,5,1,5,10,18,0.30000000000000004,0.30000000000000004,True
380,13,ORD-UNION,23,9,33,88,43,5,1,5,10,18,0.30000000000000004,0.30000000000000004,True
381,13,CARD,24,9,34,88,46,5,1,5,10,18,0.30000000000000004,0.30000000000000004,False
382,13,CLF_UNION,23,11,47,88,56,5,1,5,10,18,0.30000000000000004,0.30000000000000004,False
383,13,ORD-UNION,23,9,33,88,43,5,1,5,10,18,0.30000000000000004,0.30000000000000004,False
384,13,CARD,21,9,30,88,45,5,1,5,10,18,0.30000000000000004,0.30000000000000004,True
385,13,CLF_UNION,21,9,40,88,55,5,1,5,10,18,0.30000000000000004,0.30000000000000004,True
386,13,ORD-UNION,21,9,30,88,45,5,1,5,10,18,0.30000000000000004,0.30000000000000004,True
387,13,CARD,21,9,30,88,45,5,1,5,10,18,0.30000000000000004,0.30000000000000004,False
388,13,CLF_UNION,21,9,40,88,55,5,1,5,10,18,0.30000000000000004,0.30000000000000004,False
389,13,ORD-UNION,21,9,30,88,45,5,1,5,10,18,0.30000000000000004,0.30000000000000004,False
390,14,CARD,32,9,42,102,45,15,5,5,10,18,0.30000000000000004,0.30000000000000004,True
391,14,CLF_UNION,30,11,52,102,55,15,5,5,10,18,0.30000000000000004,0.30000000000000004,True
392,14,ORD-UNION,5,0,5,102,8,15,5,5,10,18,0.30000000000000004,0.30000000000000004,True
393,14,CARD,31,9,41,102,46,5,1,5,10,18,0.30000000000000004,0.30000000000000004,False
394,14,CLF_UNION,30,11,52,102,55,5,1,5,10,18,0.30000000000000004,0.30000000000000004,False
395,14,ORD-UNION,30,9,40,102,43,5,1,5,10,18,0.30000000000000004,0.30000000000000004,False
396,14,CARD,39,1,41,102,46,5,1,5,10,18,0.30000000000000004,0.30000000000000004,True
397,14,CLF_UNION,38,3,52,102,55,5,1,5,10,18,0.30000000000000004,0.30000000000000004,True
398,14,ORD-UNION,39,1,41,102,44,5,1,5,10,18,0.30000000000000004,0.30000000000000004,True
399,14,CARD,39,1,41,102,46,5,1,5,10,18,0.30000000000000004,0.30000000000000004,False
400,14,CLF_UNION,38,3,52,102,55,5,1,5,10,18,0.30000000000000004,0.30000000000000004,False
401,14,ORD-UNION,39,1,41,102,44,5,1,5,10,18,0.30000000000000004,0.30000000000000004,False
402,14,CARD,21,0,25,102,45,5,1,5,10,18,0.30000000000000004,0.30000000000000004,True
403,14,CLF_UNION,21,1,37,102,56,5,1,5,10,18,0.30000000000000004,0.30000000000000004,True
404,14,ORD-UNION,21,0,25,102,45,5,1,5,10,18,0.30000000000000004,0.30000000000000004,True
405,14,CARD,21,0,25,102,45,5,1,5,10,18,0.30000000000000004,0.30000000000000004,False
406,14,CLF_UNION,21,1,37,102,56,5,1,5,10,18,0.30000000000000004,0.30000000000000004,False
407,14,ORD-UNION,21,0,25,102,45,5,1,5,10,18,0.30000000000000004,0.30000000000000004,False
408,14,CARD,25,9,35,102,45,5,1,5,10,18,0.30000000000000004,0.30000000000000004,True
409,14,CLF_UNION,24,12,48,102,58,5,1,5,10,18,0.30000000000000004,0.30000000000000004,True
410,14,ORD-UNION,24,9,34,102,44,5,1,5,10,18,0.30000000000000004,0.30000000000000004,True
411,14,CARD,25,9,35,102,45,5,1,5,10,18,0.30000000000000004,0.30000000000000004,False
412,14,CLF_UNION,24,12,48,102,58,5,1,5,10,18,0.30000000000000004,0.30000000000000004,False
413,14,ORD-UNION,24,9,34,102,44,5,1,5,10,18,0.30000000000000004,0.30000000000000004,False
414,14,CARD,27,2,30,102,46,5,1,5,10,18,0.30000000000000004,0.30000000000000004,True
415,14,CLF_UNION,26,4,42,102,56,5,1,5,10,18,0.30000000000000004,0.30000000000000004,True
416,14,ORD-UNION,26,2,29,102,43,5,1,5,10,18,0.30000000000000004,0.30000000000000004,True
417,14,CARD,27,2,30,102,46,5,1,5,10,18,0.30000000000000004,0.30000000000000004,False
418,14,CLF_UNION,26,4,42,102,56,5,1,5,10,18,0.30000000000000004,0.30000000000000004,False
419,14,ORD-UNION,26,2,29,102,43,5,1,5,10,18,0.30000000000000004,0.30000000000000004,False
420,15,CARD,23,0,23,117,46,15,5,5,10,18,0.30000000000000004,0.30000000000000004,True
421,15,CLF_UNION,23,0,34,117,55,15,5,5,10,18,0.30000000000000004,0.30000000000000004,True
422,15,ORD-UNION,6,0,6,117,27,15,5,5,10,18,0.30000000000000004,0.30000000000000004,True
423,15,CARD,23,0,24,117,45,5,1,5,10,18,0.30000000000000004,0.30000000000000004,False
424,15,CLF_UNION,23,1,35,117,55,5,1,5,10,18,0.30000000000000004,0.30000000000000004,False
425,15,ORD-UNION,22,0,23,117,44,5,1,5,10,18,0.30000000000000004,0.30000000000000004,False
426,15,CARD,37,1,42,117,45,5,1,5,10,18,0.30000000000000004,0.30000000000000004,True
427,15,CLF_UNION,37,1,53,117,56,5,1,5,10,18,0.30000000000000004,0.30000000000000004,True
428,15,ORD-UNION,37,1,42,117,45,5,1,5,10,18,0.30000000000000004,0.30000000000000004,True
429,15,CARD,37,1,42,117,45,5,1,5,10,18,0.30000000000000004,0.30000000000000004,False
430,15,CLF_UNION,37,1,53,117,56,5,1,5,10,18,0.30000000000000004,0.30000000000000004,False
431,15,ORD-UNION,37,1,42,117,45,5,1,5,10,18,0.30000000000000004,0.30000000000000004,False
432,15,CARD,28,1,30,117,45,5,1,5,10,18,0.30000000000000004,0.30000000000000004,True
433,15,CLF_UNION,28,1,40,117,55,5,1,5,10,18,0.30000000000000004,0.30000000000000004,True
434,15,ORD-UNION,28,1,30,117,45,5,1,5,10,18,0.30000000000000004,0.30000000000000004,True
435,15,CARD,28,1,30,117,45,5,1,5,10,18,0.30000000000000004,0.30000000000000004,False
436,15,CLF_UNION,28,1,40,117,55,5,1,5,10,18,0.30000000000000004,0.30000000000000004,False
437,15,ORD-UNION,28,1,30,117,45,5,1,5,10,18,0.30000000000000004,0.30000000000000004,False
438,15,CARD,22,0,25,117,45,5,1,5,10,18,0.30000000000000004,0.30000000000000004,True
439,15,CLF_UNION,22,0,35,117,55,5,1,5,10,18,0.30000000000000004,0.30000000000000004,True
440,15,ORD-UNION,22,0,25,117,45,5,1,5,10,18,0.30000000000000004,0.30000000000000004,True
441,15,CARD,22,0,25,117,45,5,1,5,10,18,0.30000000000000004,0.30000000000000004,False
442,15,CLF_UNION,22,0,35,117,55,5,1,5,10,18,0.30000000000000004,0.30000000000000004,False
443,15,ORD-UNION,22,0,25,117,45,5,1,5,10,18,0.30000000000000004,0.30000000000000004,False
444,15,CARD,33,1,35,117,45,5,1,5,10,18,0.30000000000000004,0.30000000000000004,True
445,15,CLF_UNION,33,1,45,117,55,5,1,5,10,18,0.30000000000000004,0.30000000000000004,True
446,15,ORD-UNION,33,0,34,117,44,5,1,5,10,18,0.30000000000000004,0.30000000000000004,True
447,15,CARD,33,1,35,117,45,5,1,5,10,18,0.30000000000000004,0.30000000000000004,False
448,15,CLF_UNION,33,1,45,117,55,5,1,5,10,18,0.30000000000000004,0.30000000000000004,False
449,15,ORD-UNION,33,0,34,117,44,5,1,5,10,18,0.30000000000000004,0.30000000000000004,False
450,16,CARD,14,0,16,132,47,15,5,5,10,18,0.30000000000000004,0.30000000000000004,True
451,16,CLF_UNION,15,0,28,132,55,15,5,5,10,18,0.30000000000000004,0.30000000000000004,True
452,16,ORD-UNION,1,0,1,132,28,15,5,5,10,18,0.30000000000000004,0.30000000000000004,True
453,16,CARD,15,0,18,132,45,8,2,5,10,18,0.30000000000000004,0.30000000000000004,False
454,16,CLF_UNION,14,1,28,132,55,8,2,5,10,18,0.30000000000000004,0.30000000000000004,False
455,16,ORD-UNION,14,0,15,132,42,8,2,5,10,18,0.30000000000000004,0.30000000000000004,False
456,16,CARD,26,11,41,132,46,8,2,5,10,18,0.30000000000000004,0.30000000000000004,True
457,16,CLF_UNION,28,9,52,132,55,8,2,5,10,18,0.30000000000000004,0.30000000000000004,True
458,16,ORD-UNION,24,9,34,132,37,8,2,5,10,18,0.30000000000000004,0.30000000000000004,True
459,16,CARD,26,11,41,132,46,8,2,5,10,18,0.30000000000000004,0.30000000000000004,False
460,16,CLF_UNION,28,9,52,132,55,8,2,5,10,18,0.30000000000000004,0.30000000000000004,False
461,16,ORD-UNION,24,9,34,132,37,8,2,5,10,18,0.30000000000000004,0.30000000000000004,False
462,16,CARD,33,0,34,132,46,8,2,5,10,18,0.30000000000000004,0.30000000000000004,True
463,16,CLF_UNION,32,3,46,132,56,8,2,5,10,18,0.30000000000000004,0.30000000000000004,True
464,16,ORD-UNION,27,0,27,132,37,8,2,5,10,18,0.30000000000000004,0.30000000000000004,True
465,16,CARD,33,0,34,132,46,8,2,5,10,18,0.30000000000000004,0.30000000000000004,False
466,16,CLF_UNION,32,3,46,132,56,8,2,5,10,18,0.30000000000000004,0.30000000000000004,False
467,16,ORD-UNION,27,0,27,132,37,8,2,5,10,18,0.30000000000000004,0.30000000000000004,False
468,16,CARD,19,10,30,132,45,8,2,5,10,18,0.30000000000000004,0.30000000000000004,True
469,16,CLF_UNION,20,9,40,132,55,8,2,5,10,18,0.30000000000000004,0.30000000000000004,True
470,16,ORD-UNION,18,9,28,132,43,8,2,5,10,18,0.30000000000000004,0.30000000000000004,True
471,16,CARD,19,10,30,132,45,8,2,5,10,18,0.30000000000000004,0.30000000000000004,False
472,16,CLF_UNION,20,9,40,132,55,8,2,5,10,18,0.30000000000000004,0.30000000000000004,False
473,16,ORD-UNION,18,9,28,132,43,8,2,5,10,18,0.30000000000000004,0.30000000000000004,False
474,16,CARD,20,9,34,132,47,8,2,5,10,18,0.30000000000000004,0.30000000000000004,True
475,16,CLF_UNION,20,12,47,132,56,8,2,5,10,18,0.30000000000000004,0.30000000000000004,True
476,16,ORD-UNION,15,9,26,132,35,8,2,5,10,18,0.30000000000000004,0.30000000000000004,True
477,16,CARD,20,9,34,132,47,8,2,5,10,18,0.30000000000000004,0.30000000000000004,False
478,16,CLF_UNION,20,12,47,132,56,8,2,5,10,18,0.30000000000000004,0.30000000000000004,False
479,16,ORD-UNION,15,9,26,132,35,8,2,5,10,18,0.30000000000000004,0.30000000000000004,False
480,17,CARD,15,9,24,148,46,15,5,5,10,18,0.30000000000000004,0.30000000000000004,True
481,17,CLF_UNION,15,9,35,148,55,15,5,5,10,18,0.30000000000000004,0.30000000000000004,True
482,17,ORD-UNION,2,1,3,148,23,15,5,5,10,18,0.30000000000000004,0.30000000000000004,True
483,17,CARD,15,9,25,148,45,8,2,5,10,18,0.30000000000000004,0.30000000000000004,False
484,17,CLF_UNION,15,9,35,148,55,8,2,5,10,18,0.30000000000000004,0.30000000000000004,False
485,17,ORD-UNION,14,9,23,148,43,8,2,5,10,18,0.30000000000000004,0.30000000000000004,False
486,17,CARD,22,0,24,148,46,8,2,5,10,18,0.30000000000000004,0.30000000000000004,True
487,17,CLF_UNION,23,0,35,148,55,8,2,5,10,18,0.30000000000000004,0.30000000000000004,True
488,17,ORD-UNION,20,0,21,148,41,8,2,5,10,18,0.30000000000000004,0.30000000000000004,True
489,17,CARD,22,0,24,148,46,8,2,5,10,18,0.30000000000000004,0.30000000000000004,False
490,17,CLF_UNION,23,0,35,148,55,8,2,5,10,18,0.30000000000000004,0.30000000000000004,False
491,17,ORD-UNION,20,0,21,148,41,8,2,5,10,18,0.30000000000000004,0.30000000000000004,False
492,17,CARD,32,1,34,148,46,8,2,5,10,18,0.30000000000000004,0.30000000000000004,True
493,17,CLF_UNION,30,3,45,148,55,8,2,5,10,18,0.30000000000000004,0.30000000000000004,True
494,17,ORD-UNION,27,1,28,148,38,8,2,5,10,18,0.30000000000000004,0.30000000000000004,True
495,17,CARD,32,1,34,148,46,8,2,5,10,18,0.30000000000000004,0.30000000000000004,False
496,17,CLF_UNION,30,3,45,148,55,8,2,5,10,18,0.30000000000000004,0.30000000000000004,False
497,17,ORD-UNION,27,1,28,148,38,8,2,5,10,18,0.30000000000000004,0.30000000000000004,False
498,17,CARD,30,10,42,148,45,8,2,5,10,18,0.30000000000000004,0.30000000000000004,True
499,17,CLF_UNION,30,10,52,148,55,8,2,5,10,18,0.30000000000000004,0.30000000000000004,True
500,17,ORD-UNION,28,9,38,148,41,8,2,5,10,18,0.30000000000000004,0.30000000000000004,True
501,17,CARD,30,10,42,148,45,8,2,5,10,18,0.30000000000000004,0.30000000000000004,False
502,17,CLF_UNION,30,10,52,148,55,8,2,5,10,18,0.30000000000000004,0.30000000000000004,False
503,17,ORD-UNION,28,9,38,148,41,8,2,5,10,18,0.30000000000000004,0.30000000000000004,False
504,17,CARD,27,10,38,148,46,8,2,5,10,18,0.30000000000000004,0.30000000000000004,True
505,17,CLF_UNION,28,10,49,148,55,8,2,5,10,18,0.30000000000000004,0.30000000000000004,True
506,17,ORD-UNION,24,9,33,148,39,8,2,5,10,18,0.30000000000000004,0.30000000000000004,True
507,17,CARD,27,10,38,148,46,8,2,5,10,18,0.30000000000000004,0.30000000000000004,False
508,17,CLF_UNION,28,10,49,148,55,8,2,5,10,18,0.30000000000000004,0.30000000000000004,False
509,17,ORD-UNION,24,9,33,148,39,8,2,5,10,18,0.30000000000000004,0.30000000000000004,False
510,18,CARD,29,4,35,166,45,15,5,5,10,18,0.30000000000000004,0.30000000000000004,True
511,18,CLF_UNION,33,0,45,166,55,15,5,5,10,18,0.30000000000000004,0.30000000000000004,True
512,18,ORD-UNION,17,0,17,166,27,15,5,5,10,18,0.30000000000000004,0.30000000000000004,True
513,18,CARD,32,0,34,166,46,11,2,5,10,18,0.30000000000000004,0.30000000000000004,False
514,18,CLF_UNION,32,1,45,166,55,11,2,5,10,18,0.30000000000000004,0.30000000000000004,False
515,18,ORD-UNION,29,0,29,166,39,11,2,5,10,18,0.30000000000000004,0.30000000000000004,False
516,18,CARD,8,0,9,166,46,11,2,5,10,18,0.30000000000000004,0.30000000000000004,True
517,18,CLF_UNION,9,0,20,166,55,11,2,5,10,18,0.30000000000000004,0.30000000000000004,True
518,18,ORD-UNION,5,0,5,166,40,11,2,5,10,18,0.30000000000000004,0.30000000000000004,True
519,18,CARD,8,0,9,166,46,11,2,5,10,18,0.30000000000000004,0.30000000000000004,False
520,18,CLF_UNION,9,0,20,166,55,11,2,5,10,18,0.30000000000000004,0.30000000000000004,False
521,18,ORD-UNION,5,0,5,166,40,11,2,5,10,18,0.30000000000000004,0.30000000000000004,False
522,18,CARD,26,9,42,166,45,11,2,5,10,18,0.30000000000000004,0.30000000000000004,True
523,18,CLF_UNION,26,9,52,166,55,11,2,5,10,18,0.30000000000000004,0.30000000000000004,True
524,18,ORD-UNION,21,9,31,166,34,11,2,5,10,18,0.30000000000000004,0.30000000000000004,True
525,18,CARD,26,9,42,166,45,11,2,5,10,18,0.30000000000000004,0.30000000000000004,False
526,18,CLF_UNION,26,9,52,166,55,11,2,5,10,18,0.30000000000000004,0.30000000000000004,False
527,18,ORD-UNION,21,9,31,166,34,11,2,5,10,18,0.30000000000000004,0.30000000000000004,False
528,18,CARD,13,10,25,166,45,11,2,5,10,18,0.30000000000000004,0.30000000000000004,True
529,18,CLF_UNION,13,10,35,166,55,11,2,5,10,18,0.30000000000000004,0.30000000000000004,True
530,18,ORD-UNION,13,9,22,166,42,11,2,5,10,18,0.30000000000000004,0.30000000000000004,True
531,18,CARD,13,10,25,166,45,11,2,5,10,18,0.30000000000000004,0.30000000000000004,False
532,18,CLF_UNION,13,10,35,166,55,11,2,5,10,18,0.30000000000000004,0.30000000000000004,False
533,18,ORD-UNION,13,9,22,166,42,11,2,5,10,18,0.30000000000000004,0.30000000000000004,False
534,18,CARD,12,2,17,166,46,11,2,5,10,18,0.30000000000000004,0.30000000000000004,True
535,18,CLF_UNION,13,2,29,166,56,11,2,5,10,18,0.30000000000000004,0.30000000000000004,True
536,18,ORD-UNION,10,0,10,166,37,11,2,5,10,18,0.30000000000000004,0.30000000000000004,True
537,18,CARD,12,2,17,166,46,11,2,5,10,18,0.30000000000000004,0.30000000000000004,False
538,18,CLF_UNION,13,2,29,166,56,11,2,5,10,18,0.30000000000000004,0.30000000000000004,False
539,18,ORD-UNION,10,0,10,166,37,11,2,5,10,18,0.30000000000000004,0.30000000000000004,False
540,19,CARD,20,1,24,184,46,15,5,5,10,18,0.30000000000000004,0.30000000000000004,True
541,19,CLF_UNION,21,0,35,184,55,15,5,5,10,18,0.30000000000000004,0.30000000000000004,True
542,19,ORD-UNION,13,0,14,184,34,15,5,5,10,18,0.30000000000000004,0.30000000000000004,True
543,19,CARD,20,1,24,184,46,10,2,5,10,18,0.30000000000000004,0.30000000000000004,False
544,19,CLF_UNION,20,1,35,184,55,10,2,5,10,18,0.30000000000000004,0.30000000000000004,False
545,19,ORD-UNION,18,0,19,184,39,10,2,5,10,18,0.30000000000000004,0.30000000000000004,False
546,19,CARD,28,10,42,184,45,10,2,5,10,18,0.30000000000000004,0.30000000000000004,True
547,19,CLF_UNION,29,9,52,184,55,10,2,5,10,18,0.30000000000000004,0.30000000000000004,True
548,19,ORD-UNION,25,9,34,184,37,10,2,5,10,18,0.30000000000000004,0.30000000000000004,True
549,19,CARD,28,10,42,184,45,10,2,5,10,18,0.30000000000000004,0.30000000000000004,False
550,19,CLF_UNION,29,9,52,184,55,10,2,5,10,18,0.30000000000000004,0.30000000000000004,False
551,19,ORD-UNION,25,9,34,184,37,10,2,5,10,18,0.30000000000000004,0.30000000000000004,False
552,19,CARD,8,9,17,184,46,10,2,5,10,18,0.30000000000000004,0.30000000000000004,True
553,19,CLF_UNION,7,11,29,184,55,10,2,5,10,18,0.30000000000000004,0.30000000000000004,True
554,19,ORD-UNION,6,9,15,184,42,10,2,5,10,18,0.30000000000000004,0.30000000000000004,True
555,19,CARD,8,9,17,184,46,10,2,5,10,18,0.30000000000000004,0.30000000000000004,False
556,19,CLF_UNION,7,11,29,184,55,10,2,5,10,18,0.30000000000000004,0.30000000000000004,False
557,19,ORD-UNION,6,9,15,184,42,10,2,5,10,18,0.30000000000000004,0.30000000000000004,False
558,19,CARD,8,9,17,184,46,10,2,5,10,18,0.30000000000000004,0.30000000000000004,True
559,19,CLF_UNION,8,10,29,184,56,10,2,5,10,18,0.30000000000000004,0.30000000000000004,True
560,19,ORD-UNION,8,9,17,184,44,10,2,5,10,18,0.30000000000000004,0.30000000000000004,True
561,19,CARD,8,9,17,184,46,10,2,5,10,18,0.30000000000000004,0.30000000000000004,False
562,19,CLF_UNION,8,10,29,184,56,10,2,5,10,18,0.30000000000000004,0.30000000000000004,False
563,19,ORD-UNION,8,9,17,184,44,10,2,5,10,18,0.30000000000000004,0.30000000000000004,False
564,19,CARD,15,0,16,184,47,10,2,5,10,18,0.30000000000000004,0.30000000000000004,True
565,19,CLF_UNION,16,0,28,184,55,10,2,5,10,18,0.30000000000000004,0.30000000000000004,True
566,19,ORD-UNION,15,0,15,184,42,10,2,5,10,18,0.30000000000000004,0.30000000000000004,True
567,19,CARD,15,0,16,184,47,10,2,5,10,18,0.30000000000000004,0.30000000000000004,False
568,19,CLF_UNION,16,0,28,184,55,10,2,5,10,18,0.30000000000000004,0.30000000000000004,False
569,19,ORD-UNION,15,0,15,184,42,10,2,5,10,18,0.30000000000000004,0.30000000000000004,False
