,budget,model,correct,wrong,total,n_pref_input,n_pref_output,theta_size,theta_additivity,n_tiers,alpha,p,n_items
0,2,CLF,274,112,616,1,617,8,2,3,0.1,0.1,5
1,2,ORD,1,0,1,1,2,8,2,3,0.1,0.1,5
2,3,CLF,246,84,522,3,525,8,2,3,0.1,0.1,5
3,3,ORD,4,0,4,3,7,8,2,3,0.1,0.1,5
4,4,CLF,241,82,510,5,515,8,2,3,0.1,0.1,5
5,4,ORD,5,0,5,5,10,8,2,3,0.1,0.1,5
6,5,CLF,247,67,493,8,501,8,2,3,0.1,0.1,5
7,5,ORD,18,2,21,8,29,8,2,3,0.1,0.1,5
8,6,CLF,242,67,487,12,499,8,2,3,0.1,0.1,5
9,6,ORD,18,2,21,12,33,8,2,3,0.1,0.1,5
10,7,CLF,239,67,490,16,506,8,2,3,0.1,0.1,5
11,7,ORD,22,5,30,16,46,8,2,3,0.1,0.1,5
12,8,CLF,232,74,492,21,513,8,2,3,0.1,0.1,5
13,8,ORD,29,5,39,21,60,8,2,3,0.1,0.1,5
14,9,CLF,245,47,471,26,497,8,2,3,0.1,0.1,5
15,9,ORD,31,10,46,26,72,8,2,3,0.1,0.1,5
16,10,CLF,250,40,475,31,506,8,2,3,0.1,0.1,5
17,10,ORD,35,13,55,31,86,8,2,3,0.1,0.1,5
18,11,CLF,251,33,471,36,507,8,2,3,0.1,0.1,5
19,11,ORD,43,13,63,36,99,8,2,3,0.1,0.1,5
20,12,CLF,243,31,458,44,502,8,2,3,0.1,0.1,5
21,12,ORD,54,14,77,44,121,8,2,3,0.1,0.1,5
22,13,CLF,235,33,454,52,506,8,2,3,0.1,0.1,5
23,13,ORD,55,16,80,52,132,8,2,3,0.1,0.1,5
24,14,CLF,221,34,434,63,497,8,2,3,0.1,0.1,5
25,14,ORD,71,21,102,63,165,8,2,3,0.1,0.1,5
26,15,CLF,211,34,431,74,505,8,2,3,0.1,0.1,5
27,15,ORD,69,21,100,74,174,8,2,3,0.1,0.1,5
28,16,CLF,200,34,428,84,512,8,2,3,0.1,0.1,5
29,16,ORD,69,22,101,84,185,8,2,3,0.1,0.1,5
30,17,CLF,190,35,431,94,525,8,2,3,0.1,0.1,5
31,17,ORD,84,22,120,94,214,8,2,3,0.1,0.1,5
32,18,CLF,175,37,402,107,509,8,2,3,0.1,0.1,5
33,18,ORD,90,22,127,107,234,8,2,3,0.1,0.1,5
34,19,CLF,164,37,396,120,516,8,2,3,0.1,0.1,5
35,19,ORD,92,22,130,120,250,8,2,3,0.1,0.1,5
36,20,CLF,155,30,375,133,508,8,2,3,0.1,0.1,5
37,20,ORD,103,22,153,133,286,8,2,3,0.1,0.1,5
38,21,CLF,142,30,360,146,506,8,2,3,0.1,0.1,5
39,21,ORD,96,23,147,146,293,8,2,3,0.1,0.1,5
40,22,CLF,128,30,348,160,508,8,2,3,0.1,0.1,5
41,22,ORD,83,23,134,160,294,8,2,3,0.1,0.1,5
42,23,CLF,114,30,335,174,509,8,2,3,0.1,0.1,5
43,23,ORD,69,23,120,174,294,8,2,3,0.1,0.1,5
44,24,CLF,100,30,319,188,507,8,2,3,0.1,0.1,5
45,24,ORD,73,28,137,188,325,8,2,3,0.1,0.1,5
46,25,CLF,82,30,293,206,499,8,2,3,0.1,0.1,5
47,25,ORD,65,29,132,206,338,8,2,3,0.1,0.1,5
48,26,CLF,67,30,302,221,523,8,2,3,0.1,0.1,5
49,26,ORD,50,29,117,221,338,8,2,3,0.1,0.1,5
50,27,CLF,48,30,277,240,517,8,2,3,0.1,0.1,5
51,27,ORD,42,30,114,240,354,8,2,3,0.1,0.1,5
52,28,CLF,32,30,253,256,509,8,2,3,0.1,0.1,5
53,28,ORD,32,30,105,256,361,8,2,3,0.1,0.1,5
54,29,CLF,16,30,233,272,505,8,2,3,0.1,0.1,5
55,29,ORD,16,30,89,272,361,8,2,3,0.1,0.1,5
56,30,CLF,0,30,219,288,507,8,2,3,0.1,0.1,5
57,30,ORD,0,30,73,288,361,8,2,3,0.1,0.1,5
58,31,CLF,0,30,219,288,507,8,2,3,0.1,0.1,5
59,31,ORD,0,30,73,288,361,8,2,3,0.1,0.1,5
60,3,CLF,243,171,663,2,665,8,2,3,0.1,0.1,5
61,3,ORD,0,0,0,2,2,8,2,3,0.1,0.1,5
62,4,CLF,261,95,600,5,605,8,2,3,0.1,0.1,5
63,4,ORD,3,0,3,5,8,8,2,3,0.1,0.1,5
64,5,CLF,235,73,511,8,519,8,2,3,0.1,0.1,5
65,5,ORD,9,1,20,8,28,8,2,3,0.1,0.1,5
66,6,CLF,232,59,486,12,498,8,2,3,0.1,0.1,5
67,6,ORD,15,1,26,12,38,8,2,3,0.1,0.1,5
68,7,CLF,225,63,487,16,503,8,2,3,0.1,0.1,5
69,7,ORD,23,1,35,16,51,8,2,3,0.1,0.1,5
70,8,CLF,252,36,490,21,511,8,2,3,0.1,0.1,5
71,8,ORD,41,1,53,21,74,8,2,3,0.1,0.1,5
72,9,CLF,241,35,472,26,498,8,2,3,0.1,0.1,5
73,9,ORD,49,9,69,26,95,8,2,3,0.1,0.1,5
74,10,CLF,236,35,473,32,505,8,2,3,0.1,0.1,5
75,10,ORD,70,15,99,32,131,8,2,3,0.1,0.1,5
76,11,CLF,228,38,468,38,506,8,2,3,0.1,0.1,5
77,11,ORD,81,21,120,38,158,8,2,3,0.1,0.1,5
78,12,CLF,222,41,477,44,521,8,2,3,0.1,0.1,5
79,12,ORD,85,21,124,44,168,8,2,3,0.1,0.1,5
80,13,CLF,206,45,446,52,498,8,2,3,0.1,0.1,5
81,13,ORD,135,23,187,52,239,8,2,3,0.1,0.1,5
82,14,CLF,196,45,440,63,503,8,2,3,0.1,0.1,5
83,14,ORD,127,23,181,63,244,8,2,3,0.1,0.1,5
84,15,CLF,191,43,432,71,503,8,2,3,0.1,0.1,5
85,15,ORD,123,23,179,71,250,8,2,3,0.1,0.1,5
86,16,CLF,182,46,429,79,508,8,2,3,0.1,0.1,5
87,16,ORD,115,23,171,79,250,8,2,3,0.1,0.1,5
88,17,CLF,174,45,421,87,508,8,2,3,0.1,0.1,5
89,17,ORD,113,23,169,87,256,8,2,3,0.1,0.1,5
90,18,CLF,158,43,398,101,499,8,2,3,0.1,0.1,5
91,18,ORD,108,23,164,101,265,8,2,3,0.1,0.1,5
92,19,CLF,148,47,406,110,516,8,2,3,0.1,0.1,5
93,19,ORD,105,23,163,110,273,8,2,3,0.1,0.1,5
94,20,CLF,138,46,393,119,512,8,2,3,0.1,0.1,5
95,20,ORD,100,23,160,119,279,8,2,3,0.1,0.1,5
96,21,CLF,141,34,382,128,510,8,2,3,0.1,0.1,5
97,21,ORD,102,23,166,128,294,8,2,3,0.1,0.1,5
98,3,CLF,218,118,595,2,597,8,3,3,0.1,0.1,5
99,3,ORD,0,0,1,2,3,8,3,3,0.1,0.1,5
100,4,CLF,200,95,523,4,527,8,3,3,0.1,0.1,5
101,4,ORD,1,0,2,4,6,8,3,3,0.1,0.1,5
102,5,CLF,199,76,494,8,502,8,3,3,0.1,0.1,5
103,5,ORD,13,1,15,8,23,8,3,3,0.1,0.1,5
104,6,CLF,209,66,504,11,515,8,3,3,0.1,0.1,5
105,6,ORD,14,1,17,11,28,8,3,3,0.1,0.1,5
106,7,CLF,207,86,526,15,541,8,3,3,0.1,0.1,5
107,7,ORD,21,3,27,15,42,8,3,3,0.1,0.1,5
108,8,CLF,201,86,520,21,541,8,3,3,0.1,0.1,5
109,8,ORD,20,4,27,21,48,8,3,3,0.1,0.1,5
110,9,CLF,155,99,469,29,496,8,3,3,0.1,0.1,5
111,9,ORD,59,49,177,29,206,8,3,3,0.1,0.1,5
112,10,CLF,171,80,470,35,504,8,3,3,0.1,0.1,5
113,10,ORD,98,73,278,35,313,8,3,3,0.1,0.1,5
114,6,CLF,194,223,652,5,657,8,3,3,0.1,0.325,5
115,6,ORD,3,4,32,5,37,8,3,3,0.1,0.325,5
116,7,CLF,239,83,520,11,531,8,3,3,0.1,0.325,5
117,7,ORD,39,20,84,11,95,8,3,3,0.1,0.325,5
118,8,CLF,260,37,490,17,507,8,3,3,0.1,0.325,5
119,8,ORD,83,20,129,17,146,8,3,3,0.1,0.325,5
120,9,CLF,251,36,476,24,500,8,3,3,0.1,0.325,5
121,9,ORD,76,20,122,24,146,8,3,3,0.1,0.325,5
122,10,CLF,254,31,479,28,507,8,3,3,0.1,0.325,5
123,10,ORD,84,20,130,28,158,8,3,3,0.1,0.325,5
124,11,CLF,246,31,471,36,507,8,3,3,0.1,0.325,5
125,11,ORD,101,22,149,36,185,8,3,3,0.1,0.325,5
126,12,CLF,239,31,461,41,502,8,3,3,0.1,0.325,5
127,12,ORD,110,23,159,41,200,8,3,3,0.1,0.325,5
128,13,CLF,229,31,446,51,497,8,3,3,0.1,0.325,5
129,13,ORD,108,23,157,51,208,8,3,3,0.1,0.325,5
130,14,CLF,220,31,450,61,511,8,3,3,0.1,0.325,5
131,14,ORD,110,27,163,61,224,8,3,3,0.1,0.325,5
132,15,CLF,210,30,431,71,502,8,3,3,0.1,0.325,5
133,15,ORD,118,27,173,71,244,8,3,3,0.1,0.325,5
134,16,CLF,199,31,439,83,522,8,3,3,0.1,0.325,5
135,16,ORD,106,27,161,83,244,8,3,3,0.1,0.325,5
136,17,CLF,188,30,412,94,506,8,3,3,0.1,0.325,5
137,17,ORD,100,27,156,94,250,8,3,3,0.1,0.325,5
138,18,CLF,178,31,421,104,525,8,3,3,0.1,0.325,5
139,18,ORD,95,27,152,104,256,8,3,3,0.1,0.325,5
140,19,CLF,166,31,422,116,538,8,3,3,0.1,0.325,5
141,19,ORD,83,27,140,116,256,8,3,3,0.1,0.325,5
142,20,CLF,154,30,384,127,511,8,3,3,0.1,0.325,5
143,20,ORD,86,28,144,127,271,8,3,3,0.1,0.325,5
144,21,CLF,139,31,384,143,527,8,3,3,0.1,0.325,5
145,21,ORD,88,28,146,143,289,8,3,3,0.1,0.325,5
146,22,CLF,127,31,363,155,518,8,3,3,0.1,0.325,5
147,22,ORD,86,28,148,155,303,8,3,3,0.1,0.325,5
148,23,CLF,114,30,335,167,502,8,3,3,0.1,0.325,5
149,23,ORD,78,28,140,167,307,8,3,3,0.1,0.325,5
150,24,CLF,102,30,335,179,514,8,3,3,0.1,0.325,5
151,24,ORD,76,30,152,179,331,8,3,3,0.1,0.325,5
152,25,CLF,83,30,318,198,516,8,3,3,0.1,0.325,5
153,25,ORD,57,30,133,198,331,8,3,3,0.1,0.325,5
154,2,CLF,250,155,608,1,609,8,4,3,0.1,0.325,5
155,2,ORD,1,0,1,1,2,8,4,3,0.1,0.325,5
156,3,CLF,247,101,525,3,528,8,4,3,0.1,0.325,5
157,3,ORD,3,0,3,3,6,8,4,3,0.1,0.325,5
158,4,CLF,265,66,505,5,510,8,4,3,0.1,0.325,5
159,4,ORD,12,1,13,5,18,8,4,3,0.1,0.325,5
160,5,CLF,269,54,498,7,505,8,4,3,0.1,0.325,5
161,5,ORD,17,1,18,7,25,8,4,3,0.1,0.325,5
162,6,CLF,256,67,498,9,507,8,4,3,0.1,0.325,5
163,6,ORD,19,1,20,9,29,8,4,3,0.1,0.325,5
164,7,CLF,184,147,506,15,521,8,4,3,0.1,0.325,5
165,7,ORD,36,16,72,15,87,8,4,3,0.1,0.325,5
166,4,CLF,205,136,524,3,527,8,3,3,0.1,0.325,5
167,4,ORD,0,0,1,3,4,8,3,3,0.1,0.325,5
168,5,CLF,215,103,497,6,503,8,3,3,0.1,0.325,5
169,5,ORD,9,2,12,6,18,8,3,3,0.1,0.325,5
170,6,CLF,266,53,505,11,516,8,3,3,0.1,0.325,5
171,6,ORD,19,7,27,11,38,8,3,3,0.1,0.325,5
172,7,CLF,272,38,487,14,501,8,3,3,0.1,0.325,5
173,7,ORD,26,8,35,14,49,8,3,3,0.1,0.325,5
174,8,CLF,267,38,481,19,500,8,3,3,0.1,0.325,5
175,8,ORD,51,16,75,19,94,8,3,3,0.1,0.325,5
176,9,CLF,263,38,481,23,504,8,3,3,0.1,0.325,5
177,9,ORD,51,16,75,23,98,8,3,3,0.1,0.325,5
178,10,CLF,259,38,475,27,502,8,3,3,0.1,0.325,5
179,10,ORD,54,17,79,27,106,8,3,3,0.1,0.325,5
180,11,CLF,254,38,508,34,542,8,3,3,0.1,0.325,5
181,11,ORD,96,22,132,34,166,8,3,3,0.1,0.325,5
182,12,CLF,244,38,485,44,529,8,3,3,0.1,0.325,5
183,12,ORD,94,22,130,44,174,8,3,3,0.1,0.325,5
184,13,CLF,237,38,464,50,514,8,3,3,0.1,0.325,5
185,13,ORD,88,22,124,50,174,8,3,3,0.1,0.325,5
186,14,CLF,231,38,488,59,547,8,3,3,0.1,0.325,5
187,14,ORD,103,24,144,59,203,8,3,3,0.1,0.325,5
188,15,CLF,219,41,457,66,523,8,3,3,0.1,0.325,5
189,15,ORD,111,24,156,66,222,8,3,3,0.1,0.325,5
190,16,CLF,209,42,483,76,559,8,3,3,0.1,0.325,5
191,16,ORD,104,24,150,76,226,8,3,3,0.1,0.325,5
192,17,CLF,208,36,492,86,578,8,3,3,0.1,0.325,5
193,17,ORD,121,26,172,86,258,8,3,3,0.1,0.325,5
194,18,CLF,199,36,483,95,578,8,3,3,0.1,0.325,5
195,18,ORD,121,26,172,95,267,8,3,3,0.1,0.325,5
196,19,CLF,183,36,460,111,571,8,3,3,0.1,0.325,5
197,19,ORD,115,26,166,111,277,8,3,3,0.1,0.325,5
198,20,CLF,173,31,408,121,529,8,3,3,0.1,0.325,5
199,20,ORD,109,26,162,121,283,8,3,3,0.1,0.325,5
200,21,CLF,160,36,442,134,576,8,3,3,0.1,0.325,5
201,21,ORD,113,27,168,134,302,8,3,3,0.1,0.325,5
202,22,CLF,142,36,425,152,577,8,3,3,0.1,0.325,5
203,22,ORD,100,27,155,152,307,8,3,3,0.1,0.325,5
204,23,CLF,128,36,408,166,574,8,3,3,0.1,0.325,5
205,23,ORD,90,27,145,166,311,8,3,3,0.1,0.325,5
206,24,CLF,109,31,355,185,540,8,3,3,0.1,0.325,5
207,24,ORD,74,27,130,185,315,8,3,3,0.1,0.325,5
208,25,CLF,94,33,351,200,551,8,3,3,0.1,0.325,5
209,25,ORD,70,29,130,200,330,8,3,3,0.1,0.325,5
210,2,CLF,278,111,636,1,637,8,5,3,0.1,0.55,5
211,2,ORD,1,0,1,1,2,8,5,3,0.1,0.55,5
212,3,CLF,261,77,541,2,543,8,5,3,0.1,0.55,5
213,3,ORD,2,0,2,2,4,8,5,3,0.1,0.55,5
214,4,CLF,260,63,523,4,527,8,5,3,0.1,0.55,5
215,4,ORD,3,0,3,4,7,8,5,3,0.1,0.55,5
216,5,CLF,274,34,499,6,505,8,5,3,0.1,0.55,5
217,5,ORD,8,1,9,6,15,8,5,3,0.1,0.55,5
218,6,CLF,268,36,490,11,501,8,5,3,0.1,0.55,5
219,6,ORD,20,8,31,11,42,8,5,3,0.1,0.55,5
220,7,CLF,260,39,490,16,506,8,5,3,0.1,0.55,5
221,7,ORD,53,19,80,16,96,8,5,3,0.1,0.55,5
222,8,CLF,258,36,480,21,501,8,5,3,0.1,0.55,5
223,8,ORD,77,22,107,21,128,8,5,3,0.1,0.55,5
224,9,CLF,252,36,477,27,504,8,5,3,0.1,0.55,5
225,9,ORD,71,22,101,27,128,8,5,3,0.1,0.55,5
226,10,CLF,248,35,469,33,502,8,5,3,0.1,0.55,5
227,10,ORD,90,24,122,33,155,8,5,3,0.1,0.55,5
228,11,CLF,241,34,460,39,499,8,5,3,0.1,0.55,5
229,11,ORD,97,25,135,39,174,8,5,3,0.1,0.55,5
230,12,CLF,233,34,453,47,500,8,5,3,0.1,0.55,5
231,12,ORD,100,25,140,47,187,8,5,3,0.1,0.55,5
232,13,CLF,227,32,443,55,498,8,5,3,0.1,0.55,5
233,13,ORD,127,27,182,55,237,8,5,3,0.1,0.55,5
234,14,CLF,219,32,433,63,496,8,5,3,0.1,0.55,5
235,14,ORD,119,27,174,63,237,8,5,3,0.1,0.55,5
236,15,CLF,212,30,429,72,501,8,5,3,0.1,0.55,5
237,15,ORD,119,28,175,72,247,8,5,3,0.1,0.55,5
238,4,CLF,256,86,540,3,543,8,5,3,0.1,0.55,5
239,4,ORD,11,1,13,3,16,8,5,3,0.1,0.55,5
240,5,CLF,247,74,507,6,513,8,5,3,0.1,0.55,5
241,5,ORD,14,2,17,6,23,8,5,3,0.1,0.55,5
242,6,CLF,248,59,491,11,502,8,5,3,0.1,0.55,5
243,6,ORD,19,3,23,11,34,8,5,3,0.1,0.55,5
244,7,CLF,246,54,484,14,498,8,5,3,0.1,0.55,5
245,7,ORD,25,3,30,14,44,8,5,3,0.1,0.55,5
246,8,CLF,243,52,481,20,501,8,5,3,0.1,0.55,5
247,8,ORD,49,4,59,20,79,8,5,3,0.1,0.55,5
248,9,CLF,237,59,481,24,505,8,5,3,0.1,0.55,5
249,9,ORD,54,4,64,24,88,8,5,3,0.1,0.55,5
250,4,CLF,170,146,525,3,528,8,4,3,0.1,0.55,5
251,4,ORD,0,0,1,3,4,8,4,3,0.1,0.55,5
252,5,CLF,210,101,512,6,518,8,4,3,0.1,0.55,5
253,5,ORD,2,1,4,6,10,8,4,3,0.1,0.55,5
254,6,CLF,221,74,491,9,500,8,4,3,0.1,0.55,5
255,6,ORD,2,1,4,9,13,8,4,3,0.1,0.55,5
256,7,CLF,229,66,498,12,510,8,4,3,0.1,0.55,5
257,7,ORD,5,1,7,12,19,8,4,3,0.1,0.55,5
258,8,CLF,223,63,482,16,498,8,4,3,0.1,0.55,5
259,8,ORD,12,1,14,16,30,8,4,3,0.1,0.55,5
260,9,CLF,249,34,491,20,511,8,4,3,0.1,0.55,5
261,9,ORD,25,8,34,20,54,8,4,3,0.1,0.55,5
262,10,CLF,245,37,486,24,510,8,4,3,0.1,0.55,5
263,10,ORD,36,11,51,24,75,8,4,3,0.1,0.55,5
264,11,CLF,232,43,472,30,502,8,4,3,0.1,0.55,5
265,11,ORD,57,13,79,30,109,8,4,3,0.1,0.55,5
266,12,CLF,230,51,511,35,546,8,4,3,0.1,0.55,5
267,12,ORD,59,15,83,35,118,8,4,3,0.1,0.55,5
268,13,CLF,206,59,465,42,507,8,4,3,0.1,0.55,5
269,13,ORD,71,15,100,42,142,8,4,3,0.1,0.55,5
270,14,CLF,209,46,452,48,500,8,4,3,0.1,0.55,5
271,14,ORD,80,16,110,48,158,8,4,3,0.1,0.55,5
272,15,CLF,210,42,455,54,509,8,4,3,0.1,0.55,5
273,15,ORD,91,17,122,54,176,8,4,3,0.1,0.55,5
274,16,CLF,212,46,489,60,549,8,4,3,0.1,0.55,5
275,16,ORD,98,17,131,60,191,8,4,3,0.1,0.55,5
276,17,CLF,205,59,512,66,578,8,4,3,0.1,0.55,5
277,17,ORD,103,17,142,66,208,8,4,3,0.1,0.55,5
278,18,CLF,180,51,446,83,529,8,4,3,0.1,0.55,5
279,18,ORD,92,18,136,83,219,8,4,3,0.1,0.55,5
280,19,CLF,176,47,450,90,540,8,4,3,0.1,0.55,5
281,19,ORD,91,18,135,90,225,8,4,3,0.1,0.55,5
282,20,CLF,154,51,410,108,518,8,4,3,0.1,0.55,5
283,20,ORD,93,18,149,108,257,8,4,3,0.1,0.55,5
284,21,CLF,145,31,372,126,498,8,4,3,0.1,0.55,5
285,21,ORD,105,30,203,126,329,8,4,3,0.1,0.55,5
286,22,CLF,137,31,380,135,515,8,4,3,0.1,0.55,5
287,22,ORD,96,30,194,135,329,8,4,3,0.1,0.55,5
288,23,CLF,128,30,363,144,507,8,4,3,0.1,0.55,5
289,23,ORD,92,30,198,144,342,8,4,3,0.1,0.55,5
290,24,CLF,119,30,353,153,506,8,4,3,0.1,0.55,5
291,24,ORD,107,30,219,153,372,8,4,3,0.1,0.55,5
292,25,CLF,101,30,341,171,512,8,4,3,0.1,0.55,5
293,25,ORD,91,30,205,171,376,8,4,3,0.1,0.55,5
294,2,CLF,237,117,578,1,579,8,5,3,0.1,0.775,5
295,2,ORD,0,0,0,1,1,8,5,3,0.1,0.775,5
296,3,CLF,252,92,595,2,597,8,5,3,0.1,0.775,5
297,3,ORD,3,0,3,2,5,8,5,3,0.1,0.775,5
298,4,CLF,261,58,552,5,557,8,5,3,0.1,0.775,5
299,4,ORD,12,1,13,5,18,8,5,3,0.1,0.775,5
300,5,CLF,259,46,535,7,542,8,5,3,0.1,0.775,5
301,5,ORD,12,1,13,7,20,8,5,3,0.1,0.775,5
302,6,CLF,237,60,514,9,523,8,5,3,0.1,0.775,5
303,6,ORD,14,1,15,9,24,8,5,3,0.1,0.775,5
304,7,CLF,251,38,492,14,506,8,5,3,0.1,0.775,5
305,7,ORD,18,1,23,14,37,8,5,3,0.1,0.775,5
306,8,CLF,250,29,480,20,500,8,5,3,0.1,0.775,5
307,8,ORD,35,1,40,20,60,8,5,3,0.1,0.775,5
308,9,CLF,244,29,474,26,500,8,5,3,0.1,0.775,5
309,9,ORD,46,7,57,26,83,8,5,3,0.1,0.775,5
310,10,CLF,234,32,465,33,498,8,5,3,0.1,0.775,5
311,10,ORD,50,8,62,33,95,8,5,3,0.1,0.775,5
312,11,CLF,227,32,456,40,496,8,5,3,0.1,0.775,5
313,11,ORD,59,8,72,40,112,8,5,3,0.1,0.775,5
314,12,CLF,219,34,454,47,501,8,5,3,0.1,0.775,5
315,12,ORD,68,9,82,47,129,8,5,3,0.1,0.775,5
316,13,CLF,212,36,452,54,506,8,5,3,0.1,0.775,5
317,13,ORD,71,9,85,54,139,8,5,3,0.1,0.775,5
318,2,CLF,301,93,628,1,629,8,5,3,0.1,0.775,5
319,2,ORD,2,1,3,1,4,8,5,3,0.1,0.775,5
320,3,CLF,299,44,582,3,585,8,5,3,0.1,0.775,5
321,3,ORD,15,2,17,3,20,8,5,3,0.1,0.775,5
322,4,CLF,288,44,512,5,517,8,5,3,0.1,0.775,5
323,4,ORD,16,2,20,5,25,8,5,3,0.1,0.775,5
324,5,CLF,270,58,502,8,510,8,5,3,0.1,0.775,5
325,5,ORD,22,5,29,8,37,8,5,3,0.1,0.775,5
326,6,CLF,280,38,490,11,501,8,5,3,0.1,0.775,5
327,6,ORD,27,6,35,11,46,8,5,3,0.1,0.775,5
328,7,CLF,275,41,484,14,498,8,5,3,0.1,0.775,5
329,7,ORD,28,6,36,14,50,8,5,3,0.1,0.775,5
330,8,CLF,276,44,507,17,524,8,5,3,0.1,0.775,5
331,8,ORD,42,7,51,17,68,8,5,3,0.1,0.775,5
332,9,CLF,267,40,488,24,512,8,5,3,0.1,0.775,5
333,9,ORD,45,8,56,24,80,8,5,3,0.1,0.775,5
334,10,CLF,264,42,490,31,521,8,5,3,0.1,0.775,5
335,10,ORD,85,17,110,31,141,8,5,3,0.1,0.775,5
336,11,CLF,257,36,473,38,511,8,5,3,0.1,0.775,5
337,11,ORD,112,20,149,38,187,8,5,3,0.1,0.775,5
338,12,CLF,245,41,464,44,508,8,5,3,0.1,0.775,5
339,12,ORD,113,20,151,44,195,8,5,3,0.1,0.775,5
340,13,CLF,236,41,449,54,503,8,5,3,0.1,0.775,5
341,13,ORD,109,20,147,54,201,8,5,3,0.1,0.775,5
342,14,CLF,225,40,437,64,501,8,5,3,0.1,0.775,5
343,14,ORD,103,22,147,64,211,8,5,3,0.1,0.775,5
344,15,CLF,218,41,434,72,506,8,5,3,0.1,0.775,5
345,15,ORD,103,22,147,72,219,8,5,3,0.1,0.775,5
346,3,CLF,222,115,541,2,543,8,5,3,0.1,0.775,5
347,3,ORD,0,0,0,2,2,8,5,3,0.1,0.775,5
348,4,CLF,276,24,504,4,508,8,5,3,0.1,0.775,5
349,4,ORD,8,0,8,4,12,8,5,3,0.1,0.775,5
350,5,CLF,269,28,492,6,498,8,5,3,0.1,0.775,5
351,5,ORD,13,2,15,6,21,8,5,3,0.1,0.775,5
352,6,CLF,267,28,492,9,501,8,5,3,0.1,0.775,5
353,6,ORD,19,3,22,9,31,8,5,3,0.1,0.775,5
354,7,CLF,265,29,561,12,573,8,5,3,0.1,0.775,5
355,7,ORD,41,5,46,12,58,8,5,3,0.1,0.775,5
356,8,CLF,259,25,479,19,498,8,5,3,0.1,0.775,5
357,8,ORD,57,7,64,19,83,8,5,3,0.1,0.775,5
358,9,CLF,256,24,571,24,595,8,5,3,0.1,0.775,5
359,9,ORD,67,8,75,24,99,8,5,3,0.1,0.775,5
360,10,CLF,248,24,495,32,527,8,5,3,0.1,0.775,5
361,10,ORD,94,13,107,32,139,8,5,3,0.1,0.775,5
362,11,CLF,233,30,502,40,542,8,5,3,0.1,0.775,5
363,11,ORD,99,14,113,40,153,8,5,3,0.1,0.775,5
364,12,CLF,227,29,512,48,560,8,5,3,0.1,0.775,5
365,12,ORD,97,14,111,48,159,8,5,3,0.1,0.775,5
366,13,CLF,224,24,493,56,549,8,5,3,0.1,0.775,5
367,13,ORD,105,14,119,56,175,8,5,3,0.1,0.775,5
368,14,CLF,215,30,600,65,665,8,5,3,0.1,0.775,5
369,14,ORD,107,15,122,65,187,8,5,3,0.1,0.775,5
370,15,CLF,206,30,591,74,665,8,5,3,0.1,0.775,5
371,15,ORD,111,17,128,74,202,8,5,3,0.1,0.775,5
