,budget,model,correct,wrong,total,n_pref_input,n_pref_output,theta_size,theta_additivity,n_tiers,alpha,p,n_items
0,2,CLF,70,66,156,1,157,5,3,15,0.1,0.1,4
1,2,ORD,1,0,1,1,2,5,3,15,0.1,0.1,4
2,3,CLF,59,54,132,3,135,5,3,15,0.1,0.1,4
3,3,ORD,6,0,6,3,9,5,3,15,0.1,0.1,4
4,4,CLF,65,35,119,5,124,5,3,15,0.1,0.1,4
5,4,ORD,16,0,16,5,21,5,3,15,0.1,0.1,4
6,5,CLF,67,33,119,9,128,5,3,15,0.1,0.1,4
7,5,ORD,43,1,45,9,54,5,3,15,0.1,0.1,4
8,6,CLF,69,33,121,13,134,5,3,15,0.1,0.1,4
9,6,ORD,49,1,51,13,64,5,3,15,0.1,0.1,4
10,7,CLF,64,32,116,19,135,5,3,15,0.1,0.1,4
11,7,ORD,43,1,45,19,64,5,3,15,0.1,0.1,4
12,8,CLF,58,29,107,26,133,5,3,15,0.1,0.1,4
13,8,ORD,44,1,46,26,72,5,3,15,0.1,0.1,4
14,9,CLF,51,16,86,34,120,5,3,15,0.1,0.1,4
15,9,ORD,49,14,64,34,98,5,3,15,0.1,0.1,4
16,10,CLF,44,14,77,43,120,5,3,15,0.1,0.1,4
17,10,ORD,44,14,59,43,102,5,3,15,0.1,0.1,4
18,11,CLF,34,18,71,53,124,5,3,15,0.1,0.1,4
19,11,ORD,34,14,49,53,102,5,3,15,0.1,0.1,4
20,12,CLF,23,14,56,64,120,5,3,15,0.1,0.1,4
21,12,ORD,23,14,38,64,102,5,3,15,0.1,0.1,4
22,13,CLF,12,14,47,75,122,5,3,15,0.1,0.1,4
23,13,ORD,12,14,27,75,102,5,3,15,0.1,0.1,4
24,14,CLF,0,14,33,87,120,5,3,15,0.1,0.1,4
25,14,ORD,0,14,15,87,102,5,3,15,0.1,0.1,4
26,15,CLF,0,14,33,87,120,5,3,15,0.1,0.1,4
27,15,ORD,0,14,15,87,102,5,3,15,0.1,0.1,4
28,2,CLF,78,59,156,1,157,5,2,15,0.1,0.1,4
29,2,ORD,0,0,0,1,1,5,2,15,0.1,0.1,4
30,3,CLF,86,45,154,3,157,5,2,15,0.1,0.1,4
31,3,ORD,2,1,3,3,6,5,2,15,0.1,0.1,4
32,4,CLF,83,45,151,6,157,5,2,15,0.1,0.1,4
33,4,ORD,4,1,5,6,11,5,2,15,0.1,0.1,4
34,5,CLF,62,30,111,10,121,5,2,15,0.1,0.1,4
35,5,ORD,7,3,10,10,20,5,2,15,0.1,0.1,4
36,6,CLF,64,24,107,14,121,5,2,15,0.1,0.1,4
37,6,ORD,39,13,52,14,66,5,2,15,0.1,0.1,4
38,7,CLF,60,21,100,20,120,5,2,15,0.1,0.1,4
39,7,ORD,45,14,59,20,79,5,2,15,0.1,0.1,4
40,8,CLF,57,18,94,27,121,5,2,15,0.1,0.1,4
41,8,ORD,44,14,58,27,85,5,2,15,0.1,0.1,4
42,9,CLF,51,15,85,35,120,5,2,15,0.1,0.1,4
43,9,ORD,41,14,55,35,90,5,2,15,0.1,0.1,4
44,2,CLF,65,57,143,1,144,5,2,15,0.1,0.1,4
45,2,ORD,0,0,0,1,1,5,2,15,0.1,0.1,4
46,3,CLF,61,46,126,3,129,5,2,15,0.1,0.1,4
47,3,ORD,6,0,6,3,9,5,2,15,0.1,0.1,4
48,4,CLF,71,57,147,6,153,5,2,15,0.1,0.1,4
49,4,ORD,8,0,8,6,14,5,2,15,0.1,0.1,4
50,5,CLF,67,57,143,10,153,5,2,15,0.1,0.1,4
51,5,ORD,31,3,34,10,44,5,2,15,0.1,0.1,4
52,6,CLF,52,41,112,15,127,5,2,15,0.1,0.1,4
53,6,ORD,31,3,35,15,50,5,2,15,0.1,0.1,4
54,7,CLF,51,30,100,21,121,5,2,15,0.1,0.1,4
55,7,ORD,36,3,40,21,61,5,2,15,0.1,0.1,4
56,8,CLF,45,28,92,28,120,5,2,15,0.1,0.1,4
57,8,ORD,29,3,33,28,61,5,2,15,0.1,0.1,4
58,9,CLF,51,20,91,36,126,5,2,15,0.1,0.1,4
59,9,ORD,51,14,66,36,102,5,2,15,0.1,0.1,4
60,10,CLF,43,19,83,44,126,5,2,15,0.1,0.1,4
61,10,ORD,43,14,58,44,102,5,2,15,0.1,0.1,4
62,11,CLF,34,17,72,53,124,5,2,15,0.1,0.1,4
63,11,ORD,34,14,49,53,102,5,2,15,0.1,0.1,4
64,2,CLF,89,42,152,1,153,5,3,15,0.1,0.325,4
65,2,ORD,2,1,3,1,4,5,3,15,0.1,0.325,4
66,3,CLF,59,45,124,3,127,5,3,15,0.1,0.325,4
67,3,ORD,3,3,6,3,9,5,3,15,0.1,0.325,4
68,4,CLF,63,35,117,6,123,5,3,15,0.1,0.325,4
69,4,ORD,14,10,25,6,31,5,3,15,0.1,0.325,4
70,5,CLF,59,35,113,10,123,5,3,15,0.1,0.325,4
71,5,ORD,12,10,23,10,33,5,3,15,0.1,0.325,4
72,6,CLF,54,35,108,15,123,5,3,15,0.1,0.325,4
73,6,ORD,33,22,59,15,74,5,3,15,0.1,0.325,4
74,2,CLF,56,44,139,1,140,5,2,15,0.1,0.325,4
75,2,ORD,0,0,0,1,1,5,2,15,0.1,0.325,4
76,3,CLF,42,58,137,3,140,5,2,15,0.1,0.325,4
77,3,ORD,1,7,8,3,11,5,2,15,0.1,0.325,4
78,4,CLF,38,45,118,6,123,5,2,15,0.1,0.325,4
79,4,ORD,10,15,31,6,37,5,2,15,0.1,0.325,4
80,5,CLF,42,37,114,9,122,5,2,15,0.1,0.325,4
81,5,ORD,26,20,55,9,64,5,2,15,0.1,0.325,4
82,2,CLF,76,63,168,1,169,5,2,15,0.1,0.325,4
83,2,ORD,0,2,2,1,3,5,2,15,0.1,0.325,4
84,3,CLF,74,63,166,3,169,5,2,15,0.1,0.325,4
85,3,ORD,6,3,10,3,13,5,2,15,0.1,0.325,4
86,4,CLF,71,63,163,6,169,5,2,15,0.1,0.325,4
87,4,ORD,12,6,19,6,25,5,2,15,0.1,0.325,4
88,5,CLF,60,26,112,10,122,5,2,15,0.1,0.325,4
89,5,ORD,14,6,21,10,31,5,2,15,0.1,0.325,4
90,6,CLF,61,54,145,15,159,5,2,15,0.1,0.325,4
91,6,ORD,33,31,73,15,88,5,2,15,0.1,0.325,4
92,2,CLF,77,55,152,1,153,5,3,15,0.1,0.55,4
93,2,ORD,3,0,3,1,4,5,3,15,0.1,0.55,4
94,3,CLF,71,32,123,3,126,5,3,15,0.1,0.55,4
95,3,ORD,5,0,5,3,8,5,3,15,0.1,0.55,4
96,4,CLF,81,30,131,6,137,5,3,15,0.1,0.55,4
97,4,ORD,24,1,25,6,31,5,3,15,0.1,0.55,4
98,5,CLF,74,21,115,10,124,5,3,15,0.1,0.55,4
99,5,ORD,44,1,45,10,55,5,3,15,0.1,0.55,4
100,6,CLF,70,16,106,14,120,5,3,15,0.1,0.55,4
101,6,ORD,56,1,57,14,71,5,3,15,0.1,0.55,4
102,7,CLF,65,17,103,19,122,5,3,15,0.1,0.55,4
103,7,ORD,52,1,53,19,72,5,3,15,0.1,0.55,4
104,8,CLF,60,19,103,26,129,5,3,15,0.1,0.55,4
105,8,ORD,48,1,49,26,75,5,3,15,0.1,0.55,4
106,9,CLF,53,22,98,33,131,5,3,15,0.1,0.55,4
107,9,ORD,41,1,42,33,75,5,3,15,0.1,0.55,4
108,10,CLF,43,16,81,42,123,5,3,15,0.1,0.55,4
109,10,ORD,32,1,33,42,75,5,3,15,0.1,0.55,4
110,11,CLF,32,16,68,52,120,5,3,15,0.1,0.55,4
111,11,ORD,22,1,23,52,75,5,3,15,0.1,0.55,4
112,12,CLF,22,23,68,63,126,5,3,15,0.1,0.55,4
113,12,ORD,24,13,38,63,101,5,3,15,0.1,0.55,4
114,13,CLF,12,21,55,75,129,5,3,15,0.1,0.55,4
115,13,ORD,12,13,26,75,101,5,3,15,0.1,0.55,4
116,14,CLF,0,23,46,87,130,5,3,15,0.1,0.55,4
117,14,ORD,0,13,14,87,101,5,3,15,0.1,0.55,4
118,15,CLF,0,23,46,87,130,5,3,15,0.1,0.55,4
119,15,ORD,0,13,14,87,101,5,3,15,0.1,0.55,4
120,2,CLF,68,63,168,1,169,5,3,15,0.1,0.55,4
121,2,ORD,2,0,4,1,5,5,3,15,0.1,0.55,4
122,3,CLF,61,55,149,2,151,5,3,15,0.1,0.55,4
123,3,ORD,3,0,5,2,7,5,3,15,0.1,0.55,4
124,4,CLF,55,40,123,5,128,5,3,15,0.1,0.55,4
125,4,ORD,9,0,11,5,16,5,3,15,0.1,0.55,4
126,5,CLF,59,29,116,8,124,5,3,15,0.1,0.55,4
127,5,ORD,35,1,38,8,46,5,3,15,0.1,0.55,4
128,6,CLF,62,21,111,11,122,5,3,15,0.1,0.55,4
129,6,ORD,32,1,35,11,46,5,3,15,0.1,0.55,4
130,7,CLF,57,19,105,17,122,5,3,15,0.1,0.55,4
131,7,ORD,42,1,45,17,62,5,3,15,0.1,0.55,4
132,8,CLF,52,19,99,21,120,5,3,15,0.1,0.55,4
133,8,ORD,38,1,41,21,62,5,3,15,0.1,0.55,4
134,9,CLF,43,21,100,29,128,5,3,15,0.1,0.55,4
135,9,ORD,43,14,59,29,88,5,3,15,0.1,0.55,4
136,10,CLF,39,18,87,37,123,5,3,15,0.1,0.55,4
137,10,ORD,39,14,56,37,93,5,3,15,0.1,0.55,4
138,11,CLF,31,23,85,46,131,5,3,15,0.1,0.55,4
139,11,ORD,30,14,47,46,93,5,3,15,0.1,0.55,4
140,12,CLF,22,21,75,55,130,5,3,15,0.1,0.55,4
141,12,ORD,22,14,39,55,94,5,3,15,0.1,0.55,4
142,13,CLF,11,15,54,67,121,5,3,15,0.1,0.55,4
143,13,ORD,10,14,27,67,94,5,3,15,0.1,0.55,4
144,14,CLF,0,14,43,78,121,5,3,15,0.1,0.55,4
145,14,ORD,0,14,17,78,95,5,3,15,0.1,0.55,4
146,15,CLF,0,14,43,78,121,5,3,15,0.1,0.55,4
147,15,ORD,0,14,17,78,95,5,3,15,0.1,0.55,4
148,2,CLF,69,68,156,1,157,5,3,15,0.1,0.55,4
149,2,ORD,1,0,1,1,2,5,3,15,0.1,0.55,4
150,3,CLF,56,51,126,3,129,5,3,15,0.1,0.55,4
151,3,ORD,2,0,2,3,5,5,3,15,0.1,0.55,4
152,4,CLF,74,23,116,6,122,5,3,15,0.1,0.55,4
153,4,ORD,2,0,2,6,8,5,3,15,0.1,0.55,4
154,5,CLF,78,18,115,10,125,5,3,15,0.1,0.55,4
155,5,ORD,5,1,6,10,16,5,3,15,0.1,0.55,4
156,6,CLF,72,14,105,15,120,5,3,15,0.1,0.55,4
157,6,ORD,48,12,60,15,75,5,3,15,0.1,0.55,4
158,7,CLF,68,19,108,20,128,5,3,15,0.1,0.55,4
159,7,ORD,50,12,62,20,82,5,3,15,0.1,0.55,4
160,8,CLF,62,19,101,26,127,5,3,15,0.1,0.55,4
161,8,ORD,55,13,68,26,94,5,3,15,0.1,0.55,4
162,9,CLF,53,14,86,34,120,5,3,15,0.1,0.55,4
163,9,ORD,52,14,66,34,100,5,3,15,0.1,0.55,4
164,10,CLF,46,16,82,42,124,5,3,15,0.1,0.55,4
165,10,ORD,44,14,58,42,100,5,3,15,0.1,0.55,4
166,11,CLF,35,14,68,52,120,5,3,15,0.1,0.55,4
167,11,ORD,34,14,48,52,100,5,3,15,0.1,0.55,4
168,12,CLF,24,15,58,63,121,5,3,15,0.1,0.55,4
169,12,ORD,23,14,37,63,100,5,3,15,0.1,0.55,4
170,2,CLF,57,54,156,1,157,5,2,15,0.1,0.775,4
171,2,ORD,1,1,2,1,3,5,2,15,0.1,0.775,4
172,3,CLF,55,35,126,3,129,5,2,15,0.1,0.775,4
173,3,ORD,3,3,6,3,9,5,2,15,0.1,0.775,4
174,2,CLF,76,70,168,1,169,5,4,15,0.1,0.775,4
175,2,ORD,4,1,5,1,6,5,4,15,0.1,0.775,4
176,3,CLF,51,59,130,3,133,5,4,15,0.1,0.775,4
177,3,ORD,4,6,11,3,14,5,4,15,0.1,0.775,4
178,4,CLF,47,51,118,5,123,5,4,15,0.1,0.775,4
179,4,ORD,6,15,24,5,29,5,4,15,0.1,0.775,4
180,2,CLF,72,64,156,1,157,5,4,15,0.1,0.775,4
181,2,ORD,1,0,1,1,2,5,4,15,0.1,0.775,4
182,3,CLF,42,63,124,3,127,5,4,15,0.1,0.775,4
183,3,ORD,1,2,3,3,6,5,4,15,0.1,0.775,4
184,4,CLF,46,61,126,6,132,5,4,15,0.1,0.775,4
185,4,ORD,12,14,27,6,33,5,4,15,0.1,0.775,4
186,5,CLF,36,64,119,9,127,5,4,15,0.1,0.775,4
187,5,ORD,31,42,74,9,83,5,4,15,0.1,0.775,4
188,6,CLF,36,55,112,14,126,5,4,15,0.1,0.775,4
189,6,ORD,26,42,69,14,83,5,4,15,0.1,0.775,4
190,2,CLF,73,53,146,1,147,5,4,15,0.1,1.0,4
191,2,ORD,1,0,1,1,2,5,4,15,0.1,1.0,4
192,3,CLF,72,39,130,3,133,5,4,15,0.1,1.0,4
193,3,ORD,11,0,11,3,14,5,4,15,0.1,1.0,4
194,4,CLF,76,27,122,6,128,5,4,15,0.1,1.0,4
195,4,ORD,20,0,20,6,26,5,4,15,0.1,1.0,4
196,5,CLF,77,16,112,10,122,5,4,15,0.1,1.0,4
197,5,ORD,40,0,40,10,50,5,4,15,0.1,1.0,4
198,6,CLF,82,11,112,15,127,5,4,15,0.1,1.0,4
199,6,ORD,60,0,60,15,75,5,4,15,0.1,1.0,4
200,7,CLF,77,5,101,21,122,5,4,15,0.1,1.0,4
201,7,ORD,64,0,65,21,86,5,4,15,0.1,1.0,4
202,8,CLF,70,3,92,28,120,5,4,15,0.1,1.0,4
203,8,ORD,59,0,60,28,88,5,4,15,0.1,1.0,4
204,9,CLF,63,4,88,36,124,5,4,15,0.1,1.0,4
205,9,ORD,52,0,54,36,90,5,4,15,0.1,1.0,4
206,10,CLF,54,3,78,45,123,5,4,15,0.1,1.0,4
207,10,ORD,43,0,45,45,90,5,4,15,0.1,1.0,4
208,11,CLF,45,3,69,54,122,5,4,15,0.1,1.0,4
209,11,ORD,34,0,36,54,90,5,4,15,0.1,1.0,4
210,12,CLF,35,3,57,64,120,5,4,15,0.1,1.0,4
211,12,ORD,24,0,26,64,90,5,4,15,0.1,1.0,4
212,13,CLF,24,2,46,75,121,5,4,15,0.1,1.0,4
213,13,ORD,13,0,15,75,90,5,4,15,0.1,1.0,4
214,14,CLF,11,3,34,88,122,5,4,15,0.1,1.0,4
215,14,ORD,0,0,2,88,90,5,4,15,0.1,1.0,4
216,15,CLF,11,3,34,88,122,5,4,15,0.1,1.0,4
217,15,ORD,0,0,2,88,90,5,4,15,0.1,1.0,4
218,2,CLF,79,60,168,1,169,5,4,15,0.1,1.0,4
219,2,ORD,5,0,5,1,6,5,4,15,0.1,1.0,4
220,3,CLF,70,51,150,3,153,5,4,15,0.1,1.0,4
221,3,ORD,11,2,13,3,16,5,4,15,0.1,1.0,4
222,4,CLF,73,24,120,6,126,5,4,15,0.1,1.0,4
223,4,ORD,20,2,22,6,28,5,4,15,0.1,1.0,4
224,5,CLF,69,22,114,10,124,5,4,15,0.1,1.0,4
225,5,ORD,16,2,18,10,28,5,4,15,0.1,1.0,4
226,6,CLF,67,29,123,14,137,5,4,15,0.1,1.0,4
227,6,ORD,24,9,33,14,47,5,4,15,0.1,1.0,4
228,7,CLF,61,23,107,20,127,5,4,15,0.1,1.0,4
229,7,ORD,26,9,35,20,55,5,4,15,0.1,1.0,4
230,8,CLF,52,22,96,27,123,5,4,15,0.1,1.0,4
231,8,ORD,36,11,47,27,74,5,4,15,0.1,1.0,4
232,9,CLF,47,25,99,34,133,5,4,15,0.1,1.0,4
233,9,ORD,29,11,40,34,74,5,4,15,0.1,1.0,4
234,10,CLF,39,25,89,42,131,5,4,15,0.1,1.0,4
235,10,ORD,26,12,38,42,80,5,4,15,0.1,1.0,4
236,11,CLF,27,19,69,52,121,5,4,15,0.1,1.0,4
237,11,ORD,18,12,30,52,82,5,4,15,0.1,1.0,4
238,2,CLF,89,59,168,1,169,5,4,15,0.1,1.0,4
239,2,ORD,4,1,5,1,6,5,4,15,0.1,1.0,4
240,3,CLF,77,32,129,2,131,5,4,15,0.1,1.0,4
241,3,ORD,6,1,7,2,9,5,4,15,0.1,1.0,4
242,4,CLF,69,41,129,5,134,5,4,15,0.1,1.0,4
243,4,ORD,12,1,13,5,18,5,4,15,0.1,1.0,4
244,5,CLF,67,41,128,9,137,5,4,15,0.1,1.0,4
245,5,ORD,14,3,17,9,26,5,4,15,0.1,1.0,4
246,6,CLF,60,36,117,14,131,5,4,15,0.1,1.0,4
247,6,ORD,24,3,27,14,41,5,4,15,0.1,1.0,4
248,7,CLF,60,27,107,20,126,5,4,15,0.1,1.0,4
249,7,ORD,52,13,65,20,85,5,4,15,0.1,1.0,4
250,8,CLF,54,26,99,27,125,5,4,15,0.1,1.0,4
251,8,ORD,45,13,58,27,85,5,4,15,0.1,1.0,4
252,9,CLF,49,26,94,34,126,5,4,15,0.1,1.0,4
253,9,ORD,41,13,54,34,88,5,4,15,0.1,1.0,4
254,10,CLF,43,16,79,43,122,5,4,15,0.1,1.0,4
255,10,ORD,32,13,45,43,88,5,4,15,0.1,1.0,4
256,11,CLF,32,17,68,53,120,5,4,15,0.1,1.0,4
257,11,ORD,22,13,35,53,88,5,4,15,0.1,1.0,4
258,12,CLF,22,17,59,63,121,5,4,15,0.1,1.0,4
259,12,ORD,12,13,25,63,88,5,4,15,0.1,1.0,4
260,13,CLF,11,15,45,75,120,5,4,15,0.1,1.0,4
261,13,ORD,0,13,13,75,88,5,4,15,0.1,1.0,4
262,2,CLF,67,47,137,1,138,7,2,15,0.225,0.1,4
263,2,ORD,0,0,0,1,1,7,2,15,0.225,0.1,4
264,3,CLF,42,57,122,3,125,7,2,15,0.225,0.1,4
265,3,ORD,0,0,1,3,4,7,2,15,0.225,0.1,4
266,4,CLF,47,57,127,6,133,7,2,15,0.225,0.1,4
267,4,ORD,0,0,1,6,7,7,2,15,0.225,0.1,4
268,5,CLF,39,53,115,10,125,7,2,15,0.225,0.1,4
269,5,ORD,2,0,5,10,15,7,2,15,0.225,0.1,4
270,6,CLF,57,39,119,15,133,7,2,15,0.225,0.1,4
271,6,ORD,6,2,11,15,26,7,2,15,0.225,0.1,4
272,7,CLF,52,28,103,20,122,7,2,15,0.225,0.1,4
273,7,ORD,17,6,28,20,48,7,2,15,0.225,0.1,4
274,2,CLF,81,47,152,1,153,7,3,15,0.225,0.1,4
275,2,ORD,1,1,2,1,3,7,3,15,0.225,0.1,4
276,3,CLF,75,34,131,2,133,7,3,15,0.225,0.1,4
277,3,ORD,1,1,2,2,4,7,3,15,0.225,0.1,4
278,4,CLF,72,38,132,5,137,7,3,15,0.225,0.1,4
279,4,ORD,1,1,2,5,7,7,3,15,0.225,0.1,4
280,5,CLF,73,23,119,9,128,7,3,15,0.225,0.1,4
281,5,ORD,12,3,15,9,24,7,3,15,0.225,0.1,4
282,6,CLF,69,19,112,14,126,7,3,15,0.225,0.1,4
283,6,ORD,9,3,12,14,26,7,3,15,0.225,0.1,4
284,7,CLF,64,15,102,20,122,7,3,15,0.225,0.1,4
285,7,ORD,10,3,13,20,33,7,3,15,0.225,0.1,4
286,8,CLF,60,15,98,25,122,7,3,15,0.225,0.1,4
287,8,ORD,16,3,19,25,44,7,3,15,0.225,0.1,4
288,9,CLF,53,14,89,32,121,7,3,15,0.225,0.1,4
289,9,ORD,21,10,31,32,63,7,3,15,0.225,0.1,4
290,10,CLF,44,17,84,41,125,7,3,15,0.225,0.1,4
291,10,ORD,28,12,40,41,81,7,3,15,0.225,0.1,4
292,11,CLF,36,19,80,49,128,7,3,15,0.225,0.1,4
293,11,ORD,20,12,32,49,81,7,3,15,0.225,0.1,4
294,2,CLF,67,51,137,1,138,7,2,15,0.225,0.1,4
295,2,ORD,0,0,0,1,1,7,2,15,0.225,0.1,4
296,3,CLF,60,43,122,3,125,7,2,15,0.225,0.1,4
297,3,ORD,0,0,0,3,3,7,2,15,0.225,0.1,4
298,4,CLF,38,65,122,6,128,7,2,15,0.225,0.1,4
299,4,ORD,0,0,0,6,6,7,2,15,0.225,0.1,4
300,5,CLF,56,39,114,9,123,7,2,15,0.225,0.1,4
301,5,ORD,1,0,1,9,10,7,2,15,0.225,0.1,4
302,6,CLF,53,34,106,14,120,7,2,15,0.225,0.1,4
303,6,ORD,9,0,9,14,23,7,2,15,0.225,0.1,4
304,7,CLF,47,37,103,20,122,7,2,15,0.225,0.1,4
305,7,ORD,11,6,18,20,38,7,2,15,0.225,0.1,4
306,8,CLF,45,35,99,27,124,7,2,15,0.225,0.1,4
307,8,ORD,9,9,19,27,46,7,2,15,0.225,0.1,4
308,3,CLF,80,40,145,2,147,7,2,15,0.225,0.325,4
309,3,ORD,0,0,0,2,2,7,2,15,0.225,0.325,4
310,4,CLF,68,26,116,5,121,7,2,15,0.225,0.325,4
311,4,ORD,2,0,2,5,7,7,2,15,0.225,0.325,4
312,5,CLF,62,32,118,8,126,7,2,15,0.225,0.325,4
313,5,ORD,3,0,3,8,11,7,2,15,0.225,0.325,4
314,6,CLF,61,25,109,13,122,7,2,15,0.225,0.325,4
315,6,ORD,5,0,5,13,18,7,2,15,0.225,0.325,4
316,7,CLF,57,23,105,19,124,7,2,15,0.225,0.325,4
317,7,ORD,12,6,18,19,37,7,2,15,0.225,0.325,4
318,2,CLF,59,52,136,1,137,7,4,15,0.225,0.325,4
319,2,ORD,0,0,0,1,1,7,4,15,0.225,0.325,4
320,3,CLF,33,64,121,3,124,7,4,15,0.225,0.325,4
321,3,ORD,1,3,4,3,7,7,4,15,0.225,0.325,4
322,4,CLF,31,61,116,6,122,7,4,15,0.225,0.325,4
323,4,ORD,2,5,7,6,13,7,4,15,0.225,0.325,4
324,2,CLF,64,58,146,1,147,7,4,15,0.225,0.325,4
325,2,ORD,0,0,0,1,1,7,4,15,0.225,0.325,4
326,3,CLF,63,42,126,3,129,7,4,15,0.225,0.325,4
327,3,ORD,1,0,1,3,4,7,4,15,0.225,0.325,4
328,4,CLF,93,12,129,6,135,7,4,15,0.225,0.325,4
329,4,ORD,11,0,11,6,17,7,4,15,0.225,0.325,4
330,5,CLF,82,8,111,10,121,7,4,15,0.225,0.325,4
331,5,ORD,20,0,20,10,30,7,4,15,0.225,0.325,4
332,6,CLF,76,9,107,14,121,7,4,15,0.225,0.325,4
333,6,ORD,22,0,22,14,36,7,4,15,0.225,0.325,4
334,7,CLF,73,7,101,19,120,7,4,15,0.225,0.325,4
335,7,ORD,37,0,37,19,56,7,4,15,0.225,0.325,4
336,8,CLF,67,12,100,26,125,7,4,15,0.225,0.325,4
337,8,ORD,40,0,40,26,66,7,4,15,0.225,0.325,4
338,9,CLF,62,3,86,34,120,7,4,15,0.225,0.325,4
339,9,ORD,45,0,45,34,79,7,4,15,0.225,0.325,4
340,10,CLF,56,0,77,43,120,7,4,15,0.225,0.325,4
341,10,ORD,40,0,40,43,83,7,4,15,0.225,0.325,4
342,11,CLF,46,0,67,53,120,7,4,15,0.225,0.325,4
343,11,ORD,32,0,34,53,87,7,4,15,0.225,0.325,4
344,12,CLF,36,0,57,63,120,7,4,15,0.225,0.325,4
345,12,ORD,22,0,24,63,87,7,4,15,0.225,0.325,4
346,13,CLF,26,0,47,73,120,7,4,15,0.225,0.325,4
347,13,ORD,12,0,14,73,87,7,4,15,0.225,0.325,4
348,14,CLF,14,0,35,85,120,7,4,15,0.225,0.325,4
349,14,ORD,0,0,2,85,87,7,4,15,0.225,0.325,4
350,15,CLF,14,0,35,85,120,7,4,15,0.225,0.325,4
351,15,ORD,0,0,2,85,87,7,4,15,0.225,0.325,4
352,2,CLF,76,52,146,1,147,7,4,15,0.225,0.55,4
353,2,ORD,0,0,0,1,1,7,4,15,0.225,0.55,4
354,3,CLF,71,34,123,3,126,7,4,15,0.225,0.55,4
355,3,ORD,2,1,3,3,6,7,4,15,0.225,0.55,4
356,4,CLF,67,64,151,6,157,7,4,15,0.225,0.55,4
357,4,ORD,8,4,13,6,19,7,4,15,0.225,0.55,4
358,5,CLF,55,46,119,10,128,7,4,15,0.225,0.55,4
359,5,ORD,38,14,53,10,63,7,4,15,0.225,0.55,4
360,2,CLF,63,61,152,1,153,7,4,15,0.225,0.55,4
361,2,ORD,1,0,1,1,2,7,4,15,0.225,0.55,4
362,3,CLF,51,50,126,3,129,7,4,15,0.225,0.55,4
363,3,ORD,2,0,2,3,5,7,4,15,0.225,0.55,4
364,4,CLF,53,43,122,6,127,7,4,15,0.225,0.55,4
365,4,ORD,2,0,2,6,8,7,4,15,0.225,0.55,4
366,5,CLF,64,30,119,10,127,7,4,15,0.225,0.55,4
367,5,ORD,6,1,7,10,17,7,4,15,0.225,0.55,4
368,6,CLF,57,23,105,15,120,7,4,15,0.225,0.55,4
369,6,ORD,12,5,17,15,32,7,4,15,0.225,0.55,4
370,7,CLF,54,22,102,21,122,7,4,15,0.225,0.55,4
371,7,ORD,15,10,25,21,46,7,4,15,0.225,0.55,4
372,2,CLF,79,61,168,1,169,7,4,15,0.225,0.55,4
373,2,ORD,4,0,4,1,5,7,4,15,0.225,0.55,4
374,3,CLF,79,43,150,3,153,7,4,15,0.225,0.55,4
375,3,ORD,10,1,11,3,14,7,4,15,0.225,0.55,4
376,4,CLF,76,43,147,6,153,7,4,15,0.225,0.55,4
377,4,ORD,18,1,20,6,26,7,4,15,0.225,0.55,4
378,5,CLF,58,31,113,10,123,7,4,15,0.225,0.55,4
379,5,ORD,20,7,28,10,38,7,4,15,0.225,0.55,4
380,6,CLF,51,35,110,14,122,7,4,15,0.225,0.55,4
381,6,ORD,20,8,29,14,43,7,4,15,0.225,0.55,4
382,7,CLF,55,26,105,18,122,7,4,15,0.225,0.55,4
383,7,ORD,22,10,34,18,52,7,4,15,0.225,0.55,4
384,8,CLF,48,26,98,25,122,7,4,15,0.225,0.55,4
385,8,ORD,28,12,42,25,67,7,4,15,0.225,0.55,4
386,9,CLF,46,19,89,33,121,7,4,15,0.225,0.55,4
387,9,ORD,31,12,45,33,78,7,4,15,0.225,0.55,4
388,10,CLF,39,30,96,39,133,7,4,15,0.225,0.55,4
389,10,ORD,25,12,39,39,78,7,4,15,0.225,0.55,4
390,11,CLF,31,24,79,48,126,7,4,15,0.225,0.55,4
391,11,ORD,20,12,35,48,83,7,4,15,0.225,0.55,4
392,12,CLF,20,22,66,58,120,7,4,15,0.225,0.55,4
393,12,ORD,12,12,27,58,85,7,4,15,0.225,0.55,4
394,13,CLF,7,23,54,70,122,7,4,15,0.225,0.55,4
395,13,ORD,0,12,15,70,85,7,4,15,0.225,0.55,4
396,2,CLF,68,54,140,1,141,7,4,15,0.225,0.775,4
397,2,ORD,0,0,0,1,1,7,4,15,0.225,0.775,4
398,3,CLF,73,34,125,3,128,7,4,15,0.225,0.775,4
399,3,ORD,0,0,0,3,3,7,4,15,0.225,0.775,4
400,4,CLF,79,41,138,6,144,7,4,15,0.225,0.775,4
401,4,ORD,2,1,3,6,9,7,4,15,0.225,0.775,4
402,5,CLF,66,33,117,10,127,7,4,15,0.225,0.775,4
403,5,ORD,13,2,15,10,25,7,4,15,0.225,0.775,4
404,6,CLF,67,36,122,15,137,7,4,15,0.225,0.775,4
405,6,ORD,34,9,43,15,58,7,4,15,0.225,0.775,4
406,2,CLF,50,72,141,1,142,7,4,15,0.225,0.775,4
407,2,ORD,0,0,0,1,1,7,4,15,0.225,0.775,4
408,3,CLF,46,59,123,3,126,7,4,15,0.225,0.775,4
409,3,ORD,1,0,1,3,4,7,4,15,0.225,0.775,4
410,4,CLF,52,54,125,6,131,7,4,15,0.225,0.775,4
411,4,ORD,5,0,5,6,11,7,4,15,0.225,0.775,4
412,5,CLF,51,43,112,10,120,7,4,15,0.225,0.775,4
413,5,ORD,19,0,19,10,29,7,4,15,0.225,0.775,4
414,6,CLF,47,43,108,15,123,7,4,15,0.225,0.775,4
415,6,ORD,16,0,16,15,31,7,4,15,0.225,0.775,4
416,7,CLF,60,35,114,20,133,7,4,15,0.225,0.775,4
417,7,ORD,48,0,48,20,68,7,4,15,0.225,0.775,4
418,8,CLF,53,22,93,27,120,7,4,15,0.225,0.775,4
419,8,ORD,41,0,41,27,68,7,4,15,0.225,0.775,4
420,9,CLF,44,31,93,35,128,7,4,15,0.225,0.775,4
421,9,ORD,37,0,37,35,72,7,4,15,0.225,0.775,4
422,10,CLF,41,21,80,44,123,7,4,15,0.225,0.775,4
423,10,ORD,31,0,31,44,75,7,4,15,0.225,0.775,4
424,11,CLF,29,22,69,54,122,7,4,15,0.225,0.775,4
425,11,ORD,21,0,21,54,75,7,4,15,0.225,0.775,4
426,12,CLF,29,10,58,64,121,7,4,15,0.225,0.775,4
427,12,ORD,22,0,22,64,86,7,4,15,0.225,0.775,4
428,13,CLF,16,12,47,76,121,7,4,15,0.225,0.775,4
429,13,ORD,10,0,10,76,86,7,4,15,0.225,0.775,4
430,14,CLF,5,12,35,88,121,7,4,15,0.225,0.775,4
431,14,ORD,0,0,0,88,88,7,4,15,0.225,0.775,4
432,15,CLF,5,12,35,88,121,7,4,15,0.225,0.775,4
433,15,ORD,0,0,0,88,88,7,4,15,0.225,0.775,4
434,2,CLF,68,57,152,1,153,7,4,15,0.225,0.775,4
435,2,ORD,0,1,1,1,2,7,4,15,0.225,0.775,4
436,3,CLF,58,43,128,3,131,7,4,15,0.225,0.775,4
437,3,ORD,0,1,1,3,4,7,4,15,0.225,0.775,4
438,4,CLF,81,37,147,6,153,7,4,15,0.225,0.775,4
439,4,ORD,3,2,5,6,11,7,4,15,0.225,0.775,4
440,5,CLF,72,19,113,10,123,7,4,15,0.225,0.775,4
441,5,ORD,6,2,8,10,18,7,4,15,0.225,0.775,4
442,6,CLF,68,17,107,15,122,7,4,15,0.225,0.775,4
443,6,ORD,9,2,11,15,26,7,4,15,0.225,0.775,4
444,7,CLF,61,19,102,20,122,7,4,15,0.225,0.775,4
445,7,ORD,26,4,30,20,50,7,4,15,0.225,0.775,4
446,8,CLF,55,18,95,26,121,7,4,15,0.225,0.775,4
447,8,ORD,33,8,41,26,67,7,4,15,0.225,0.775,4
448,9,CLF,49,23,99,33,132,7,4,15,0.225,0.775,4
449,9,ORD,30,9,39,33,72,7,4,15,0.225,0.775,4
450,10,CLF,40,18,85,42,127,7,4,15,0.225,0.775,4
451,10,ORD,26,11,37,42,79,7,4,15,0.225,0.775,4
