,budget,model,correct,wrong,total,n_pref_input,n_pref_output,theta_size,theta_additivity,n_tiers,alpha,p,n_items
0,2,CLF,56,37,144,1,145,5,2,3,0.1,0.1,4
1,2,ORD,0,1,1,1,2,5,2,3,0.1,0.1,4
2,3,CLF,54,34,135,3,138,5,2,3,0.1,0.1,4
3,3,ORD,2,3,8,3,11,5,2,3,0.1,0.1,4
4,4,CLF,58,20,133,5,138,5,2,3,0.1,0.1,4
5,4,ORD,7,5,15,5,20,5,2,3,0.1,0.1,4
6,5,CLF,50,22,115,7,122,5,2,3,0.1,0.1,4
7,5,ORD,14,11,33,7,40,5,2,3,0.1,0.1,4
8,6,CLF,47,23,116,9,125,5,2,3,0.1,0.1,4
9,6,ORD,13,11,33,9,42,5,2,3,0.1,0.1,4
10,7,CLF,46,17,106,14,120,5,2,3,0.1,0.1,4
11,7,ORD,23,14,47,14,61,5,2,3,0.1,0.1,4
12,8,CLF,43,18,105,17,122,5,2,3,0.1,0.1,4
13,8,ORD,22,14,46,17,63,5,2,3,0.1,0.1,4
14,9,CLF,37,17,99,24,123,5,2,3,0.1,0.1,4
15,9,ORD,24,14,48,24,72,5,2,3,0.1,0.1,4
16,10,CLF,30,16,89,31,120,5,2,3,0.1,0.1,4
17,10,ORD,20,14,44,31,75,5,2,3,0.1,0.1,4
18,11,CLF,24,17,88,39,127,5,2,3,0.1,0.1,4
19,11,ORD,14,14,38,39,77,5,2,3,0.1,0.1,4
20,12,CLF,16,14,74,47,121,5,2,3,0.1,0.1,4
21,12,ORD,10,14,35,47,82,5,2,3,0.1,0.1,4
22,13,CLF,8,14,65,55,120,5,2,3,0.1,0.1,4
23,13,ORD,5,14,33,55,88,5,2,3,0.1,0.1,4
24,14,CLF,0,14,60,63,123,5,2,3,0.1,0.1,4
25,14,ORD,0,14,34,63,97,5,2,3,0.1,0.1,4
26,15,CLF,0,14,60,63,123,5,2,3,0.1,0.1,4
27,15,ORD,0,14,34,63,97,5,2,3,0.1,0.1,4
28,2,CLF,50,45,156,1,157,5,2,3,0.1,0.1,4
29,2,ORD,0,0,0,1,1,5,2,3,0.1,0.1,4
30,3,CLF,56,24,154,3,157,5,2,3,0.1,0.1,4
31,3,ORD,2,0,3,3,6,5,2,3,0.1,0.1,4
32,4,CLF,54,24,152,5,157,5,2,3,0.1,0.1,4
33,4,ORD,5,0,7,5,12,5,2,3,0.1,0.1,4
34,5,CLF,52,24,150,7,157,5,2,3,0.1,0.1,4
35,5,ORD,6,2,10,7,17,5,2,3,0.1,0.1,4
36,6,CLF,50,24,148,9,157,5,2,3,0.1,0.1,4
37,6,ORD,19,5,26,9,35,5,2,3,0.1,0.1,4
38,7,CLF,47,14,117,11,128,5,2,3,0.1,0.1,4
39,7,ORD,20,5,27,11,38,5,2,3,0.1,0.1,4
40,8,CLF,40,15,108,17,125,5,2,3,0.1,0.1,4
41,8,ORD,21,6,31,17,48,5,2,3,0.1,0.1,4
42,9,CLF,38,16,106,20,126,5,2,3,0.1,0.1,4
43,9,ORD,18,6,28,20,48,5,2,3,0.1,0.1,4
44,3,CLF,69,27,142,2,144,5,3,3,0.1,0.1,4
45,3,ORD,5,0,5,2,7,5,3,3,0.1,0.1,4
46,4,CLF,69,23,148,5,153,5,3,3,0.1,0.1,4
47,4,ORD,12,0,13,5,18,5,3,3,0.1,0.1,4
48,5,CLF,67,23,146,7,153,5,3,3,0.1,0.1,4
49,5,ORD,18,0,19,7,26,5,3,3,0.1,0.1,4
50,6,CLF,60,21,133,11,144,5,3,3,0.1,0.1,4
51,6,ORD,19,0,22,11,33,5,3,3,0.1,0.1,4
52,7,CLF,51,12,104,16,120,5,3,3,0.1,0.1,4
53,7,ORD,33,0,37,16,53,5,3,3,0.1,0.1,4
54,8,CLF,45,11,98,23,121,5,3,3,0.1,0.1,4
55,8,ORD,36,3,46,23,69,5,3,3,0.1,0.1,4
56,9,CLF,40,11,92,28,120,5,3,3,0.1,0.1,4
57,9,ORD,33,3,46,28,74,5,3,3,0.1,0.1,4
58,10,CLF,34,11,86,35,121,5,3,3,0.1,0.1,4
59,10,ORD,30,6,49,35,84,5,3,3,0.1,0.1,4
60,11,CLF,27,12,85,42,127,5,3,3,0.1,0.1,4
61,11,ORD,24,9,46,42,88,5,3,3,0.1,0.1,4
62,12,CLF,18,12,75,51,126,5,3,3,0.1,0.1,4
63,12,ORD,15,9,37,51,88,5,3,3,0.1,0.1,4
64,13,CLF,10,12,63,59,122,5,3,3,0.1,0.1,4
65,13,ORD,8,9,30,59,89,5,3,3,0.1,0.1,4
66,14,CLF,0,11,52,68,120,5,3,3,0.1,0.1,4
67,14,ORD,0,11,29,68,97,5,3,3,0.1,0.1,4
68,15,CLF,0,11,52,68,120,5,3,3,0.1,0.1,4
69,15,ORD,0,11,29,68,97,5,3,3,0.1,0.1,4
70,2,CLF,58,33,136,1,137,5,2,3,0.1,0.325,4
71,2,ORD,0,0,0,1,1,5,2,3,0.1,0.325,4
72,3,CLF,54,27,126,3,129,5,2,3,0.1,0.325,4
73,3,ORD,4,1,5,3,8,5,2,3,0.1,0.325,4
74,4,CLF,56,34,135,5,140,5,2,3,0.1,0.325,4
75,4,ORD,4,1,5,5,10,5,2,3,0.1,0.325,4
76,5,CLF,43,32,124,8,132,5,2,3,0.1,0.325,4
77,5,ORD,5,1,6,8,14,5,2,3,0.1,0.325,4
78,6,CLF,53,20,120,11,131,5,2,3,0.1,0.325,4
79,6,ORD,13,5,18,11,29,5,2,3,0.1,0.325,4
80,7,CLF,47,16,106,16,122,5,2,3,0.1,0.325,4
81,7,ORD,16,9,27,16,43,5,2,3,0.1,0.325,4
82,8,CLF,44,14,100,21,121,5,2,3,0.1,0.325,4
83,8,ORD,19,9,31,21,52,5,2,3,0.1,0.325,4
84,9,CLF,39,14,99,26,125,5,2,3,0.1,0.325,4
85,9,ORD,17,9,30,26,56,5,2,3,0.1,0.325,4
86,10,CLF,33,14,94,33,127,5,2,3,0.1,0.325,4
87,10,ORD,20,12,37,33,70,5,2,3,0.1,0.325,4
88,11,CLF,25,14,84,40,124,5,2,3,0.1,0.325,4
89,11,ORD,15,12,32,40,72,5,2,3,0.1,0.325,4
90,12,CLF,19,14,84,47,131,5,2,3,0.1,0.325,4
91,12,ORD,11,12,29,47,76,5,2,3,0.1,0.325,4
92,13,CLF,10,14,69,55,124,5,2,3,0.1,0.325,4
93,13,ORD,6,13,25,55,80,5,2,3,0.1,0.325,4
94,14,CLF,1,14,68,65,133,5,2,3,0.1,0.325,4
95,14,ORD,0,13,21,65,86,5,2,3,0.1,0.325,4
96,15,CLF,1,14,68,65,133,5,2,3,0.1,0.325,4
97,15,ORD,0,13,21,65,86,5,2,3,0.1,0.325,4
98,2,CLF,56,36,146,1,147,5,4,3,0.1,0.325,4
99,2,ORD,0,1,1,1,2,5,4,3,0.1,0.325,4
100,3,CLF,54,46,151,2,153,5,4,3,0.1,0.325,4
101,3,ORD,2,2,4,2,6,5,4,3,0.1,0.325,4
102,4,CLF,58,36,148,5,153,5,4,3,0.1,0.325,4
103,4,ORD,5,4,11,5,16,5,4,3,0.1,0.325,4
104,5,CLF,55,33,137,7,144,5,4,3,0.1,0.325,4
105,5,ORD,6,4,12,7,19,5,4,3,0.1,0.325,4
106,6,CLF,50,26,123,11,134,5,4,3,0.1,0.325,4
107,6,ORD,10,5,20,11,31,5,4,3,0.1,0.325,4
108,7,CLF,46,17,106,14,120,5,4,3,0.1,0.325,4
109,7,ORD,20,11,36,14,50,5,4,3,0.1,0.325,4
110,8,CLF,39,20,111,20,131,5,4,3,0.1,0.325,4
111,8,ORD,23,12,41,20,61,5,4,3,0.1,0.325,4
112,9,CLF,33,20,96,26,122,5,4,3,0.1,0.325,4
113,9,ORD,21,13,43,26,69,5,4,3,0.1,0.325,4
114,10,CLF,26,20,91,32,123,5,4,3,0.1,0.325,4
115,10,ORD,18,13,40,32,72,5,4,3,0.1,0.325,4
116,11,CLF,17,20,85,40,125,5,4,3,0.1,0.325,4
117,11,ORD,14,13,36,40,76,5,4,3,0.1,0.325,4
118,12,CLF,10,20,76,47,123,5,4,3,0.1,0.325,4
119,12,ORD,7,13,29,47,76,5,4,3,0.1,0.325,4
120,13,CLF,3,20,70,54,124,5,4,3,0.1,0.325,4
121,13,ORD,0,13,22,54,76,5,4,3,0.1,0.325,4
122,2,CLF,66,39,168,1,169,5,3,3,0.1,0.325,4
123,2,ORD,4,0,4,1,5,5,3,3,0.1,0.325,4
124,3,CLF,63,16,129,2,131,5,3,3,0.1,0.325,4
125,3,ORD,4,0,4,2,6,5,3,3,0.1,0.325,4
126,4,CLF,61,17,129,4,133,5,3,3,0.1,0.325,4
127,4,ORD,10,1,11,4,15,5,3,3,0.1,0.325,4
128,5,CLF,58,12,123,6,129,5,3,3,0.1,0.325,4
129,5,ORD,19,2,21,6,27,5,3,3,0.1,0.325,4
130,6,CLF,55,12,118,9,127,5,3,3,0.1,0.325,4
131,6,ORD,26,5,31,9,40,5,3,3,0.1,0.325,4
132,7,CLF,51,13,122,12,134,5,3,3,0.1,0.325,4
133,7,ORD,25,5,30,12,42,5,3,3,0.1,0.325,4
134,2,CLF,55,43,152,1,153,5,2,3,0.1,0.55,4
135,2,ORD,1,0,1,1,2,5,2,3,0.1,0.55,4
136,3,CLF,58,25,142,2,144,5,2,3,0.1,0.55,4
137,3,ORD,1,0,1,2,3,5,2,3,0.1,0.55,4
138,4,CLF,59,19,134,3,137,5,2,3,0.1,0.55,4
139,4,ORD,7,1,8,3,11,5,2,3,0.1,0.55,4
140,5,CLF,52,18,119,6,125,5,2,3,0.1,0.55,4
141,5,ORD,8,1,10,6,16,5,2,3,0.1,0.55,4
142,6,CLF,48,27,129,11,140,5,2,3,0.1,0.55,4
143,6,ORD,12,1,19,11,30,5,2,3,0.1,0.55,4
144,7,CLF,48,27,132,14,146,5,2,3,0.1,0.55,4
145,7,ORD,19,3,31,14,45,5,2,3,0.1,0.55,4
146,8,CLF,35,20,100,21,121,5,2,3,0.1,0.55,4
147,8,ORD,29,17,68,21,89,5,2,3,0.1,0.55,4
148,9,CLF,32,24,105,25,129,5,2,3,0.1,0.55,4
149,9,ORD,26,17,65,25,90,5,2,3,0.1,0.55,4
150,2,CLF,64,50,168,1,169,5,4,3,0.1,0.55,4
151,2,ORD,3,0,5,1,6,5,4,3,0.1,0.55,4
152,3,CLF,57,28,131,2,133,5,4,3,0.1,0.55,4
153,3,ORD,8,0,10,2,12,5,4,3,0.1,0.55,4
154,4,CLF,57,18,116,5,121,5,4,3,0.1,0.55,4
155,4,ORD,13,0,15,5,20,5,4,3,0.1,0.55,4
156,5,CLF,46,34,122,9,131,5,4,3,0.1,0.55,4
157,5,ORD,22,6,41,9,50,5,4,3,0.1,0.55,4
158,6,CLF,35,31,107,13,120,5,4,3,0.1,0.55,4
159,6,ORD,19,7,39,13,52,5,4,3,0.1,0.55,4
160,7,CLF,30,33,104,17,120,5,4,3,0.1,0.55,4
161,7,ORD,19,24,59,17,76,5,4,3,0.1,0.55,4
162,2,CLF,64,33,156,1,157,5,4,3,0.1,0.55,4
163,2,ORD,1,0,1,1,2,5,4,3,0.1,0.55,4
164,3,CLF,59,20,129,2,131,5,4,3,0.1,0.55,4
165,3,ORD,2,0,2,2,4,5,4,3,0.1,0.55,4
166,4,CLF,68,1,118,4,122,5,4,3,0.1,0.55,4
167,4,ORD,8,0,8,4,12,5,4,3,0.1,0.55,4
168,5,CLF,66,7,132,6,138,5,4,3,0.1,0.55,4
169,5,ORD,17,0,17,6,23,5,4,3,0.1,0.55,4
170,6,CLF,61,12,146,11,157,5,4,3,0.1,0.55,4
171,6,ORD,17,0,18,11,29,5,4,3,0.1,0.55,4
172,7,CLF,58,10,135,14,149,5,4,3,0.1,0.55,4
173,7,ORD,17,0,18,14,32,5,4,3,0.1,0.55,4
174,8,CLF,51,2,105,19,124,5,4,3,0.1,0.55,4
175,8,ORD,24,0,34,19,53,5,4,3,0.1,0.55,4
176,9,CLF,46,3,98,24,122,5,4,3,0.1,0.55,4
177,9,ORD,22,0,34,24,58,5,4,3,0.1,0.55,4
178,10,CLF,40,0,88,32,120,5,4,3,0.1,0.55,4
179,10,ORD,29,0,45,32,77,5,4,3,0.1,0.55,4
180,11,CLF,32,0,80,40,120,5,4,3,0.1,0.55,4
181,11,ORD,21,0,37,40,77,5,4,3,0.1,0.55,4
182,12,CLF,25,0,73,47,120,5,4,3,0.1,0.55,4
183,12,ORD,14,0,30,47,77,5,4,3,0.1,0.55,4
184,13,CLF,17,0,70,55,125,5,4,3,0.1,0.55,4
185,13,ORD,7,0,24,55,79,5,4,3,0.1,0.55,4
186,14,CLF,9,0,66,63,129,5,4,3,0.1,0.55,4
187,14,ORD,0,0,18,63,81,5,4,3,0.1,0.55,4
188,15,CLF,9,0,66,63,129,5,4,3,0.1,0.55,4
189,15,ORD,0,0,18,63,81,5,4,3,0.1,0.55,4
190,2,CLF,48,31,146,1,147,5,3,3,0.1,0.775,4
191,2,ORD,1,0,1,1,2,5,3,3,0.1,0.775,4
192,3,CLF,47,31,145,2,147,5,3,3,0.1,0.775,4
193,3,ORD,1,0,1,2,3,5,3,3,0.1,0.775,4
194,4,CLF,45,31,143,4,147,5,3,3,0.1,0.775,4
195,4,ORD,0,0,0,4,4,5,3,3,0.1,0.775,4
196,5,CLF,49,21,163,6,169,5,3,3,0.1,0.775,4
197,5,ORD,6,1,7,6,13,5,3,3,0.1,0.775,4
198,6,CLF,42,10,109,11,120,5,3,3,0.1,0.775,4
199,6,ORD,7,5,16,11,27,5,3,3,0.1,0.775,4
200,7,CLF,40,8,105,15,120,5,3,3,0.1,0.775,4
201,7,ORD,13,8,27,15,42,5,3,3,0.1,0.775,4
202,8,CLF,36,8,101,19,120,5,3,3,0.1,0.775,4
203,8,ORD,13,8,27,19,46,5,3,3,0.1,0.775,4
204,9,CLF,32,8,97,23,120,5,3,3,0.1,0.775,4
205,9,ORD,10,8,24,23,47,5,3,3,0.1,0.775,4
206,10,CLF,26,8,113,29,142,5,3,3,0.1,0.775,4
207,10,ORD,13,8,27,29,56,5,3,3,0.1,0.775,4
208,11,CLF,20,8,102,35,137,5,3,3,0.1,0.775,4
209,11,ORD,11,8,25,35,60,5,3,3,0.1,0.775,4
210,12,CLF,14,8,100,41,141,5,3,3,0.1,0.775,4
211,12,ORD,10,8,24,41,65,5,3,3,0.1,0.775,4
212,13,CLF,7,8,89,48,137,5,3,3,0.1,0.775,4
213,13,ORD,5,8,19,48,67,5,3,3,0.1,0.775,4
214,14,CLF,0,8,81,55,136,5,3,3,0.1,0.775,4
215,14,ORD,0,8,14,55,69,5,3,3,0.1,0.775,4
216,15,CLF,0,8,81,55,136,5,3,3,0.1,0.775,4
217,15,ORD,0,8,14,55,69,5,3,3,0.1,0.775,4
218,3,CLF,49,31,135,2,137,5,3,3,0.1,0.775,4
219,3,ORD,3,1,7,2,9,5,3,3,0.1,0.775,4
220,4,CLF,49,20,116,5,121,5,3,3,0.1,0.775,4
221,4,ORD,9,5,17,5,22,5,3,3,0.1,0.775,4
222,5,CLF,51,14,112,8,120,5,3,3,0.1,0.775,4
223,5,ORD,13,9,25,8,33,5,3,3,0.1,0.775,4
224,6,CLF,43,21,115,11,126,5,3,3,0.1,0.775,4
225,6,ORD,12,9,24,11,35,5,3,3,0.1,0.775,4
226,7,CLF,43,21,118,14,132,5,3,3,0.1,0.775,4
227,7,ORD,19,11,35,14,49,5,3,3,0.1,0.775,4
228,8,CLF,38,17,103,19,122,5,3,3,0.1,0.775,4
229,8,ORD,20,12,43,19,62,5,3,3,0.1,0.775,4
230,9,CLF,35,17,102,23,125,5,3,3,0.1,0.775,4
231,9,ORD,16,12,39,23,62,5,3,3,0.1,0.775,4
232,10,CLF,30,14,95,29,124,5,3,3,0.1,0.775,4
233,10,ORD,27,14,53,29,82,5,3,3,0.1,0.775,4
234,11,CLF,25,14,90,34,124,5,3,3,0.1,0.775,4
235,11,ORD,22,14,48,34,82,5,3,3,0.1,0.775,4
236,5,CLF,60,23,140,4,144,5,4,3,0.1,0.775,4
237,5,ORD,12,0,13,4,17,5,4,3,0.1,0.775,4
238,6,CLF,54,30,148,9,157,5,4,3,0.1,0.775,4
239,6,ORD,33,0,40,9,49,5,4,3,0.1,0.775,4
240,7,CLF,50,14,111,11,122,5,4,3,0.1,0.775,4
241,7,ORD,31,0,38,11,49,5,4,3,0.1,0.775,4
242,8,CLF,44,14,103,17,120,5,4,3,0.1,0.775,4
243,8,ORD,40,0,57,17,74,5,4,3,0.1,0.775,4
244,9,CLF,37,14,96,24,120,5,4,3,0.1,0.775,4
245,9,ORD,33,0,50,24,74,5,4,3,0.1,0.775,4
246,10,CLF,35,12,94,28,122,5,4,3,0.1,0.775,4
247,10,ORD,32,0,52,28,80,5,4,3,0.1,0.775,4
248,11,CLF,27,13,89,36,125,5,4,3,0.1,0.775,4
249,11,ORD,24,0,44,36,80,5,4,3,0.1,0.775,4
250,12,CLF,19,12,79,45,124,5,4,3,0.1,0.775,4
251,12,ORD,15,0,35,45,80,5,4,3,0.1,0.775,4
252,13,CLF,12,13,73,51,124,5,4,3,0.1,0.775,4
253,13,ORD,10,0,31,51,82,5,4,3,0.1,0.775,4
254,14,CLF,3,13,64,61,125,5,4,3,0.1,0.775,4
255,14,ORD,0,0,21,61,82,5,4,3,0.1,0.775,4
256,15,CLF,3,13,64,61,125,5,4,3,0.1,0.775,4
257,15,ORD,0,0,21,61,82,5,4,3,0.1,0.775,4
258,2,CLF,64,28,146,1,147,5,4,3,0.1,1.0,4
259,2,ORD,0,1,1,1,2,5,4,3,0.1,1.0,4
260,3,CLF,65,28,151,2,153,5,4,3,0.1,1.0,4
261,3,ORD,2,2,4,2,6,5,4,3,0.1,1.0,4
262,4,CLF,62,28,148,5,153,5,4,3,0.1,1.0,4
263,4,ORD,7,4,11,5,16,5,4,3,0.1,1.0,4
264,5,CLF,59,28,145,8,153,5,4,3,0.1,1.0,4
265,5,ORD,16,7,23,8,31,5,4,3,0.1,1.0,4
266,6,CLF,52,19,124,11,135,5,4,3,0.1,1.0,4
267,6,ORD,24,9,34,11,45,5,4,3,0.1,1.0,4
268,7,CLF,46,21,113,16,129,5,4,3,0.1,1.0,4
269,7,ORD,21,9,31,16,47,5,4,3,0.1,1.0,4
270,8,CLF,45,26,123,20,143,5,4,3,0.1,1.0,4
271,8,ORD,19,9,29,20,49,5,4,3,0.1,1.0,4
272,9,CLF,34,19,97,26,123,5,4,3,0.1,1.0,4
273,9,ORD,25,12,42,26,68,5,4,3,0.1,1.0,4
274,10,CLF,28,18,88,32,120,5,4,3,0.1,1.0,4
275,10,ORD,19,12,36,32,68,5,4,3,0.1,1.0,4
276,4,CLF,53,14,166,3,169,5,4,3,0.1,1.0,4
277,4,ORD,7,0,7,3,10,5,4,3,0.1,1.0,4
278,5,CLF,52,14,165,4,169,5,4,3,0.1,1.0,4
279,5,ORD,10,0,10,4,14,5,4,3,0.1,1.0,4
280,6,CLF,48,14,161,8,169,5,4,3,0.1,1.0,4
281,6,ORD,16,0,16,8,24,5,4,3,0.1,1.0,4
282,7,CLF,42,14,131,10,141,5,4,3,0.1,1.0,4
283,7,ORD,17,0,17,10,27,5,4,3,0.1,1.0,4
284,8,CLF,41,8,132,15,147,5,4,3,0.1,1.0,4
285,8,ORD,19,0,19,15,34,5,4,3,0.1,1.0,4
286,9,CLF,36,14,139,18,157,5,4,3,0.1,1.0,4
287,9,ORD,17,0,17,18,35,5,4,3,0.1,1.0,4
288,10,CLF,27,14,119,24,143,5,4,3,0.1,1.0,4
289,10,ORD,14,0,14,24,38,5,4,3,0.1,1.0,4
290,11,CLF,28,14,141,28,169,5,4,3,0.1,1.0,4
291,11,ORD,14,0,14,28,42,5,4,3,0.1,1.0,4
292,12,CLF,20,12,106,35,141,5,4,3,0.1,1.0,4
293,12,ORD,12,0,12,35,47,5,4,3,0.1,1.0,4
294,13,CLF,14,14,127,42,169,5,4,3,0.1,1.0,4
295,13,ORD,6,0,6,42,48,5,4,3,0.1,1.0,4
296,14,CLF,7,14,120,49,169,5,4,3,0.1,1.0,4
297,14,ORD,0,0,0,49,49,5,4,3,0.1,1.0,4
298,15,CLF,7,14,120,49,169,5,4,3,0.1,1.0,4
299,15,ORD,0,0,0,49,49,5,4,3,0.1,1.0,4
300,2,CLF,35,63,152,1,153,5,4,3,0.1,1.0,4
301,2,ORD,0,3,3,1,4,5,4,3,0.1,1.0,4
302,3,CLF,28,61,142,2,144,5,4,3,0.1,1.0,4
303,3,ORD,1,4,5,2,7,5,4,3,0.1,1.0,4
304,4,CLF,23,53,119,5,124,5,4,3,0.1,1.0,4
305,4,ORD,5,15,26,5,31,5,4,3,0.1,1.0,4
306,5,CLF,34,38,116,8,122,5,4,3,0.1,1.0,4
307,5,ORD,26,27,74,8,82,5,4,3,0.1,1.0,4
308,6,CLF,31,36,110,13,123,5,4,3,0.1,1.0,4
309,6,ORD,22,28,71,13,84,5,4,3,0.1,1.0,4
310,2,CLF,69,24,146,1,147,7,2,3,0.225,0.1,4
311,2,ORD,0,0,0,1,1,7,2,3,0.225,0.1,4
312,3,CLF,65,16,134,3,137,7,2,3,0.225,0.1,4
313,3,ORD,3,0,3,3,6,7,2,3,0.225,0.1,4
314,4,CLF,60,14,126,5,131,7,2,3,0.225,0.1,4
315,4,ORD,5,0,5,5,10,7,2,3,0.225,0.1,4
316,5,CLF,56,17,121,8,129,7,2,3,0.225,0.1,4
317,5,ORD,5,0,5,8,13,7,2,3,0.225,0.1,4
318,6,CLF,53,13,111,12,123,7,2,3,0.225,0.1,4
319,6,ORD,6,0,6,12,18,7,2,3,0.225,0.1,4
320,7,CLF,48,14,106,16,122,7,2,3,0.225,0.1,4
321,7,ORD,9,0,9,16,25,7,2,3,0.225,0.1,4
322,8,CLF,44,14,102,20,122,7,2,3,0.225,0.1,4
323,8,ORD,11,1,12,20,32,7,2,3,0.225,0.1,4
324,9,CLF,38,14,96,26,122,7,2,3,0.225,0.1,4
325,9,ORD,11,1,12,26,38,7,2,3,0.225,0.1,4
326,10,CLF,33,12,88,35,121,7,2,3,0.225,0.1,4
327,10,ORD,22,7,39,35,74,7,2,3,0.225,0.1,4
328,11,CLF,26,13,81,42,121,7,2,3,0.225,0.1,4
329,11,ORD,15,7,32,42,74,7,2,3,0.225,0.1,4
330,2,CLF,42,52,152,1,153,7,2,3,0.225,0.1,4
331,2,ORD,0,0,1,1,2,7,2,3,0.225,0.1,4
332,3,CLF,41,36,129,2,131,7,2,3,0.225,0.1,4
333,3,ORD,0,0,1,2,3,7,2,3,0.225,0.1,4
334,4,CLF,37,44,137,3,140,7,2,3,0.225,0.1,4
335,4,ORD,0,0,2,3,5,7,2,3,0.225,0.1,4
336,5,CLF,33,45,132,4,136,7,2,3,0.225,0.1,4
337,5,ORD,2,0,5,4,9,7,2,3,0.225,0.1,4
338,6,CLF,32,45,131,5,136,7,2,3,0.225,0.1,4
339,6,ORD,1,0,4,5,9,7,2,3,0.225,0.1,4
340,7,CLF,44,21,122,11,133,7,2,3,0.225,0.1,4
341,7,ORD,5,0,8,11,19,7,2,3,0.225,0.1,4
342,8,CLF,46,10,106,17,123,7,2,3,0.225,0.1,4
343,8,ORD,6,0,9,17,26,7,2,3,0.225,0.1,4
344,9,CLF,46,1,97,24,121,7,2,3,0.225,0.1,4
345,9,ORD,7,0,11,24,35,7,2,3,0.225,0.1,4
346,10,CLF,40,0,92,31,123,7,2,3,0.225,0.1,4
347,10,ORD,3,0,7,31,38,7,2,3,0.225,0.1,4
348,11,CLF,32,1,85,38,123,7,2,3,0.225,0.1,4
349,11,ORD,16,0,22,38,60,7,2,3,0.225,0.1,4
350,12,CLF,27,2,80,44,124,7,2,3,0.225,0.1,4
351,12,ORD,21,0,28,44,72,7,2,3,0.225,0.1,4
352,13,CLF,20,1,70,50,120,7,2,3,0.225,0.1,4
353,13,ORD,15,0,22,50,72,7,2,3,0.225,0.1,4
354,14,CLF,12,0,63,59,122,7,2,3,0.225,0.1,4
355,14,ORD,12,0,22,59,81,7,2,3,0.225,0.1,4
356,15,CLF,12,0,63,59,122,7,2,3,0.225,0.1,4
357,15,ORD,12,0,22,59,81,7,2,3,0.225,0.1,4
358,2,CLF,50,38,141,1,142,7,2,3,0.225,0.1,4
359,2,ORD,0,0,0,1,1,7,2,3,0.225,0.1,4
360,3,CLF,56,31,141,3,144,7,2,3,0.225,0.1,4
361,3,ORD,2,0,2,3,5,7,2,3,0.225,0.1,4
362,4,CLF,49,26,126,5,131,7,2,3,0.225,0.1,4
363,4,ORD,2,0,4,5,9,7,2,3,0.225,0.1,4
364,5,CLF,37,30,116,9,125,7,2,3,0.225,0.1,4
365,5,ORD,2,3,8,9,17,7,2,3,0.225,0.1,4
366,6,CLF,34,27,107,13,120,7,2,3,0.225,0.1,4
367,6,ORD,6,3,13,13,26,7,2,3,0.225,0.1,4
368,7,CLF,30,29,105,17,122,7,2,3,0.225,0.1,4
369,7,ORD,5,3,12,17,29,7,2,3,0.225,0.1,4
370,8,CLF,31,26,108,21,128,7,2,3,0.225,0.1,4
371,8,ORD,12,6,28,21,49,7,2,3,0.225,0.1,4
372,3,CLF,49,24,123,2,125,7,4,3,0.225,0.325,4
373,3,ORD,1,0,1,2,3,7,4,3,0.225,0.325,4
374,4,CLF,39,31,117,5,122,7,4,3,0.225,0.325,4
375,4,ORD,3,1,4,5,9,7,4,3,0.225,0.325,4
376,5,CLF,36,30,113,7,120,7,4,3,0.225,0.325,4
377,5,ORD,3,1,4,7,11,7,4,3,0.225,0.325,4
378,6,CLF,48,15,114,11,125,7,4,3,0.225,0.325,4
379,6,ORD,6,5,12,11,23,7,4,3,0.225,0.325,4
380,7,CLF,43,14,104,16,120,7,4,3,0.225,0.325,4
381,7,ORD,6,8,15,16,31,7,4,3,0.225,0.325,4
382,8,CLF,39,14,109,21,130,7,4,3,0.225,0.325,4
383,8,ORD,5,11,17,21,38,7,4,3,0.225,0.325,4
384,9,CLF,33,14,96,26,122,7,4,3,0.225,0.325,4
385,9,ORD,4,12,21,26,47,7,4,3,0.225,0.325,4
386,10,CLF,27,14,93,32,125,7,4,3,0.225,0.325,4
387,10,ORD,16,13,34,32,66,7,4,3,0.225,0.325,4
388,11,CLF,21,14,88,38,126,7,4,3,0.225,0.325,4
389,11,ORD,10,13,28,38,66,7,4,3,0.225,0.325,4
390,2,CLF,31,57,135,1,136,7,3,3,0.225,0.325,4
391,2,ORD,0,0,0,1,1,7,3,3,0.225,0.325,4
392,3,CLF,21,56,120,2,122,7,3,3,0.225,0.325,4
393,3,ORD,0,0,0,2,2,7,3,3,0.225,0.325,4
394,4,CLF,42,31,116,5,121,7,3,3,0.225,0.325,4
395,4,ORD,2,0,5,5,10,7,3,3,0.225,0.325,4
396,5,CLF,50,19,112,9,121,7,3,3,0.225,0.325,4
397,5,ORD,3,0,6,9,15,7,3,3,0.225,0.325,4
398,6,CLF,51,20,115,13,128,7,3,3,0.225,0.325,4
399,6,ORD,13,0,17,13,30,7,3,3,0.225,0.325,4
400,7,CLF,46,15,104,17,121,7,3,3,0.225,0.325,4
401,7,ORD,21,5,37,17,54,7,3,3,0.225,0.325,4
402,8,CLF,42,14,99,21,120,7,3,3,0.225,0.325,4
403,8,ORD,18,5,34,21,55,7,3,3,0.225,0.325,4
404,9,CLF,35,16,97,28,124,7,3,3,0.225,0.325,4
405,9,ORD,13,6,31,28,59,7,3,3,0.225,0.325,4
406,10,CLF,32,18,97,33,130,7,3,3,0.225,0.325,4
407,10,ORD,10,11,35,33,68,7,3,3,0.225,0.325,4
408,2,CLF,56,40,146,1,147,7,3,3,0.225,0.325,4
409,2,ORD,0,0,0,1,1,7,3,3,0.225,0.325,4
410,3,CLF,63,35,151,2,153,7,3,3,0.225,0.325,4
411,3,ORD,1,0,1,2,3,7,3,3,0.225,0.325,4
412,4,CLF,54,21,126,5,131,7,3,3,0.225,0.325,4
413,4,ORD,5,1,6,5,11,7,3,3,0.225,0.325,4
414,5,CLF,54,14,125,8,133,7,3,3,0.225,0.325,4
415,5,ORD,8,1,9,8,17,7,3,3,0.225,0.325,4
416,6,CLF,50,14,110,11,121,7,3,3,0.225,0.325,4
417,6,ORD,11,1,12,11,23,7,3,3,0.225,0.325,4
418,7,CLF,49,14,138,15,153,7,3,3,0.225,0.325,4
419,7,ORD,12,1,13,15,28,7,3,3,0.225,0.325,4
420,8,CLF,45,14,134,19,153,7,3,3,0.225,0.325,4
421,8,ORD,16,1,17,19,36,7,3,3,0.225,0.325,4
422,9,CLF,38,14,127,26,153,7,3,3,0.225,0.325,4
423,9,ORD,14,1,15,26,41,7,3,3,0.225,0.325,4
424,10,CLF,33,14,111,31,142,7,3,3,0.225,0.325,4
425,10,ORD,11,1,12,31,43,7,3,3,0.225,0.325,4
426,11,CLF,29,5,84,41,125,7,3,3,0.225,0.325,4
427,11,ORD,16,5,27,41,68,7,3,3,0.225,0.325,4
428,12,CLF,21,5,75,49,124,7,3,3,0.225,0.325,4
429,12,ORD,15,5,26,49,75,7,3,3,0.225,0.325,4
430,13,CLF,11,5,67,59,126,7,3,3,0.225,0.325,4
431,13,ORD,7,5,18,59,77,7,3,3,0.225,0.325,4
432,14,CLF,3,5,66,67,133,7,3,3,0.225,0.325,4
433,14,ORD,3,5,14,67,81,7,3,3,0.225,0.325,4
434,15,CLF,3,5,66,67,133,7,3,3,0.225,0.325,4
435,15,ORD,3,5,14,67,81,7,3,3,0.225,0.325,4
436,3,CLF,60,37,151,2,153,7,2,3,0.225,0.55,4
437,3,ORD,0,0,1,2,3,7,2,3,0.225,0.55,4
438,4,CLF,59,37,150,3,153,7,2,3,0.225,0.55,4
439,4,ORD,0,0,1,3,4,7,2,3,0.225,0.55,4
440,5,CLF,51,26,123,4,127,7,2,3,0.225,0.55,4
441,5,ORD,0,0,1,4,5,7,2,3,0.225,0.55,4
442,6,CLF,47,21,116,8,124,7,2,3,0.225,0.55,4
443,6,ORD,0,0,1,8,9,7,2,3,0.225,0.55,4
444,7,CLF,44,27,117,10,127,7,2,3,0.225,0.55,4
445,7,ORD,0,0,3,10,13,7,2,3,0.225,0.55,4
446,8,CLF,43,16,105,17,122,7,2,3,0.225,0.55,4
447,8,ORD,8,0,11,17,28,7,2,3,0.225,0.55,4
448,9,CLF,33,19,99,24,123,7,2,3,0.225,0.55,4
449,9,ORD,11,4,18,24,42,7,2,3,0.225,0.55,4
450,10,CLF,26,19,93,31,124,7,2,3,0.225,0.55,4
451,10,ORD,7,4,14,31,45,7,2,3,0.225,0.55,4
452,11,CLF,22,17,86,36,122,7,2,3,0.225,0.55,4
453,11,ORD,9,12,25,36,61,7,2,3,0.225,0.55,4
454,12,CLF,13,18,83,45,128,7,2,3,0.225,0.55,4
455,12,ORD,5,12,21,45,66,7,2,3,0.225,0.55,4
456,2,CLF,45,42,148,1,149,7,3,3,0.225,0.55,4
457,2,ORD,0,1,1,1,2,7,3,3,0.225,0.55,4
458,3,CLF,51,26,128,3,131,7,3,3,0.225,0.55,4
459,3,ORD,1,2,3,3,6,7,3,3,0.225,0.55,4
460,4,CLF,59,14,144,5,149,7,3,3,0.225,0.55,4
461,4,ORD,3,2,5,5,10,7,3,3,0.225,0.55,4
462,5,CLF,54,14,141,8,149,7,3,3,0.225,0.55,4
463,5,ORD,3,2,5,8,13,7,3,3,0.225,0.55,4
464,6,CLF,53,14,130,11,141,7,3,3,0.225,0.55,4
465,6,ORD,3,2,5,11,16,7,3,3,0.225,0.55,4
466,7,CLF,50,14,139,14,153,7,3,3,0.225,0.55,4
467,7,ORD,5,3,8,14,22,7,3,3,0.225,0.55,4
468,8,CLF,45,14,124,19,143,7,3,3,0.225,0.55,4
469,8,ORD,3,3,6,19,25,7,3,3,0.225,0.55,4
470,9,CLF,38,14,105,23,128,7,3,3,0.225,0.55,4
471,9,ORD,3,3,6,23,29,7,3,3,0.225,0.55,4
472,10,CLF,35,14,99,27,126,7,3,3,0.225,0.55,4
473,10,ORD,4,3,7,27,34,7,3,3,0.225,0.55,4
474,11,CLF,26,14,95,36,131,7,3,3,0.225,0.55,4
475,11,ORD,4,7,11,36,47,7,3,3,0.225,0.55,4
476,12,CLF,18,13,90,45,135,7,3,3,0.225,0.55,4
477,12,ORD,8,7,15,45,60,7,3,3,0.225,0.55,4
478,13,CLF,8,14,79,54,133,7,3,3,0.225,0.55,4
479,13,ORD,5,8,13,54,67,7,3,3,0.225,0.55,4
480,14,CLF,1,14,64,61,125,7,3,3,0.225,0.55,4
481,14,ORD,0,9,9,61,70,7,3,3,0.225,0.55,4
482,15,CLF,1,14,64,61,125,7,3,3,0.225,0.55,4
483,15,ORD,0,9,9,61,70,7,3,3,0.225,0.55,4
484,2,CLF,72,27,168,1,169,7,3,3,0.225,0.55,4
485,2,ORD,3,0,3,1,4,7,3,3,0.225,0.55,4
486,3,CLF,71,27,167,2,169,7,3,3,0.225,0.55,4
487,3,ORD,3,0,3,2,5,7,3,3,0.225,0.55,4
488,4,CLF,68,17,144,3,147,7,3,3,0.225,0.55,4
489,4,ORD,3,0,3,3,6,7,3,3,0.225,0.55,4
490,5,CLF,64,21,143,4,147,7,3,3,0.225,0.55,4
491,5,ORD,4,0,4,4,8,7,3,3,0.225,0.55,4
492,6,CLF,64,13,136,5,141,7,3,3,0.225,0.55,4
493,6,ORD,5,0,5,5,10,7,3,3,0.225,0.55,4
494,7,CLF,63,27,159,10,169,7,3,3,0.225,0.55,4
495,7,ORD,7,0,7,10,17,7,3,3,0.225,0.55,4
496,8,CLF,48,11,110,17,127,7,3,3,0.225,0.55,4
497,8,ORD,11,0,11,17,28,7,3,3,0.225,0.55,4
498,9,CLF,40,15,111,23,134,7,3,3,0.225,0.55,4
499,9,ORD,10,0,10,23,33,7,3,3,0.225,0.55,4
500,10,CLF,37,12,108,29,137,7,3,3,0.225,0.55,4
501,10,ORD,9,0,9,29,38,7,3,3,0.225,0.55,4
502,11,CLF,28,11,91,38,129,7,3,3,0.225,0.55,4
503,11,ORD,2,0,2,38,40,7,3,3,0.225,0.55,4
504,12,CLF,22,8,85,45,130,7,3,3,0.225,0.55,4
505,12,ORD,0,0,0,45,45,7,3,3,0.225,0.55,4
506,13,CLF,13,10,74,52,126,7,3,3,0.225,0.55,4
507,13,ORD,0,1,1,52,53,7,3,3,0.225,0.55,4
508,14,CLF,2,12,67,59,126,7,3,3,0.225,0.55,4
509,14,ORD,0,7,7,59,66,7,3,3,0.225,0.55,4
510,15,CLF,2,12,67,59,126,7,3,3,0.225,0.55,4
511,15,ORD,0,7,7,59,66,7,3,3,0.225,0.55,4
512,2,CLF,59,32,137,1,138,7,4,3,0.225,0.775,4
513,2,ORD,0,0,0,1,1,7,4,3,0.225,0.775,4
514,3,CLF,63,31,151,2,153,7,4,3,0.225,0.775,4
515,3,ORD,1,0,1,2,3,7,4,3,0.225,0.775,4
516,4,CLF,60,31,148,5,153,7,4,3,0.225,0.775,4
517,4,ORD,6,1,8,5,13,7,4,3,0.225,0.775,4
518,5,CLF,42,44,136,9,145,7,4,3,0.225,0.775,4
519,5,ORD,7,10,20,9,29,7,4,3,0.225,0.775,4
520,6,CLF,34,38,120,12,132,7,4,3,0.225,0.775,4
521,6,ORD,11,14,30,12,42,7,4,3,0.225,0.775,4
522,7,CLF,28,35,108,17,125,7,4,3,0.225,0.775,4
523,7,ORD,12,21,40,17,57,7,4,3,0.225,0.775,4
524,4,CLF,29,30,126,3,129,7,4,3,0.225,0.775,4
525,4,ORD,0,3,3,3,6,7,4,3,0.225,0.775,4
526,5,CLF,26,32,125,4,129,7,4,3,0.225,0.775,4
527,5,ORD,0,4,4,4,8,7,4,3,0.225,0.775,4
528,6,CLF,23,26,113,9,122,7,4,3,0.225,0.775,4
529,6,ORD,0,4,4,9,13,7,4,3,0.225,0.775,4
530,7,CLF,21,26,112,11,123,7,4,3,0.225,0.775,4
531,7,ORD,0,4,4,11,15,7,4,3,0.225,0.775,4
532,8,CLF,19,26,109,13,122,7,4,3,0.225,0.775,4
533,8,ORD,0,5,5,13,18,7,4,3,0.225,0.775,4
534,9,CLF,12,27,106,20,126,7,4,3,0.225,0.775,4
535,9,ORD,0,6,11,20,31,7,4,3,0.225,0.775,4
536,10,CLF,9,27,99,23,122,7,4,3,0.225,0.775,4
537,10,ORD,0,7,14,23,37,7,4,3,0.225,0.775,4
538,11,CLF,6,26,94,26,120,7,4,3,0.225,0.775,4
539,11,ORD,0,17,27,26,53,7,4,3,0.225,0.775,4
540,12,CLF,3,26,91,29,120,7,4,3,0.225,0.775,4
541,12,ORD,0,17,28,29,57,7,4,3,0.225,0.775,4
542,4,CLF,36,43,128,3,131,7,4,3,0.225,0.775,4
543,4,ORD,2,2,5,3,8,7,4,3,0.225,0.775,4
544,5,CLF,46,25,116,6,122,7,4,3,0.225,0.775,4
545,5,ORD,6,2,9,6,15,7,4,3,0.225,0.775,4
546,6,CLF,41,27,114,9,123,7,4,3,0.225,0.775,4
547,6,ORD,10,6,17,9,26,7,4,3,0.225,0.775,4
548,7,CLF,38,22,105,15,120,7,4,3,0.225,0.775,4
549,7,ORD,22,10,35,15,50,7,4,3,0.225,0.775,4
550,8,CLF,42,14,103,19,122,7,4,3,0.225,0.775,4
551,8,ORD,24,11,38,19,57,7,4,3,0.225,0.775,4
552,9,CLF,35,14,94,26,120,7,4,3,0.225,0.775,4
553,9,ORD,19,11,33,26,59,7,4,3,0.225,0.775,4
