,budget,model,correct,wrong,total,n_pref_input,n_pref_output,theta_size,theta_additivity,n_items,n_test_subsets,n_tiers,alpha,p
0,1,CARD,13,7,25,1,65,15,5,5,10,9,0.30000000000000004,0.7000000000000001
1,1,CLF_UNION,34,12,64,1,64,15,5,5,10,9,0.30000000000000004,0.7000000000000001
2,1,ORD-UNION,0,0,0,1,0,15,5,5,10,9,0.30000000000000004,0.7000000000000001
3,1,CARD,16,5,25,1,65,15,5,5,10,9,0.30000000000000004,0.7000000000000001
4,1,CLF_UNION,37,9,62,1,62,15,5,5,10,9,0.30000000000000004,0.7000000000000001
5,1,ORD-UNION,0,0,0,1,0,15,5,5,10,9,0.30000000000000004,0.7000000000000001
6,1,CARD,12,8,21,1,69,15,5,5,10,9,0.30000000000000004,0.7000000000000001
7,1,CLF_UNION,41,20,77,1,77,15,5,5,10,9,0.30000000000000004,0.7000000000000001
8,1,ORD-UNION,0,0,0,1,0,15,5,5,10,9,0.30000000000000004,0.7000000000000001
9,1,CARD,11,6,21,1,69,15,5,5,10,9,0.30000000000000004,0.7000000000000001
10,1,CLF_UNION,40,8,65,1,65,15,5,5,10,9,0.30000000000000004,0.7000000000000001
11,1,ORD-UNION,0,0,0,1,0,15,5,5,10,9,0.30000000000000004,0.7000000000000001
12,1,CARD,21,3,25,1,65,15,5,5,10,9,0.30000000000000004,0.7000000000000001
13,1,CLF_UNION,40,11,66,1,66,15,5,5,10,9,0.30000000000000004,0.7000000000000001
14,1,ORD-UNION,0,0,0,1,0,15,5,5,10,9,0.30000000000000004,0.7000000000000001
15,2,CARD,28,4,36,3,54,15,5,5,10,9,0.30000000000000004,0.7000000000000001
16,2,CLF_UNION,37,8,60,3,60,15,5,5,10,9,0.30000000000000004,0.7000000000000001
17,2,ORD-UNION,1,0,1,3,1,15,5,5,10,9,0.30000000000000004,0.7000000000000001
18,2,CARD,28,6,37,3,53,15,5,5,10,9,0.30000000000000004,0.7000000000000001
19,2,CLF_UNION,36,10,59,3,59,15,5,5,10,9,0.30000000000000004,0.7000000000000001
20,2,ORD-UNION,1,0,1,3,1,15,5,5,10,9,0.30000000000000004,0.7000000000000001
21,2,CARD,21,9,35,3,55,15,5,5,10,9,0.30000000000000004,0.7000000000000001
22,2,CLF_UNION,37,7,59,3,59,15,5,5,10,9,0.30000000000000004,0.7000000000000001
23,2,ORD-UNION,0,0,0,3,0,15,5,5,10,9,0.30000000000000004,0.7000000000000001
24,2,CARD,30,1,34,3,55,15,5,5,10,9,0.30000000000000004,0.7000000000000001
25,2,CLF_UNION,34,10,58,3,59,15,5,5,10,9,0.30000000000000004,0.7000000000000001
26,2,ORD-UNION,1,0,1,3,2,15,5,5,10,9,0.30000000000000004,0.7000000000000001
27,2,CARD,27,8,37,3,53,15,5,5,10,9,0.30000000000000004,0.7000000000000001
28,2,CLF_UNION,37,10,60,3,60,15,5,5,10,9,0.30000000000000004,0.7000000000000001
29,2,ORD-UNION,1,0,1,3,1,15,5,5,10,9,0.30000000000000004,0.7000000000000001
30,3,CARD,31,4,38,6,51,15,5,5,10,9,0.30000000000000004,0.7000000000000001
31,3,CLF_UNION,37,9,61,6,62,15,5,5,10,9,0.30000000000000004,0.7000000000000001
32,3,ORD-UNION,1,0,1,6,2,15,5,5,10,9,0.30000000000000004,0.7000000000000001
33,3,CARD,33,3,39,6,51,15,5,5,10,9,0.30000000000000004,0.7000000000000001
34,3,CLF_UNION,36,8,59,6,59,15,5,5,10,9,0.30000000000000004,0.7000000000000001
35,3,ORD-UNION,0,0,0,6,0,15,5,5,10,9,0.30000000000000004,0.7000000000000001
36,3,CARD,27,8,40,6,50,15,5,5,10,9,0.30000000000000004,0.7000000000000001
37,3,CLF_UNION,32,16,64,6,64,15,5,5,10,9,0.30000000000000004,0.7000000000000001
38,3,ORD-UNION,1,0,1,6,1,15,5,5,10,9,0.30000000000000004,0.7000000000000001
39,3,CARD,26,9,37,6,53,15,5,5,10,9,0.30000000000000004,0.7000000000000001
40,3,CLF_UNION,32,14,62,6,62,15,5,5,10,9,0.30000000000000004,0.7000000000000001
41,3,ORD-UNION,4,0,4,6,4,15,5,5,10,9,0.30000000000000004,0.7000000000000001
42,3,CARD,26,7,37,6,53,15,5,5,10,9,0.30000000000000004,0.7000000000000001
43,3,CLF_UNION,35,10,60,6,60,15,5,5,10,9,0.30000000000000004,0.7000000000000001
44,3,ORD-UNION,0,0,0,6,0,15,5,5,10,9,0.30000000000000004,0.7000000000000001
45,4,CARD,33,5,40,10,50,15,5,5,10,9,0.30000000000000004,0.7000000000000001
46,4,CLF_UNION,39,5,57,10,57,15,5,5,10,9,0.30000000000000004,0.7000000000000001
47,4,ORD-UNION,0,0,0,10,0,15,5,5,10,9,0.30000000000000004,0.7000000000000001
48,4,CARD,32,7,43,10,47,15,5,5,10,9,0.30000000000000004,0.7000000000000001
49,4,CLF_UNION,40,2,56,10,56,15,5,5,10,9,0.30000000000000004,0.7000000000000001
50,4,ORD-UNION,2,0,2,10,2,15,5,5,10,9,0.30000000000000004,0.7000000000000001
51,4,CARD,19,16,42,10,48,15,5,5,10,9,0.30000000000000004,0.7000000000000001
52,4,CLF_UNION,31,13,63,10,63,15,5,5,10,9,0.30000000000000004,0.7000000000000001
53,4,ORD-UNION,0,0,0,10,0,15,5,5,10,9,0.30000000000000004,0.7000000000000001
54,4,CARD,32,4,40,10,49,15,5,5,10,9,0.30000000000000004,0.7000000000000001
55,4,CLF_UNION,38,3,55,10,56,15,5,5,10,9,0.30000000000000004,0.7000000000000001
56,4,ORD-UNION,0,0,0,10,1,15,5,5,10,9,0.30000000000000004,0.7000000000000001
57,4,CARD,31,5,41,10,48,15,5,5,10,9,0.30000000000000004,0.7000000000000001
58,4,CLF_UNION,36,2,54,10,55,15,5,5,10,9,0.30000000000000004,0.7000000000000001
59,4,ORD-UNION,0,0,0,10,1,15,5,5,10,9,0.30000000000000004,0.7000000000000001
60,5,CARD,31,5,42,15,47,15,5,5,10,9,0.30000000000000004,0.7000000000000001
61,5,CLF_UNION,35,3,54,15,55,15,5,5,10,9,0.30000000000000004,0.7000000000000001
62,5,ORD-UNION,2,0,2,15,3,15,5,5,10,9,0.30000000000000004,0.7000000000000001
63,5,CARD,27,8,42,15,47,15,5,5,10,9,0.30000000000000004,0.7000000000000001
64,5,CLF_UNION,30,7,54,15,55,15,5,5,10,9,0.30000000000000004,0.7000000000000001
65,5,ORD-UNION,1,0,1,15,2,15,5,5,10,9,0.30000000000000004,0.7000000000000001
66,5,CARD,20,14,41,15,48,15,5,5,10,9,0.30000000000000004,0.7000000000000001
67,5,CLF_UNION,32,6,55,15,56,15,5,5,10,9,0.30000000000000004,0.7000000000000001
68,5,ORD-UNION,0,0,0,15,1,15,5,5,10,9,0.30000000000000004,0.7000000000000001
69,5,CARD,34,5,44,15,46,15,5,5,10,9,0.30000000000000004,0.7000000000000001
70,5,CLF_UNION,38,3,56,15,56,15,5,5,10,9,0.30000000000000004,0.7000000000000001
71,5,ORD-UNION,3,0,3,15,3,15,5,5,10,9,0.30000000000000004,0.7000000000000001
72,5,CARD,28,6,38,15,46,15,5,5,10,9,0.30000000000000004,0.7000000000000001
73,5,CLF_UNION,31,4,49,15,55,15,5,5,10,9,0.30000000000000004,0.7000000000000001
74,5,ORD-UNION,0,0,0,15,6,15,5,5,10,9,0.30000000000000004,0.7000000000000001
75,6,CARD,40,2,44,21,45,15,5,5,10,9,0.30000000000000004,0.7000000000000001
76,6,CLF_UNION,40,2,54,21,55,15,5,5,10,9,0.30000000000000004,0.7000000000000001
77,6,ORD-UNION,1,0,1,21,2,15,5,5,10,9,0.30000000000000004,0.7000000000000001
78,6,CARD,29,5,40,21,47,15,5,5,10,9,0.30000000000000004,0.7000000000000001
79,6,CLF_UNION,34,2,52,21,55,15,5,5,10,9,0.30000000000000004,0.7000000000000001
80,6,ORD-UNION,1,0,1,21,4,15,5,5,10,9,0.30000000000000004,0.7000000000000001
81,6,CARD,33,9,44,21,45,15,5,5,10,9,0.30000000000000004,0.7000000000000001
82,6,CLF_UNION,37,5,54,21,55,15,5,5,10,9,0.30000000000000004,0.7000000000000001
83,6,ORD-UNION,1,0,1,21,2,15,5,5,10,9,0.30000000000000004,0.7000000000000001
84,6,CARD,28,4,42,21,48,15,5,5,10,9,0.30000000000000004,0.7000000000000001
85,6,CLF_UNION,32,2,55,21,55,15,5,5,10,9,0.30000000000000004,0.7000000000000001
86,6,ORD-UNION,1,0,1,21,1,15,5,5,10,9,0.30000000000000004,0.7000000000000001
87,6,CARD,29,5,38,21,46,15,5,5,10,9,0.30000000000000004,0.7000000000000001
88,6,CLF_UNION,32,3,49,21,55,15,5,5,10,9,0.30000000000000004,0.7000000000000001
89,6,ORD-UNION,2,0,2,21,8,15,5,5,10,9,0.30000000000000004,0.7000000000000001
90,7,CARD,27,2,35,27,52,15,5,5,10,9,0.30000000000000004,0.7000000000000001
91,7,CLF_UNION,35,0,53,27,56,15,5,5,10,9,0.30000000000000004,0.7000000000000001
92,7,ORD-UNION,4,0,4,27,7,15,5,5,10,9,0.30000000000000004,0.7000000000000001
93,7,CARD,30,3,36,27,53,15,5,5,10,9,0.30000000000000004,0.7000000000000001
94,7,CLF_UNION,40,1,54,27,55,15,5,5,10,9,0.30000000000000004,0.7000000000000001
95,7,ORD-UNION,3,0,3,27,4,15,5,5,10,9,0.30000000000000004,0.7000000000000001
96,7,CARD,33,3,39,27,50,15,5,5,10,9,0.30000000000000004,0.7000000000000001
97,7,CLF_UNION,40,1,54,27,55,15,5,5,10,9,0.30000000000000004,0.7000000000000001
98,7,ORD-UNION,3,0,3,27,4,15,5,5,10,9,0.30000000000000004,0.7000000000000001
99,7,CARD,35,2,41,27,48,15,5,5,10,9,0.30000000000000004,0.7000000000000001
100,7,CLF_UNION,39,0,54,27,55,15,5,5,10,9,0.30000000000000004,0.7000000000000001
101,7,ORD-UNION,3,0,3,27,4,15,5,5,10,9,0.30000000000000004,0.7000000000000001
102,7,CARD,27,9,40,27,49,15,5,5,10,9,0.30000000000000004,0.7000000000000001
103,7,CLF_UNION,38,1,54,27,55,15,5,5,10,9,0.30000000000000004,0.7000000000000001
104,7,ORD-UNION,0,0,0,27,1,15,5,5,10,9,0.30000000000000004,0.7000000000000001
105,8,CARD,35,0,39,34,48,15,5,5,10,9,0.30000000000000004,0.7000000000000001
106,8,CLF_UNION,37,1,53,34,56,15,5,5,10,9,0.30000000000000004,0.7000000000000001
107,8,ORD-UNION,3,0,3,34,6,15,5,5,10,9,0.30000000000000004,0.7000000000000001
108,8,CARD,37,5,44,34,46,15,5,5,10,9,0.30000000000000004,0.7000000000000001
109,8,CLF_UNION,41,1,55,34,55,15,5,5,10,9,0.30000000000000004,0.7000000000000001
110,8,ORD-UNION,1,0,1,34,1,15,5,5,10,9,0.30000000000000004,0.7000000000000001
111,8,CARD,33,0,34,34,47,15,5,5,10,9,0.30000000000000004,0.7000000000000001
112,8,CLF_UNION,33,0,46,34,55,15,5,5,10,9,0.30000000000000004,0.7000000000000001
113,8,ORD-UNION,0,0,0,34,9,15,5,5,10,9,0.30000000000000004,0.7000000000000001
114,8,CARD,38,1,43,34,46,15,5,5,10,9,0.30000000000000004,0.7000000000000001
115,8,CLF_UNION,39,0,54,34,55,15,5,5,10,9,0.30000000000000004,0.7000000000000001
116,8,ORD-UNION,2,0,2,34,3,15,5,5,10,9,0.30000000000000004,0.7000000000000001
117,8,CARD,37,0,40,34,49,15,5,5,10,9,0.30000000000000004,0.7000000000000001
118,8,CLF_UNION,40,1,55,34,56,15,5,5,10,9,0.30000000000000004,0.7000000000000001
119,8,ORD-UNION,3,0,3,34,4,15,5,5,10,9,0.30000000000000004,0.7000000000000001
120,9,CARD,30,4,39,42,46,15,5,5,10,9,0.30000000000000004,0.7000000000000001
121,9,CLF_UNION,30,4,51,42,56,15,5,5,10,9,0.30000000000000004,0.7000000000000001
122,9,ORD-UNION,2,0,2,42,7,15,5,5,10,9,0.30000000000000004,0.7000000000000001
123,9,CARD,36,2,40,42,48,15,5,5,10,9,0.30000000000000004,0.7000000000000001
124,9,CLF_UNION,36,2,54,42,56,15,5,5,10,9,0.30000000000000004,0.7000000000000001
125,9,ORD-UNION,2,0,2,42,4,15,5,5,10,9,0.30000000000000004,0.7000000000000001
126,9,CARD,32,5,41,42,48,15,5,5,10,9,0.30000000000000004,0.7000000000000001
127,9,CLF_UNION,36,2,55,42,56,15,5,5,10,9,0.30000000000000004,0.7000000000000001
128,9,ORD-UNION,5,0,5,42,6,15,5,5,10,9,0.30000000000000004,0.7000000000000001
129,9,CARD,38,4,44,42,46,15,5,5,10,9,0.30000000000000004,0.7000000000000001
130,9,CLF_UNION,41,1,55,42,55,15,5,5,10,9,0.30000000000000004,0.7000000000000001
131,9,ORD-UNION,6,0,6,42,6,15,5,5,10,9,0.30000000000000004,0.7000000000000001
132,9,CARD,28,4,34,42,47,15,5,5,10,9,0.30000000000000004,0.7000000000000001
133,9,CLF_UNION,30,2,47,42,56,15,5,5,10,9,0.30000000000000004,0.7000000000000001
134,9,ORD-UNION,0,0,0,42,9,15,5,5,10,9,0.30000000000000004,0.7000000000000001
135,10,CARD,34,3,40,51,47,15,5,5,10,9,0.30000000000000004,0.7000000000000001
136,10,CLF_UNION,35,3,52,51,55,15,5,5,10,9,0.30000000000000004,0.7000000000000001
137,10,ORD-UNION,5,0,5,51,8,15,5,5,10,9,0.30000000000000004,0.7000000000000001
138,10,CARD,31,2,39,51,46,15,5,5,10,9,0.30000000000000004,0.7000000000000001
139,10,CLF_UNION,31,2,51,51,56,15,5,5,10,9,0.30000000000000004,0.7000000000000001
140,10,ORD-UNION,2,0,2,51,7,15,5,5,10,9,0.30000000000000004,0.7000000000000001
141,10,CARD,38,0,40,51,48,15,5,5,10,9,0.30000000000000004,0.7000000000000001
142,10,CLF_UNION,39,0,53,51,55,15,5,5,10,9,0.30000000000000004,0.7000000000000001
143,10,ORD-UNION,2,0,2,51,4,15,5,5,10,9,0.30000000000000004,0.7000000000000001
144,10,CARD,31,7,41,51,46,15,5,5,10,9,0.30000000000000004,0.7000000000000001
145,10,CLF_UNION,35,4,52,51,55,15,5,5,10,9,0.30000000000000004,0.7000000000000001
146,10,ORD-UNION,4,0,4,51,7,15,5,5,10,9,0.30000000000000004,0.7000000000000001
147,10,CARD,31,3,40,51,48,15,5,5,10,9,0.30000000000000004,0.7000000000000001
148,10,CLF_UNION,35,0,54,51,56,15,5,5,10,9,0.30000000000000004,0.7000000000000001
149,10,ORD-UNION,3,0,3,51,5,15,5,5,10,9,0.30000000000000004,0.7000000000000001
150,11,CARD,35,6,42,62,47,15,5,5,10,9,0.30000000000000004,0.7000000000000001
151,11,CLF_UNION,41,0,54,62,55,15,5,5,10,9,0.30000000000000004,0.7000000000000001
152,11,ORD-UNION,9,0,9,62,10,15,5,5,10,9,0.30000000000000004,0.7000000000000001
153,11,CARD,36,3,41,62,46,15,5,5,10,9,0.30000000000000004,0.7000000000000001
154,11,CLF_UNION,39,0,52,62,55,15,5,5,10,9,0.30000000000000004,0.7000000000000001
155,11,ORD-UNION,5,0,5,62,8,15,5,5,10,9,0.30000000000000004,0.7000000000000001
156,11,CARD,25,2,32,62,48,15,5,5,10,9,0.30000000000000004,0.7000000000000001
157,11,CLF_UNION,27,0,45,62,55,15,5,5,10,9,0.30000000000000004,0.7000000000000001
158,11,ORD-UNION,4,0,4,62,14,15,5,5,10,9,0.30000000000000004,0.7000000000000001
159,11,CARD,28,6,39,62,45,15,5,5,10,9,0.30000000000000004,0.7000000000000001
160,11,CLF_UNION,34,0,49,62,55,15,5,5,10,9,0.30000000000000004,0.7000000000000001
161,11,ORD-UNION,12,0,12,62,18,15,5,5,10,9,0.30000000000000004,0.7000000000000001
162,11,CARD,30,7,41,62,46,15,5,5,10,9,0.30000000000000004,0.7000000000000001
163,11,CLF_UNION,37,0,52,62,55,15,5,5,10,9,0.30000000000000004,0.7000000000000001
164,11,ORD-UNION,5,0,5,62,8,15,5,5,10,9,0.30000000000000004,0.7000000000000001
165,12,CARD,35,4,41,73,48,15,5,5,10,9,0.30000000000000004,0.7000000000000001
166,12,CLF_UNION,39,0,54,73,55,15,5,5,10,9,0.30000000000000004,0.7000000000000001
167,12,ORD-UNION,6,0,6,73,7,15,5,5,10,9,0.30000000000000004,0.7000000000000001
168,12,CARD,29,1,34,73,47,15,5,5,10,9,0.30000000000000004,0.7000000000000001
169,12,CLF_UNION,31,0,46,73,55,15,5,5,10,9,0.30000000000000004,0.7000000000000001
170,12,ORD-UNION,10,0,11,73,20,15,5,5,10,9,0.30000000000000004,0.7000000000000001
171,12,CARD,32,5,37,73,51,15,5,5,10,9,0.30000000000000004,0.7000000000000001
172,12,CLF_UNION,37,0,53,73,55,15,5,5,10,9,0.30000000000000004,0.7000000000000001
173,12,ORD-UNION,4,0,4,73,6,15,5,5,10,9,0.30000000000000004,0.7000000000000001
174,12,CARD,27,0,28,73,48,15,5,5,10,9,0.30000000000000004,0.7000000000000001
175,12,CLF_UNION,27,0,41,73,55,15,5,5,10,9,0.30000000000000004,0.7000000000000001
176,12,ORD-UNION,9,0,9,73,23,15,5,5,10,9,0.30000000000000004,0.7000000000000001
177,12,CARD,34,1,36,73,48,15,5,5,10,9,0.30000000000000004,0.7000000000000001
178,12,CLF_UNION,36,0,49,73,55,15,5,5,10,9,0.30000000000000004,0.7000000000000001
179,12,ORD-UNION,10,0,10,73,16,15,5,5,10,9,0.30000000000000004,0.7000000000000001
180,13,CARD,28,10,41,84,46,15,5,5,10,9,0.30000000000000004,0.7000000000000001
181,13,CLF_UNION,39,0,52,84,55,15,5,5,10,9,0.30000000000000004,0.7000000000000001
182,13,ORD-UNION,5,0,5,84,8,15,5,5,10,9,0.30000000000000004,0.7000000000000001
183,13,CARD,14,6,23,84,50,15,5,5,10,9,0.30000000000000004,0.7000000000000001
184,13,CLF_UNION,20,0,43,84,60,15,5,5,10,9,0.30000000000000004,0.7000000000000001
185,13,ORD-UNION,5,0,5,84,22,15,5,5,10,9,0.30000000000000004,0.7000000000000001
186,13,CARD,20,7,30,84,47,15,5,5,10,9,0.30000000000000004,0.7000000000000001
187,13,CLF_UNION,27,0,44,84,57,15,5,5,10,9,0.30000000000000004,0.7000000000000001
188,13,ORD-UNION,3,0,3,84,16,15,5,5,10,9,0.30000000000000004,0.7000000000000001
189,13,CARD,31,3,37,84,48,15,5,5,10,9,0.30000000000000004,0.7000000000000001
190,13,CLF_UNION,35,0,51,84,56,15,5,5,10,9,0.30000000000000004,0.7000000000000001
191,13,ORD-UNION,10,0,10,84,15,15,5,5,10,9,0.30000000000000004,0.7000000000000001
192,13,CARD,33,2,36,84,48,15,5,5,10,9,0.30000000000000004,0.7000000000000001
193,13,CLF_UNION,36,0,50,84,56,15,5,5,10,9,0.30000000000000004,0.7000000000000001
194,13,ORD-UNION,6,0,6,84,12,15,5,5,10,9,0.30000000000000004,0.7000000000000001
195,14,CARD,23,13,38,97,47,15,5,5,10,9,0.30000000000000004,0.7000000000000001
196,14,CLF_UNION,36,0,52,97,57,15,5,5,10,9,0.30000000000000004,0.7000000000000001
197,14,ORD-UNION,7,0,7,97,12,15,5,5,10,9,0.30000000000000004,0.7000000000000001
198,14,CARD,17,10,29,97,47,15,5,5,10,9,0.30000000000000004,0.7000000000000001
199,14,CLF_UNION,27,1,43,97,57,15,5,5,10,9,0.30000000000000004,0.7000000000000001
200,14,ORD-UNION,8,0,8,97,22,15,5,5,10,9,0.30000000000000004,0.7000000000000001
201,14,CARD,12,17,30,97,46,15,5,5,10,9,0.30000000000000004,0.7000000000000001
202,14,CLF_UNION,29,0,42,97,56,15,5,5,10,9,0.30000000000000004,0.7000000000000001
203,14,ORD-UNION,1,0,1,97,15,15,5,5,10,9,0.30000000000000004,0.7000000000000001
204,14,CARD,18,9,30,97,46,15,5,5,10,9,0.30000000000000004,0.7000000000000001
205,14,CLF_UNION,27,0,42,97,56,15,5,5,10,9,0.30000000000000004,0.7000000000000001
206,14,ORD-UNION,4,0,4,97,18,15,5,5,10,9,0.30000000000000004,0.7000000000000001
207,14,CARD,14,13,29,97,48,15,5,5,10,9,0.30000000000000004,0.7000000000000001
208,14,CLF_UNION,27,0,45,97,58,15,5,5,10,9,0.30000000000000004,0.7000000000000001
209,14,ORD-UNION,1,0,1,97,14,15,5,5,10,9,0.30000000000000004,0.7000000000000001
210,15,CARD,14,0,14,110,49,15,5,5,10,9,0.30000000000000004,0.7000000000000001
211,15,CLF_UNION,14,0,29,110,56,15,5,5,10,9,0.30000000000000004,0.7000000000000001
212,15,ORD-UNION,10,0,10,110,37,15,5,5,10,9,0.30000000000000004,0.7000000000000001
213,15,CARD,26,1,33,110,48,15,5,5,10,9,0.30000000000000004,0.7000000000000001
214,15,CLF_UNION,28,0,46,110,55,15,5,5,10,9,0.30000000000000004,0.7000000000000001
215,15,ORD-UNION,7,0,7,110,16,15,5,5,10,9,0.30000000000000004,0.7000000000000001
216,15,CARD,20,1,24,110,47,15,5,5,10,9,0.30000000000000004,0.7000000000000001
217,15,CLF_UNION,21,0,36,110,55,15,5,5,10,9,0.30000000000000004,0.7000000000000001
218,15,ORD-UNION,9,0,10,110,29,15,5,5,10,9,0.30000000000000004,0.7000000000000001
219,15,CARD,19,0,22,110,51,15,5,5,10,9,0.30000000000000004,0.7000000000000001
220,15,CLF_UNION,21,0,39,110,56,15,5,5,10,9,0.30000000000000004,0.7000000000000001
221,15,ORD-UNION,9,0,9,110,26,15,5,5,10,9,0.30000000000000004,0.7000000000000001
222,15,CARD,9,5,17,110,47,15,5,5,10,9,0.30000000000000004,0.7000000000000001
223,15,CLF_UNION,14,0,29,110,55,15,5,5,10,9,0.30000000000000004,0.7000000000000001
224,15,ORD-UNION,7,0,7,110,33,15,5,5,10,9,0.30000000000000004,0.7000000000000001
225,16,CARD,14,0,17,124,48,15,5,5,10,9,0.30000000000000004,0.7000000000000001
226,16,CLF_UNION,14,0,30,124,55,15,5,5,10,9,0.30000000000000004,0.7000000000000001
227,16,ORD-UNION,8,0,8,124,33,15,5,5,10,9,0.30000000000000004,0.7000000000000001
228,16,CARD,29,0,29,124,52,15,5,5,10,9,0.30000000000000004,0.7000000000000001
229,16,CLF_UNION,32,0,46,124,55,15,5,5,10,9,0.30000000000000004,0.7000000000000001
230,16,ORD-UNION,14,0,14,124,23,15,5,5,10,9,0.30000000000000004,0.7000000000000001
231,16,CARD,25,2,30,124,46,15,5,5,10,9,0.30000000000000004,0.7000000000000001
232,16,CLF_UNION,27,0,41,124,55,15,5,5,10,9,0.30000000000000004,0.7000000000000001
233,16,ORD-UNION,7,0,8,124,22,15,5,5,10,9,0.30000000000000004,0.7000000000000001
234,16,CARD,28,0,32,124,50,15,5,5,10,9,0.30000000000000004,0.7000000000000001
235,16,CLF_UNION,31,0,49,124,57,15,5,5,10,9,0.30000000000000004,0.7000000000000001
236,16,ORD-UNION,14,0,14,124,22,15,5,5,10,9,0.30000000000000004,0.7000000000000001
237,16,CARD,25,0,31,124,48,15,5,5,10,9,0.30000000000000004,0.7000000000000001
238,16,CLF_UNION,26,0,45,124,56,15,5,5,10,9,0.30000000000000004,0.7000000000000001
239,16,ORD-UNION,16,0,16,124,27,15,5,5,10,9,0.30000000000000004,0.7000000000000001
240,17,CARD,37,0,38,140,46,15,5,5,10,9,0.30000000000000004,0.7000000000000001
241,17,CLF_UNION,37,0,49,140,55,15,5,5,10,9,0.30000000000000004,0.7000000000000001
242,17,ORD-UNION,15,0,15,140,21,15,5,5,10,9,0.30000000000000004,0.7000000000000001
243,17,CARD,32,0,33,140,47,15,5,5,10,9,0.30000000000000004,0.7000000000000001
244,17,CLF_UNION,32,0,45,140,55,15,5,5,10,9,0.30000000000000004,0.7000000000000001
245,17,ORD-UNION,15,0,15,140,25,15,5,5,10,9,0.30000000000000004,0.7000000000000001
246,17,CARD,33,0,37,140,47,15,5,5,10,9,0.30000000000000004,0.7000000000000001
247,17,CLF_UNION,34,0,50,140,56,15,5,5,10,9,0.30000000000000004,0.7000000000000001
248,17,ORD-UNION,10,0,10,140,16,15,5,5,10,9,0.30000000000000004,0.7000000000000001
249,17,CARD,23,0,23,140,48,15,5,5,10,9,0.30000000000000004,0.7000000000000001
250,17,CLF_UNION,23,0,37,140,56,15,5,5,10,9,0.30000000000000004,0.7000000000000001
251,17,ORD-UNION,11,0,11,140,30,15,5,5,10,9,0.30000000000000004,0.7000000000000001
252,17,CARD,28,1,31,140,50,15,5,5,10,9,0.30000000000000004,0.7000000000000001
253,17,CLF_UNION,31,0,47,140,56,15,5,5,10,9,0.30000000000000004,0.7000000000000001
254,17,ORD-UNION,16,0,16,140,25,15,5,5,10,9,0.30000000000000004,0.7000000000000001
255,18,CARD,16,0,18,155,46,15,5,5,10,9,0.30000000000000004,0.7000000000000001
256,18,CLF_UNION,16,0,29,155,55,15,5,5,10,9,0.30000000000000004,0.7000000000000001
257,18,ORD-UNION,6,0,6,155,32,15,5,5,10,9,0.30000000000000004,0.7000000000000001
258,18,CARD,22,0,25,155,46,15,5,5,10,9,0.30000000000000004,0.7000000000000001
259,18,CLF_UNION,22,0,36,155,55,15,5,5,10,9,0.30000000000000004,0.7000000000000001
260,18,ORD-UNION,13,0,13,155,32,15,5,5,10,9,0.30000000000000004,0.7000000000000001
261,18,CARD,21,0,23,155,48,15,5,5,10,9,0.30000000000000004,0.7000000000000001
262,18,CLF_UNION,21,0,37,155,56,15,5,5,10,9,0.30000000000000004,0.7000000000000001
263,18,ORD-UNION,11,0,11,155,30,15,5,5,10,9,0.30000000000000004,0.7000000000000001
264,18,CARD,30,0,33,155,48,15,5,5,10,9,0.30000000000000004,0.7000000000000001
265,18,CLF_UNION,31,0,46,155,55,15,5,5,10,9,0.30000000000000004,0.7000000000000001
266,18,ORD-UNION,12,0,12,155,21,15,5,5,10,9,0.30000000000000004,0.7000000000000001
267,18,CARD,24,0,27,155,49,15,5,5,10,9,0.30000000000000004,0.7000000000000001
268,18,CLF_UNION,26,0,42,155,56,15,5,5,10,9,0.30000000000000004,0.7000000000000001
269,18,ORD-UNION,13,0,13,155,27,15,5,5,10,9,0.30000000000000004,0.7000000000000001
270,19,CARD,22,0,23,172,48,15,5,5,10,9,0.30000000000000004,0.7000000000000001
271,19,CLF_UNION,22,0,38,172,57,15,5,5,10,9,0.30000000000000004,0.7000000000000001
272,19,ORD-UNION,12,0,12,172,31,15,5,5,10,9,0.30000000000000004,0.7000000000000001
273,19,CARD,22,0,25,172,51,15,5,5,10,9,0.30000000000000004,0.7000000000000001
274,19,CLF_UNION,25,0,42,172,56,15,5,5,10,9,0.30000000000000004,0.7000000000000001
275,19,ORD-UNION,15,0,15,172,29,15,5,5,10,9,0.30000000000000004,0.7000000000000001
276,19,CARD,21,0,24,172,49,15,5,5,10,9,0.30000000000000004,0.7000000000000001
277,19,CLF_UNION,21,0,38,172,55,15,5,5,10,9,0.30000000000000004,0.7000000000000001
278,19,ORD-UNION,10,0,11,172,28,15,5,5,10,9,0.30000000000000004,0.7000000000000001
279,19,CARD,7,0,12,172,49,15,5,5,10,9,0.30000000000000004,0.7000000000000001
280,19,CLF_UNION,7,0,26,172,55,15,5,5,10,9,0.30000000000000004,0.7000000000000001
281,19,ORD-UNION,5,0,5,172,34,15,5,5,10,9,0.30000000000000004,0.7000000000000001
282,19,CARD,30,0,34,172,48,15,5,5,10,9,0.30000000000000004,0.7000000000000001
283,19,CLF_UNION,30,0,49,172,57,15,5,5,10,9,0.30000000000000004,0.7000000000000001
284,19,ORD-UNION,10,0,10,172,18,15,5,5,10,9,0.30000000000000004,0.7000000000000001
285,20,CARD,11,0,13,190,52,15,5,5,10,9,0.30000000000000004,0.7000000000000001
286,20,CLF_UNION,14,0,31,190,56,15,5,5,10,9,0.30000000000000004,0.7000000000000001
287,20,ORD-UNION,9,0,9,190,34,15,5,5,10,9,0.30000000000000004,0.7000000000000001
288,20,CARD,9,0,10,190,47,15,5,5,10,9,0.30000000000000004,0.7000000000000001
289,20,CLF_UNION,9,0,22,190,55,15,5,5,10,9,0.30000000000000004,0.7000000000000001
290,20,ORD-UNION,3,0,3,190,36,15,5,5,10,9,0.30000000000000004,0.7000000000000001
291,20,CARD,20,0,24,190,46,15,5,5,10,9,0.30000000000000004,0.7000000000000001
292,20,CLF_UNION,21,0,35,190,55,15,5,5,10,9,0.30000000000000004,0.7000000000000001
293,20,ORD-UNION,12,0,12,190,32,15,5,5,10,9,0.30000000000000004,0.7000000000000001
294,20,CARD,27,0,29,190,47,15,5,5,10,9,0.30000000000000004,0.7000000000000001
295,20,CLF_UNION,27,0,42,190,56,15,5,5,10,9,0.30000000000000004,0.7000000000000001
296,20,ORD-UNION,14,0,15,190,29,15,5,5,10,9,0.30000000000000004,0.7000000000000001
297,20,CARD,27,0,29,190,46,15,5,5,10,9,0.30000000000000004,0.7000000000000001
298,20,CLF_UNION,28,0,40,190,55,15,5,5,10,9,0.30000000000000004,0.7000000000000001
299,20,ORD-UNION,11,0,12,190,27,15,5,5,10,9,0.30000000000000004,0.7000000000000001
300,21,CARD,22,0,23,208,48,15,5,5,10,9,0.30000000000000004,0.7000000000000001
301,21,CLF_UNION,23,0,37,208,56,15,5,5,10,9,0.30000000000000004,0.7000000000000001
302,21,ORD-UNION,15,0,15,208,34,15,5,5,10,9,0.30000000000000004,0.7000000000000001
303,21,CARD,13,1,19,208,46,15,5,5,10,9,0.30000000000000004,0.7000000000000001
304,21,CLF_UNION,15,0,30,208,55,15,5,5,10,9,0.30000000000000004,0.7000000000000001
305,21,ORD-UNION,8,0,8,208,33,15,5,5,10,9,0.30000000000000004,0.7000000000000001
306,21,CARD,23,0,24,208,49,15,5,5,10,9,0.30000000000000004,0.7000000000000001
307,21,CLF_UNION,23,0,40,208,57,15,5,5,10,9,0.30000000000000004,0.7000000000000001
308,21,ORD-UNION,11,0,11,208,28,15,5,5,10,9,0.30000000000000004,0.7000000000000001
309,21,CARD,21,0,26,208,47,15,5,5,10,9,0.30000000000000004,0.7000000000000001
310,21,CLF_UNION,21,0,39,208,56,15,5,5,10,9,0.30000000000000004,0.7000000000000001
311,21,ORD-UNION,12,0,12,208,29,15,5,5,10,9,0.30000000000000004,0.7000000000000001
312,21,CARD,22,0,23,208,48,15,5,5,10,9,0.30000000000000004,0.7000000000000001
313,21,CLF_UNION,22,0,37,208,56,15,5,5,10,9,0.30000000000000004,0.7000000000000001
314,21,ORD-UNION,8,0,8,208,27,15,5,5,10,9,0.30000000000000004,0.7000000000000001
315,22,CARD,19,0,23,227,50,15,5,5,10,9,0.30000000000000004,0.7000000000000001
316,22,CLF_UNION,21,0,38,227,55,15,5,5,10,9,0.30000000000000004,0.7000000000000001
317,22,ORD-UNION,10,0,10,227,27,15,5,5,10,9,0.30000000000000004,0.7000000000000001
318,22,CARD,9,0,10,227,47,15,5,5,10,9,0.30000000000000004,0.7000000000000001
319,22,CLF_UNION,9,0,23,227,56,15,5,5,10,9,0.30000000000000004,0.7000000000000001
320,22,ORD-UNION,7,0,7,227,40,15,5,5,10,9,0.30000000000000004,0.7000000000000001
321,22,CARD,15,0,17,227,47,15,5,5,10,9,0.30000000000000004,0.7000000000000001
322,22,CLF_UNION,16,0,30,227,56,15,5,5,10,9,0.30000000000000004,0.7000000000000001
323,22,ORD-UNION,11,0,11,227,37,15,5,5,10,9,0.30000000000000004,0.7000000000000001
324,22,CARD,29,0,31,227,46,15,5,5,10,9,0.30000000000000004,0.7000000000000001
325,22,CLF_UNION,29,0,43,227,56,15,5,5,10,9,0.30000000000000004,0.7000000000000001
326,22,ORD-UNION,23,0,23,227,36,15,5,5,10,9,0.30000000000000004,0.7000000000000001
327,22,CARD,28,0,29,227,48,15,5,5,10,9,0.30000000000000004,0.7000000000000001
328,22,CLF_UNION,28,0,42,227,55,15,5,5,10,9,0.30000000000000004,0.7000000000000001
329,22,ORD-UNION,10,0,10,227,23,15,5,5,10,9,0.30000000000000004,0.7000000000000001
330,23,CARD,7,0,10,248,47,15,5,5,10,9,0.30000000000000004,0.7000000000000001
331,23,CLF_UNION,7,0,23,248,56,15,5,5,10,9,0.30000000000000004,0.7000000000000001
332,23,ORD-UNION,6,0,6,248,39,15,5,5,10,9,0.30000000000000004,0.7000000000000001
333,23,CARD,24,0,30,248,46,15,5,5,10,9,0.30000000000000004,0.7000000000000001
334,23,CLF_UNION,24,0,42,248,56,15,5,5,10,9,0.30000000000000004,0.7000000000000001
335,23,ORD-UNION,15,0,15,248,29,15,5,5,10,9,0.30000000000000004,0.7000000000000001
336,23,CARD,8,0,10,248,48,15,5,5,10,9,0.30000000000000004,0.7000000000000001
337,23,CLF_UNION,8,0,26,248,58,15,5,5,10,9,0.30000000000000004,0.7000000000000001
338,23,ORD-UNION,4,0,4,248,36,15,5,5,10,9,0.30000000000000004,0.7000000000000001
339,23,CARD,21,0,25,248,46,15,5,5,10,9,0.30000000000000004,0.7000000000000001
340,23,CLF_UNION,21,0,37,248,56,15,5,5,10,9,0.30000000000000004,0.7000000000000001
341,23,ORD-UNION,8,0,8,248,27,15,5,5,10,9,0.30000000000000004,0.7000000000000001
342,23,CARD,21,0,24,248,46,15,5,5,10,9,0.30000000000000004,0.7000000000000001
343,23,CLF_UNION,21,0,36,248,56,15,5,5,10,9,0.30000000000000004,0.7000000000000001
344,23,ORD-UNION,7,0,7,248,27,15,5,5,10,9,0.30000000000000004,0.7000000000000001
345,24,CARD,13,0,18,268,48,15,5,5,10,9,0.30000000000000004,0.7000000000000001
346,24,CLF_UNION,13,0,34,268,58,15,5,5,10,9,0.30000000000000004,0.7000000000000001
347,24,ORD-UNION,11,0,11,268,35,15,5,5,10,9,0.30000000000000004,0.7000000000000001
348,24,CARD,17,0,19,268,47,15,5,5,10,9,0.30000000000000004,0.7000000000000001
349,24,CLF_UNION,17,0,32,268,56,15,5,5,10,9,0.30000000000000004,0.7000000000000001
350,24,ORD-UNION,7,0,7,268,31,15,5,5,10,9,0.30000000000000004,0.7000000000000001
351,24,CARD,15,0,17,268,47,15,5,5,10,9,0.30000000000000004,0.7000000000000001
352,24,CLF_UNION,15,0,31,268,57,15,5,5,10,9,0.30000000000000004,0.7000000000000001
353,24,ORD-UNION,6,0,6,268,32,15,5,5,10,9,0.30000000000000004,0.7000000000000001
354,24,CARD,17,0,19,268,47,15,5,5,10,9,0.30000000000000004,0.7000000000000001
355,24,CLF_UNION,17,0,35,268,59,15,5,5,10,9,0.30000000000000004,0.7000000000000001
356,24,ORD-UNION,5,0,5,268,29,15,5,5,10,9,0.30000000000000004,0.7000000000000001
357,24,CARD,23,0,25,268,45,15,5,5,10,9,0.30000000000000004,0.7000000000000001
358,24,CLF_UNION,23,0,35,268,55,15,5,5,10,9,0.30000000000000004,0.7000000000000001
359,24,ORD-UNION,10,0,10,268,30,15,5,5,10,9,0.30000000000000004,0.7000000000000001
360,1,CARD,21,3,25,1,65,15,5,5,10,9,0.30000000000000004,0.7000000000000001
361,1,CLF_UNION,36,20,72,1,72,15,5,5,10,9,0.30000000000000004,0.7000000000000001
362,1,ORD-UNION,0,0,0,1,0,15,5,5,10,9,0.30000000000000004,0.7000000000000001
363,1,CARD,19,6,25,1,65,15,5,5,10,9,0.30000000000000004,0.7000000000000001
364,1,CLF_UNION,31,22,72,1,72,15,5,5,10,9,0.30000000000000004,0.7000000000000001
365,1,ORD-UNION,0,0,0,1,0,15,5,5,10,9,0.30000000000000004,0.7000000000000001
366,1,CARD,15,7,25,1,65,15,5,5,10,9,0.30000000000000004,0.7000000000000001
367,1,CLF_UNION,26,33,77,1,77,15,5,5,10,9,0.30000000000000004,0.7000000000000001
368,1,ORD-UNION,0,0,0,1,0,15,5,5,10,9,0.30000000000000004,0.7000000000000001
369,1,CARD,18,5,25,1,65,15,5,5,10,9,0.30000000000000004,0.7000000000000001
370,1,CLF_UNION,29,22,68,1,68,15,5,5,10,9,0.30000000000000004,0.7000000000000001
371,1,ORD-UNION,0,0,0,1,0,15,5,5,10,9,0.30000000000000004,0.7000000000000001
372,1,CARD,19,6,25,1,65,15,5,5,10,9,0.30000000000000004,0.7000000000000001
373,1,CLF_UNION,30,21,68,1,68,15,5,5,10,9,0.30000000000000004,0.7000000000000001
374,1,ORD-UNION,0,0,0,1,0,15,5,5,10,9,0.30000000000000004,0.7000000000000001
375,2,CARD,20,10,35,3,55,15,5,5,10,9,0.30000000000000004,0.7000000000000001
376,2,CLF_UNION,31,10,56,3,56,15,5,5,10,9,0.30000000000000004,0.7000000000000001
377,2,ORD-UNION,0,0,0,3,0,15,5,5,10,9,0.30000000000000004,0.7000000000000001
378,2,CARD,20,12,37,3,53,15,5,5,10,9,0.30000000000000004,0.7000000000000001
379,2,CLF_UNION,31,11,57,3,57,15,5,5,10,9,0.30000000000000004,0.7000000000000001
380,2,ORD-UNION,0,0,0,3,0,15,5,5,10,9,0.30000000000000004,0.7000000000000001
381,2,CARD,17,17,37,3,53,15,5,5,10,9,0.30000000000000004,0.7000000000000001
382,2,CLF_UNION,26,20,59,3,59,15,5,5,10,9,0.30000000000000004,0.7000000000000001
383,2,ORD-UNION,0,0,0,3,0,15,5,5,10,9,0.30000000000000004,0.7000000000000001
384,2,CARD,22,9,36,3,54,15,5,5,10,9,0.30000000000000004,0.7000000000000001
385,2,CLF_UNION,33,6,56,3,56,15,5,5,10,9,0.30000000000000004,0.7000000000000001
386,2,ORD-UNION,0,0,0,3,0,15,5,5,10,9,0.30000000000000004,0.7000000000000001
387,2,CARD,18,11,37,3,53,15,5,5,10,9,0.30000000000000004,0.7000000000000001
388,2,CLF_UNION,29,10,59,3,59,15,5,5,10,9,0.30000000000000004,0.7000000000000001
389,2,ORD-UNION,0,0,0,3,0,15,5,5,10,9,0.30000000000000004,0.7000000000000001
390,3,CARD,20,10,37,5,53,15,5,5,10,9,0.30000000000000004,0.7000000000000001
391,3,CLF_UNION,29,8,56,5,56,15,5,5,10,9,0.30000000000000004,0.7000000000000001
392,3,ORD-UNION,0,0,0,5,0,15,5,5,10,9,0.30000000000000004,0.7000000000000001
393,3,CARD,20,8,33,5,57,15,5,5,10,9,0.30000000000000004,0.7000000000000001
394,3,CLF_UNION,33,6,57,5,57,15,5,5,10,9,0.30000000000000004,0.7000000000000001
395,3,ORD-UNION,0,0,1,5,1,15,5,5,10,9,0.30000000000000004,0.7000000000000001
396,3,CARD,11,20,34,5,55,15,5,5,10,9,0.30000000000000004,0.7000000000000001
397,3,CLF_UNION,22,19,56,5,57,15,5,5,10,9,0.30000000000000004,0.7000000000000001
398,3,ORD-UNION,0,0,0,5,1,15,5,5,10,9,0.30000000000000004,0.7000000000000001
399,3,CARD,20,13,36,5,54,15,5,5,10,9,0.30000000000000004,0.7000000000000001
400,3,CLF_UNION,27,15,57,5,57,15,5,5,10,9,0.30000000000000004,0.7000000000000001
401,3,ORD-UNION,0,0,0,5,0,15,5,5,10,9,0.30000000000000004,0.7000000000000001
402,3,CARD,15,18,37,5,53,15,5,5,10,9,0.30000000000000004,0.7000000000000001
403,3,CLF_UNION,21,19,55,5,55,15,5,5,10,9,0.30000000000000004,0.7000000000000001
404,3,ORD-UNION,0,0,0,5,0,15,5,5,10,9,0.30000000000000004,0.7000000000000001
405,4,CARD,26,8,36,8,54,15,5,5,10,9,0.30000000000000004,0.7000000000000001
406,4,CLF_UNION,35,6,57,8,57,15,5,5,10,9,0.30000000000000004,0.7000000000000001
407,4,ORD-UNION,2,0,2,8,2,15,5,5,10,9,0.30000000000000004,0.7000000000000001
408,4,CARD,26,4,34,8,54,15,5,5,10,9,0.30000000000000004,0.7000000000000001
409,4,CLF_UNION,35,4,57,8,59,15,5,5,10,9,0.30000000000000004,0.7000000000000001
410,4,ORD-UNION,0,0,0,8,2,15,5,5,10,9,0.30000000000000004,0.7000000000000001
411,4,CARD,26,3,34,8,55,15,5,5,10,9,0.30000000000000004,0.7000000000000001
412,4,CLF_UNION,31,6,56,8,57,15,5,5,10,9,0.30000000000000004,0.7000000000000001
413,4,ORD-UNION,3,0,5,8,6,15,5,5,10,9,0.30000000000000004,0.7000000000000001
414,4,CARD,28,2,33,8,57,15,5,5,10,9,0.30000000000000004,0.7000000000000001
415,4,CLF_UNION,39,2,60,8,60,15,5,5,10,9,0.30000000000000004,0.7000000000000001
416,4,ORD-UNION,1,0,1,8,1,15,5,5,10,9,0.30000000000000004,0.7000000000000001
417,4,CARD,26,0,32,8,58,15,5,5,10,9,0.30000000000000004,0.7000000000000001
418,4,CLF_UNION,31,3,56,8,56,15,5,5,10,9,0.30000000000000004,0.7000000000000001
419,4,ORD-UNION,2,0,3,8,3,15,5,5,10,9,0.30000000000000004,0.7000000000000001
420,5,CARD,29,6,40,13,50,15,5,5,10,9,0.30000000000000004,0.7000000000000001
421,5,CLF_UNION,38,1,56,13,56,15,5,5,10,9,0.30000000000000004,0.7000000000000001
422,5,ORD-UNION,1,0,1,13,1,15,5,5,10,9,0.30000000000000004,0.7000000000000001
423,5,CARD,25,4,37,13,52,15,5,5,10,9,0.30000000000000004,0.7000000000000001
424,5,CLF_UNION,33,1,54,13,55,15,5,5,10,9,0.30000000000000004,0.7000000000000001
425,5,ORD-UNION,3,0,3,13,4,15,5,5,10,9,0.30000000000000004,0.7000000000000001
426,5,CARD,28,4,41,13,48,15,5,5,10,9,0.30000000000000004,0.7000000000000001
427,5,CLF_UNION,34,0,55,13,56,15,5,5,10,9,0.30000000000000004,0.7000000000000001
428,5,ORD-UNION,3,0,4,13,5,15,5,5,10,9,0.30000000000000004,0.7000000000000001
429,5,CARD,33,4,41,13,49,15,5,5,10,9,0.30000000000000004,0.7000000000000001
430,5,CLF_UNION,41,0,55,13,55,15,5,5,10,9,0.30000000000000004,0.7000000000000001
431,5,ORD-UNION,2,0,2,13,2,15,5,5,10,9,0.30000000000000004,0.7000000000000001
432,5,CARD,35,4,42,13,48,15,5,5,10,9,0.30000000000000004,0.7000000000000001
433,5,CLF_UNION,36,5,56,13,56,15,5,5,10,9,0.30000000000000004,0.7000000000000001
434,5,ORD-UNION,1,0,1,13,1,15,5,5,10,9,0.30000000000000004,0.7000000000000001
435,6,CARD,33,3,38,17,50,15,5,5,10,9,0.30000000000000004,0.7000000000000001
436,6,CLF_UNION,32,6,53,17,55,15,5,5,10,9,0.30000000000000004,0.7000000000000001
437,6,ORD-UNION,2,0,2,17,4,15,5,5,10,9,0.30000000000000004,0.7000000000000001
438,6,CARD,25,6,37,17,50,15,5,5,10,9,0.30000000000000004,0.7000000000000001
439,6,CLF_UNION,30,5,52,17,55,15,5,5,10,9,0.30000000000000004,0.7000000000000001
440,6,ORD-UNION,0,0,0,17,3,15,5,5,10,9,0.30000000000000004,0.7000000000000001
441,6,CARD,32,1,35,17,55,15,5,5,10,9,0.30000000000000004,0.7000000000000001
442,6,CLF_UNION,34,6,56,17,56,15,5,5,10,9,0.30000000000000004,0.7000000000000001
443,6,ORD-UNION,3,0,3,17,3,15,5,5,10,9,0.30000000000000004,0.7000000000000001
444,6,CARD,32,6,42,17,48,15,5,5,10,9,0.30000000000000004,0.7000000000000001
445,6,CLF_UNION,35,4,56,17,56,15,5,5,10,9,0.30000000000000004,0.7000000000000001
446,6,ORD-UNION,1,0,2,17,2,15,5,5,10,9,0.30000000000000004,0.7000000000000001
447,6,CARD,27,1,34,17,56,15,5,5,10,9,0.30000000000000004,0.7000000000000001
448,6,CLF_UNION,32,2,56,17,56,15,5,5,10,9,0.30000000000000004,0.7000000000000001
449,6,ORD-UNION,3,0,3,17,3,15,5,5,10,9,0.30000000000000004,0.7000000000000001
450,7,CARD,33,4,39,23,50,15,5,5,10,9,0.30000000000000004,0.7000000000000001
451,7,CLF_UNION,38,2,54,23,55,15,5,5,10,9,0.30000000000000004,0.7000000000000001
452,7,ORD-UNION,3,0,3,23,4,15,5,5,10,9,0.30000000000000004,0.7000000000000001
453,7,CARD,27,4,40,23,50,15,5,5,10,9,0.30000000000000004,0.7000000000000001
454,7,CLF_UNION,33,1,56,23,56,15,5,5,10,9,0.30000000000000004,0.7000000000000001
455,7,ORD-UNION,3,0,3,23,3,15,5,5,10,9,0.30000000000000004,0.7000000000000001
456,7,CARD,33,7,43,23,46,15,5,5,10,9,0.30000000000000004,0.7000000000000001
457,7,CLF_UNION,37,3,54,23,55,15,5,5,10,9,0.30000000000000004,0.7000000000000001
458,7,ORD-UNION,1,0,1,23,2,15,5,5,10,9,0.30000000000000004,0.7000000000000001
459,7,CARD,31,2,40,23,47,15,5,5,10,9,0.30000000000000004,0.7000000000000001
460,7,CLF_UNION,32,1,52,23,55,15,5,5,10,9,0.30000000000000004,0.7000000000000001
461,7,ORD-UNION,5,0,5,23,8,15,5,5,10,9,0.30000000000000004,0.7000000000000001
462,7,CARD,31,2,39,23,46,15,5,5,10,9,0.30000000000000004,0.7000000000000001
463,7,CLF_UNION,33,0,50,23,55,15,5,5,10,9,0.30000000000000004,0.7000000000000001
464,7,ORD-UNION,0,0,0,23,5,15,5,5,10,9,0.30000000000000004,0.7000000000000001
465,8,CARD,28,6,39,31,46,15,5,5,10,9,0.30000000000000004,0.7000000000000001
466,8,CLF_UNION,32,3,54,31,59,15,5,5,10,9,0.30000000000000004,0.7000000000000001
467,8,ORD-UNION,0,0,0,31,5,15,5,5,10,9,0.30000000000000004,0.7000000000000001
468,8,CARD,34,4,42,31,46,15,5,5,10,9,0.30000000000000004,0.7000000000000001
469,8,CLF_UNION,37,1,54,31,56,15,5,5,10,9,0.30000000000000004,0.7000000000000001
470,8,ORD-UNION,0,0,0,31,2,15,5,5,10,9,0.30000000000000004,0.7000000000000001
471,8,CARD,31,1,37,31,47,15,5,5,10,9,0.30000000000000004,0.7000000000000001
472,8,CLF_UNION,33,1,51,31,57,15,5,5,10,9,0.30000000000000004,0.7000000000000001
473,8,ORD-UNION,1,0,1,31,7,15,5,5,10,9,0.30000000000000004,0.7000000000000001
474,8,CARD,33,3,40,31,47,15,5,5,10,9,0.30000000000000004,0.7000000000000001
475,8,CLF_UNION,38,1,54,31,57,15,5,5,10,9,0.30000000000000004,0.7000000000000001
476,8,ORD-UNION,1,0,1,31,4,15,5,5,10,9,0.30000000000000004,0.7000000000000001
477,8,CARD,31,1,36,31,49,15,5,5,10,9,0.30000000000000004,0.7000000000000001
478,8,CLF_UNION,32,1,51,31,56,15,5,5,10,9,0.30000000000000004,0.7000000000000001
479,8,ORD-UNION,1,0,1,31,6,15,5,5,10,9,0.30000000000000004,0.7000000000000001
480,9,CARD,35,3,40,40,48,15,5,5,10,9,0.30000000000000004,0.7000000000000001
481,9,CLF_UNION,37,1,53,40,55,15,5,5,10,9,0.30000000000000004,0.7000000000000001
482,9,ORD-UNION,3,0,3,40,5,15,5,5,10,9,0.30000000000000004,0.7000000000000001
483,9,CARD,29,1,32,40,49,15,5,5,10,9,0.30000000000000004,0.7000000000000001
484,9,CLF_UNION,30,1,46,40,55,15,5,5,10,9,0.30000000000000004,0.7000000000000001
485,9,ORD-UNION,4,0,4,40,13,15,5,5,10,9,0.30000000000000004,0.7000000000000001
486,9,CARD,33,5,40,40,49,15,5,5,10,9,0.30000000000000004,0.7000000000000001
487,9,CLF_UNION,41,0,54,40,55,15,5,5,10,9,0.30000000000000004,0.7000000000000001
488,9,ORD-UNION,3,0,3,40,4,15,5,5,10,9,0.30000000000000004,0.7000000000000001
489,9,CARD,34,2,41,40,46,15,5,5,10,9,0.30000000000000004,0.7000000000000001
490,9,CLF_UNION,36,1,52,40,55,15,5,5,10,9,0.30000000000000004,0.7000000000000001
491,9,ORD-UNION,10,0,10,40,13,15,5,5,10,9,0.30000000000000004,0.7000000000000001
492,9,CARD,28,4,37,40,47,15,5,5,10,9,0.30000000000000004,0.7000000000000001
493,9,CLF_UNION,31,3,49,40,55,15,5,5,10,9,0.30000000000000004,0.7000000000000001
494,9,ORD-UNION,1,0,1,40,7,15,5,5,10,9,0.30000000000000004,0.7000000000000001
495,10,CARD,33,3,37,50,48,15,5,5,10,9,0.30000000000000004,0.7000000000000001
496,10,CLF_UNION,35,3,50,50,55,15,5,5,10,9,0.30000000000000004,0.7000000000000001
497,10,ORD-UNION,5,0,5,50,10,15,5,5,10,9,0.30000000000000004,0.7000000000000001
498,10,CARD,26,5,36,50,49,15,5,5,10,9,0.30000000000000004,0.7000000000000001
499,10,CLF_UNION,30,2,50,50,55,15,5,5,10,9,0.30000000000000004,0.7000000000000001
500,10,ORD-UNION,7,0,8,50,13,15,5,5,10,9,0.30000000000000004,0.7000000000000001
501,10,CARD,27,4,33,50,49,15,5,5,10,9,0.30000000000000004,0.7000000000000001
502,10,CLF_UNION,32,1,47,50,55,15,5,5,10,9,0.30000000000000004,0.7000000000000001
503,10,ORD-UNION,1,0,1,50,9,15,5,5,10,9,0.30000000000000004,0.7000000000000001
504,10,CARD,29,6,39,50,48,15,5,5,10,9,0.30000000000000004,0.7000000000000001
505,10,CLF_UNION,30,5,52,50,55,15,5,5,10,9,0.30000000000000004,0.7000000000000001
506,10,ORD-UNION,1,0,1,50,4,15,5,5,10,9,0.30000000000000004,0.7000000000000001
507,10,CARD,27,5,40,50,50,15,5,5,10,9,0.30000000000000004,0.7000000000000001
508,10,CLF_UNION,34,2,55,50,55,15,5,5,10,9,0.30000000000000004,0.7000000000000001
509,10,ORD-UNION,6,0,7,50,7,15,5,5,10,9,0.30000000000000004,0.7000000000000001
510,11,CARD,27,5,34,59,51,15,5,5,10,9,0.30000000000000004,0.7000000000000001
511,11,CLF_UNION,34,3,50,59,55,15,5,5,10,9,0.30000000000000004,0.7000000000000001
512,11,ORD-UNION,3,1,4,59,9,15,5,5,10,9,0.30000000000000004,0.7000000000000001
513,11,CARD,31,2,38,59,49,15,5,5,10,9,0.30000000000000004,0.7000000000000001
514,11,CLF_UNION,36,1,52,59,55,15,5,5,10,9,0.30000000000000004,0.7000000000000001
515,11,ORD-UNION,10,1,12,59,15,15,5,5,10,9,0.30000000000000004,0.7000000000000001
516,11,CARD,24,1,35,59,49,15,5,5,10,9,0.30000000000000004,0.7000000000000001
517,11,CLF_UNION,26,2,49,59,55,15,5,5,10,9,0.30000000000000004,0.7000000000000001
518,11,ORD-UNION,3,0,5,59,11,15,5,5,10,9,0.30000000000000004,0.7000000000000001
519,11,CARD,34,2,41,59,47,15,5,5,10,9,0.30000000000000004,0.7000000000000001
520,11,CLF_UNION,38,0,53,59,55,15,5,5,10,9,0.30000000000000004,0.7000000000000001
521,11,ORD-UNION,10,0,12,59,14,15,5,5,10,9,0.30000000000000004,0.7000000000000001
522,11,CARD,28,2,32,59,51,15,5,5,10,9,0.30000000000000004,0.7000000000000001
523,11,CLF_UNION,32,1,49,59,56,15,5,5,10,9,0.30000000000000004,0.7000000000000001
524,11,ORD-UNION,6,0,7,59,14,15,5,5,10,9,0.30000000000000004,0.7000000000000001
525,12,CARD,27,8,39,68,46,15,5,5,10,9,0.30000000000000004,0.7000000000000001
526,12,CLF_UNION,33,4,52,68,57,15,5,5,10,9,0.30000000000000004,0.7000000000000001
527,12,ORD-UNION,2,1,6,68,11,15,5,5,10,9,0.30000000000000004,0.7000000000000001
528,12,CARD,28,2,37,68,47,15,5,5,10,9,0.30000000000000004,0.7000000000000001
529,12,CLF_UNION,29,3,50,68,56,15,5,5,10,9,0.30000000000000004,0.7000000000000001
530,12,ORD-UNION,8,1,11,68,17,15,5,5,10,9,0.30000000000000004,0.7000000000000001
531,12,CARD,29,5,38,68,47,15,5,5,10,9,0.30000000000000004,0.7000000000000001
532,12,CLF_UNION,35,3,54,68,59,15,5,5,10,9,0.30000000000000004,0.7000000000000001
533,12,ORD-UNION,6,1,9,68,14,15,5,5,10,9,0.30000000000000004,0.7000000000000001
534,12,CARD,25,4,37,68,47,15,5,5,10,9,0.30000000000000004,0.7000000000000001
535,12,CLF_UNION,28,2,51,68,57,15,5,5,10,9,0.30000000000000004,0.7000000000000001
536,12,ORD-UNION,8,1,12,68,18,15,5,5,10,9,0.30000000000000004,0.7000000000000001
537,12,CARD,30,6,40,68,49,15,5,5,10,9,0.30000000000000004,0.7000000000000001
538,12,CLF_UNION,39,3,58,68,59,15,5,5,10,9,0.30000000000000004,0.7000000000000001
539,12,ORD-UNION,6,0,9,68,10,15,5,5,10,9,0.30000000000000004,0.7000000000000001
540,13,CARD,18,5,30,81,47,15,5,5,10,9,0.30000000000000004,0.7000000000000001
541,13,CLF_UNION,24,0,42,81,55,15,5,5,10,9,0.30000000000000004,0.7000000000000001
542,13,ORD-UNION,8,0,13,81,26,15,5,5,10,9,0.30000000000000004,0.7000000000000001
543,13,CARD,22,7,35,81,48,15,5,5,10,9,0.30000000000000004,0.7000000000000001
544,13,CLF_UNION,30,3,50,81,57,15,5,5,10,9,0.30000000000000004,0.7000000000000001
545,13,ORD-UNION,8,1,12,81,19,15,5,5,10,9,0.30000000000000004,0.7000000000000001
546,13,CARD,18,8,29,81,49,15,5,5,10,9,0.30000000000000004,0.7000000000000001
547,13,CLF_UNION,27,3,47,81,59,15,5,5,10,9,0.30000000000000004,0.7000000000000001
548,13,ORD-UNION,5,0,8,81,20,15,5,5,10,9,0.30000000000000004,0.7000000000000001
549,13,CARD,26,3,33,81,52,15,5,5,10,9,0.30000000000000004,0.7000000000000001
550,13,CLF_UNION,34,0,51,81,56,15,5,5,10,9,0.30000000000000004,0.7000000000000001
551,13,ORD-UNION,17,0,20,81,25,15,5,5,10,9,0.30000000000000004,0.7000000000000001
552,13,CARD,14,11,35,81,48,15,5,5,10,9,0.30000000000000004,0.7000000000000001
553,13,CLF_UNION,25,2,49,81,56,15,5,5,10,9,0.30000000000000004,0.7000000000000001
554,13,ORD-UNION,6,0,9,81,16,15,5,5,10,9,0.30000000000000004,0.7000000000000001
555,14,CARD,25,6,38,95,46,15,5,5,10,9,0.30000000000000004,0.7000000000000001
556,14,CLF_UNION,26,6,49,95,55,15,5,5,10,9,0.30000000000000004,0.7000000000000001
557,14,ORD-UNION,7,2,12,95,18,15,5,5,10,9,0.30000000000000004,0.7000000000000001
558,14,CARD,24,10,40,95,47,15,5,5,10,9,0.30000000000000004,0.7000000000000001
559,14,CLF_UNION,31,4,52,95,55,15,5,5,10,9,0.30000000000000004,0.7000000000000001
560,14,ORD-UNION,8,1,12,95,15,15,5,5,10,9,0.30000000000000004,0.7000000000000001
561,14,CARD,15,4,22,95,50,15,5,5,10,9,0.30000000000000004,0.7000000000000001
562,14,CLF_UNION,19,2,38,95,56,15,5,5,10,9,0.30000000000000004,0.7000000000000001
563,14,ORD-UNION,2,0,4,95,22,15,5,5,10,9,0.30000000000000004,0.7000000000000001
564,14,CARD,23,5,34,95,49,15,5,5,10,9,0.30000000000000004,0.7000000000000001
565,14,CLF_UNION,25,5,48,95,55,15,5,5,10,9,0.30000000000000004,0.7000000000000001
566,14,ORD-UNION,4,0,6,95,13,15,5,5,10,9,0.30000000000000004,0.7000000000000001
567,14,CARD,31,5,39,95,48,15,5,5,10,9,0.30000000000000004,0.7000000000000001
568,14,CLF_UNION,37,1,52,95,55,15,5,5,10,9,0.30000000000000004,0.7000000000000001
569,14,ORD-UNION,13,0,15,95,18,15,5,5,10,9,0.30000000000000004,0.7000000000000001
