,budget,model,correct,wrong,total,n_pref_input,n_pref_output,theta_size,theta_additivity,n_items,n_test_subsets,n_tiers,alpha,p
0,1,CARD,10,9,25,1,65,9,5,5,10,6,0.1,0.7000000000000001
1,1,CLF_UNION,30,14,65,1,65,9,5,5,10,6,0.1,0.7000000000000001
2,1,ORD-UNION,0,0,0,1,0,9,5,5,10,6,0.1,0.7000000000000001
3,1,CARD,17,5,24,1,66,9,5,5,10,6,0.1,0.7000000000000001
4,1,CLF_UNION,32,13,63,1,63,9,5,5,10,6,0.1,0.7000000000000001
5,1,ORD-UNION,1,0,1,1,1,9,5,5,10,6,0.1,0.7000000000000001
6,1,CARD,12,5,21,1,69,9,5,5,10,6,0.1,0.7000000000000001
7,1,CLF_UNION,27,24,68,1,68,9,5,5,10,6,0.1,0.7000000000000001
8,1,ORD-UNION,0,0,0,1,0,9,5,5,10,6,0.1,0.7000000000000001
9,1,CARD,13,8,24,1,66,9,5,5,10,6,0.1,0.7000000000000001
10,1,CLF_UNION,27,22,68,1,68,9,5,5,10,6,0.1,0.7000000000000001
11,1,ORD-UNION,0,0,0,1,0,9,5,5,10,6,0.1,0.7000000000000001
12,1,CARD,14,6,24,1,66,9,5,5,10,6,0.1,0.7000000000000001
13,1,CLF_UNION,19,24,64,1,64,9,5,5,10,6,0.1,0.7000000000000001
14,1,ORD-UNION,0,0,0,1,0,9,5,5,10,6,0.1,0.7000000000000001
15,2,CARD,16,11,36,3,53,9,5,5,10,6,0.1,0.7000000000000001
16,2,CLF_UNION,22,18,60,3,61,9,5,5,10,6,0.1,0.7000000000000001
17,2,ORD-UNION,1,0,1,3,2,9,5,5,10,6,0.1,0.7000000000000001
18,2,CARD,18,8,33,3,57,9,5,5,10,6,0.1,0.7000000000000001
19,2,CLF_UNION,25,19,61,3,61,9,5,5,10,6,0.1,0.7000000000000001
20,2,ORD-UNION,0,0,0,3,0,9,5,5,10,6,0.1,0.7000000000000001
21,2,CARD,26,6,37,3,53,9,5,5,10,6,0.1,0.7000000000000001
22,2,CLF_UNION,36,7,59,3,59,9,5,5,10,6,0.1,0.7000000000000001
23,2,ORD-UNION,1,0,1,3,1,9,5,5,10,6,0.1,0.7000000000000001
24,2,CARD,29,5,37,3,53,9,5,5,10,6,0.1,0.7000000000000001
25,2,CLF_UNION,34,13,61,3,61,9,5,5,10,6,0.1,0.7000000000000001
26,2,ORD-UNION,1,0,1,3,1,9,5,5,10,6,0.1,0.7000000000000001
27,2,CARD,22,10,37,3,53,9,5,5,10,6,0.1,0.7000000000000001
28,2,CLF_UNION,25,19,60,3,60,9,5,5,10,6,0.1,0.7000000000000001
29,2,ORD-UNION,1,0,1,3,1,9,5,5,10,6,0.1,0.7000000000000001
30,3,CARD,23,3,40,6,50,9,5,5,10,6,0.1,0.7000000000000001
31,3,CLF_UNION,29,6,72,6,72,9,5,5,10,6,0.1,0.7000000000000001
32,3,ORD-UNION,1,0,1,6,1,9,5,5,10,6,0.1,0.7000000000000001
33,3,CARD,31,0,40,6,50,9,5,5,10,6,0.1,0.7000000000000001
34,3,CLF_UNION,36,11,69,6,69,9,5,5,10,6,0.1,0.7000000000000001
35,3,ORD-UNION,3,0,3,6,3,9,5,5,10,6,0.1,0.7000000000000001
36,3,CARD,27,7,41,6,48,9,5,5,10,6,0.1,0.7000000000000001
37,3,CLF_UNION,35,12,66,6,67,9,5,5,10,6,0.1,0.7000000000000001
38,3,ORD-UNION,8,0,8,6,9,9,5,5,10,6,0.1,0.7000000000000001
39,3,CARD,19,15,37,6,52,9,5,5,10,6,0.1,0.7000000000000001
40,3,CLF_UNION,29,23,76,6,77,9,5,5,10,6,0.1,0.7000000000000001
41,3,ORD-UNION,1,0,1,6,2,9,5,5,10,6,0.1,0.7000000000000001
42,3,CARD,29,8,40,6,50,9,5,5,10,6,0.1,0.7000000000000001
43,3,CLF_UNION,31,12,67,6,67,9,5,5,10,6,0.1,0.7000000000000001
44,3,ORD-UNION,4,0,4,6,4,9,5,5,10,6,0.1,0.7000000000000001
45,4,CARD,17,16,40,10,49,9,5,5,10,6,0.1,0.7000000000000001
46,4,CLF_UNION,25,21,65,10,66,9,5,5,10,6,0.1,0.7000000000000001
47,4,ORD-UNION,2,0,2,10,3,9,5,5,10,6,0.1,0.7000000000000001
48,4,CARD,28,8,40,10,50,9,5,5,10,6,0.1,0.7000000000000001
49,4,CLF_UNION,32,16,66,10,66,9,5,5,10,6,0.1,0.7000000000000001
50,4,ORD-UNION,2,0,2,10,2,9,5,5,10,6,0.1,0.7000000000000001
51,4,CARD,27,8,40,10,50,9,5,5,10,6,0.1,0.7000000000000001
52,4,CLF_UNION,33,14,64,10,64,9,5,5,10,6,0.1,0.7000000000000001
53,4,ORD-UNION,3,0,3,10,3,9,5,5,10,6,0.1,0.7000000000000001
54,4,CARD,31,0,42,10,48,9,5,5,10,6,0.1,0.7000000000000001
55,4,CLF_UNION,33,5,64,10,64,9,5,5,10,6,0.1,0.7000000000000001
56,4,ORD-UNION,5,0,5,10,5,9,5,5,10,6,0.1,0.7000000000000001
57,4,CARD,27,5,38,10,51,9,5,5,10,6,0.1,0.7000000000000001
58,4,CLF_UNION,35,6,60,10,61,9,5,5,10,6,0.1,0.7000000000000001
59,4,ORD-UNION,3,0,3,10,4,9,5,5,10,6,0.1,0.7000000000000001
60,5,CARD,25,11,44,14,46,9,5,5,10,6,0.1,0.7000000000000001
61,5,CLF_UNION,26,12,57,14,57,9,5,5,10,6,0.1,0.7000000000000001
62,5,ORD-UNION,3,0,3,14,3,9,5,5,10,6,0.1,0.7000000000000001
63,5,CARD,28,8,42,14,47,9,5,5,10,6,0.1,0.7000000000000001
64,5,CLF_UNION,35,3,55,14,56,9,5,5,10,6,0.1,0.7000000000000001
65,5,ORD-UNION,1,0,1,14,2,9,5,5,10,6,0.1,0.7000000000000001
66,5,CARD,26,9,43,14,46,9,5,5,10,6,0.1,0.7000000000000001
67,5,CLF_UNION,26,9,54,14,55,9,5,5,10,6,0.1,0.7000000000000001
68,5,ORD-UNION,2,0,2,14,3,9,5,5,10,6,0.1,0.7000000000000001
69,5,CARD,31,3,40,14,47,9,5,5,10,6,0.1,0.7000000000000001
70,5,CLF_UNION,35,2,53,14,56,9,5,5,10,6,0.1,0.7000000000000001
71,5,ORD-UNION,7,0,7,14,10,9,5,5,10,6,0.1,0.7000000000000001
72,5,CARD,24,2,36,14,53,9,5,5,10,6,0.1,0.7000000000000001
73,5,CLF_UNION,29,2,54,14,55,9,5,5,10,6,0.1,0.7000000000000001
74,5,ORD-UNION,1,0,1,14,2,9,5,5,10,6,0.1,0.7000000000000001
75,6,CARD,33,0,40,20,50,9,5,5,10,6,0.1,0.7000000000000001
76,6,CLF_UNION,35,1,55,20,55,9,5,5,10,6,0.1,0.7000000000000001
77,6,ORD-UNION,5,0,5,20,5,9,5,5,10,6,0.1,0.7000000000000001
78,6,CARD,24,13,40,20,50,9,5,5,10,6,0.1,0.7000000000000001
79,6,CLF_UNION,24,14,55,20,55,9,5,5,10,6,0.1,0.7000000000000001
80,6,ORD-UNION,5,1,6,20,6,9,5,5,10,6,0.1,0.7000000000000001
81,6,CARD,35,1,39,20,50,9,5,5,10,6,0.1,0.7000000000000001
82,6,CLF_UNION,37,2,55,20,56,9,5,5,10,6,0.1,0.7000000000000001
83,6,ORD-UNION,7,0,7,20,8,9,5,5,10,6,0.1,0.7000000000000001
84,6,CARD,25,12,43,20,47,9,5,5,10,6,0.1,0.7000000000000001
85,6,CLF_UNION,29,12,58,20,58,9,5,5,10,6,0.1,0.7000000000000001
86,6,ORD-UNION,5,1,7,20,7,9,5,5,10,6,0.1,0.7000000000000001
87,6,CARD,23,13,40,20,49,9,5,5,10,6,0.1,0.7000000000000001
88,6,CLF_UNION,27,15,57,20,58,9,5,5,10,6,0.1,0.7000000000000001
89,6,ORD-UNION,4,1,5,20,6,9,5,5,10,6,0.1,0.7000000000000001
90,7,CARD,30,0,40,25,47,9,5,5,10,6,0.1,0.7000000000000001
91,7,CLF_UNION,30,0,52,25,55,9,5,5,10,6,0.1,0.7000000000000001
92,7,ORD-UNION,8,0,9,25,12,9,5,5,10,6,0.1,0.7000000000000001
93,7,CARD,30,2,40,25,49,9,5,5,10,6,0.1,0.7000000000000001
94,7,CLF_UNION,35,0,54,25,55,9,5,5,10,6,0.1,0.7000000000000001
95,7,ORD-UNION,13,0,13,25,14,9,5,5,10,6,0.1,0.7000000000000001
96,7,CARD,33,0,40,25,49,9,5,5,10,6,0.1,0.7000000000000001
97,7,CLF_UNION,36,0,54,25,55,9,5,5,10,6,0.1,0.7000000000000001
98,7,ORD-UNION,4,0,5,25,6,9,5,5,10,6,0.1,0.7000000000000001
99,7,CARD,25,9,37,25,50,9,5,5,10,6,0.1,0.7000000000000001
100,7,CLF_UNION,27,10,52,25,55,9,5,5,10,6,0.1,0.7000000000000001
101,7,ORD-UNION,10,0,10,25,13,9,5,5,10,6,0.1,0.7000000000000001
102,7,CARD,26,9,41,25,49,9,5,5,10,6,0.1,0.7000000000000001
103,7,CLF_UNION,28,9,55,25,55,9,5,5,10,6,0.1,0.7000000000000001
104,7,ORD-UNION,8,1,10,25,10,9,5,5,10,6,0.1,0.7000000000000001
105,8,CARD,33,0,37,32,50,9,5,5,10,6,0.1,0.7000000000000001
106,8,CLF_UNION,35,0,52,32,55,9,5,5,10,6,0.1,0.7000000000000001
107,8,ORD-UNION,8,0,8,32,11,9,5,5,10,6,0.1,0.7000000000000001
108,8,CARD,26,9,39,32,49,9,5,5,10,6,0.1,0.7000000000000001
109,8,CLF_UNION,27,9,54,32,56,9,5,5,10,6,0.1,0.7000000000000001
110,8,ORD-UNION,6,0,6,32,8,9,5,5,10,6,0.1,0.7000000000000001
111,8,CARD,31,0,37,32,50,9,5,5,10,6,0.1,0.7000000000000001
112,8,CLF_UNION,33,0,52,32,55,9,5,5,10,6,0.1,0.7000000000000001
113,8,ORD-UNION,6,0,6,32,9,9,5,5,10,6,0.1,0.7000000000000001
114,8,CARD,34,1,40,32,49,9,5,5,10,6,0.1,0.7000000000000001
115,8,CLF_UNION,35,1,54,32,55,9,5,5,10,6,0.1,0.7000000000000001
116,8,ORD-UNION,7,0,8,32,9,9,5,5,10,6,0.1,0.7000000000000001
117,8,CARD,34,0,41,32,48,9,5,5,10,6,0.1,0.7000000000000001
118,8,CLF_UNION,36,0,54,32,55,9,5,5,10,6,0.1,0.7000000000000001
119,8,ORD-UNION,3,0,3,32,4,9,5,5,10,6,0.1,0.7000000000000001
120,9,CARD,37,0,40,40,50,9,5,5,10,6,0.1,0.7000000000000001
121,9,CLF_UNION,39,0,55,40,55,9,5,5,10,6,0.1,0.7000000000000001
122,9,ORD-UNION,8,0,8,40,8,9,5,5,10,6,0.1,0.7000000000000001
123,9,CARD,28,9,41,40,48,9,5,5,10,6,0.1,0.7000000000000001
124,9,CLF_UNION,30,9,54,40,55,9,5,5,10,6,0.1,0.7000000000000001
125,9,ORD-UNION,10,5,15,40,16,9,5,5,10,6,0.1,0.7000000000000001
126,9,CARD,30,0,38,40,49,9,5,5,10,6,0.1,0.7000000000000001
127,9,CLF_UNION,32,0,52,40,55,9,5,5,10,6,0.1,0.7000000000000001
128,9,ORD-UNION,18,0,20,40,23,9,5,5,10,6,0.1,0.7000000000000001
129,9,CARD,32,0,36,40,48,9,5,5,10,6,0.1,0.7000000000000001
130,9,CLF_UNION,33,1,50,40,56,9,5,5,10,6,0.1,0.7000000000000001
131,9,ORD-UNION,10,0,11,40,17,9,5,5,10,6,0.1,0.7000000000000001
132,9,CARD,36,0,40,40,47,9,5,5,10,6,0.1,0.7000000000000001
133,9,CLF_UNION,36,0,53,40,56,9,5,5,10,6,0.1,0.7000000000000001
134,9,ORD-UNION,17,0,18,40,21,9,5,5,10,6,0.1,0.7000000000000001
135,10,CARD,23,10,37,49,47,9,5,5,10,6,0.1,0.7000000000000001
136,10,CLF_UNION,25,9,49,49,55,9,5,5,10,6,0.1,0.7000000000000001
137,10,ORD-UNION,12,3,16,49,22,9,5,5,10,6,0.1,0.7000000000000001
138,10,CARD,25,5,35,49,50,9,5,5,10,6,0.1,0.7000000000000001
139,10,CLF_UNION,34,0,50,49,55,9,5,5,10,6,0.1,0.7000000000000001
140,10,ORD-UNION,13,0,14,49,19,9,5,5,10,6,0.1,0.7000000000000001
141,10,CARD,29,0,33,49,48,9,5,5,10,6,0.1,0.7000000000000001
142,10,CLF_UNION,30,0,46,49,55,9,5,5,10,6,0.1,0.7000000000000001
143,10,ORD-UNION,13,0,13,49,22,9,5,5,10,6,0.1,0.7000000000000001
144,10,CARD,27,7,41,49,48,9,5,5,10,6,0.1,0.7000000000000001
145,10,CLF_UNION,35,1,54,49,55,9,5,5,10,6,0.1,0.7000000000000001
146,10,ORD-UNION,10,0,11,49,12,9,5,5,10,6,0.1,0.7000000000000001
147,10,CARD,28,8,42,49,47,9,5,5,10,6,0.1,0.7000000000000001
148,10,CLF_UNION,37,1,54,49,55,9,5,5,10,6,0.1,0.7000000000000001
149,10,ORD-UNION,12,0,12,49,13,9,5,5,10,6,0.1,0.7000000000000001
150,11,CARD,24,12,40,57,47,9,5,5,10,6,0.1,0.7000000000000001
151,11,CLF_UNION,28,10,53,57,56,9,5,5,10,6,0.1,0.7000000000000001
152,11,ORD-UNION,12,4,16,57,19,9,5,5,10,6,0.1,0.7000000000000001
153,11,CARD,33,4,43,57,47,9,5,5,10,6,0.1,0.7000000000000001
154,11,CLF_UNION,35,2,55,57,55,9,5,5,10,6,0.1,0.7000000000000001
155,11,ORD-UNION,11,0,11,57,11,9,5,5,10,6,0.1,0.7000000000000001
156,11,CARD,28,1,33,57,48,9,5,5,10,6,0.1,0.7000000000000001
157,11,CLF_UNION,29,1,46,57,55,9,5,5,10,6,0.1,0.7000000000000001
158,11,ORD-UNION,19,0,20,57,29,9,5,5,10,6,0.1,0.7000000000000001
159,11,CARD,23,10,37,57,49,9,5,5,10,6,0.1,0.7000000000000001
160,11,CLF_UNION,25,9,51,57,55,9,5,5,10,6,0.1,0.7000000000000001
161,11,ORD-UNION,15,2,18,57,22,9,5,5,10,6,0.1,0.7000000000000001
162,11,CARD,22,12,40,57,47,9,5,5,10,6,0.1,0.7000000000000001
163,11,CLF_UNION,23,12,52,57,55,9,5,5,10,6,0.1,0.7000000000000001
164,11,ORD-UNION,11,4,15,57,18,9,5,5,10,6,0.1,0.7000000000000001
165,12,CARD,25,12,40,67,48,9,5,5,10,6,0.1,0.7000000000000001
166,12,CLF_UNION,29,9,54,67,56,9,5,5,10,6,0.1,0.7000000000000001
167,12,ORD-UNION,12,7,19,67,21,9,5,5,10,6,0.1,0.7000000000000001
168,12,CARD,26,2,38,67,50,9,5,5,10,6,0.1,0.7000000000000001
169,12,CLF_UNION,29,2,53,67,55,9,5,5,10,6,0.1,0.7000000000000001
170,12,ORD-UNION,10,0,12,67,14,9,5,5,10,6,0.1,0.7000000000000001
171,12,CARD,28,2,37,67,48,9,5,5,10,6,0.1,0.7000000000000001
172,12,CLF_UNION,31,1,51,67,56,9,5,5,10,6,0.1,0.7000000000000001
173,12,ORD-UNION,16,0,17,67,22,9,5,5,10,6,0.1,0.7000000000000001
174,12,CARD,27,3,38,67,47,9,5,5,10,6,0.1,0.7000000000000001
175,12,CLF_UNION,30,0,52,67,57,9,5,5,10,6,0.1,0.7000000000000001
176,12,ORD-UNION,12,0,12,67,17,9,5,5,10,6,0.1,0.7000000000000001
177,12,CARD,23,2,34,67,51,9,5,5,10,6,0.1,0.7000000000000001
178,12,CLF_UNION,29,0,50,67,55,9,5,5,10,6,0.1,0.7000000000000001
179,12,ORD-UNION,7,0,8,67,13,9,5,5,10,6,0.1,0.7000000000000001
180,13,CARD,20,11,40,78,45,9,5,5,10,6,0.1,0.7000000000000001
181,13,CLF_UNION,22,9,50,78,55,9,5,5,10,6,0.1,0.7000000000000001
182,13,ORD-UNION,6,8,14,78,19,9,5,5,10,6,0.1,0.7000000000000001
183,13,CARD,30,0,38,78,47,9,5,5,10,6,0.1,0.7000000000000001
184,13,CLF_UNION,32,1,51,78,56,9,5,5,10,6,0.1,0.7000000000000001
185,13,ORD-UNION,12,0,12,78,17,9,5,5,10,6,0.1,0.7000000000000001
186,13,CARD,22,9,41,78,46,9,5,5,10,6,0.1,0.7000000000000001
187,13,CLF_UNION,22,9,52,78,55,9,5,5,10,6,0.1,0.7000000000000001
188,13,ORD-UNION,12,7,21,78,24,9,5,5,10,6,0.1,0.7000000000000001
189,13,CARD,23,0,31,78,47,9,5,5,10,6,0.1,0.7000000000000001
190,13,CLF_UNION,25,0,44,78,56,9,5,5,10,6,0.1,0.7000000000000001
191,13,ORD-UNION,14,0,14,78,26,9,5,5,10,6,0.1,0.7000000000000001
192,13,CARD,21,11,37,78,47,9,5,5,10,6,0.1,0.7000000000000001
193,13,CLF_UNION,23,10,50,78,56,9,5,5,10,6,0.1,0.7000000000000001
194,13,ORD-UNION,12,8,21,78,27,9,5,5,10,6,0.1,0.7000000000000001
195,14,CARD,21,9,37,91,47,9,5,5,10,6,0.1,0.7000000000000001
196,14,CLF_UNION,21,9,49,91,55,9,5,5,10,6,0.1,0.7000000000000001
197,14,ORD-UNION,15,9,24,91,30,9,5,5,10,6,0.1,0.7000000000000001
198,14,CARD,21,11,38,91,49,9,5,5,10,6,0.1,0.7000000000000001
199,14,CLF_UNION,25,9,52,91,55,9,5,5,10,6,0.1,0.7000000000000001
200,14,ORD-UNION,19,9,30,91,33,9,5,5,10,6,0.1,0.7000000000000001
201,14,CARD,22,9,34,91,47,9,5,5,10,6,0.1,0.7000000000000001
202,14,CLF_UNION,22,9,46,91,55,9,5,5,10,6,0.1,0.7000000000000001
203,14,ORD-UNION,20,9,30,91,39,9,5,5,10,6,0.1,0.7000000000000001
204,14,CARD,25,3,35,91,47,9,5,5,10,6,0.1,0.7000000000000001
205,14,CLF_UNION,28,0,47,91,55,9,5,5,10,6,0.1,0.7000000000000001
206,14,ORD-UNION,16,0,16,91,24,9,5,5,10,6,0.1,0.7000000000000001
207,14,CARD,21,10,35,91,46,9,5,5,10,6,0.1,0.7000000000000001
208,14,CLF_UNION,22,9,46,91,55,9,5,5,10,6,0.1,0.7000000000000001
209,14,ORD-UNION,17,9,28,91,37,9,5,5,10,6,0.1,0.7000000000000001
210,15,CARD,22,10,35,104,46,9,5,5,10,6,0.1,0.7000000000000001
211,15,CLF_UNION,23,9,46,104,55,9,5,5,10,6,0.1,0.7000000000000001
212,15,ORD-UNION,13,9,22,104,31,9,5,5,10,6,0.1,0.7000000000000001
213,15,CARD,21,9,37,104,48,9,5,5,10,6,0.1,0.7000000000000001
214,15,CLF_UNION,21,9,50,104,55,9,5,5,10,6,0.1,0.7000000000000001
215,15,ORD-UNION,17,9,30,104,35,9,5,5,10,6,0.1,0.7000000000000001
216,15,CARD,24,1,29,104,47,9,5,5,10,6,0.1,0.7000000000000001
217,15,CLF_UNION,25,0,41,104,55,9,5,5,10,6,0.1,0.7000000000000001
218,15,ORD-UNION,18,0,19,104,33,9,5,5,10,6,0.1,0.7000000000000001
219,15,CARD,37,0,42,104,46,9,5,5,10,6,0.1,0.7000000000000001
220,15,CLF_UNION,36,1,53,104,55,9,5,5,10,6,0.1,0.7000000000000001
221,15,ORD-UNION,28,0,30,104,32,9,5,5,10,6,0.1,0.7000000000000001
222,15,CARD,32,3,40,104,47,9,5,5,10,6,0.1,0.7000000000000001
223,15,CLF_UNION,36,0,52,104,55,9,5,5,10,6,0.1,0.7000000000000001
224,15,ORD-UNION,25,0,28,104,31,9,5,5,10,6,0.1,0.7000000000000001
225,16,CARD,17,0,24,117,48,9,5,5,10,6,0.1,0.7000000000000001
226,16,CLF_UNION,19,0,38,117,56,9,5,5,10,6,0.1,0.7000000000000001
227,16,ORD-UNION,13,0,17,117,35,9,5,5,10,6,0.1,0.7000000000000001
228,16,CARD,17,0,26,117,52,9,5,5,10,6,0.1,0.7000000000000001
229,16,CLF_UNION,17,0,48,117,60,9,5,5,10,6,0.1,0.7000000000000001
230,16,ORD-UNION,15,0,19,117,31,9,5,5,10,6,0.1,0.7000000000000001
231,16,CARD,23,0,27,117,50,9,5,5,10,6,0.1,0.7000000000000001
232,16,CLF_UNION,26,0,44,117,57,9,5,5,10,6,0.1,0.7000000000000001
233,16,ORD-UNION,17,0,17,117,30,9,5,5,10,6,0.1,0.7000000000000001
234,16,CARD,11,0,18,117,47,9,5,5,10,6,0.1,0.7000000000000001
235,16,CLF_UNION,12,0,31,117,56,9,5,5,10,6,0.1,0.7000000000000001
236,16,ORD-UNION,9,0,12,117,37,9,5,5,10,6,0.1,0.7000000000000001
237,16,CARD,25,0,31,117,48,9,5,5,10,6,0.1,0.7000000000000001
238,16,CLF_UNION,25,0,46,117,57,9,5,5,10,6,0.1,0.7000000000000001
239,16,ORD-UNION,19,0,20,117,31,9,5,5,10,6,0.1,0.7000000000000001
240,17,CARD,23,10,33,130,51,9,5,5,10,6,0.1,0.7000000000000001
241,17,CLF_UNION,23,10,50,130,56,9,5,5,10,6,0.1,0.7000000000000001
242,17,ORD-UNION,21,9,30,130,36,9,5,5,10,6,0.1,0.7000000000000001
243,17,CARD,22,0,29,130,48,9,5,5,10,6,0.1,0.7000000000000001
244,17,CLF_UNION,23,0,42,130,55,9,5,5,10,6,0.1,0.7000000000000001
245,17,ORD-UNION,17,0,17,130,30,9,5,5,10,6,0.1,0.7000000000000001
246,17,CARD,22,0,29,130,52,9,5,5,10,6,0.1,0.7000000000000001
247,17,CLF_UNION,25,0,48,130,57,9,5,5,10,6,0.1,0.7000000000000001
248,17,ORD-UNION,17,0,18,130,27,9,5,5,10,6,0.1,0.7000000000000001
249,17,CARD,19,11,35,130,46,9,5,5,10,6,0.1,0.7000000000000001
250,17,CLF_UNION,21,11,47,130,56,9,5,5,10,6,0.1,0.7000000000000001
251,17,ORD-UNION,13,9,24,130,33,9,5,5,10,6,0.1,0.7000000000000001
252,17,CARD,21,9,37,130,46,9,5,5,10,6,0.1,0.7000000000000001
253,17,CLF_UNION,22,10,49,130,56,9,5,5,10,6,0.1,0.7000000000000001
254,17,ORD-UNION,15,9,25,130,32,9,5,5,10,6,0.1,0.7000000000000001
255,18,CARD,15,0,18,145,49,9,5,5,10,6,0.1,0.7000000000000001
256,18,CLF_UNION,15,0,35,145,58,9,5,5,10,6,0.1,0.7000000000000001
257,18,ORD-UNION,14,0,16,145,39,9,5,5,10,6,0.1,0.7000000000000001
258,18,CARD,15,0,19,145,50,9,5,5,10,6,0.1,0.7000000000000001
259,18,CLF_UNION,15,1,36,145,57,9,5,5,10,6,0.1,0.7000000000000001
260,18,ORD-UNION,12,0,12,145,33,9,5,5,10,6,0.1,0.7000000000000001
261,18,CARD,11,1,18,145,48,9,5,5,10,6,0.1,0.7000000000000001
262,18,CLF_UNION,13,0,33,145,57,9,5,5,10,6,0.1,0.7000000000000001
263,18,ORD-UNION,9,0,10,145,34,9,5,5,10,6,0.1,0.7000000000000001
264,18,CARD,16,0,18,145,50,9,5,5,10,6,0.1,0.7000000000000001
265,18,CLF_UNION,16,0,36,145,58,9,5,5,10,6,0.1,0.7000000000000001
266,18,ORD-UNION,14,0,15,145,37,9,5,5,10,6,0.1,0.7000000000000001
267,18,CARD,17,10,31,145,46,9,5,5,10,6,0.1,0.7000000000000001
268,18,CLF_UNION,18,10,43,145,56,9,5,5,10,6,0.1,0.7000000000000001
269,18,ORD-UNION,16,9,26,145,39,9,5,5,10,6,0.1,0.7000000000000001
270,19,CARD,19,2,24,162,48,9,5,5,10,6,0.1,0.7000000000000001
271,19,CLF_UNION,21,0,38,162,56,9,5,5,10,6,0.1,0.7000000000000001
272,19,ORD-UNION,14,0,14,162,32,9,5,5,10,6,0.1,0.7000000000000001
273,19,CARD,13,1,18,162,47,9,5,5,10,6,0.1,0.7000000000000001
274,19,CLF_UNION,14,2,32,162,57,9,5,5,10,6,0.1,0.7000000000000001
275,19,ORD-UNION,11,0,13,162,38,9,5,5,10,6,0.1,0.7000000000000001
276,19,CARD,16,11,29,162,48,9,5,5,10,6,0.1,0.7000000000000001
277,19,CLF_UNION,18,12,45,162,58,9,5,5,10,6,0.1,0.7000000000000001
278,19,ORD-UNION,16,9,25,162,38,9,5,5,10,6,0.1,0.7000000000000001
279,19,CARD,12,2,19,162,50,9,5,5,10,6,0.1,0.7000000000000001
280,19,CLF_UNION,14,2,38,162,59,9,5,5,10,6,0.1,0.7000000000000001
281,19,ORD-UNION,12,0,13,162,34,9,5,5,10,6,0.1,0.7000000000000001
282,19,CARD,14,10,29,162,47,9,5,5,10,6,0.1,0.7000000000000001
283,19,CLF_UNION,17,10,42,162,56,9,5,5,10,6,0.1,0.7000000000000001
284,19,ORD-UNION,14,9,24,162,38,9,5,5,10,6,0.1,0.7000000000000001
285,20,CARD,20,10,35,178,46,9,5,5,10,6,0.1,0.7000000000000001
286,20,CLF_UNION,22,9,46,178,55,9,5,5,10,6,0.1,0.7000000000000001
287,20,ORD-UNION,18,9,30,178,39,9,5,5,10,6,0.1,0.7000000000000001
288,20,CARD,18,0,26,178,47,9,5,5,10,6,0.1,0.7000000000000001
289,20,CLF_UNION,18,0,39,178,56,9,5,5,10,6,0.1,0.7000000000000001
290,20,ORD-UNION,15,0,15,178,32,9,5,5,10,6,0.1,0.7000000000000001
291,20,CARD,13,9,28,178,49,9,5,5,10,6,0.1,0.7000000000000001
292,20,CLF_UNION,16,10,43,178,56,9,5,5,10,6,0.1,0.7000000000000001
293,20,ORD-UNION,12,9,23,178,36,9,5,5,10,6,0.1,0.7000000000000001
294,20,CARD,11,9,27,178,46,9,5,5,10,6,0.1,0.7000000000000001
295,20,CLF_UNION,12,9,39,178,56,9,5,5,10,6,0.1,0.7000000000000001
296,20,ORD-UNION,9,9,20,178,37,9,5,5,10,6,0.1,0.7000000000000001
297,20,CARD,11,10,25,178,46,9,5,5,10,6,0.1,0.7000000000000001
298,20,CLF_UNION,12,9,37,178,56,9,5,5,10,6,0.1,0.7000000000000001
299,20,ORD-UNION,9,9,19,178,38,9,5,5,10,6,0.1,0.7000000000000001
300,21,CARD,0,0,8,194,47,9,5,5,10,6,0.1,0.7000000000000001
301,21,CLF_UNION,0,0,20,194,55,9,5,5,10,6,0.1,0.7000000000000001
302,21,ORD-UNION,0,0,2,194,37,9,5,5,10,6,0.1,0.7000000000000001
303,21,CARD,17,9,30,194,47,9,5,5,10,6,0.1,0.7000000000000001
304,21,CLF_UNION,17,9,42,194,55,9,5,5,10,6,0.1,0.7000000000000001
305,21,ORD-UNION,15,9,26,194,39,9,5,5,10,6,0.1,0.7000000000000001
306,21,CARD,9,9,29,194,46,9,5,5,10,6,0.1,0.7000000000000001
307,21,CLF_UNION,9,9,40,194,55,9,5,5,10,6,0.1,0.7000000000000001
308,21,ORD-UNION,9,9,20,194,35,9,5,5,10,6,0.1,0.7000000000000001
309,21,CARD,16,0,19,194,49,9,5,5,10,6,0.1,0.7000000000000001
310,21,CLF_UNION,16,0,34,194,56,9,5,5,10,6,0.1,0.7000000000000001
311,21,ORD-UNION,13,0,14,194,36,9,5,5,10,6,0.1,0.7000000000000001
312,21,CARD,13,0,20,194,46,9,5,5,10,6,0.1,0.7000000000000001
313,21,CLF_UNION,13,0,31,194,55,9,5,5,10,6,0.1,0.7000000000000001
314,21,ORD-UNION,13,0,15,194,39,9,5,5,10,6,0.1,0.7000000000000001
315,22,CARD,4,9,17,213,49,9,5,5,10,6,0.1,0.7000000000000001
316,22,CLF_UNION,6,9,31,213,55,9,5,5,10,6,0.1,0.7000000000000001
317,22,ORD-UNION,4,9,15,213,39,9,5,5,10,6,0.1,0.7000000000000001
318,22,CARD,17,0,23,213,48,9,5,5,10,6,0.1,0.7000000000000001
319,22,CLF_UNION,19,0,36,213,55,9,5,5,10,6,0.1,0.7000000000000001
320,22,ORD-UNION,15,0,17,213,36,9,5,5,10,6,0.1,0.7000000000000001
321,22,CARD,14,0,20,213,47,9,5,5,10,6,0.1,0.7000000000000001
322,22,CLF_UNION,15,0,33,213,56,9,5,5,10,6,0.1,0.7000000000000001
323,22,ORD-UNION,14,0,14,213,37,9,5,5,10,6,0.1,0.7000000000000001
324,22,CARD,12,10,27,213,50,9,5,5,10,6,0.1,0.7000000000000001
325,22,CLF_UNION,16,10,43,213,56,9,5,5,10,6,0.1,0.7000000000000001
326,22,ORD-UNION,11,9,23,213,36,9,5,5,10,6,0.1,0.7000000000000001
327,22,CARD,15,9,29,213,47,9,5,5,10,6,0.1,0.7000000000000001
328,22,CLF_UNION,17,9,41,213,55,9,5,5,10,6,0.1,0.7000000000000001
329,22,ORD-UNION,15,9,24,213,38,9,5,5,10,6,0.1,0.7000000000000001
