,budget,model,correct,wrong,total,n_pref_input,n_pref_output,theta_size,theta_additivity,n_items,n_test_subsets,n_tiers,alpha,p
0,1,CARD,12,7,25,1,65,9,5,5,10,9,0.1,0.7000000000000001
1,1,CLF_UNION,36,13,73,1,73,9,5,5,10,9,0.1,0.7000000000000001
2,1,ORD-UNION,0,0,0,1,0,9,5,5,10,9,0.1,0.7000000000000001
3,1,CARD,21,1,24,1,66,9,5,5,10,9,0.1,0.7000000000000001
4,1,CLF_UNION,37,10,63,1,63,9,5,5,10,9,0.1,0.7000000000000001
5,1,ORD-UNION,1,0,1,1,1,9,5,5,10,9,0.1,0.7000000000000001
6,1,CARD,15,3,21,1,69,9,5,5,10,9,0.1,0.7000000000000001
7,1,CLF_UNION,34,19,68,1,68,9,5,5,10,9,0.1,0.7000000000000001
8,1,ORD-UNION,0,0,0,1,0,9,5,5,10,9,0.1,0.7000000000000001
9,1,CARD,20,3,24,1,66,9,5,5,10,9,0.1,0.7000000000000001
10,1,CLF_UNION,41,19,71,1,71,9,5,5,10,9,0.1,0.7000000000000001
11,1,ORD-UNION,0,0,0,1,0,9,5,5,10,9,0.1,0.7000000000000001
12,1,CARD,19,1,24,1,66,9,5,5,10,9,0.1,0.7000000000000001
13,1,CLF_UNION,32,18,68,1,68,9,5,5,10,9,0.1,0.7000000000000001
14,1,ORD-UNION,0,0,0,1,0,9,5,5,10,9,0.1,0.7000000000000001
15,2,CARD,19,11,36,3,53,9,5,5,10,9,0.1,0.7000000000000001
16,2,CLF_UNION,26,18,60,3,61,9,5,5,10,9,0.1,0.7000000000000001
17,2,ORD-UNION,1,0,1,3,2,9,5,5,10,9,0.1,0.7000000000000001
18,2,CARD,20,6,33,3,57,9,5,5,10,9,0.1,0.7000000000000001
19,2,CLF_UNION,33,11,61,3,61,9,5,5,10,9,0.1,0.7000000000000001
20,2,ORD-UNION,1,0,1,3,1,9,5,5,10,9,0.1,0.7000000000000001
21,2,CARD,25,9,37,3,53,9,5,5,10,9,0.1,0.7000000000000001
22,2,CLF_UNION,34,12,59,3,59,9,5,5,10,9,0.1,0.7000000000000001
23,2,ORD-UNION,1,0,1,3,1,9,5,5,10,9,0.1,0.7000000000000001
24,2,CARD,24,11,37,3,53,9,5,5,10,9,0.1,0.7000000000000001
25,2,CLF_UNION,38,11,61,3,61,9,5,5,10,9,0.1,0.7000000000000001
26,2,ORD-UNION,4,0,4,3,4,9,5,5,10,9,0.1,0.7000000000000001
27,2,CARD,22,11,37,3,53,9,5,5,10,9,0.1,0.7000000000000001
28,2,CLF_UNION,34,12,60,3,60,9,5,5,10,9,0.1,0.7000000000000001
29,2,ORD-UNION,5,0,5,3,5,9,5,5,10,9,0.1,0.7000000000000001
30,3,CARD,27,6,39,5,51,9,5,5,10,9,0.1,0.7000000000000001
31,3,CLF_UNION,39,2,59,5,59,9,5,5,10,9,0.1,0.7000000000000001
32,3,ORD-UNION,4,0,4,5,4,9,5,5,10,9,0.1,0.7000000000000001
33,3,CARD,34,0,40,5,50,9,5,5,10,9,0.1,0.7000000000000001
34,3,CLF_UNION,37,5,61,5,61,9,5,5,10,9,0.1,0.7000000000000001
35,3,ORD-UNION,2,0,2,5,2,9,5,5,10,9,0.1,0.7000000000000001
36,3,CARD,26,5,39,5,50,9,5,5,10,9,0.1,0.7000000000000001
37,3,CLF_UNION,32,5,58,5,59,9,5,5,10,9,0.1,0.7000000000000001
38,3,ORD-UNION,2,0,2,5,3,9,5,5,10,9,0.1,0.7000000000000001
39,3,CARD,16,13,31,5,58,9,5,5,10,9,0.1,0.7000000000000001
40,3,CLF_UNION,42,5,61,5,62,9,5,5,10,9,0.1,0.7000000000000001
41,3,ORD-UNION,0,0,0,5,1,9,5,5,10,9,0.1,0.7000000000000001
42,3,CARD,27,7,38,5,52,9,5,5,10,9,0.1,0.7000000000000001
43,3,CLF_UNION,38,7,59,5,59,9,5,5,10,9,0.1,0.7000000000000001
44,3,ORD-UNION,4,0,4,5,4,9,5,5,10,9,0.1,0.7000000000000001
45,4,CARD,22,10,36,8,53,9,5,5,10,9,0.1,0.7000000000000001
46,4,CLF_UNION,35,8,59,8,60,9,5,5,10,9,0.1,0.7000000000000001
47,4,ORD-UNION,4,0,4,8,5,9,5,5,10,9,0.1,0.7000000000000001
48,4,CARD,28,5,35,8,55,9,5,5,10,9,0.1,0.7000000000000001
49,4,CLF_UNION,42,6,60,8,60,9,5,5,10,9,0.1,0.7000000000000001
50,4,ORD-UNION,2,0,2,8,2,9,5,5,10,9,0.1,0.7000000000000001
51,4,CARD,26,8,38,8,52,9,5,5,10,9,0.1,0.7000000000000001
52,4,CLF_UNION,38,10,62,8,62,9,5,5,10,9,0.1,0.7000000000000001
53,4,ORD-UNION,2,0,2,8,2,9,5,5,10,9,0.1,0.7000000000000001
54,4,CARD,30,7,40,8,50,9,5,5,10,9,0.1,0.7000000000000001
55,4,CLF_UNION,40,6,61,8,61,9,5,5,10,9,0.1,0.7000000000000001
56,4,ORD-UNION,4,0,4,8,4,9,5,5,10,9,0.1,0.7000000000000001
57,4,CARD,27,6,39,8,51,9,5,5,10,9,0.1,0.7000000000000001
58,4,CLF_UNION,36,6,60,8,60,9,5,5,10,9,0.1,0.7000000000000001
59,4,ORD-UNION,1,0,1,8,1,9,5,5,10,9,0.1,0.7000000000000001
60,5,CARD,33,3,42,13,48,9,5,5,10,9,0.1,0.7000000000000001
61,5,CLF_UNION,39,3,62,13,62,9,5,5,10,9,0.1,0.7000000000000001
62,5,ORD-UNION,3,0,3,13,3,9,5,5,10,9,0.1,0.7000000000000001
63,5,CARD,29,5,39,13,51,9,5,5,10,9,0.1,0.7000000000000001
64,5,CLF_UNION,35,6,60,13,60,9,5,5,10,9,0.1,0.7000000000000001
65,5,ORD-UNION,2,0,2,13,2,9,5,5,10,9,0.1,0.7000000000000001
66,5,CARD,32,4,40,13,49,9,5,5,10,9,0.1,0.7000000000000001
67,5,CLF_UNION,37,3,57,13,58,9,5,5,10,9,0.1,0.7000000000000001
68,5,ORD-UNION,5,0,5,13,6,9,5,5,10,9,0.1,0.7000000000000001
69,5,CARD,28,6,39,13,49,9,5,5,10,9,0.1,0.7000000000000001
70,5,CLF_UNION,37,3,57,13,59,9,5,5,10,9,0.1,0.7000000000000001
71,5,ORD-UNION,1,0,1,13,3,9,5,5,10,9,0.1,0.7000000000000001
72,5,CARD,31,5,40,13,49,9,5,5,10,9,0.1,0.7000000000000001
73,5,CLF_UNION,35,5,59,13,60,9,5,5,10,9,0.1,0.7000000000000001
74,5,ORD-UNION,5,0,5,13,6,9,5,5,10,9,0.1,0.7000000000000001
75,6,CARD,33,3,43,19,47,9,5,5,10,9,0.1,0.7000000000000001
76,6,CLF_UNION,38,0,56,19,56,9,5,5,10,9,0.1,0.7000000000000001
77,6,ORD-UNION,11,0,11,19,11,9,5,5,10,9,0.1,0.7000000000000001
78,6,CARD,31,6,41,19,49,9,5,5,10,9,0.1,0.7000000000000001
79,6,CLF_UNION,38,2,55,19,55,9,5,5,10,9,0.1,0.7000000000000001
80,6,ORD-UNION,7,0,7,19,7,9,5,5,10,9,0.1,0.7000000000000001
81,6,CARD,31,3,41,19,49,9,5,5,10,9,0.1,0.7000000000000001
82,6,CLF_UNION,37,0,55,19,55,9,5,5,10,9,0.1,0.7000000000000001
83,6,ORD-UNION,4,0,4,19,4,9,5,5,10,9,0.1,0.7000000000000001
84,6,CARD,36,3,42,19,48,9,5,5,10,9,0.1,0.7000000000000001
85,6,CLF_UNION,41,1,55,19,55,9,5,5,10,9,0.1,0.7000000000000001
86,6,ORD-UNION,17,0,17,19,17,9,5,5,10,9,0.1,0.7000000000000001
87,6,CARD,31,5,42,19,48,9,5,5,10,9,0.1,0.7000000000000001
88,6,CLF_UNION,34,4,55,19,55,9,5,5,10,9,0.1,0.7000000000000001
89,6,ORD-UNION,10,0,10,19,10,9,5,5,10,9,0.1,0.7000000000000001
90,7,CARD,35,2,39,26,48,9,5,5,10,9,0.1,0.7000000000000001
91,7,CLF_UNION,38,2,54,26,57,9,5,5,10,9,0.1,0.7000000000000001
92,7,ORD-UNION,10,0,10,26,13,9,5,5,10,9,0.1,0.7000000000000001
93,7,CARD,32,5,41,26,48,9,5,5,10,9,0.1,0.7000000000000001
94,7,CLF_UNION,37,3,55,26,56,9,5,5,10,9,0.1,0.7000000000000001
95,7,ORD-UNION,13,0,13,26,14,9,5,5,10,9,0.1,0.7000000000000001
96,7,CARD,33,5,42,26,48,9,5,5,10,9,0.1,0.7000000000000001
97,7,CLF_UNION,38,2,55,26,55,9,5,5,10,9,0.1,0.7000000000000001
98,7,ORD-UNION,19,0,19,26,19,9,5,5,10,9,0.1,0.7000000000000001
99,7,CARD,39,0,39,26,49,9,5,5,10,9,0.1,0.7000000000000001
100,7,CLF_UNION,39,1,55,26,57,9,5,5,10,9,0.1,0.7000000000000001
101,7,ORD-UNION,17,0,17,26,19,9,5,5,10,9,0.1,0.7000000000000001
102,7,CARD,39,2,43,26,47,9,5,5,10,9,0.1,0.7000000000000001
103,7,CLF_UNION,41,1,56,26,56,9,5,5,10,9,0.1,0.7000000000000001
104,7,ORD-UNION,23,0,23,26,23,9,5,5,10,9,0.1,0.7000000000000001
105,8,CARD,33,2,39,33,48,9,5,5,10,9,0.1,0.7000000000000001
106,8,CLF_UNION,37,0,52,33,55,9,5,5,10,9,0.1,0.7000000000000001
107,8,ORD-UNION,12,0,12,33,15,9,5,5,10,9,0.1,0.7000000000000001
108,8,CARD,29,7,41,33,47,9,5,5,10,9,0.1,0.7000000000000001
109,8,CLF_UNION,36,0,53,33,55,9,5,5,10,9,0.1,0.7000000000000001
110,8,ORD-UNION,17,0,17,33,19,9,5,5,10,9,0.1,0.7000000000000001
111,8,CARD,31,4,41,33,46,9,5,5,10,9,0.1,0.7000000000000001
112,8,CLF_UNION,35,0,52,33,55,9,5,5,10,9,0.1,0.7000000000000001
113,8,ORD-UNION,10,0,10,33,13,9,5,5,10,9,0.1,0.7000000000000001
114,8,CARD,34,7,44,33,45,9,5,5,10,9,0.1,0.7000000000000001
115,8,CLF_UNION,40,1,54,33,55,9,5,5,10,9,0.1,0.7000000000000001
116,8,ORD-UNION,9,0,9,33,10,9,5,5,10,9,0.1,0.7000000000000001
117,8,CARD,36,2,40,33,49,9,5,5,10,9,0.1,0.7000000000000001
118,8,CLF_UNION,38,2,54,33,55,9,5,5,10,9,0.1,0.7000000000000001
119,8,ORD-UNION,13,0,13,33,14,9,5,5,10,9,0.1,0.7000000000000001
120,9,CARD,34,5,42,42,48,9,5,5,10,9,0.1,0.7000000000000001
121,9,CLF_UNION,40,3,57,42,57,9,5,5,10,9,0.1,0.7000000000000001
122,9,ORD-UNION,16,0,16,42,16,9,5,5,10,9,0.1,0.7000000000000001
123,9,CARD,35,7,44,42,45,9,5,5,10,9,0.1,0.7000000000000001
124,9,CLF_UNION,42,0,55,42,56,9,5,5,10,9,0.1,0.7000000000000001
125,9,ORD-UNION,18,0,19,42,20,9,5,5,10,9,0.1,0.7000000000000001
126,9,CARD,34,1,41,42,46,9,5,5,10,9,0.1,0.7000000000000001
127,9,CLF_UNION,35,1,55,42,58,9,5,5,10,9,0.1,0.7000000000000001
128,9,ORD-UNION,11,0,11,42,14,9,5,5,10,9,0.1,0.7000000000000001
129,9,CARD,30,2,38,42,47,9,5,5,10,9,0.1,0.7000000000000001
130,9,CLF_UNION,33,0,50,42,55,9,5,5,10,9,0.1,0.7000000000000001
131,9,ORD-UNION,14,0,15,42,20,9,5,5,10,9,0.1,0.7000000000000001
132,9,CARD,35,1,40,42,47,9,5,5,10,9,0.1,0.7000000000000001
133,9,CLF_UNION,37,2,55,42,58,9,5,5,10,9,0.1,0.7000000000000001
134,9,ORD-UNION,11,0,11,42,14,9,5,5,10,9,0.1,0.7000000000000001
135,10,CARD,37,0,39,51,45,9,5,5,10,9,0.1,0.7000000000000001
136,10,CLF_UNION,37,0,50,51,56,9,5,5,10,9,0.1,0.7000000000000001
137,10,ORD-UNION,22,0,22,51,28,9,5,5,10,9,0.1,0.7000000000000001
138,10,CARD,35,0,39,51,46,9,5,5,10,9,0.1,0.7000000000000001
139,10,CLF_UNION,35,0,52,51,57,9,5,5,10,9,0.1,0.7000000000000001
140,10,ORD-UNION,21,0,21,51,26,9,5,5,10,9,0.1,0.7000000000000001
141,10,CARD,29,1,34,51,47,9,5,5,10,9,0.1,0.7000000000000001
142,10,CLF_UNION,30,0,48,51,57,9,5,5,10,9,0.1,0.7000000000000001
143,10,ORD-UNION,23,0,23,51,32,9,5,5,10,9,0.1,0.7000000000000001
144,10,CARD,35,3,44,51,45,9,5,5,10,9,0.1,0.7000000000000001
145,10,CLF_UNION,37,2,57,51,58,9,5,5,10,9,0.1,0.7000000000000001
146,10,ORD-UNION,16,0,16,51,17,9,5,5,10,9,0.1,0.7000000000000001
147,10,CARD,38,2,43,51,46,9,5,5,10,9,0.1,0.7000000000000001
148,10,CLF_UNION,41,2,57,51,58,9,5,5,10,9,0.1,0.7000000000000001
149,10,ORD-UNION,22,0,22,51,23,9,5,5,10,9,0.1,0.7000000000000001
150,11,CARD,33,1,38,60,49,9,5,5,10,9,0.1,0.7000000000000001
151,11,CLF_UNION,36,3,57,60,60,9,5,5,10,9,0.1,0.7000000000000001
152,11,ORD-UNION,28,0,28,60,31,9,5,5,10,9,0.1,0.7000000000000001
153,11,CARD,38,3,43,60,47,9,5,5,10,9,0.1,0.7000000000000001
154,11,CLF_UNION,41,2,59,60,59,9,5,5,10,9,0.1,0.7000000000000001
155,11,ORD-UNION,24,0,24,60,24,9,5,5,10,9,0.1,0.7000000000000001
156,11,CARD,30,1,34,60,46,9,5,5,10,9,0.1,0.7000000000000001
157,11,CLF_UNION,31,0,46,60,56,9,5,5,10,9,0.1,0.7000000000000001
158,11,ORD-UNION,20,0,20,60,30,9,5,5,10,9,0.1,0.7000000000000001
159,11,CARD,34,0,38,60,47,9,5,5,10,9,0.1,0.7000000000000001
160,11,CLF_UNION,34,0,53,60,58,9,5,5,10,9,0.1,0.7000000000000001
161,11,ORD-UNION,20,0,20,60,25,9,5,5,10,9,0.1,0.7000000000000001
162,11,CARD,36,2,41,60,46,9,5,5,10,9,0.1,0.7000000000000001
163,11,CLF_UNION,38,1,55,60,58,9,5,5,10,9,0.1,0.7000000000000001
164,11,ORD-UNION,29,0,29,60,32,9,5,5,10,9,0.1,0.7000000000000001
165,12,CARD,36,3,40,70,47,9,5,5,10,9,0.1,0.7000000000000001
166,12,CLF_UNION,40,1,53,70,56,9,5,5,10,9,0.1,0.7000000000000001
167,12,ORD-UNION,24,0,24,70,27,9,5,5,10,9,0.1,0.7000000000000001
168,12,CARD,22,8,35,70,53,9,5,5,10,9,0.1,0.7000000000000001
169,12,CLF_UNION,22,9,55,70,57,9,5,5,10,9,0.1,0.7000000000000001
170,12,ORD-UNION,10,0,11,70,13,9,5,5,10,9,0.1,0.7000000000000001
171,12,CARD,34,3,39,70,46,9,5,5,10,9,0.1,0.7000000000000001
172,12,CLF_UNION,36,1,51,70,56,9,5,5,10,9,0.1,0.7000000000000001
173,12,ORD-UNION,20,0,20,70,25,9,5,5,10,9,0.1,0.7000000000000001
174,12,CARD,32,2,36,70,48,9,5,5,10,9,0.1,0.7000000000000001
175,12,CLF_UNION,32,2,49,70,55,9,5,5,10,9,0.1,0.7000000000000001
176,12,ORD-UNION,21,0,21,70,27,9,5,5,10,9,0.1,0.7000000000000001
177,12,CARD,25,2,37,70,48,9,5,5,10,9,0.1,0.7000000000000001
178,12,CLF_UNION,27,0,52,70,57,9,5,5,10,9,0.1,0.7000000000000001
179,12,ORD-UNION,16,0,16,70,21,9,5,5,10,9,0.1,0.7000000000000001
180,13,CARD,32,4,39,81,46,9,5,5,10,9,0.1,0.7000000000000001
181,13,CLF_UNION,36,2,54,81,59,9,5,5,10,9,0.1,0.7000000000000001
182,13,ORD-UNION,16,0,16,81,21,9,5,5,10,9,0.1,0.7000000000000001
183,13,CARD,32,2,37,81,48,9,5,5,10,9,0.1,0.7000000000000001
184,13,CLF_UNION,36,3,55,81,60,9,5,5,10,9,0.1,0.7000000000000001
185,13,ORD-UNION,24,0,25,81,30,9,5,5,10,9,0.1,0.7000000000000001
186,13,CARD,36,4,41,81,46,9,5,5,10,9,0.1,0.7000000000000001
187,13,CLF_UNION,40,3,56,81,59,9,5,5,10,9,0.1,0.7000000000000001
188,13,ORD-UNION,18,0,18,81,21,9,5,5,10,9,0.1,0.7000000000000001
189,13,CARD,25,3,28,81,49,9,5,5,10,9,0.1,0.7000000000000001
190,13,CLF_UNION,27,2,44,81,57,9,5,5,10,9,0.1,0.7000000000000001
191,13,ORD-UNION,22,0,22,81,35,9,5,5,10,9,0.1,0.7000000000000001
192,13,CARD,33,2,37,81,47,9,5,5,10,9,0.1,0.7000000000000001
193,13,CLF_UNION,35,1,53,81,59,9,5,5,10,9,0.1,0.7000000000000001
194,13,ORD-UNION,20,0,20,81,26,9,5,5,10,9,0.1,0.7000000000000001
195,14,CARD,29,0,40,95,45,9,5,5,10,9,0.1,0.7000000000000001
196,14,CLF_UNION,29,0,54,95,59,9,5,5,10,9,0.1,0.7000000000000001
197,14,ORD-UNION,20,0,20,95,25,9,5,5,10,9,0.1,0.7000000000000001
198,14,CARD,33,0,40,95,45,9,5,5,10,9,0.1,0.7000000000000001
199,14,CLF_UNION,33,0,53,95,58,9,5,5,10,9,0.1,0.7000000000000001
200,14,ORD-UNION,24,0,26,95,31,9,5,5,10,9,0.1,0.7000000000000001
201,14,CARD,34,0,36,95,45,9,5,5,10,9,0.1,0.7000000000000001
202,14,CLF_UNION,33,2,48,95,57,9,5,5,10,9,0.1,0.7000000000000001
203,14,ORD-UNION,30,0,30,95,39,9,5,5,10,9,0.1,0.7000000000000001
204,14,CARD,26,0,35,95,46,9,5,5,10,9,0.1,0.7000000000000001
205,14,CLF_UNION,27,0,50,95,59,9,5,5,10,9,0.1,0.7000000000000001
206,14,ORD-UNION,17,0,18,95,27,9,5,5,10,9,0.1,0.7000000000000001
207,14,CARD,31,0,36,95,45,9,5,5,10,9,0.1,0.7000000000000001
208,14,CLF_UNION,31,0,48,95,57,9,5,5,10,9,0.1,0.7000000000000001
209,14,ORD-UNION,18,0,18,95,27,9,5,5,10,9,0.1,0.7000000000000001
210,15,CARD,32,0,34,107,46,9,5,5,10,9,0.1,0.7000000000000001
211,15,CLF_UNION,33,0,45,107,55,9,5,5,10,9,0.1,0.7000000000000001
212,15,ORD-UNION,26,0,26,107,36,9,5,5,10,9,0.1,0.7000000000000001
213,15,CARD,36,0,39,107,46,9,5,5,10,9,0.1,0.7000000000000001
214,15,CLF_UNION,35,1,51,107,56,9,5,5,10,9,0.1,0.7000000000000001
215,15,ORD-UNION,26,0,27,107,32,9,5,5,10,9,0.1,0.7000000000000001
216,15,CARD,28,0,30,107,47,9,5,5,10,9,0.1,0.7000000000000001
217,15,CLF_UNION,29,0,43,107,56,9,5,5,10,9,0.1,0.7000000000000001
218,15,ORD-UNION,22,0,22,107,35,9,5,5,10,9,0.1,0.7000000000000001
219,15,CARD,38,0,43,107,45,9,5,5,10,9,0.1,0.7000000000000001
220,15,CLF_UNION,38,0,54,107,56,9,5,5,10,9,0.1,0.7000000000000001
221,15,ORD-UNION,29,0,29,107,31,9,5,5,10,9,0.1,0.7000000000000001
222,15,CARD,38,0,43,107,45,9,5,5,10,9,0.1,0.7000000000000001
223,15,CLF_UNION,38,0,54,107,56,9,5,5,10,9,0.1,0.7000000000000001
224,15,ORD-UNION,28,0,29,107,31,9,5,5,10,9,0.1,0.7000000000000001
225,16,CARD,19,2,25,122,46,9,5,5,10,9,0.1,0.7000000000000001
226,16,CLF_UNION,21,0,38,122,57,9,5,5,10,9,0.1,0.7000000000000001
227,16,ORD-UNION,13,0,13,122,32,9,5,5,10,9,0.1,0.7000000000000001
228,16,CARD,26,0,29,122,49,9,5,5,10,9,0.1,0.7000000000000001
229,16,CLF_UNION,27,1,48,122,60,9,5,5,10,9,0.1,0.7000000000000001
230,16,ORD-UNION,20,0,21,122,33,9,5,5,10,9,0.1,0.7000000000000001
231,16,CARD,23,1,28,122,48,9,5,5,10,9,0.1,0.7000000000000001
232,16,CLF_UNION,24,1,43,122,57,9,5,5,10,9,0.1,0.7000000000000001
233,16,ORD-UNION,16,0,17,122,31,9,5,5,10,9,0.1,0.7000000000000001
234,16,CARD,15,0,18,122,46,9,5,5,10,9,0.1,0.7000000000000001
235,16,CLF_UNION,15,0,30,122,56,9,5,5,10,9,0.1,0.7000000000000001
236,16,ORD-UNION,14,0,14,122,40,9,5,5,10,9,0.1,0.7000000000000001
237,16,CARD,24,1,30,122,47,9,5,5,10,9,0.1,0.7000000000000001
238,16,CLF_UNION,25,0,43,122,56,9,5,5,10,9,0.1,0.7000000000000001
239,16,ORD-UNION,23,0,24,122,37,9,5,5,10,9,0.1,0.7000000000000001
240,17,CARD,29,0,36,136,45,9,5,5,10,9,0.1,0.7000000000000001
241,17,CLF_UNION,29,0,49,136,58,9,5,5,10,9,0.1,0.7000000000000001
242,17,ORD-UNION,26,0,26,136,35,9,5,5,10,9,0.1,0.7000000000000001
243,17,CARD,27,0,30,136,45,9,5,5,10,9,0.1,0.7000000000000001
244,17,CLF_UNION,24,4,42,136,57,9,5,5,10,9,0.1,0.7000000000000001
245,17,ORD-UNION,17,0,18,136,33,9,5,5,10,9,0.1,0.7000000000000001
246,17,CARD,27,0,33,136,46,9,5,5,10,9,0.1,0.7000000000000001
247,17,CLF_UNION,27,1,48,136,59,9,5,5,10,9,0.1,0.7000000000000001
248,17,ORD-UNION,22,0,22,136,33,9,5,5,10,9,0.1,0.7000000000000001
249,17,CARD,32,0,36,136,46,9,5,5,10,9,0.1,0.7000000000000001
250,17,CLF_UNION,30,3,49,136,57,9,5,5,10,9,0.1,0.7000000000000001
251,17,ORD-UNION,26,0,27,136,35,9,5,5,10,9,0.1,0.7000000000000001
252,17,CARD,34,0,38,136,45,9,5,5,10,9,0.1,0.7000000000000001
253,17,CLF_UNION,33,1,50,136,57,9,5,5,10,9,0.1,0.7000000000000001
254,17,ORD-UNION,28,0,28,136,35,9,5,5,10,9,0.1,0.7000000000000001
255,18,CARD,16,0,19,152,46,9,5,5,10,9,0.1,0.7000000000000001
256,18,CLF_UNION,16,0,32,152,57,9,5,5,10,9,0.1,0.7000000000000001
257,18,ORD-UNION,16,0,16,152,41,9,5,5,10,9,0.1,0.7000000000000001
258,18,CARD,17,0,20,152,46,9,5,5,10,9,0.1,0.7000000000000001
259,18,CLF_UNION,17,0,33,152,57,9,5,5,10,9,0.1,0.7000000000000001
260,18,ORD-UNION,16,0,16,152,40,9,5,5,10,9,0.1,0.7000000000000001
261,18,CARD,15,1,18,152,47,9,5,5,10,9,0.1,0.7000000000000001
262,18,CLF_UNION,16,2,32,152,57,9,5,5,10,9,0.1,0.7000000000000001
263,18,ORD-UNION,11,0,11,152,36,9,5,5,10,9,0.1,0.7000000000000001
264,18,CARD,16,0,20,152,47,9,5,5,10,9,0.1,0.7000000000000001
265,18,CLF_UNION,16,0,36,152,59,9,5,5,10,9,0.1,0.7000000000000001
266,18,ORD-UNION,16,0,16,152,39,9,5,5,10,9,0.1,0.7000000000000001
267,18,CARD,28,0,30,152,46,9,5,5,10,9,0.1,0.7000000000000001
268,18,CLF_UNION,29,1,43,152,57,9,5,5,10,9,0.1,0.7000000000000001
269,18,ORD-UNION,27,0,27,152,41,9,5,5,10,9,0.1,0.7000000000000001
270,19,CARD,18,0,25,170,49,9,5,5,10,9,0.1,0.7000000000000001
271,19,CLF_UNION,19,0,43,170,59,9,5,5,10,9,0.1,0.7000000000000001
272,19,ORD-UNION,14,0,16,170,32,9,5,5,10,9,0.1,0.7000000000000001
273,19,CARD,15,0,17,170,47,9,5,5,10,9,0.1,0.7000000000000001
274,19,CLF_UNION,16,1,33,170,59,9,5,5,10,9,0.1,0.7000000000000001
275,19,ORD-UNION,14,0,14,170,40,9,5,5,10,9,0.1,0.7000000000000001
276,19,CARD,25,0,30,170,46,9,5,5,10,9,0.1,0.7000000000000001
277,19,CLF_UNION,26,2,43,170,57,9,5,5,10,9,0.1,0.7000000000000001
278,19,ORD-UNION,22,0,22,170,36,9,5,5,10,9,0.1,0.7000000000000001
279,19,CARD,15,0,20,170,45,9,5,5,10,9,0.1,0.7000000000000001
280,19,CLF_UNION,15,1,32,170,57,9,5,5,10,9,0.1,0.7000000000000001
281,19,ORD-UNION,11,0,12,170,37,9,5,5,10,9,0.1,0.7000000000000001
282,19,CARD,23,0,31,170,46,9,5,5,10,9,0.1,0.7000000000000001
283,19,CLF_UNION,23,1,48,170,61,9,5,5,10,9,0.1,0.7000000000000001
284,19,ORD-UNION,22,0,23,170,36,9,5,5,10,9,0.1,0.7000000000000001
285,20,CARD,32,0,35,186,45,9,5,5,10,9,0.1,0.7000000000000001
286,20,CLF_UNION,32,0,45,186,55,9,5,5,10,9,0.1,0.7000000000000001
287,20,ORD-UNION,29,0,29,186,39,9,5,5,10,9,0.1,0.7000000000000001
288,20,CARD,20,1,26,186,45,9,5,5,10,9,0.1,0.7000000000000001
289,20,CLF_UNION,21,0,38,186,57,9,5,5,10,9,0.1,0.7000000000000001
290,20,ORD-UNION,18,0,21,186,40,9,5,5,10,9,0.1,0.7000000000000001
291,20,CARD,26,0,31,186,46,9,5,5,10,9,0.1,0.7000000000000001
292,20,CLF_UNION,27,0,42,186,55,9,5,5,10,9,0.1,0.7000000000000001
293,20,ORD-UNION,26,0,28,186,41,9,5,5,10,9,0.1,0.7000000000000001
294,20,CARD,21,0,25,186,46,9,5,5,10,9,0.1,0.7000000000000001
295,20,CLF_UNION,21,0,38,186,57,9,5,5,10,9,0.1,0.7000000000000001
296,20,ORD-UNION,20,0,22,186,41,9,5,5,10,9,0.1,0.7000000000000001
297,20,CARD,22,0,27,186,46,9,5,5,10,9,0.1,0.7000000000000001
298,20,CLF_UNION,22,0,40,186,57,9,5,5,10,9,0.1,0.7000000000000001
299,20,ORD-UNION,21,0,24,186,41,9,5,5,10,9,0.1,0.7000000000000001
300,21,CARD,0,0,1,202,49,9,5,5,10,9,0.1,0.7000000000000001
301,21,CLF_UNION,0,0,17,202,57,9,5,5,10,9,0.1,0.7000000000000001
302,21,ORD-UNION,0,0,0,202,40,9,5,5,10,9,0.1,0.7000000000000001
303,21,CARD,28,0,33,202,45,9,5,5,10,9,0.1,0.7000000000000001
304,21,CLF_UNION,28,0,43,202,55,9,5,5,10,9,0.1,0.7000000000000001
305,21,ORD-UNION,25,0,26,202,38,9,5,5,10,9,0.1,0.7000000000000001
306,21,CARD,19,0,26,202,46,9,5,5,10,9,0.1,0.7000000000000001
307,21,CLF_UNION,20,0,37,202,55,9,5,5,10,9,0.1,0.7000000000000001
308,21,ORD-UNION,19,0,21,202,39,9,5,5,10,9,0.1,0.7000000000000001
309,21,CARD,14,0,19,202,45,9,5,5,10,9,0.1,0.7000000000000001
310,21,CLF_UNION,14,0,30,202,56,9,5,5,10,9,0.1,0.7000000000000001
311,21,ORD-UNION,12,0,13,202,39,9,5,5,10,9,0.1,0.7000000000000001
312,21,CARD,13,0,20,202,47,9,5,5,10,9,0.1,0.7000000000000001
313,21,CLF_UNION,14,0,33,202,56,9,5,5,10,9,0.1,0.7000000000000001
314,21,ORD-UNION,12,0,13,202,36,9,5,5,10,9,0.1,0.7000000000000001
315,22,CARD,15,0,18,224,46,9,5,5,10,9,0.1,0.7000000000000001
316,22,CLF_UNION,15,0,30,224,56,9,5,5,10,9,0.1,0.7000000000000001
317,22,ORD-UNION,14,0,15,224,41,9,5,5,10,9,0.1,0.7000000000000001
318,22,CARD,21,0,26,224,47,9,5,5,10,9,0.1,0.7000000000000001
319,22,CLF_UNION,21,0,39,224,56,9,5,5,10,9,0.1,0.7000000000000001
320,22,ORD-UNION,19,0,21,224,38,9,5,5,10,9,0.1,0.7000000000000001
321,22,CARD,16,0,17,224,47,9,5,5,10,9,0.1,0.7000000000000001
322,22,CLF_UNION,16,0,29,224,55,9,5,5,10,9,0.1,0.7000000000000001
323,22,ORD-UNION,13,0,13,224,39,9,5,5,10,9,0.1,0.7000000000000001
324,22,CARD,28,0,31,224,45,9,5,5,10,9,0.1,0.7000000000000001
325,22,CLF_UNION,28,0,42,224,56,9,5,5,10,9,0.1,0.7000000000000001
326,22,ORD-UNION,27,0,30,224,44,9,5,5,10,9,0.1,0.7000000000000001
327,22,CARD,27,0,31,224,45,9,5,5,10,9,0.1,0.7000000000000001
328,22,CLF_UNION,27,0,41,224,55,9,5,5,10,9,0.1,0.7000000000000001
329,22,ORD-UNION,26,0,27,224,41,9,5,5,10,9,0.1,0.7000000000000001
330,23,CARD,16,0,22,247,48,9,5,5,10,9,0.1,0.7000000000000001
331,23,CLF_UNION,18,0,35,247,55,9,5,5,10,9,0.1,0.7000000000000001
332,23,ORD-UNION,16,0,20,247,40,9,5,5,10,9,0.1,0.7000000000000001
333,23,CARD,14,0,16,247,47,9,5,5,10,9,0.1,0.7000000000000001
334,23,CLF_UNION,15,0,28,247,55,9,5,5,10,9,0.1,0.7000000000000001
335,23,ORD-UNION,14,0,16,247,43,9,5,5,10,9,0.1,0.7000000000000001
336,23,CARD,6,0,8,247,51,9,5,5,10,9,0.1,0.7000000000000001
337,23,CLF_UNION,6,0,26,247,57,9,5,5,10,9,0.1,0.7000000000000001
338,23,ORD-UNION,6,0,7,247,38,9,5,5,10,9,0.1,0.7000000000000001
339,23,CARD,7,0,12,247,49,9,5,5,10,9,0.1,0.7000000000000001
340,23,CLF_UNION,7,0,28,247,57,9,5,5,10,9,0.1,0.7000000000000001
341,23,ORD-UNION,7,0,9,247,38,9,5,5,10,9,0.1,0.7000000000000001
342,23,CARD,31,0,33,247,48,9,5,5,10,9,0.1,0.7000000000000001
343,23,CLF_UNION,33,0,46,247,55,9,5,5,10,9,0.1,0.7000000000000001
344,23,ORD-UNION,31,0,32,247,41,9,5,5,10,9,0.1,0.7000000000000001
345,24,CARD,15,0,18,268,46,9,5,5,10,9,0.1,0.7000000000000001
346,24,CLF_UNION,15,0,30,268,56,9,5,5,10,9,0.1,0.7000000000000001
347,24,ORD-UNION,13,0,14,268,40,9,5,5,10,9,0.1,0.7000000000000001
348,24,CARD,22,0,25,268,45,9,5,5,10,9,0.1,0.7000000000000001
349,24,CLF_UNION,22,0,35,268,55,9,5,5,10,9,0.1,0.7000000000000001
350,24,ORD-UNION,22,0,24,268,44,9,5,5,10,9,0.1,0.7000000000000001
351,24,CARD,8,0,10,268,46,9,5,5,10,9,0.1,0.7000000000000001
352,24,CLF_UNION,8,0,22,268,56,9,5,5,10,9,0.1,0.7000000000000001
353,24,ORD-UNION,8,0,8,268,42,9,5,5,10,9,0.1,0.7000000000000001
354,24,CARD,7,0,8,268,50,9,5,5,10,9,0.1,0.7000000000000001
355,24,CLF_UNION,7,0,25,268,57,9,5,5,10,9,0.1,0.7000000000000001
356,24,ORD-UNION,7,0,7,268,39,9,5,5,10,9,0.1,0.7000000000000001
357,24,CARD,16,0,18,268,47,9,5,5,10,9,0.1,0.7000000000000001
358,24,CLF_UNION,16,0,30,268,55,9,5,5,10,9,0.1,0.7000000000000001
359,24,ORD-UNION,13,0,15,268,40,9,5,5,10,9,0.1,0.7000000000000001
360,1,CARD,19,0,21,1,69,9,5,5,10,9,0.1,0.7000000000000001
361,1,CLF_UNION,32,23,71,1,71,9,5,5,10,9,0.1,0.7000000000000001
362,1,ORD-UNION,0,0,0,1,0,9,5,5,10,9,0.1,0.7000000000000001
363,1,CARD,20,5,25,1,65,9,5,5,10,9,0.1,0.7000000000000001
364,1,CLF_UNION,38,24,73,1,73,9,5,5,10,9,0.1,0.7000000000000001
365,1,ORD-UNION,0,0,0,1,0,9,5,5,10,9,0.1,0.7000000000000001
366,1,CARD,21,0,21,1,69,9,5,5,10,9,0.1,0.7000000000000001
367,1,CLF_UNION,40,26,79,1,79,9,5,5,10,9,0.1,0.7000000000000001
368,1,ORD-UNION,0,0,0,1,0,9,5,5,10,9,0.1,0.7000000000000001
369,1,CARD,13,7,25,1,65,9,5,5,10,9,0.1,0.7000000000000001
370,1,CLF_UNION,28,25,72,1,72,9,5,5,10,9,0.1,0.7000000000000001
371,1,ORD-UNION,0,0,0,1,0,9,5,5,10,9,0.1,0.7000000000000001
372,1,CARD,16,7,24,1,66,9,5,5,10,9,0.1,0.7000000000000001
373,1,CLF_UNION,30,26,69,1,69,9,5,5,10,9,0.1,0.7000000000000001
374,1,ORD-UNION,0,0,1,1,1,9,5,5,10,9,0.1,0.7000000000000001
375,2,CARD,20,3,27,3,63,9,5,5,10,9,0.1,0.7000000000000001
376,2,CLF_UNION,23,20,60,3,60,9,5,5,10,9,0.1,0.7000000000000001
377,2,ORD-UNION,1,0,2,3,2,9,5,5,10,9,0.1,0.7000000000000001
378,2,CARD,30,5,35,3,55,9,5,5,10,9,0.1,0.7000000000000001
379,2,CLF_UNION,37,14,65,3,65,9,5,5,10,9,0.1,0.7000000000000001
380,2,ORD-UNION,0,0,0,3,0,9,5,5,10,9,0.1,0.7000000000000001
381,2,CARD,23,8,35,3,55,9,5,5,10,9,0.1,0.7000000000000001
382,2,CLF_UNION,23,21,59,3,59,9,5,5,10,9,0.1,0.7000000000000001
383,2,ORD-UNION,0,0,0,3,0,9,5,5,10,9,0.1,0.7000000000000001
384,2,CARD,27,5,36,3,54,9,5,5,10,9,0.1,0.7000000000000001
385,2,CLF_UNION,23,22,60,3,60,9,5,5,10,9,0.1,0.7000000000000001
386,2,ORD-UNION,0,0,1,3,1,9,5,5,10,9,0.1,0.7000000000000001
387,2,CARD,25,8,36,3,54,9,5,5,10,9,0.1,0.7000000000000001
388,2,CLF_UNION,24,26,64,3,64,9,5,5,10,9,0.1,0.7000000000000001
389,2,ORD-UNION,1,0,1,3,1,9,5,5,10,9,0.1,0.7000000000000001
390,3,CARD,25,10,40,6,50,9,5,5,10,9,0.1,0.7000000000000001
391,3,CLF_UNION,24,12,56,6,56,9,5,5,10,9,0.1,0.7000000000000001
392,3,ORD-UNION,2,1,4,6,4,9,5,5,10,9,0.1,0.7000000000000001
393,3,CARD,25,15,43,6,47,9,5,5,10,9,0.1,0.7000000000000001
394,3,CLF_UNION,22,20,56,6,56,9,5,5,10,9,0.1,0.7000000000000001
395,3,ORD-UNION,4,3,7,6,7,9,5,5,10,9,0.1,0.7000000000000001
396,3,CARD,19,19,40,6,49,9,5,5,10,9,0.1,0.7000000000000001
397,3,CLF_UNION,19,24,56,6,57,9,5,5,10,9,0.1,0.7000000000000001
398,3,ORD-UNION,4,1,6,6,7,9,5,5,10,9,0.1,0.7000000000000001
399,3,CARD,30,7,40,6,50,9,5,5,10,9,0.1,0.7000000000000001
400,3,CLF_UNION,31,11,57,6,57,9,5,5,10,9,0.1,0.7000000000000001
401,3,ORD-UNION,3,3,7,6,7,9,5,5,10,9,0.1,0.7000000000000001
402,3,CARD,23,13,39,6,48,9,5,5,10,9,0.1,0.7000000000000001
403,3,CLF_UNION,19,21,54,6,56,9,5,5,10,9,0.1,0.7000000000000001
404,3,ORD-UNION,2,0,3,6,6,9,5,5,10,9,0.1,0.7000000000000001
405,4,CARD,14,18,40,10,47,9,5,5,10,9,0.1,0.7000000000000001
406,4,CLF_UNION,15,21,57,10,60,9,5,5,10,9,0.1,0.7000000000000001
407,4,ORD-UNION,2,1,6,10,9,9,5,5,10,9,0.1,0.7000000000000001
408,4,CARD,18,21,43,10,46,9,5,5,10,9,0.1,0.7000000000000001
409,4,CLF_UNION,18,24,56,10,57,9,5,5,10,9,0.1,0.7000000000000001
410,4,ORD-UNION,7,5,14,10,15,9,5,5,10,9,0.1,0.7000000000000001
411,4,CARD,23,19,44,10,46,9,5,5,10,9,0.1,0.7000000000000001
412,4,CLF_UNION,25,19,56,10,56,9,5,5,10,9,0.1,0.7000000000000001
413,4,ORD-UNION,3,9,13,10,13,9,5,5,10,9,0.1,0.7000000000000001
414,4,CARD,26,11,44,10,46,9,5,5,10,9,0.1,0.7000000000000001
415,4,CLF_UNION,26,13,56,10,56,9,5,5,10,9,0.1,0.7000000000000001
416,4,ORD-UNION,4,5,12,10,12,9,5,5,10,9,0.1,0.7000000000000001
417,4,CARD,18,23,43,10,47,9,5,5,10,9,0.1,0.7000000000000001
418,4,CLF_UNION,21,24,57,10,57,9,5,5,10,9,0.1,0.7000000000000001
419,4,ORD-UNION,3,7,10,10,10,9,5,5,10,9,0.1,0.7000000000000001
420,5,CARD,8,29,45,14,45,9,5,5,10,9,0.1,0.7000000000000001
421,5,CLF_UNION,10,27,55,14,55,9,5,5,10,9,0.1,0.7000000000000001
422,5,ORD-UNION,4,8,16,14,16,9,5,5,10,9,0.1,0.7000000000000001
423,5,CARD,17,19,42,14,45,9,5,5,10,9,0.1,0.7000000000000001
424,5,CLF_UNION,18,19,53,14,55,9,5,5,10,9,0.1,0.7000000000000001
425,5,ORD-UNION,3,3,10,14,13,9,5,5,10,9,0.1,0.7000000000000001
426,5,CARD,22,19,44,14,45,9,5,5,10,9,0.1,0.7000000000000001
427,5,CLF_UNION,25,16,54,14,55,9,5,5,10,9,0.1,0.7000000000000001
428,5,ORD-UNION,3,9,14,14,15,9,5,5,10,9,0.1,0.7000000000000001
429,5,CARD,17,25,44,14,45,9,5,5,10,9,0.1,0.7000000000000001
430,5,CLF_UNION,28,14,54,14,55,9,5,5,10,9,0.1,0.7000000000000001
431,5,ORD-UNION,5,7,13,14,14,9,5,5,10,9,0.1,0.7000000000000001
432,5,CARD,26,14,43,14,46,9,5,5,10,9,0.1,0.7000000000000001
433,5,CLF_UNION,30,11,54,14,55,9,5,5,10,9,0.1,0.7000000000000001
434,5,ORD-UNION,10,3,14,14,15,9,5,5,10,9,0.1,0.7000000000000001
435,6,CARD,7,30,42,20,45,9,5,5,10,9,0.1,0.7000000000000001
436,6,CLF_UNION,13,25,53,20,56,9,5,5,10,9,0.1,0.7000000000000001
437,6,ORD-UNION,2,10,15,20,18,9,5,5,10,9,0.1,0.7000000000000001
438,6,CARD,23,18,44,20,46,9,5,5,10,9,0.1,0.7000000000000001
439,6,CLF_UNION,26,17,56,20,56,9,5,5,10,9,0.1,0.7000000000000001
440,6,ORD-UNION,9,7,16,20,16,9,5,5,10,9,0.1,0.7000000000000001
441,6,CARD,25,19,45,20,45,9,5,5,10,9,0.1,0.7000000000000001
442,6,CLF_UNION,25,19,55,20,55,9,5,5,10,9,0.1,0.7000000000000001
443,6,ORD-UNION,4,8,12,20,12,9,5,5,10,9,0.1,0.7000000000000001
444,6,CARD,12,26,44,20,45,9,5,5,10,9,0.1,0.7000000000000001
445,6,CLF_UNION,15,26,57,20,58,9,5,5,10,9,0.1,0.7000000000000001
446,6,ORD-UNION,3,9,14,20,15,9,5,5,10,9,0.1,0.7000000000000001
447,6,CARD,20,20,43,20,47,9,5,5,10,9,0.1,0.7000000000000001
448,6,CLF_UNION,25,18,57,20,57,9,5,5,10,9,0.1,0.7000000000000001
449,6,ORD-UNION,5,7,13,20,13,9,5,5,10,9,0.1,0.7000000000000001
450,7,CARD,16,26,45,26,45,9,5,5,10,9,0.1,0.7000000000000001
451,7,CLF_UNION,19,23,55,26,55,9,5,5,10,9,0.1,0.7000000000000001
452,7,ORD-UNION,10,20,32,26,32,9,5,5,10,9,0.1,0.7000000000000001
453,7,CARD,17,20,44,26,46,9,5,5,10,9,0.1,0.7000000000000001
454,7,CLF_UNION,27,11,55,26,55,9,5,5,10,9,0.1,0.7000000000000001
455,7,ORD-UNION,10,7,22,26,22,9,5,5,10,9,0.1,0.7000000000000001
456,7,CARD,16,19,38,26,46,9,5,5,10,9,0.1,0.7000000000000001
457,7,CLF_UNION,20,15,49,26,55,9,5,5,10,9,0.1,0.7000000000000001
458,7,ORD-UNION,14,10,27,26,33,9,5,5,10,9,0.1,0.7000000000000001
459,7,CARD,10,26,41,26,46,9,5,5,10,9,0.1,0.7000000000000001
460,7,CLF_UNION,14,23,52,26,55,9,5,5,10,9,0.1,0.7000000000000001
461,7,ORD-UNION,8,18,30,26,33,9,5,5,10,9,0.1,0.7000000000000001
462,7,CARD,15,20,37,26,47,9,5,5,10,9,0.1,0.7000000000000001
463,7,CLF_UNION,24,13,49,26,55,9,5,5,10,9,0.1,0.7000000000000001
464,7,ORD-UNION,13,3,17,26,23,9,5,5,10,9,0.1,0.7000000000000001
465,8,CARD,6,31,42,33,45,9,5,5,10,9,0.1,0.7000000000000001
466,8,CLF_UNION,19,19,53,33,55,9,5,5,10,9,0.1,0.7000000000000001
467,8,ORD-UNION,3,9,15,33,18,9,5,5,10,9,0.1,0.7000000000000001
468,8,CARD,11,29,43,33,46,9,5,5,10,9,0.1,0.7000000000000001
469,8,CLF_UNION,17,24,54,33,55,9,5,5,10,9,0.1,0.7000000000000001
470,8,ORD-UNION,8,22,32,33,33,9,5,5,10,9,0.1,0.7000000000000001
471,8,CARD,13,27,44,33,46,9,5,5,10,9,0.1,0.7000000000000001
472,8,CLF_UNION,23,18,56,33,56,9,5,5,10,9,0.1,0.7000000000000001
473,8,ORD-UNION,8,14,25,33,25,9,5,5,10,9,0.1,0.7000000000000001
474,8,CARD,9,33,45,33,45,9,5,5,10,9,0.1,0.7000000000000001
475,8,CLF_UNION,17,25,55,33,55,9,5,5,10,9,0.1,0.7000000000000001
476,8,ORD-UNION,7,18,27,33,27,9,5,5,10,9,0.1,0.7000000000000001
477,8,CARD,12,30,45,33,45,9,5,5,10,9,0.1,0.7000000000000001
478,8,CLF_UNION,21,21,55,33,55,9,5,5,10,9,0.1,0.7000000000000001
479,8,ORD-UNION,10,13,24,33,24,9,5,5,10,9,0.1,0.7000000000000001
