,budget,model,correct,wrong,total,n_pref_input,n_pref_output,theta_size,theta_additivity,n_items,n_test_subsets,n_tiers,alpha,p
0,1,CARD,13,8,25,1,65,28,5,5,10,6,0.7000000000000001,0.30000000000000004
1,1,CLF_UNION,34,17,73,1,73,28,5,5,10,6,0.7000000000000001,0.30000000000000004
2,1,ORD-UNION,0,0,0,1,0,28,5,5,10,6,0.7000000000000001,0.30000000000000004
3,1,CARD,16,5,24,1,66,28,5,5,10,6,0.7000000000000001,0.30000000000000004
4,1,CLF_UNION,35,12,65,1,65,28,5,5,10,6,0.7000000000000001,0.30000000000000004
5,1,ORD-UNION,0,0,0,1,0,28,5,5,10,6,0.7000000000000001,0.30000000000000004
6,1,CARD,6,11,21,1,69,28,5,5,10,6,0.7000000000000001,0.30000000000000004
7,1,CLF_UNION,27,21,67,1,67,28,5,5,10,6,0.7000000000000001,0.30000000000000004
8,1,ORD-UNION,0,0,0,1,0,28,5,5,10,6,0.7000000000000001,0.30000000000000004
9,1,CARD,17,3,25,1,65,28,5,5,10,6,0.7000000000000001,0.30000000000000004
10,1,CLF_UNION,29,21,73,1,73,28,5,5,10,6,0.7000000000000001,0.30000000000000004
11,1,ORD-UNION,0,0,0,1,0,28,5,5,10,6,0.7000000000000001,0.30000000000000004
12,1,CARD,8,12,25,1,65,28,5,5,10,6,0.7000000000000001,0.30000000000000004
13,1,CLF_UNION,27,19,65,1,65,28,5,5,10,6,0.7000000000000001,0.30000000000000004
14,1,ORD-UNION,0,0,0,1,0,28,5,5,10,6,0.7000000000000001,0.30000000000000004
15,2,CARD,18,2,25,2,65,28,5,5,10,6,0.7000000000000001,0.30000000000000004
16,2,CLF_UNION,32,10,62,2,62,28,5,5,10,6,0.7000000000000001,0.30000000000000004
17,2,ORD-UNION,0,0,0,2,0,28,5,5,10,6,0.7000000000000001,0.30000000000000004
18,2,CARD,20,1,25,2,65,28,5,5,10,6,0.7000000000000001,0.30000000000000004
19,2,CLF_UNION,31,6,60,2,60,28,5,5,10,6,0.7000000000000001,0.30000000000000004
20,2,ORD-UNION,0,0,0,2,0,28,5,5,10,6,0.7000000000000001,0.30000000000000004
21,2,CARD,19,1,24,2,66,28,5,5,10,6,0.7000000000000001,0.30000000000000004
22,2,CLF_UNION,30,12,60,2,60,28,5,5,10,6,0.7000000000000001,0.30000000000000004
23,2,ORD-UNION,0,0,0,2,0,28,5,5,10,6,0.7000000000000001,0.30000000000000004
24,2,CARD,10,9,24,2,66,28,5,5,10,6,0.7000000000000001,0.30000000000000004
25,2,CLF_UNION,28,13,59,2,59,28,5,5,10,6,0.7000000000000001,0.30000000000000004
26,2,ORD-UNION,0,0,0,2,0,28,5,5,10,6,0.7000000000000001,0.30000000000000004
27,2,CARD,9,8,21,2,69,28,5,5,10,6,0.7000000000000001,0.30000000000000004
28,2,CLF_UNION,22,16,58,2,58,28,5,5,10,6,0.7000000000000001,0.30000000000000004
29,2,ORD-UNION,0,0,0,2,0,28,5,5,10,6,0.7000000000000001,0.30000000000000004
30,3,CARD,21,2,29,3,61,28,5,5,10,6,0.7000000000000001,0.30000000000000004
31,3,CLF_UNION,33,2,56,3,56,28,5,5,10,6,0.7000000000000001,0.30000000000000004
32,3,ORD-UNION,0,0,0,3,0,28,5,5,10,6,0.7000000000000001,0.30000000000000004
33,3,CARD,20,8,31,3,59,28,5,5,10,6,0.7000000000000001,0.30000000000000004
34,3,CLF_UNION,28,12,57,3,57,28,5,5,10,6,0.7000000000000001,0.30000000000000004
35,3,ORD-UNION,0,0,0,3,0,28,5,5,10,6,0.7000000000000001,0.30000000000000004
36,3,CARD,21,0,23,3,67,28,5,5,10,6,0.7000000000000001,0.30000000000000004
37,3,CLF_UNION,33,4,56,3,56,28,5,5,10,6,0.7000000000000001,0.30000000000000004
38,3,ORD-UNION,0,0,0,3,0,28,5,5,10,6,0.7000000000000001,0.30000000000000004
39,3,CARD,18,7,29,3,61,28,5,5,10,6,0.7000000000000001,0.30000000000000004
40,3,CLF_UNION,28,11,56,3,56,28,5,5,10,6,0.7000000000000001,0.30000000000000004
41,3,ORD-UNION,0,0,0,3,0,28,5,5,10,6,0.7000000000000001,0.30000000000000004
42,3,CARD,10,12,28,3,62,28,5,5,10,6,0.7000000000000001,0.30000000000000004
43,3,CLF_UNION,29,10,57,3,57,28,5,5,10,6,0.7000000000000001,0.30000000000000004
44,3,ORD-UNION,0,0,0,3,0,28,5,5,10,6,0.7000000000000001,0.30000000000000004
45,4,CARD,20,16,41,7,48,28,5,5,10,6,0.7000000000000001,0.30000000000000004
46,4,CLF_UNION,25,14,54,7,55,28,5,5,10,6,0.7000000000000001,0.30000000000000004
47,4,ORD-UNION,0,0,0,7,1,28,5,5,10,6,0.7000000000000001,0.30000000000000004
48,4,CARD,17,15,39,7,49,28,5,5,10,6,0.7000000000000001,0.30000000000000004
49,4,CLF_UNION,34,0,54,7,56,28,5,5,10,6,0.7000000000000001,0.30000000000000004
50,4,ORD-UNION,0,0,0,7,2,28,5,5,10,6,0.7000000000000001,0.30000000000000004
51,4,CARD,23,8,42,7,48,28,5,5,10,6,0.7000000000000001,0.30000000000000004
52,4,CLF_UNION,32,2,56,7,56,28,5,5,10,6,0.7000000000000001,0.30000000000000004
53,4,ORD-UNION,0,0,0,7,0,28,5,5,10,6,0.7000000000000001,0.30000000000000004
54,4,CARD,22,13,43,7,47,28,5,5,10,6,0.7000000000000001,0.30000000000000004
55,4,CLF_UNION,27,9,55,7,55,28,5,5,10,6,0.7000000000000001,0.30000000000000004
56,4,ORD-UNION,0,0,0,7,0,28,5,5,10,6,0.7000000000000001,0.30000000000000004
57,4,CARD,24,12,42,7,48,28,5,5,10,6,0.7000000000000001,0.30000000000000004
58,4,CLF_UNION,30,9,55,7,55,28,5,5,10,6,0.7000000000000001,0.30000000000000004
59,4,ORD-UNION,0,0,0,7,0,28,5,5,10,6,0.7000000000000001,0.30000000000000004
60,5,CARD,20,17,44,11,46,28,5,5,10,6,0.7000000000000001,0.30000000000000004
61,5,CLF_UNION,25,12,55,11,55,28,5,5,10,6,0.7000000000000001,0.30000000000000004
62,5,ORD-UNION,0,0,0,11,0,28,5,5,10,6,0.7000000000000001,0.30000000000000004
63,5,CARD,25,10,42,11,48,28,5,5,10,6,0.7000000000000001,0.30000000000000004
64,5,CLF_UNION,23,12,55,11,55,28,5,5,10,6,0.7000000000000001,0.30000000000000004
65,5,ORD-UNION,0,0,0,11,0,28,5,5,10,6,0.7000000000000001,0.30000000000000004
66,5,CARD,26,13,42,11,47,28,5,5,10,6,0.7000000000000001,0.30000000000000004
67,5,CLF_UNION,28,11,54,11,55,28,5,5,10,6,0.7000000000000001,0.30000000000000004
68,5,ORD-UNION,0,0,0,11,1,28,5,5,10,6,0.7000000000000001,0.30000000000000004
69,5,CARD,22,14,41,11,47,28,5,5,10,6,0.7000000000000001,0.30000000000000004
70,5,CLF_UNION,33,3,53,11,55,28,5,5,10,6,0.7000000000000001,0.30000000000000004
71,5,ORD-UNION,0,0,0,11,2,28,5,5,10,6,0.7000000000000001,0.30000000000000004
72,5,CARD,15,19,44,11,45,28,5,5,10,6,0.7000000000000001,0.30000000000000004
73,5,CLF_UNION,22,12,54,11,55,28,5,5,10,6,0.7000000000000001,0.30000000000000004
74,5,ORD-UNION,0,0,0,11,1,28,5,5,10,6,0.7000000000000001,0.30000000000000004
75,6,CARD,21,14,42,17,47,28,5,5,10,6,0.7000000000000001,0.30000000000000004
76,6,CLF_UNION,24,12,54,17,55,28,5,5,10,6,0.7000000000000001,0.30000000000000004
77,6,ORD-UNION,0,0,0,17,1,28,5,5,10,6,0.7000000000000001,0.30000000000000004
78,6,CARD,18,18,43,17,47,28,5,5,10,6,0.7000000000000001,0.30000000000000004
79,6,CLF_UNION,22,15,55,17,55,28,5,5,10,6,0.7000000000000001,0.30000000000000004
80,6,ORD-UNION,0,0,0,17,0,28,5,5,10,6,0.7000000000000001,0.30000000000000004
81,6,CARD,22,11,40,17,47,28,5,5,10,6,0.7000000000000001,0.30000000000000004
82,6,CLF_UNION,23,11,52,17,55,28,5,5,10,6,0.7000000000000001,0.30000000000000004
83,6,ORD-UNION,0,0,0,17,3,28,5,5,10,6,0.7000000000000001,0.30000000000000004
84,6,CARD,18,21,43,17,47,28,5,5,10,6,0.7000000000000001,0.30000000000000004
85,6,CLF_UNION,26,13,55,17,55,28,5,5,10,6,0.7000000000000001,0.30000000000000004
86,6,ORD-UNION,0,0,0,17,0,28,5,5,10,6,0.7000000000000001,0.30000000000000004
87,6,CARD,25,11,44,17,46,28,5,5,10,6,0.7000000000000001,0.30000000000000004
88,6,CLF_UNION,26,11,55,17,55,28,5,5,10,6,0.7000000000000001,0.30000000000000004
89,6,ORD-UNION,0,0,0,17,0,28,5,5,10,6,0.7000000000000001,0.30000000000000004
90,7,CARD,25,13,42,23,48,28,5,5,10,6,0.7000000000000001,0.30000000000000004
91,7,CLF_UNION,33,5,55,23,55,28,5,5,10,6,0.7000000000000001,0.30000000000000004
92,7,ORD-UNION,0,0,0,23,0,28,5,5,10,6,0.7000000000000001,0.30000000000000004
93,7,CARD,19,17,43,23,46,28,5,5,10,6,0.7000000000000001,0.30000000000000004
94,7,CLF_UNION,24,12,54,23,55,28,5,5,10,6,0.7000000000000001,0.30000000000000004
95,7,ORD-UNION,0,0,0,23,1,28,5,5,10,6,0.7000000000000001,0.30000000000000004
96,7,CARD,18,11,38,23,47,28,5,5,10,6,0.7000000000000001,0.30000000000000004
97,7,CLF_UNION,19,11,50,23,55,28,5,5,10,6,0.7000000000000001,0.30000000000000004
98,7,ORD-UNION,0,0,0,23,5,28,5,5,10,6,0.7000000000000001,0.30000000000000004
99,7,CARD,17,14,38,23,46,28,5,5,10,6,0.7000000000000001,0.30000000000000004
100,7,CLF_UNION,25,7,49,23,55,28,5,5,10,6,0.7000000000000001,0.30000000000000004
101,7,ORD-UNION,0,0,0,23,6,28,5,5,10,6,0.7000000000000001,0.30000000000000004
102,7,CARD,20,15,42,23,47,28,5,5,10,6,0.7000000000000001,0.30000000000000004
103,7,CLF_UNION,20,17,54,23,55,28,5,5,10,6,0.7000000000000001,0.30000000000000004
104,7,ORD-UNION,0,0,0,23,1,28,5,5,10,6,0.7000000000000001,0.30000000000000004
105,8,CARD,22,3,33,31,48,28,5,5,10,6,0.7000000000000001,0.30000000000000004
106,8,CLF_UNION,23,3,47,31,56,28,5,5,10,6,0.7000000000000001,0.30000000000000004
107,8,ORD-UNION,0,0,0,31,9,28,5,5,10,6,0.7000000000000001,0.30000000000000004
108,8,CARD,20,13,36,31,49,28,5,5,10,6,0.7000000000000001,0.30000000000000004
109,8,CLF_UNION,26,8,51,31,56,28,5,5,10,6,0.7000000000000001,0.30000000000000004
110,8,ORD-UNION,0,0,0,31,5,28,5,5,10,6,0.7000000000000001,0.30000000000000004
111,8,CARD,16,23,45,31,45,28,5,5,10,6,0.7000000000000001,0.30000000000000004
112,8,CLF_UNION,26,13,55,31,55,28,5,5,10,6,0.7000000000000001,0.30000000000000004
113,8,ORD-UNION,0,0,0,31,0,28,5,5,10,6,0.7000000000000001,0.30000000000000004
114,8,CARD,25,4,34,31,47,28,5,5,10,6,0.7000000000000001,0.30000000000000004
115,8,CLF_UNION,22,8,46,31,55,28,5,5,10,6,0.7000000000000001,0.30000000000000004
116,8,ORD-UNION,0,0,0,31,9,28,5,5,10,6,0.7000000000000001,0.30000000000000004
117,8,CARD,28,7,41,31,46,28,5,5,10,6,0.7000000000000001,0.30000000000000004
118,8,CLF_UNION,30,6,52,31,55,28,5,5,10,6,0.7000000000000001,0.30000000000000004
119,8,ORD-UNION,0,0,0,31,3,28,5,5,10,6,0.7000000000000001,0.30000000000000004
120,9,CARD,16,17,39,38,46,28,5,5,10,6,0.7000000000000001,0.30000000000000004
121,9,CLF_UNION,20,13,50,38,55,28,5,5,10,6,0.7000000000000001,0.30000000000000004
122,9,ORD-UNION,0,0,0,38,5,28,5,5,10,6,0.7000000000000001,0.30000000000000004
123,9,CARD,22,12,43,38,46,28,5,5,10,6,0.7000000000000001,0.30000000000000004
124,9,CLF_UNION,25,10,54,38,55,28,5,5,10,6,0.7000000000000001,0.30000000000000004
125,9,ORD-UNION,0,0,0,38,1,28,5,5,10,6,0.7000000000000001,0.30000000000000004
126,9,CARD,21,8,34,38,47,28,5,5,10,6,0.7000000000000001,0.30000000000000004
127,9,CLF_UNION,23,6,46,38,55,28,5,5,10,6,0.7000000000000001,0.30000000000000004
128,9,ORD-UNION,0,0,0,38,9,28,5,5,10,6,0.7000000000000001,0.30000000000000004
129,9,CARD,15,16,35,38,46,28,5,5,10,6,0.7000000000000001,0.30000000000000004
130,9,CLF_UNION,24,7,46,38,55,28,5,5,10,6,0.7000000000000001,0.30000000000000004
131,9,ORD-UNION,0,0,0,38,9,28,5,5,10,6,0.7000000000000001,0.30000000000000004
132,9,CARD,21,7,38,38,49,28,5,5,10,6,0.7000000000000001,0.30000000000000004
133,9,CLF_UNION,23,6,54,38,57,28,5,5,10,6,0.7000000000000001,0.30000000000000004
134,9,ORD-UNION,0,0,0,38,3,28,5,5,10,6,0.7000000000000001,0.30000000000000004
135,10,CARD,25,5,39,47,48,28,5,5,10,6,0.7000000000000001,0.30000000000000004
136,10,CLF_UNION,27,5,52,47,55,28,5,5,10,6,0.7000000000000001,0.30000000000000004
137,10,ORD-UNION,0,0,0,47,3,28,5,5,10,6,0.7000000000000001,0.30000000000000004
138,10,CARD,17,15,36,47,49,28,5,5,10,6,0.7000000000000001,0.30000000000000004
139,10,CLF_UNION,27,8,51,47,56,28,5,5,10,6,0.7000000000000001,0.30000000000000004
140,10,ORD-UNION,0,0,0,47,5,28,5,5,10,6,0.7000000000000001,0.30000000000000004
141,10,CARD,19,14,42,47,47,28,5,5,10,6,0.7000000000000001,0.30000000000000004
142,10,CLF_UNION,30,4,54,47,55,28,5,5,10,6,0.7000000000000001,0.30000000000000004
143,10,ORD-UNION,0,0,0,47,1,28,5,5,10,6,0.7000000000000001,0.30000000000000004
144,10,CARD,20,8,33,47,48,28,5,5,10,6,0.7000000000000001,0.30000000000000004
145,10,CLF_UNION,23,5,47,47,56,28,5,5,10,6,0.7000000000000001,0.30000000000000004
146,10,ORD-UNION,0,0,0,47,9,28,5,5,10,6,0.7000000000000001,0.30000000000000004
147,10,CARD,19,12,39,47,46,28,5,5,10,6,0.7000000000000001,0.30000000000000004
148,10,CLF_UNION,27,4,50,47,55,28,5,5,10,6,0.7000000000000001,0.30000000000000004
149,10,ORD-UNION,0,0,0,47,5,28,5,5,10,6,0.7000000000000001,0.30000000000000004
150,11,CARD,9,19,34,57,47,28,5,5,10,6,0.7000000000000001,0.30000000000000004
151,11,CLF_UNION,20,8,46,57,55,28,5,5,10,6,0.7000000000000001,0.30000000000000004
152,11,ORD-UNION,0,0,0,57,9,28,5,5,10,6,0.7000000000000001,0.30000000000000004
153,11,CARD,12,18,37,57,49,28,5,5,10,6,0.7000000000000001,0.30000000000000004
154,11,CLF_UNION,16,14,51,57,55,28,5,5,10,6,0.7000000000000001,0.30000000000000004
155,11,ORD-UNION,0,0,0,57,4,28,5,5,10,6,0.7000000000000001,0.30000000000000004
156,11,CARD,18,14,38,57,49,28,5,5,10,6,0.7000000000000001,0.30000000000000004
157,11,CLF_UNION,27,5,53,57,56,28,5,5,10,6,0.7000000000000001,0.30000000000000004
158,11,ORD-UNION,0,0,0,57,3,28,5,5,10,6,0.7000000000000001,0.30000000000000004
159,11,CARD,12,10,28,57,48,28,5,5,10,6,0.7000000000000001,0.30000000000000004
160,11,CLF_UNION,22,0,41,57,55,28,5,5,10,6,0.7000000000000001,0.30000000000000004
161,11,ORD-UNION,0,0,0,57,14,28,5,5,10,6,0.7000000000000001,0.30000000000000004
162,11,CARD,13,18,38,57,46,28,5,5,10,6,0.7000000000000001,0.30000000000000004
163,11,CLF_UNION,21,11,49,57,55,28,5,5,10,6,0.7000000000000001,0.30000000000000004
164,11,ORD-UNION,0,0,0,57,6,28,5,5,10,6,0.7000000000000001,0.30000000000000004
165,12,CARD,21,1,26,67,50,28,5,5,10,6,0.7000000000000001,0.30000000000000004
166,12,CLF_UNION,21,4,41,67,55,28,5,5,10,6,0.7000000000000001,0.30000000000000004
167,12,ORD-UNION,0,0,0,67,14,28,5,5,10,6,0.7000000000000001,0.30000000000000004
168,12,CARD,20,14,39,67,47,28,5,5,10,6,0.7000000000000001,0.30000000000000004
169,12,CLF_UNION,27,8,51,67,55,28,5,5,10,6,0.7000000000000001,0.30000000000000004
170,12,ORD-UNION,0,0,0,67,4,28,5,5,10,6,0.7000000000000001,0.30000000000000004
171,12,CARD,20,14,41,67,47,28,5,5,10,6,0.7000000000000001,0.30000000000000004
172,12,CLF_UNION,25,9,54,67,56,28,5,5,10,6,0.7000000000000001,0.30000000000000004
173,12,ORD-UNION,0,0,0,67,2,28,5,5,10,6,0.7000000000000001,0.30000000000000004
174,12,CARD,12,8,27,67,49,28,5,5,10,6,0.7000000000000001,0.30000000000000004
175,12,CLF_UNION,17,7,41,67,55,28,5,5,10,6,0.7000000000000001,0.30000000000000004
176,12,ORD-UNION,0,0,0,67,14,28,5,5,10,6,0.7000000000000001,0.30000000000000004
177,12,CARD,16,19,41,67,46,28,5,5,10,6,0.7000000000000001,0.30000000000000004
178,12,CLF_UNION,28,7,52,67,55,28,5,5,10,6,0.7000000000000001,0.30000000000000004
179,12,ORD-UNION,0,0,0,67,3,28,5,5,10,6,0.7000000000000001,0.30000000000000004
180,13,CARD,20,1,30,77,52,28,5,5,10,6,0.7000000000000001,0.30000000000000004
181,13,CLF_UNION,25,0,48,77,56,28,5,5,10,6,0.7000000000000001,0.30000000000000004
182,13,ORD-UNION,0,0,0,77,8,28,5,5,10,6,0.7000000000000001,0.30000000000000004
183,13,CARD,16,12,32,77,49,28,5,5,10,6,0.7000000000000001,0.30000000000000004
184,13,CLF_UNION,26,4,46,77,55,28,5,5,10,6,0.7000000000000001,0.30000000000000004
185,13,ORD-UNION,0,0,0,77,9,28,5,5,10,6,0.7000000000000001,0.30000000000000004
186,13,CARD,18,16,41,77,46,28,5,5,10,6,0.7000000000000001,0.30000000000000004
187,13,CLF_UNION,19,16,52,77,55,28,5,5,10,6,0.7000000000000001,0.30000000000000004
188,13,ORD-UNION,0,0,0,77,3,28,5,5,10,6,0.7000000000000001,0.30000000000000004
189,13,CARD,29,7,43,77,46,28,5,5,10,6,0.7000000000000001,0.30000000000000004
190,13,CLF_UNION,28,9,54,77,55,28,5,5,10,6,0.7000000000000001,0.30000000000000004
191,13,ORD-UNION,0,0,0,77,1,28,5,5,10,6,0.7000000000000001,0.30000000000000004
192,13,CARD,17,16,38,77,47,28,5,5,10,6,0.7000000000000001,0.30000000000000004
193,13,CLF_UNION,17,16,51,77,56,28,5,5,10,6,0.7000000000000001,0.30000000000000004
194,13,ORD-UNION,0,0,0,77,5,28,5,5,10,6,0.7000000000000001,0.30000000000000004
195,14,CARD,13,12,29,89,48,28,5,5,10,6,0.7000000000000001,0.30000000000000004
196,14,CLF_UNION,17,9,42,89,55,28,5,5,10,6,0.7000000000000001,0.30000000000000004
197,14,ORD-UNION,0,0,0,89,13,28,5,5,10,6,0.7000000000000001,0.30000000000000004
198,14,CARD,13,4,23,89,48,28,5,5,10,6,0.7000000000000001,0.30000000000000004
199,14,CLF_UNION,18,0,37,89,56,28,5,5,10,6,0.7000000000000001,0.30000000000000004
200,14,ORD-UNION,0,0,0,89,19,28,5,5,10,6,0.7000000000000001,0.30000000000000004
201,14,CARD,16,14,36,89,48,28,5,5,10,6,0.7000000000000001,0.30000000000000004
202,14,CLF_UNION,20,12,49,89,55,28,5,5,10,6,0.7000000000000001,0.30000000000000004
203,14,ORD-UNION,0,0,0,89,6,28,5,5,10,6,0.7000000000000001,0.30000000000000004
204,14,CARD,12,22,43,89,46,28,5,5,10,6,0.7000000000000001,0.30000000000000004
205,14,CLF_UNION,19,15,54,89,55,28,5,5,10,6,0.7000000000000001,0.30000000000000004
206,14,ORD-UNION,0,0,0,89,1,28,5,5,10,6,0.7000000000000001,0.30000000000000004
207,14,CARD,19,10,32,89,51,28,5,5,10,6,0.7000000000000001,0.30000000000000004
208,14,CLF_UNION,20,11,51,89,58,28,5,5,10,6,0.7000000000000001,0.30000000000000004
209,14,ORD-UNION,0,0,0,89,7,28,5,5,10,6,0.7000000000000001,0.30000000000000004
210,15,CARD,17,9,28,100,49,28,5,5,10,6,0.7000000000000001,0.30000000000000004
211,15,CLF_UNION,25,3,42,100,55,28,5,5,10,6,0.7000000000000001,0.30000000000000004
212,15,ORD-UNION,0,0,0,100,13,28,5,5,10,6,0.7000000000000001,0.30000000000000004
213,15,CARD,15,20,40,100,49,28,5,5,10,6,0.7000000000000001,0.30000000000000004
214,15,CLF_UNION,17,20,54,100,55,28,5,5,10,6,0.7000000000000001,0.30000000000000004
215,15,ORD-UNION,0,0,0,100,1,28,5,5,10,6,0.7000000000000001,0.30000000000000004
216,15,CARD,16,11,34,100,51,28,5,5,10,6,0.7000000000000001,0.30000000000000004
217,15,CLF_UNION,25,6,50,100,55,28,5,5,10,6,0.7000000000000001,0.30000000000000004
218,15,ORD-UNION,0,0,0,100,5,28,5,5,10,6,0.7000000000000001,0.30000000000000004
219,15,CARD,20,7,34,100,48,28,5,5,10,6,0.7000000000000001,0.30000000000000004
220,15,CLF_UNION,22,6,47,100,55,28,5,5,10,6,0.7000000000000001,0.30000000000000004
221,15,ORD-UNION,0,0,0,100,8,28,5,5,10,6,0.7000000000000001,0.30000000000000004
222,15,CARD,21,12,39,100,48,28,5,5,10,6,0.7000000000000001,0.30000000000000004
223,15,CLF_UNION,26,9,52,100,55,28,5,5,10,6,0.7000000000000001,0.30000000000000004
224,15,ORD-UNION,0,0,0,100,3,28,5,5,10,6,0.7000000000000001,0.30000000000000004
225,16,CARD,28,0,33,113,52,28,5,5,10,6,0.7000000000000001,0.30000000000000004
226,16,CLF_UNION,26,4,50,113,55,28,5,5,10,6,0.7000000000000001,0.30000000000000004
227,16,ORD-UNION,0,0,0,113,5,28,5,5,10,6,0.7000000000000001,0.30000000000000004
228,16,CARD,30,1,33,113,52,28,5,5,10,6,0.7000000000000001,0.30000000000000004
229,16,CLF_UNION,24,9,50,113,55,28,5,5,10,6,0.7000000000000001,0.30000000000000004
230,16,ORD-UNION,0,0,0,113,5,28,5,5,10,6,0.7000000000000001,0.30000000000000004
231,16,CARD,18,0,21,113,52,28,5,5,10,6,0.7000000000000001,0.30000000000000004
232,16,CLF_UNION,17,1,40,113,57,28,5,5,10,6,0.7000000000000001,0.30000000000000004
233,16,ORD-UNION,0,0,0,113,17,28,5,5,10,6,0.7000000000000001,0.30000000000000004
234,16,CARD,22,3,27,113,55,28,5,5,10,6,0.7000000000000001,0.30000000000000004
235,16,CLF_UNION,22,3,47,113,55,28,5,5,10,6,0.7000000000000001,0.30000000000000004
236,16,ORD-UNION,0,0,0,113,8,28,5,5,10,6,0.7000000000000001,0.30000000000000004
237,16,CARD,32,0,35,113,50,28,5,5,10,6,0.7000000000000001,0.30000000000000004
238,16,CLF_UNION,27,6,50,113,55,28,5,5,10,6,0.7000000000000001,0.30000000000000004
239,16,ORD-UNION,0,0,0,113,5,28,5,5,10,6,0.7000000000000001,0.30000000000000004
240,17,CARD,21,3,26,130,52,28,5,5,10,6,0.7000000000000001,0.30000000000000004
241,17,CLF_UNION,22,3,44,130,56,28,5,5,10,6,0.7000000000000001,0.30000000000000004
242,17,ORD-UNION,0,0,0,130,12,28,5,5,10,6,0.7000000000000001,0.30000000000000004
243,17,CARD,26,1,32,130,50,28,5,5,10,6,0.7000000000000001,0.30000000000000004
244,17,CLF_UNION,25,4,47,130,55,28,5,5,10,6,0.7000000000000001,0.30000000000000004
245,17,ORD-UNION,0,0,0,130,8,28,5,5,10,6,0.7000000000000001,0.30000000000000004
246,17,CARD,19,7,33,130,51,28,5,5,10,6,0.7000000000000001,0.30000000000000004
247,17,CLF_UNION,22,10,49,130,55,28,5,5,10,6,0.7000000000000001,0.30000000000000004
248,17,ORD-UNION,0,0,0,130,6,28,5,5,10,6,0.7000000000000001,0.30000000000000004
249,17,CARD,7,2,13,130,53,28,5,5,10,6,0.7000000000000001,0.30000000000000004
250,17,CLF_UNION,6,7,31,130,55,28,5,5,10,6,0.7000000000000001,0.30000000000000004
251,17,ORD-UNION,0,0,0,130,24,28,5,5,10,6,0.7000000000000001,0.30000000000000004
252,17,CARD,15,2,23,130,49,28,5,5,10,6,0.7000000000000001,0.30000000000000004
253,17,CLF_UNION,14,3,37,130,55,28,5,5,10,6,0.7000000000000001,0.30000000000000004
254,17,ORD-UNION,0,0,0,130,18,28,5,5,10,6,0.7000000000000001,0.30000000000000004
255,18,CARD,8,0,9,145,52,28,5,5,10,6,0.7000000000000001,0.30000000000000004
256,18,CLF_UNION,8,0,30,145,59,28,5,5,10,6,0.7000000000000001,0.30000000000000004
257,18,ORD-UNION,0,0,0,145,29,28,5,5,10,6,0.7000000000000001,0.30000000000000004
258,18,CARD,26,0,30,145,51,28,5,5,10,6,0.7000000000000001,0.30000000000000004
259,18,CLF_UNION,27,1,47,145,56,28,5,5,10,6,0.7000000000000001,0.30000000000000004
260,18,ORD-UNION,0,0,0,145,9,28,5,5,10,6,0.7000000000000001,0.30000000000000004
261,18,CARD,21,1,27,145,49,28,5,5,10,6,0.7000000000000001,0.30000000000000004
262,18,CLF_UNION,21,3,42,145,56,28,5,5,10,6,0.7000000000000001,0.30000000000000004
263,18,ORD-UNION,0,0,0,145,14,28,5,5,10,6,0.7000000000000001,0.30000000000000004
264,18,CARD,26,2,32,145,49,28,5,5,10,6,0.7000000000000001,0.30000000000000004
265,18,CLF_UNION,25,5,47,145,56,28,5,5,10,6,0.7000000000000001,0.30000000000000004
266,18,ORD-UNION,0,0,0,145,9,28,5,5,10,6,0.7000000000000001,0.30000000000000004
267,18,CARD,32,2,40,145,49,28,5,5,10,6,0.7000000000000001,0.30000000000000004
268,18,CLF_UNION,27,10,54,145,55,28,5,5,10,6,0.7000000000000001,0.30000000000000004
269,18,ORD-UNION,0,0,0,145,1,28,5,5,10,6,0.7000000000000001,0.30000000000000004
270,19,CARD,10,0,13,159,53,28,5,5,10,6,0.7000000000000001,0.30000000000000004
271,19,CLF_UNION,4,10,32,159,56,28,5,5,10,6,0.7000000000000001,0.30000000000000004
272,19,ORD-UNION,0,0,0,159,24,28,5,5,10,6,0.7000000000000001,0.30000000000000004
273,19,CARD,26,0,28,159,54,28,5,5,10,6,0.7000000000000001,0.30000000000000004
274,19,CLF_UNION,22,8,47,159,55,28,5,5,10,6,0.7000000000000001,0.30000000000000004
275,19,ORD-UNION,0,0,0,159,8,28,5,5,10,6,0.7000000000000001,0.30000000000000004
276,19,CARD,11,2,17,159,49,28,5,5,10,6,0.7000000000000001,0.30000000000000004
277,19,CLF_UNION,11,2,32,159,56,28,5,5,10,6,0.7000000000000001,0.30000000000000004
278,19,ORD-UNION,0,0,0,159,24,28,5,5,10,6,0.7000000000000001,0.30000000000000004
279,19,CARD,18,0,22,159,51,28,5,5,10,6,0.7000000000000001,0.30000000000000004
280,19,CLF_UNION,18,0,39,159,56,28,5,5,10,6,0.7000000000000001,0.30000000000000004
281,19,ORD-UNION,0,0,0,159,17,28,5,5,10,6,0.7000000000000001,0.30000000000000004
282,19,CARD,13,0,16,159,50,28,5,5,10,6,0.7000000000000001,0.30000000000000004
283,19,CLF_UNION,12,2,32,159,56,28,5,5,10,6,0.7000000000000001,0.30000000000000004
284,19,ORD-UNION,0,0,0,159,24,28,5,5,10,6,0.7000000000000001,0.30000000000000004
285,20,CARD,17,3,24,178,47,28,5,5,10,6,0.7000000000000001,0.30000000000000004
286,20,CLF_UNION,15,5,36,178,55,28,5,5,10,6,0.7000000000000001,0.30000000000000004
287,20,ORD-UNION,0,0,0,178,19,28,5,5,10,6,0.7000000000000001,0.30000000000000004
288,20,CARD,24,1,32,178,51,28,5,5,10,6,0.7000000000000001,0.30000000000000004
289,20,CLF_UNION,24,3,48,178,55,28,5,5,10,6,0.7000000000000001,0.30000000000000004
290,20,ORD-UNION,0,0,0,178,7,28,5,5,10,6,0.7000000000000001,0.30000000000000004
291,20,CARD,23,3,33,178,48,28,5,5,10,6,0.7000000000000001,0.30000000000000004
292,20,CLF_UNION,24,4,46,178,55,28,5,5,10,6,0.7000000000000001,0.30000000000000004
293,20,ORD-UNION,0,0,0,178,9,28,5,5,10,6,0.7000000000000001,0.30000000000000004
294,20,CARD,18,2,29,178,48,28,5,5,10,6,0.7000000000000001,0.30000000000000004
295,20,CLF_UNION,18,2,42,178,55,28,5,5,10,6,0.7000000000000001,0.30000000000000004
296,20,ORD-UNION,0,0,0,178,13,28,5,5,10,6,0.7000000000000001,0.30000000000000004
297,20,CARD,5,0,8,178,50,28,5,5,10,6,0.7000000000000001,0.30000000000000004
298,20,CLF_UNION,6,1,26,178,57,28,5,5,10,6,0.7000000000000001,0.30000000000000004
299,20,ORD-UNION,0,0,0,178,32,28,5,5,10,6,0.7000000000000001,0.30000000000000004
300,21,CARD,20,0,24,196,47,28,5,5,10,6,0.7000000000000001,0.30000000000000004
301,21,CLF_UNION,18,2,37,196,56,28,5,5,10,6,0.7000000000000001,0.30000000000000004
302,21,ORD-UNION,0,0,0,196,19,28,5,5,10,6,0.7000000000000001,0.30000000000000004
303,21,CARD,13,2,23,196,50,28,5,5,10,6,0.7000000000000001,0.30000000000000004
304,21,CLF_UNION,14,2,41,196,58,28,5,5,10,6,0.7000000000000001,0.30000000000000004
305,21,ORD-UNION,0,0,0,196,17,28,5,5,10,6,0.7000000000000001,0.30000000000000004
306,21,CARD,9,0,9,196,52,28,5,5,10,6,0.7000000000000001,0.30000000000000004
307,21,CLF_UNION,9,3,31,196,60,28,5,5,10,6,0.7000000000000001,0.30000000000000004
308,21,ORD-UNION,0,0,0,196,29,28,5,5,10,6,0.7000000000000001,0.30000000000000004
309,21,CARD,14,2,22,196,50,28,5,5,10,6,0.7000000000000001,0.30000000000000004
310,21,CLF_UNION,14,2,39,196,57,28,5,5,10,6,0.7000000000000001,0.30000000000000004
311,21,ORD-UNION,0,0,0,196,18,28,5,5,10,6,0.7000000000000001,0.30000000000000004
312,21,CARD,10,1,15,196,50,28,5,5,10,6,0.7000000000000001,0.30000000000000004
313,21,CLF_UNION,12,1,32,196,57,28,5,5,10,6,0.7000000000000001,0.30000000000000004
314,21,ORD-UNION,0,0,0,196,25,28,5,5,10,6,0.7000000000000001,0.30000000000000004
315,22,CARD,21,2,28,214,48,28,5,5,10,6,0.7000000000000001,0.30000000000000004
316,22,CLF_UNION,20,5,42,214,56,28,5,5,10,6,0.7000000000000001,0.30000000000000004
317,22,ORD-UNION,0,0,0,214,14,28,5,5,10,6,0.7000000000000001,0.30000000000000004
318,22,CARD,15,0,17,214,51,28,5,5,10,6,0.7000000000000001,0.30000000000000004
319,22,CLF_UNION,15,0,33,214,55,28,5,5,10,6,0.7000000000000001,0.30000000000000004
320,22,ORD-UNION,0,0,0,214,22,28,5,5,10,6,0.7000000000000001,0.30000000000000004
321,22,CARD,13,1,17,214,49,28,5,5,10,6,0.7000000000000001,0.30000000000000004
322,22,CLF_UNION,10,4,31,214,55,28,5,5,10,6,0.7000000000000001,0.30000000000000004
323,22,ORD-UNION,0,0,0,214,24,28,5,5,10,6,0.7000000000000001,0.30000000000000004
324,22,CARD,23,1,30,214,49,28,5,5,10,6,0.7000000000000001,0.30000000000000004
325,22,CLF_UNION,24,0,48,214,59,28,5,5,10,6,0.7000000000000001,0.30000000000000004
326,22,ORD-UNION,0,0,0,214,11,28,5,5,10,6,0.7000000000000001,0.30000000000000004
327,22,CARD,18,0,23,214,48,28,5,5,10,6,0.7000000000000001,0.30000000000000004
328,22,CLF_UNION,19,2,39,214,58,28,5,5,10,6,0.7000000000000001,0.30000000000000004
329,22,ORD-UNION,0,0,0,214,19,28,5,5,10,6,0.7000000000000001,0.30000000000000004
330,23,CARD,23,2,29,231,48,28,5,5,10,6,0.7000000000000001,0.30000000000000004
331,23,CLF_UNION,23,3,42,231,55,28,5,5,10,6,0.7000000000000001,0.30000000000000004
332,23,ORD-UNION,0,0,0,231,13,28,5,5,10,6,0.7000000000000001,0.30000000000000004
333,23,CARD,21,2,29,231,47,28,5,5,10,6,0.7000000000000001,0.30000000000000004
334,23,CLF_UNION,21,3,41,231,55,28,5,5,10,6,0.7000000000000001,0.30000000000000004
335,23,ORD-UNION,0,0,0,231,14,28,5,5,10,6,0.7000000000000001,0.30000000000000004
336,23,CARD,0,0,0,231,50,28,5,5,10,6,0.7000000000000001,0.30000000000000004
337,23,CLF_UNION,0,0,16,231,56,28,5,5,10,6,0.7000000000000001,0.30000000000000004
338,23,ORD-UNION,0,0,0,231,40,28,5,5,10,6,0.7000000000000001,0.30000000000000004
339,23,CARD,11,0,16,231,50,28,5,5,10,6,0.7000000000000001,0.30000000000000004
340,23,CLF_UNION,12,0,32,231,56,28,5,5,10,6,0.7000000000000001,0.30000000000000004
341,23,ORD-UNION,0,0,0,231,24,28,5,5,10,6,0.7000000000000001,0.30000000000000004
342,23,CARD,13,0,15,231,49,28,5,5,10,6,0.7000000000000001,0.30000000000000004
343,23,CLF_UNION,15,0,30,231,56,28,5,5,10,6,0.7000000000000001,0.30000000000000004
344,23,ORD-UNION,0,0,0,231,26,28,5,5,10,6,0.7000000000000001,0.30000000000000004
345,24,CARD,7,0,9,251,48,28,5,5,10,6,0.7000000000000001,0.30000000000000004
346,24,CLF_UNION,7,0,23,251,56,28,5,5,10,6,0.7000000000000001,0.30000000000000004
347,24,ORD-UNION,0,0,0,251,33,28,5,5,10,6,0.7000000000000001,0.30000000000000004
348,24,CARD,7,0,9,251,50,28,5,5,10,6,0.7000000000000001,0.30000000000000004
349,24,CLF_UNION,7,0,28,251,59,28,5,5,10,6,0.7000000000000001,0.30000000000000004
350,24,ORD-UNION,0,0,0,251,31,28,5,5,10,6,0.7000000000000001,0.30000000000000004
351,24,CARD,6,0,9,251,52,28,5,5,10,6,0.7000000000000001,0.30000000000000004
352,24,CLF_UNION,6,0,27,251,56,28,5,5,10,6,0.7000000000000001,0.30000000000000004
353,24,ORD-UNION,0,0,0,251,29,28,5,5,10,6,0.7000000000000001,0.30000000000000004
354,24,CARD,11,0,14,251,52,28,5,5,10,6,0.7000000000000001,0.30000000000000004
355,24,CLF_UNION,14,0,32,251,56,28,5,5,10,6,0.7000000000000001,0.30000000000000004
356,24,ORD-UNION,0,0,0,251,24,28,5,5,10,6,0.7000000000000001,0.30000000000000004
357,24,CARD,16,2,24,251,49,28,5,5,10,6,0.7000000000000001,0.30000000000000004
358,24,CLF_UNION,15,3,39,251,56,28,5,5,10,6,0.7000000000000001,0.30000000000000004
359,24,ORD-UNION,0,0,0,251,17,28,5,5,10,6,0.7000000000000001,0.30000000000000004
360,1,CARD,6,15,24,1,66,28,5,5,10,6,0.7000000000000001,0.30000000000000004
361,1,CLF_UNION,18,30,65,1,65,28,5,5,10,6,0.7000000000000001,0.30000000000000004
362,1,ORD-UNION,0,0,0,1,0,28,5,5,10,6,0.7000000000000001,0.30000000000000004
363,1,CARD,8,9,21,1,69,28,5,5,10,6,0.7000000000000001,0.30000000000000004
364,1,CLF_UNION,24,26,67,1,67,28,5,5,10,6,0.7000000000000001,0.30000000000000004
365,1,ORD-UNION,0,0,0,1,0,28,5,5,10,6,0.7000000000000001,0.30000000000000004
366,1,CARD,6,12,24,1,66,28,5,5,10,6,0.7000000000000001,0.30000000000000004
367,1,CLF_UNION,16,26,64,1,64,28,5,5,10,6,0.7000000000000001,0.30000000000000004
368,1,ORD-UNION,0,0,0,1,0,28,5,5,10,6,0.7000000000000001,0.30000000000000004
369,1,CARD,4,16,21,1,69,28,5,5,10,6,0.7000000000000001,0.30000000000000004
370,1,CLF_UNION,20,34,71,1,71,28,5,5,10,6,0.7000000000000001,0.30000000000000004
371,1,ORD-UNION,0,0,0,1,0,28,5,5,10,6,0.7000000000000001,0.30000000000000004
372,1,CARD,3,20,25,1,65,28,5,5,10,6,0.7000000000000001,0.30000000000000004
373,1,CLF_UNION,15,30,64,1,64,28,5,5,10,6,0.7000000000000001,0.30000000000000004
374,1,ORD-UNION,0,0,0,1,0,28,5,5,10,6,0.7000000000000001,0.30000000000000004
375,2,CARD,5,13,24,2,66,28,5,5,10,6,0.7000000000000001,0.30000000000000004
376,2,CLF_UNION,22,19,64,2,64,28,5,5,10,6,0.7000000000000001,0.30000000000000004
377,2,ORD-UNION,0,0,0,2,0,28,5,5,10,6,0.7000000000000001,0.30000000000000004
378,2,CARD,8,14,25,2,65,28,5,5,10,6,0.7000000000000001,0.30000000000000004
379,2,CLF_UNION,19,22,60,2,60,28,5,5,10,6,0.7000000000000001,0.30000000000000004
380,2,ORD-UNION,0,0,0,2,0,28,5,5,10,6,0.7000000000000001,0.30000000000000004
381,2,CARD,5,16,24,2,66,28,5,5,10,6,0.7000000000000001,0.30000000000000004
382,2,CLF_UNION,11,31,60,2,60,28,5,5,10,6,0.7000000000000001,0.30000000000000004
383,2,ORD-UNION,0,0,0,2,0,28,5,5,10,6,0.7000000000000001,0.30000000000000004
384,2,CARD,4,10,21,2,69,28,5,5,10,6,0.7000000000000001,0.30000000000000004
385,2,CLF_UNION,23,17,62,2,62,28,5,5,10,6,0.7000000000000001,0.30000000000000004
386,2,ORD-UNION,0,0,0,2,0,28,5,5,10,6,0.7000000000000001,0.30000000000000004
387,2,CARD,6,16,24,2,66,28,5,5,10,6,0.7000000000000001,0.30000000000000004
388,2,CLF_UNION,20,25,62,2,62,28,5,5,10,6,0.7000000000000001,0.30000000000000004
389,2,ORD-UNION,0,0,0,2,0,28,5,5,10,6,0.7000000000000001,0.30000000000000004
390,3,CARD,7,23,32,5,58,28,5,5,10,6,0.7000000000000001,0.30000000000000004
391,3,CLF_UNION,12,32,59,5,59,28,5,5,10,6,0.7000000000000001,0.30000000000000004
392,3,ORD-UNION,0,0,0,5,0,28,5,5,10,6,0.7000000000000001,0.30000000000000004
393,3,CARD,17,16,37,5,53,28,5,5,10,6,0.7000000000000001,0.30000000000000004
394,3,CLF_UNION,17,25,57,5,57,28,5,5,10,6,0.7000000000000001,0.30000000000000004
395,3,ORD-UNION,0,0,0,5,0,28,5,5,10,6,0.7000000000000001,0.30000000000000004
396,3,CARD,11,18,34,5,55,28,5,5,10,6,0.7000000000000001,0.30000000000000004
397,3,CLF_UNION,12,25,54,5,55,28,5,5,10,6,0.7000000000000001,0.30000000000000004
398,3,ORD-UNION,0,0,0,5,1,28,5,5,10,6,0.7000000000000001,0.30000000000000004
399,3,CARD,17,8,36,5,54,28,5,5,10,6,0.7000000000000001,0.30000000000000004
400,3,CLF_UNION,14,19,56,5,56,28,5,5,10,6,0.7000000000000001,0.30000000000000004
401,3,ORD-UNION,0,0,0,5,0,28,5,5,10,6,0.7000000000000001,0.30000000000000004
402,3,CARD,9,17,32,5,57,28,5,5,10,6,0.7000000000000001,0.30000000000000004
403,3,CLF_UNION,13,22,55,5,56,28,5,5,10,6,0.7000000000000001,0.30000000000000004
404,3,ORD-UNION,0,0,0,5,1,28,5,5,10,6,0.7000000000000001,0.30000000000000004
405,4,CARD,2,16,27,8,63,28,5,5,10,6,0.7000000000000001,0.30000000000000004
406,4,CLF_UNION,12,18,55,8,55,28,5,5,10,6,0.7000000000000001,0.30000000000000004
407,4,ORD-UNION,0,0,0,8,0,28,5,5,10,6,0.7000000000000001,0.30000000000000004
408,4,CARD,13,15,33,8,57,28,5,5,10,6,0.7000000000000001,0.30000000000000004
409,4,CLF_UNION,19,19,55,8,55,28,5,5,10,6,0.7000000000000001,0.30000000000000004
410,4,ORD-UNION,0,0,0,8,0,28,5,5,10,6,0.7000000000000001,0.30000000000000004
411,4,CARD,11,18,33,8,55,28,5,5,10,6,0.7000000000000001,0.30000000000000004
412,4,CLF_UNION,16,20,54,8,56,28,5,5,10,6,0.7000000000000001,0.30000000000000004
413,4,ORD-UNION,0,0,0,8,2,28,5,5,10,6,0.7000000000000001,0.30000000000000004
414,4,CARD,10,18,33,8,57,28,5,5,10,6,0.7000000000000001,0.30000000000000004
415,4,CLF_UNION,11,28,56,8,56,28,5,5,10,6,0.7000000000000001,0.30000000000000004
416,4,ORD-UNION,0,0,0,8,0,28,5,5,10,6,0.7000000000000001,0.30000000000000004
417,4,CARD,5,24,31,8,58,28,5,5,10,6,0.7000000000000001,0.30000000000000004
418,4,CLF_UNION,15,23,54,8,55,28,5,5,10,6,0.7000000000000001,0.30000000000000004
419,4,ORD-UNION,0,0,0,8,1,28,5,5,10,6,0.7000000000000001,0.30000000000000004
420,5,CARD,11,11,31,11,55,28,5,5,10,6,0.7000000000000001,0.30000000000000004
421,5,CLF_UNION,15,13,52,11,56,28,5,5,10,6,0.7000000000000001,0.30000000000000004
422,5,ORD-UNION,0,0,0,11,4,28,5,5,10,6,0.7000000000000001,0.30000000000000004
423,5,CARD,12,15,35,11,55,28,5,5,10,6,0.7000000000000001,0.30000000000000004
424,5,CLF_UNION,19,16,55,11,55,28,5,5,10,6,0.7000000000000001,0.30000000000000004
425,5,ORD-UNION,0,0,0,11,0,28,5,5,10,6,0.7000000000000001,0.30000000000000004
426,5,CARD,8,15,26,11,62,28,5,5,10,6,0.7000000000000001,0.30000000000000004
427,5,CLF_UNION,20,16,54,11,56,28,5,5,10,6,0.7000000000000001,0.30000000000000004
428,5,ORD-UNION,0,0,0,11,2,28,5,5,10,6,0.7000000000000001,0.30000000000000004
429,5,CARD,13,13,32,11,58,28,5,5,10,6,0.7000000000000001,0.30000000000000004
430,5,CLF_UNION,20,19,56,11,56,28,5,5,10,6,0.7000000000000001,0.30000000000000004
431,5,ORD-UNION,0,0,0,11,0,28,5,5,10,6,0.7000000000000001,0.30000000000000004
432,5,CARD,6,15,30,11,57,28,5,5,10,6,0.7000000000000001,0.30000000000000004
433,5,CLF_UNION,11,15,52,11,55,28,5,5,10,6,0.7000000000000001,0.30000000000000004
434,5,ORD-UNION,0,0,0,11,3,28,5,5,10,6,0.7000000000000001,0.30000000000000004
435,6,CARD,22,9,33,14,57,28,5,5,10,6,0.7000000000000001,0.30000000000000004
436,6,CLF_UNION,26,16,58,14,58,28,5,5,10,6,0.7000000000000001,0.30000000000000004
437,6,ORD-UNION,0,0,0,14,0,28,5,5,10,6,0.7000000000000001,0.30000000000000004
438,6,CARD,17,14,35,14,55,28,5,5,10,6,0.7000000000000001,0.30000000000000004
439,6,CLF_UNION,20,20,55,14,55,28,5,5,10,6,0.7000000000000001,0.30000000000000004
440,6,ORD-UNION,0,0,0,14,0,28,5,5,10,6,0.7000000000000001,0.30000000000000004
441,6,CARD,8,12,25,14,63,28,5,5,10,6,0.7000000000000001,0.30000000000000004
442,6,CLF_UNION,17,19,53,14,55,28,5,5,10,6,0.7000000000000001,0.30000000000000004
443,6,ORD-UNION,0,0,0,14,2,28,5,5,10,6,0.7000000000000001,0.30000000000000004
444,6,CARD,7,22,34,14,55,28,5,5,10,6,0.7000000000000001,0.30000000000000004
445,6,CLF_UNION,12,25,54,14,55,28,5,5,10,6,0.7000000000000001,0.30000000000000004
446,6,ORD-UNION,0,0,0,14,1,28,5,5,10,6,0.7000000000000001,0.30000000000000004
447,6,CARD,12,12,24,14,63,28,5,5,10,6,0.7000000000000001,0.30000000000000004
448,6,CLF_UNION,19,12,52,14,55,28,5,5,10,6,0.7000000000000001,0.30000000000000004
449,6,ORD-UNION,0,0,0,14,3,28,5,5,10,6,0.7000000000000001,0.30000000000000004
450,7,CARD,8,16,33,17,57,28,5,5,10,6,0.7000000000000001,0.30000000000000004
451,7,CLF_UNION,14,21,56,17,56,28,5,5,10,6,0.7000000000000001,0.30000000000000004
452,7,ORD-UNION,0,0,0,17,0,28,5,5,10,6,0.7000000000000001,0.30000000000000004
453,7,CARD,10,22,35,17,55,28,5,5,10,6,0.7000000000000001,0.30000000000000004
454,7,CLF_UNION,15,26,56,17,56,28,5,5,10,6,0.7000000000000001,0.30000000000000004
455,7,ORD-UNION,0,0,0,17,0,28,5,5,10,6,0.7000000000000001,0.30000000000000004
456,7,CARD,7,17,29,17,61,28,5,5,10,6,0.7000000000000001,0.30000000000000004
457,7,CLF_UNION,13,24,55,17,55,28,5,5,10,6,0.7000000000000001,0.30000000000000004
458,7,ORD-UNION,0,0,0,17,0,28,5,5,10,6,0.7000000000000001,0.30000000000000004
459,7,CARD,8,22,35,17,54,28,5,5,10,6,0.7000000000000001,0.30000000000000004
460,7,CLF_UNION,14,23,54,17,55,28,5,5,10,6,0.7000000000000001,0.30000000000000004
461,7,ORD-UNION,0,0,0,17,1,28,5,5,10,6,0.7000000000000001,0.30000000000000004
462,7,CARD,6,23,31,17,57,28,5,5,10,6,0.7000000000000001,0.30000000000000004
463,7,CLF_UNION,11,25,53,17,55,28,5,5,10,6,0.7000000000000001,0.30000000000000004
464,7,ORD-UNION,0,0,0,17,2,28,5,5,10,6,0.7000000000000001,0.30000000000000004
465,8,CARD,6,11,17,20,73,28,5,5,10,6,0.7000000000000001,0.30000000000000004
466,8,CLF_UNION,22,22,58,20,58,28,5,5,10,6,0.7000000000000001,0.30000000000000004
467,8,ORD-UNION,0,0,0,20,0,28,5,5,10,6,0.7000000000000001,0.30000000000000004
468,8,CARD,13,3,21,20,67,28,5,5,10,6,0.7000000000000001,0.30000000000000004
469,8,CLF_UNION,26,12,56,20,58,28,5,5,10,6,0.7000000000000001,0.30000000000000004
470,8,ORD-UNION,0,0,0,20,2,28,5,5,10,6,0.7000000000000001,0.30000000000000004
471,8,CARD,10,2,17,20,73,28,5,5,10,6,0.7000000000000001,0.30000000000000004
472,8,CLF_UNION,24,12,62,20,62,28,5,5,10,6,0.7000000000000001,0.30000000000000004
473,8,ORD-UNION,0,0,0,20,0,28,5,5,10,6,0.7000000000000001,0.30000000000000004
474,8,CARD,15,9,32,20,55,28,5,5,10,6,0.7000000000000001,0.30000000000000004
475,8,CLF_UNION,25,6,54,20,57,28,5,5,10,6,0.7000000000000001,0.30000000000000004
476,8,ORD-UNION,0,0,0,20,3,28,5,5,10,6,0.7000000000000001,0.30000000000000004
477,8,CARD,20,6,33,20,55,28,5,5,10,6,0.7000000000000001,0.30000000000000004
478,8,CLF_UNION,33,4,56,20,58,28,5,5,10,6,0.7000000000000001,0.30000000000000004
479,8,ORD-UNION,0,0,0,20,2,28,5,5,10,6,0.7000000000000001,0.30000000000000004
480,9,CARD,10,16,29,29,57,28,5,5,10,6,0.7000000000000001,0.30000000000000004
481,9,CLF_UNION,19,19,54,29,58,28,5,5,10,6,0.7000000000000001,0.30000000000000004
482,9,ORD-UNION,0,0,0,29,4,28,5,5,10,6,0.7000000000000001,0.30000000000000004
483,9,CARD,18,14,37,29,53,28,5,5,10,6,0.7000000000000001,0.30000000000000004
484,9,CLF_UNION,24,18,57,29,57,28,5,5,10,6,0.7000000000000001,0.30000000000000004
485,9,ORD-UNION,0,0,0,29,0,28,5,5,10,6,0.7000000000000001,0.30000000000000004
486,9,CARD,15,13,30,29,55,28,5,5,10,6,0.7000000000000001,0.30000000000000004
487,9,CLF_UNION,25,16,55,29,60,28,5,5,10,6,0.7000000000000001,0.30000000000000004
488,9,ORD-UNION,0,0,0,29,5,28,5,5,10,6,0.7000000000000001,0.30000000000000004
489,9,CARD,9,13,26,29,58,28,5,5,10,6,0.7000000000000001,0.30000000000000004
490,9,CLF_UNION,17,16,52,29,58,28,5,5,10,6,0.7000000000000001,0.30000000000000004
491,9,ORD-UNION,0,0,0,29,6,28,5,5,10,6,0.7000000000000001,0.30000000000000004
492,9,CARD,9,7,19,29,66,28,5,5,10,6,0.7000000000000001,0.30000000000000004
493,9,CLF_UNION,24,11,52,29,57,28,5,5,10,6,0.7000000000000001,0.30000000000000004
494,9,ORD-UNION,0,0,0,29,5,28,5,5,10,6,0.7000000000000001,0.30000000000000004
495,10,CARD,19,7,30,37,55,28,5,5,10,6,0.7000000000000001,0.30000000000000004
496,10,CLF_UNION,24,10,50,37,55,28,5,5,10,6,0.7000000000000001,0.30000000000000004
497,10,ORD-UNION,0,0,0,37,5,28,5,5,10,6,0.7000000000000001,0.30000000000000004
498,10,CARD,17,9,30,37,56,28,5,5,10,6,0.7000000000000001,0.30000000000000004
499,10,CLF_UNION,22,9,51,37,55,28,5,5,10,6,0.7000000000000001,0.30000000000000004
500,10,ORD-UNION,0,0,0,37,4,28,5,5,10,6,0.7000000000000001,0.30000000000000004
501,10,CARD,17,14,36,37,49,28,5,5,10,6,0.7000000000000001,0.30000000000000004
502,10,CLF_UNION,16,18,50,37,55,28,5,5,10,6,0.7000000000000001,0.30000000000000004
503,10,ORD-UNION,0,0,0,37,5,28,5,5,10,6,0.7000000000000001,0.30000000000000004
504,10,CARD,14,20,38,37,52,28,5,5,10,6,0.7000000000000001,0.30000000000000004
505,10,CLF_UNION,21,19,55,37,55,28,5,5,10,6,0.7000000000000001,0.30000000000000004
506,10,ORD-UNION,0,0,0,37,0,28,5,5,10,6,0.7000000000000001,0.30000000000000004
507,10,CARD,13,1,25,37,60,28,5,5,10,6,0.7000000000000001,0.30000000000000004
508,10,CLF_UNION,17,2,50,37,55,28,5,5,10,6,0.7000000000000001,0.30000000000000004
509,10,ORD-UNION,0,0,0,37,5,28,5,5,10,6,0.7000000000000001,0.30000000000000004
510,11,CARD,14,12,33,42,51,28,5,5,10,6,0.7000000000000001,0.30000000000000004
511,11,CLF_UNION,18,10,51,42,57,28,5,5,10,6,0.7000000000000001,0.30000000000000004
512,11,ORD-UNION,0,0,0,42,6,28,5,5,10,6,0.7000000000000001,0.30000000000000004
513,11,CARD,14,15,32,42,54,28,5,5,10,6,0.7000000000000001,0.30000000000000004
514,11,CLF_UNION,22,12,52,42,56,28,5,5,10,6,0.7000000000000001,0.30000000000000004
515,11,ORD-UNION,0,0,0,42,4,28,5,5,10,6,0.7000000000000001,0.30000000000000004
516,11,CARD,19,9,30,42,58,28,5,5,10,6,0.7000000000000001,0.30000000000000004
517,11,CLF_UNION,21,17,53,42,55,28,5,5,10,6,0.7000000000000001,0.30000000000000004
518,11,ORD-UNION,0,0,0,42,2,28,5,5,10,6,0.7000000000000001,0.30000000000000004
519,11,CARD,12,19,35,42,52,28,5,5,10,6,0.7000000000000001,0.30000000000000004
520,11,CLF_UNION,14,21,52,42,55,28,5,5,10,6,0.7000000000000001,0.30000000000000004
521,11,ORD-UNION,0,0,0,42,3,28,5,5,10,6,0.7000000000000001,0.30000000000000004
522,11,CARD,15,16,35,42,52,28,5,5,10,6,0.7000000000000001,0.30000000000000004
523,11,CLF_UNION,17,20,52,42,55,28,5,5,10,6,0.7000000000000001,0.30000000000000004
524,11,ORD-UNION,0,0,0,42,3,28,5,5,10,6,0.7000000000000001,0.30000000000000004
525,12,CARD,25,8,36,54,54,28,5,5,10,6,0.7000000000000001,0.30000000000000004
526,12,CLF_UNION,35,6,55,54,55,28,5,5,10,6,0.7000000000000001,0.30000000000000004
527,12,ORD-UNION,0,0,0,54,0,28,5,5,10,6,0.7000000000000001,0.30000000000000004
528,12,CARD,18,14,35,54,50,28,5,5,10,6,0.7000000000000001,0.30000000000000004
529,12,CLF_UNION,19,17,50,54,55,28,5,5,10,6,0.7000000000000001,0.30000000000000004
530,12,ORD-UNION,0,0,0,54,5,28,5,5,10,6,0.7000000000000001,0.30000000000000004
531,12,CARD,14,17,34,54,52,28,5,5,10,6,0.7000000000000001,0.30000000000000004
532,12,CLF_UNION,18,18,53,54,57,28,5,5,10,6,0.7000000000000001,0.30000000000000004
533,12,ORD-UNION,0,0,0,54,4,28,5,5,10,6,0.7000000000000001,0.30000000000000004
534,12,CARD,22,12,38,54,49,28,5,5,10,6,0.7000000000000001,0.30000000000000004
535,12,CLF_UNION,27,10,52,54,55,28,5,5,10,6,0.7000000000000001,0.30000000000000004
536,12,ORD-UNION,0,0,0,54,3,28,5,5,10,6,0.7000000000000001,0.30000000000000004
537,12,CARD,18,14,37,54,49,28,5,5,10,6,0.7000000000000001,0.30000000000000004
538,12,CLF_UNION,19,15,53,54,57,28,5,5,10,6,0.7000000000000001,0.30000000000000004
539,12,ORD-UNION,0,0,0,54,4,28,5,5,10,6,0.7000000000000001,0.30000000000000004
540,13,CARD,12,15,30,60,54,28,5,5,10,6,0.7000000000000001,0.30000000000000004
541,13,CLF_UNION,21,11,50,60,56,28,5,5,10,6,0.7000000000000001,0.30000000000000004
542,13,ORD-UNION,0,0,0,60,6,28,5,5,10,6,0.7000000000000001,0.30000000000000004
543,13,CARD,11,8,21,60,61,28,5,5,10,6,0.7000000000000001,0.30000000000000004
544,13,CLF_UNION,23,5,48,60,56,28,5,5,10,6,0.7000000000000001,0.30000000000000004
545,13,ORD-UNION,0,0,0,60,8,28,5,5,10,6,0.7000000000000001,0.30000000000000004
546,13,CARD,5,23,29,60,56,28,5,5,10,6,0.7000000000000001,0.30000000000000004
547,13,CLF_UNION,13,15,52,60,57,28,5,5,10,6,0.7000000000000001,0.30000000000000004
548,13,ORD-UNION,0,0,0,60,5,28,5,5,10,6,0.7000000000000001,0.30000000000000004
549,13,CARD,11,9,20,60,56,28,5,5,10,6,0.7000000000000001,0.30000000000000004
550,13,CLF_UNION,12,12,42,60,56,28,5,5,10,6,0.7000000000000001,0.30000000000000004
551,13,ORD-UNION,0,0,0,60,14,28,5,5,10,6,0.7000000000000001,0.30000000000000004
552,13,CARD,10,22,37,60,50,28,5,5,10,6,0.7000000000000001,0.30000000000000004
553,13,CLF_UNION,19,14,52,60,55,28,5,5,10,6,0.7000000000000001,0.30000000000000004
554,13,ORD-UNION,0,0,0,60,3,28,5,5,10,6,0.7000000000000001,0.30000000000000004
555,14,CARD,18,13,34,74,56,28,5,5,10,6,0.7000000000000001,0.30000000000000004
556,14,CLF_UNION,29,14,58,74,58,28,5,5,10,6,0.7000000000000001,0.30000000000000004
557,14,ORD-UNION,0,0,0,74,0,28,5,5,10,6,0.7000000000000001,0.30000000000000004
558,14,CARD,13,8,26,74,55,28,5,5,10,6,0.7000000000000001,0.30000000000000004
559,14,CLF_UNION,27,3,47,74,56,28,5,5,10,6,0.7000000000000001,0.30000000000000004
560,14,ORD-UNION,0,0,0,74,9,28,5,5,10,6,0.7000000000000001,0.30000000000000004
561,14,CARD,16,8,27,74,52,28,5,5,10,6,0.7000000000000001,0.30000000000000004
562,14,CLF_UNION,22,5,46,74,57,28,5,5,10,6,0.7000000000000001,0.30000000000000004
563,14,ORD-UNION,0,0,0,74,11,28,5,5,10,6,0.7000000000000001,0.30000000000000004
564,14,CARD,22,6,30,74,56,28,5,5,10,6,0.7000000000000001,0.30000000000000004
565,14,CLF_UNION,30,5,55,74,59,28,5,5,10,6,0.7000000000000001,0.30000000000000004
566,14,ORD-UNION,0,0,0,74,4,28,5,5,10,6,0.7000000000000001,0.30000000000000004
567,14,CARD,15,10,31,74,56,28,5,5,10,6,0.7000000000000001,0.30000000000000004
568,14,CLF_UNION,26,8,52,74,55,28,5,5,10,6,0.7000000000000001,0.30000000000000004
569,14,ORD-UNION,0,0,0,74,3,28,5,5,10,6,0.7000000000000001,0.30000000000000004
570,15,CARD,21,4,26,88,58,28,5,5,10,6,0.7000000000000001,0.30000000000000004
571,15,CLF_UNION,14,21,50,88,56,28,5,5,10,6,0.7000000000000001,0.30000000000000004
572,15,ORD-UNION,0,0,0,88,6,28,5,5,10,6,0.7000000000000001,0.30000000000000004
573,15,CARD,15,6,24,88,54,28,5,5,10,6,0.7000000000000001,0.30000000000000004
574,15,CLF_UNION,8,13,44,88,56,28,5,5,10,6,0.7000000000000001,0.30000000000000004
575,15,ORD-UNION,0,0,0,88,12,28,5,5,10,6,0.7000000000000001,0.30000000000000004
576,15,CARD,14,8,23,88,52,28,5,5,10,6,0.7000000000000001,0.30000000000000004
577,15,CLF_UNION,13,10,41,88,56,28,5,5,10,6,0.7000000000000001,0.30000000000000004
578,15,ORD-UNION,0,0,0,88,15,28,5,5,10,6,0.7000000000000001,0.30000000000000004
579,15,CARD,16,2,19,88,56,28,5,5,10,6,0.7000000000000001,0.30000000000000004
580,15,CLF_UNION,12,13,42,88,57,28,5,5,10,6,0.7000000000000001,0.30000000000000004
581,15,ORD-UNION,0,0,0,88,15,28,5,5,10,6,0.7000000000000001,0.30000000000000004
582,15,CARD,6,1,12,88,61,28,5,5,10,6,0.7000000000000001,0.30000000000000004
583,15,CLF_UNION,6,6,38,88,55,28,5,5,10,6,0.7000000000000001,0.30000000000000004
584,15,ORD-UNION,0,0,0,88,17,28,5,5,10,6,0.7000000000000001,0.30000000000000004
585,16,CARD,10,4,20,101,56,28,5,5,10,6,0.7000000000000001,0.30000000000000004
586,16,CLF_UNION,14,4,44,101,58,28,5,5,10,6,0.7000000000000001,0.30000000000000004
587,16,ORD-UNION,0,0,0,101,14,28,5,5,10,6,0.7000000000000001,0.30000000000000004
588,16,CARD,19,1,25,101,54,28,5,5,10,6,0.7000000000000001,0.30000000000000004
589,16,CLF_UNION,16,9,46,101,57,28,5,5,10,6,0.7000000000000001,0.30000000000000004
590,16,ORD-UNION,0,0,0,101,11,28,5,5,10,6,0.7000000000000001,0.30000000000000004
591,16,CARD,20,3,24,101,51,28,5,5,10,6,0.7000000000000001,0.30000000000000004
592,16,CLF_UNION,19,4,41,101,56,28,5,5,10,6,0.7000000000000001,0.30000000000000004
593,16,ORD-UNION,0,0,0,101,15,28,5,5,10,6,0.7000000000000001,0.30000000000000004
594,16,CARD,20,12,36,101,52,28,5,5,10,6,0.7000000000000001,0.30000000000000004
595,16,CLF_UNION,19,20,54,101,56,28,5,5,10,6,0.7000000000000001,0.30000000000000004
596,16,ORD-UNION,0,0,0,101,2,28,5,5,10,6,0.7000000000000001,0.30000000000000004
597,16,CARD,21,7,32,101,53,28,5,5,10,6,0.7000000000000001,0.30000000000000004
598,16,CLF_UNION,22,14,52,101,57,28,5,5,10,6,0.7000000000000001,0.30000000000000004
599,16,ORD-UNION,0,0,0,101,5,28,5,5,10,6,0.7000000000000001,0.30000000000000004
600,17,CARD,14,5,23,118,52,28,5,5,10,6,0.7000000000000001,0.30000000000000004
601,17,CLF_UNION,10,10,46,118,61,28,5,5,10,6,0.7000000000000001,0.30000000000000004
602,17,ORD-UNION,0,0,0,118,15,28,5,5,10,6,0.7000000000000001,0.30000000000000004
603,17,CARD,17,7,30,118,55,28,5,5,10,6,0.7000000000000001,0.30000000000000004
604,17,CLF_UNION,24,0,57,118,62,28,5,5,10,6,0.7000000000000001,0.30000000000000004
605,17,ORD-UNION,0,0,0,118,5,28,5,5,10,6,0.7000000000000001,0.30000000000000004
606,17,CARD,12,14,31,118,55,28,5,5,10,6,0.7000000000000001,0.30000000000000004
607,17,CLF_UNION,23,7,53,118,57,28,5,5,10,6,0.7000000000000001,0.30000000000000004
608,17,ORD-UNION,0,0,0,118,4,28,5,5,10,6,0.7000000000000001,0.30000000000000004
609,17,CARD,19,10,33,118,48,28,5,5,10,6,0.7000000000000001,0.30000000000000004
610,17,CLF_UNION,22,9,46,118,55,28,5,5,10,6,0.7000000000000001,0.30000000000000004
611,17,ORD-UNION,0,0,0,118,9,28,5,5,10,6,0.7000000000000001,0.30000000000000004
612,17,CARD,12,7,24,118,47,28,5,5,10,6,0.7000000000000001,0.30000000000000004
613,17,CLF_UNION,19,1,38,118,57,28,5,5,10,6,0.7000000000000001,0.30000000000000004
614,17,ORD-UNION,0,0,0,118,19,28,5,5,10,6,0.7000000000000001,0.30000000000000004
615,18,CARD,13,11,27,135,52,28,5,5,10,6,0.7000000000000001,0.30000000000000004
616,18,CLF_UNION,14,10,46,135,57,28,5,5,10,6,0.7000000000000001,0.30000000000000004
617,18,ORD-UNION,0,0,0,135,11,28,5,5,10,6,0.7000000000000001,0.30000000000000004
618,18,CARD,13,13,31,135,49,28,5,5,10,6,0.7000000000000001,0.30000000000000004
619,18,CLF_UNION,22,7,45,135,55,28,5,5,10,6,0.7000000000000001,0.30000000000000004
620,18,ORD-UNION,0,0,0,135,10,28,5,5,10,6,0.7000000000000001,0.30000000000000004
621,18,CARD,17,8,27,135,52,28,5,5,10,6,0.7000000000000001,0.30000000000000004
622,18,CLF_UNION,15,10,45,135,56,28,5,5,10,6,0.7000000000000001,0.30000000000000004
623,18,ORD-UNION,0,0,0,135,11,28,5,5,10,6,0.7000000000000001,0.30000000000000004
624,18,CARD,11,12,27,135,51,28,5,5,10,6,0.7000000000000001,0.30000000000000004
625,18,CLF_UNION,13,13,44,135,56,28,5,5,10,6,0.7000000000000001,0.30000000000000004
626,18,ORD-UNION,0,0,0,135,12,28,5,5,10,6,0.7000000000000001,0.30000000000000004
627,18,CARD,15,2,18,135,67,28,5,5,10,6,0.7000000000000001,0.30000000000000004
628,18,CLF_UNION,14,9,54,135,59,28,5,5,10,6,0.7000000000000001,0.30000000000000004
629,18,ORD-UNION,0,0,0,135,5,28,5,5,10,6,0.7000000000000001,0.30000000000000004
630,19,CARD,20,5,28,153,48,28,5,5,10,6,0.7000000000000001,0.30000000000000004
631,19,CLF_UNION,23,4,41,153,55,28,5,5,10,6,0.7000000000000001,0.30000000000000004
632,19,ORD-UNION,0,0,0,153,14,28,5,5,10,6,0.7000000000000001,0.30000000000000004
633,19,CARD,16,15,32,153,52,28,5,5,10,6,0.7000000000000001,0.30000000000000004
634,19,CLF_UNION,25,6,49,153,55,28,5,5,10,6,0.7000000000000001,0.30000000000000004
635,19,ORD-UNION,0,0,0,153,6,28,5,5,10,6,0.7000000000000001,0.30000000000000004
636,19,CARD,20,4,27,153,50,28,5,5,10,6,0.7000000000000001,0.30000000000000004
637,19,CLF_UNION,19,6,42,153,55,28,5,5,10,6,0.7000000000000001,0.30000000000000004
638,19,ORD-UNION,0,0,0,153,13,28,5,5,10,6,0.7000000000000001,0.30000000000000004
639,19,CARD,14,18,36,153,49,28,5,5,10,6,0.7000000000000001,0.30000000000000004
640,19,CLF_UNION,21,12,50,153,55,28,5,5,10,6,0.7000000000000001,0.30000000000000004
641,19,ORD-UNION,0,0,0,153,5,28,5,5,10,6,0.7000000000000001,0.30000000000000004
642,19,CARD,15,1,17,153,52,28,5,5,10,6,0.7000000000000001,0.30000000000000004
643,19,CLF_UNION,15,1,34,153,55,28,5,5,10,6,0.7000000000000001,0.30000000000000004
644,19,ORD-UNION,0,0,0,153,21,28,5,5,10,6,0.7000000000000001,0.30000000000000004
645,20,CARD,17,10,30,172,49,28,5,5,10,6,0.7000000000000001,0.30000000000000004
646,20,CLF_UNION,20,7,44,172,55,28,5,5,10,6,0.7000000000000001,0.30000000000000004
647,20,ORD-UNION,0,0,0,172,11,28,5,5,10,6,0.7000000000000001,0.30000000000000004
648,20,CARD,7,22,34,172,47,28,5,5,10,6,0.7000000000000001,0.30000000000000004
649,20,CLF_UNION,11,19,47,172,56,28,5,5,10,6,0.7000000000000001,0.30000000000000004
650,20,ORD-UNION,0,0,0,172,9,28,5,5,10,6,0.7000000000000001,0.30000000000000004
651,20,CARD,8,10,23,172,53,28,5,5,10,6,0.7000000000000001,0.30000000000000004
652,20,CLF_UNION,11,8,42,172,56,28,5,5,10,6,0.7000000000000001,0.30000000000000004
653,20,ORD-UNION,0,0,0,172,14,28,5,5,10,6,0.7000000000000001,0.30000000000000004
654,20,CARD,0,6,9,172,54,28,5,5,10,6,0.7000000000000001,0.30000000000000004
655,20,CLF_UNION,0,6,30,172,57,28,5,5,10,6,0.7000000000000001,0.30000000000000004
656,20,ORD-UNION,0,0,0,172,27,28,5,5,10,6,0.7000000000000001,0.30000000000000004
657,20,CARD,6,9,17,172,52,28,5,5,10,6,0.7000000000000001,0.30000000000000004
658,20,CLF_UNION,7,8,35,172,56,28,5,5,10,6,0.7000000000000001,0.30000000000000004
659,20,ORD-UNION,0,0,0,172,21,28,5,5,10,6,0.7000000000000001,0.30000000000000004
660,21,CARD,9,17,28,191,48,28,5,5,10,6,0.7000000000000001,0.30000000000000004
661,21,CLF_UNION,13,15,41,191,55,28,5,5,10,6,0.7000000000000001,0.30000000000000004
662,21,ORD-UNION,0,0,0,191,14,28,5,5,10,6,0.7000000000000001,0.30000000000000004
663,21,CARD,14,10,29,191,52,28,5,5,10,6,0.7000000000000001,0.30000000000000004
664,21,CLF_UNION,15,10,47,191,56,28,5,5,10,6,0.7000000000000001,0.30000000000000004
665,21,ORD-UNION,0,0,0,191,9,28,5,5,10,6,0.7000000000000001,0.30000000000000004
666,21,CARD,14,6,24,191,48,28,5,5,10,6,0.7000000000000001,0.30000000000000004
667,21,CLF_UNION,13,7,37,191,55,28,5,5,10,6,0.7000000000000001,0.30000000000000004
668,21,ORD-UNION,0,0,0,191,18,28,5,5,10,6,0.7000000000000001,0.30000000000000004
669,21,CARD,0,6,8,191,50,28,5,5,10,6,0.7000000000000001,0.30000000000000004
670,21,CLF_UNION,5,2,23,191,55,28,5,5,10,6,0.7000000000000001,0.30000000000000004
671,21,ORD-UNION,0,0,0,191,32,28,5,5,10,6,0.7000000000000001,0.30000000000000004
672,21,CARD,14,1,17,191,47,28,5,5,10,6,0.7000000000000001,0.30000000000000004
673,21,CLF_UNION,13,2,29,191,55,28,5,5,10,6,0.7000000000000001,0.30000000000000004
674,21,ORD-UNION,0,0,0,191,26,28,5,5,10,6,0.7000000000000001,0.30000000000000004
675,22,CARD,9,7,17,205,49,28,5,5,10,6,0.7000000000000001,0.30000000000000004
676,22,CLF_UNION,9,8,32,205,55,28,5,5,10,6,0.7000000000000001,0.30000000000000004
677,22,ORD-UNION,0,0,0,205,24,28,5,5,10,6,0.7000000000000001,0.30000000000000004
678,22,CARD,6,10,17,205,51,28,5,5,10,6,0.7000000000000001,0.30000000000000004
679,22,CLF_UNION,7,9,34,205,56,28,5,5,10,6,0.7000000000000001,0.30000000000000004
680,22,ORD-UNION,0,0,0,205,22,28,5,5,10,6,0.7000000000000001,0.30000000000000004
681,22,CARD,7,11,21,205,52,28,5,5,10,6,0.7000000000000001,0.30000000000000004
682,22,CLF_UNION,15,7,40,205,57,28,5,5,10,6,0.7000000000000001,0.30000000000000004
683,22,ORD-UNION,0,0,0,205,17,28,5,5,10,6,0.7000000000000001,0.30000000000000004
684,22,CARD,9,5,17,205,48,28,5,5,10,6,0.7000000000000001,0.30000000000000004
685,22,CLF_UNION,9,6,32,205,57,28,5,5,10,6,0.7000000000000001,0.30000000000000004
686,22,ORD-UNION,0,0,0,205,25,28,5,5,10,6,0.7000000000000001,0.30000000000000004
687,22,CARD,12,3,17,205,55,28,5,5,10,6,0.7000000000000001,0.30000000000000004
688,22,CLF_UNION,12,3,37,205,55,28,5,5,10,6,0.7000000000000001,0.30000000000000004
689,22,ORD-UNION,0,0,0,205,18,28,5,5,10,6,0.7000000000000001,0.30000000000000004
690,23,CARD,0,9,9,224,58,28,5,5,10,6,0.7000000000000001,0.30000000000000004
691,23,CLF_UNION,1,8,33,224,56,28,5,5,10,6,0.7000000000000001,0.30000000000000004
692,23,ORD-UNION,0,0,0,224,23,28,5,5,10,6,0.7000000000000001,0.30000000000000004
693,23,CARD,4,8,13,224,57,28,5,5,10,6,0.7000000000000001,0.30000000000000004
694,23,CLF_UNION,12,4,36,224,56,28,5,5,10,6,0.7000000000000001,0.30000000000000004
695,23,ORD-UNION,0,0,0,224,20,28,5,5,10,6,0.7000000000000001,0.30000000000000004
696,23,CARD,6,8,15,224,51,28,5,5,10,6,0.7000000000000001,0.30000000000000004
697,23,CLF_UNION,9,8,32,224,55,28,5,5,10,6,0.7000000000000001,0.30000000000000004
698,23,ORD-UNION,0,0,0,224,24,28,5,5,10,6,0.7000000000000001,0.30000000000000004
699,23,CARD,8,8,17,224,52,28,5,5,10,6,0.7000000000000001,0.30000000000000004
700,23,CLF_UNION,12,4,34,224,55,28,5,5,10,6,0.7000000000000001,0.30000000000000004
701,23,ORD-UNION,0,0,0,224,21,28,5,5,10,6,0.7000000000000001,0.30000000000000004
702,23,CARD,7,9,17,224,49,28,5,5,10,6,0.7000000000000001,0.30000000000000004
703,23,CLF_UNION,9,7,31,224,55,28,5,5,10,6,0.7000000000000001,0.30000000000000004
704,23,ORD-UNION,0,0,0,224,24,28,5,5,10,6,0.7000000000000001,0.30000000000000004
705,24,CARD,6,10,17,245,49,28,5,5,10,6,0.7000000000000001,0.30000000000000004
706,24,CLF_UNION,9,7,31,245,55,28,5,5,10,6,0.7000000000000001,0.30000000000000004
707,24,ORD-UNION,0,0,0,245,24,28,5,5,10,6,0.7000000000000001,0.30000000000000004
708,24,CARD,6,15,22,245,54,28,5,5,10,6,0.7000000000000001,0.30000000000000004
709,24,CLF_UNION,12,11,42,245,56,28,5,5,10,6,0.7000000000000001,0.30000000000000004
710,24,ORD-UNION,0,0,0,245,14,28,5,5,10,6,0.7000000000000001,0.30000000000000004
711,24,CARD,0,0,0,245,52,28,5,5,10,6,0.7000000000000001,0.30000000000000004
712,24,CLF_UNION,0,0,18,245,56,28,5,5,10,6,0.7000000000000001,0.30000000000000004
713,24,ORD-UNION,0,0,0,245,38,28,5,5,10,6,0.7000000000000001,0.30000000000000004
714,24,CARD,0,0,0,245,58,28,5,5,10,6,0.7000000000000001,0.30000000000000004
715,24,CLF_UNION,0,0,24,245,56,28,5,5,10,6,0.7000000000000001,0.30000000000000004
716,24,ORD-UNION,0,0,0,245,32,28,5,5,10,6,0.7000000000000001,0.30000000000000004
717,24,CARD,8,12,22,245,51,28,5,5,10,6,0.7000000000000001,0.30000000000000004
718,24,CLF_UNION,10,12,39,245,56,28,5,5,10,6,0.7000000000000001,0.30000000000000004
719,24,ORD-UNION,0,0,0,245,17,28,5,5,10,6,0.7000000000000001,0.30000000000000004
720,1,CARD,15,5,24,1,66,28,5,5,10,6,0.7000000000000001,0.30000000000000004
721,1,CLF_UNION,33,23,73,1,73,28,5,5,10,6,0.7000000000000001,0.30000000000000004
722,1,ORD-UNION,0,0,0,1,0,28,5,5,10,6,0.7000000000000001,0.30000000000000004
723,1,CARD,15,6,24,1,66,28,5,5,10,6,0.7000000000000001,0.30000000000000004
724,1,CLF_UNION,30,20,69,1,69,28,5,5,10,6,0.7000000000000001,0.30000000000000004
725,1,ORD-UNION,0,0,0,1,0,28,5,5,10,6,0.7000000000000001,0.30000000000000004
726,1,CARD,17,4,24,1,66,28,5,5,10,6,0.7000000000000001,0.30000000000000004
727,1,CLF_UNION,33,24,77,1,77,28,5,5,10,6,0.7000000000000001,0.30000000000000004
728,1,ORD-UNION,0,0,0,1,0,28,5,5,10,6,0.7000000000000001,0.30000000000000004
729,1,CARD,11,10,25,1,65,28,5,5,10,6,0.7000000000000001,0.30000000000000004
730,1,CLF_UNION,30,28,77,1,77,28,5,5,10,6,0.7000000000000001,0.30000000000000004
731,1,ORD-UNION,0,0,0,1,0,28,5,5,10,6,0.7000000000000001,0.30000000000000004
732,1,CARD,9,13,25,1,65,28,5,5,10,6,0.7000000000000001,0.30000000000000004
733,1,CLF_UNION,25,23,67,1,67,28,5,5,10,6,0.7000000000000001,0.30000000000000004
734,1,ORD-UNION,0,0,0,1,0,28,5,5,10,6,0.7000000000000001,0.30000000000000004
735,2,CARD,12,13,25,2,65,28,5,5,10,6,0.7000000000000001,0.30000000000000004
736,2,CLF_UNION,27,28,75,2,75,28,5,5,10,6,0.7000000000000001,0.30000000000000004
737,2,ORD-UNION,0,0,0,2,0,28,5,5,10,6,0.7000000000000001,0.30000000000000004
738,2,CARD,1,22,24,2,66,28,5,5,10,6,0.7000000000000001,0.30000000000000004
739,2,CLF_UNION,19,40,76,2,76,28,5,5,10,6,0.7000000000000001,0.30000000000000004
740,2,ORD-UNION,0,0,0,2,0,28,5,5,10,6,0.7000000000000001,0.30000000000000004
741,2,CARD,9,14,25,2,65,28,5,5,10,6,0.7000000000000001,0.30000000000000004
742,2,CLF_UNION,25,30,75,2,75,28,5,5,10,6,0.7000000000000001,0.30000000000000004
743,2,ORD-UNION,0,0,0,2,0,28,5,5,10,6,0.7000000000000001,0.30000000000000004
744,2,CARD,7,16,25,2,65,28,5,5,10,6,0.7000000000000001,0.30000000000000004
745,2,CLF_UNION,25,34,75,2,75,28,5,5,10,6,0.7000000000000001,0.30000000000000004
746,2,ORD-UNION,0,0,0,2,0,28,5,5,10,6,0.7000000000000001,0.30000000000000004
747,2,CARD,13,8,25,2,65,28,5,5,10,6,0.7000000000000001,0.30000000000000004
748,2,CLF_UNION,33,28,75,2,75,28,5,5,10,6,0.7000000000000001,0.30000000000000004
749,2,ORD-UNION,0,0,0,2,0,28,5,5,10,6,0.7000000000000001,0.30000000000000004
750,3,CARD,26,6,35,5,54,28,5,5,10,6,0.7000000000000001,0.30000000000000004
751,3,CLF_UNION,27,14,56,5,57,28,5,5,10,6,0.7000000000000001,0.30000000000000004
752,3,ORD-UNION,0,0,0,5,1,28,5,5,10,6,0.7000000000000001,0.30000000000000004
753,3,CARD,27,6,36,5,53,28,5,5,10,6,0.7000000000000001,0.30000000000000004
754,3,CLF_UNION,24,19,57,5,58,28,5,5,10,6,0.7000000000000001,0.30000000000000004
755,3,ORD-UNION,0,0,0,5,1,28,5,5,10,6,0.7000000000000001,0.30000000000000004
756,3,CARD,27,4,37,5,53,28,5,5,10,6,0.7000000000000001,0.30000000000000004
757,3,CLF_UNION,23,16,57,5,57,28,5,5,10,6,0.7000000000000001,0.30000000000000004
758,3,ORD-UNION,0,0,0,5,0,28,5,5,10,6,0.7000000000000001,0.30000000000000004
759,3,CARD,27,3,35,5,55,28,5,5,10,6,0.7000000000000001,0.30000000000000004
760,3,CLF_UNION,29,12,61,5,61,28,5,5,10,6,0.7000000000000001,0.30000000000000004
761,3,ORD-UNION,0,0,0,5,0,28,5,5,10,6,0.7000000000000001,0.30000000000000004
762,3,CARD,25,7,37,5,53,28,5,5,10,6,0.7000000000000001,0.30000000000000004
763,3,CLF_UNION,25,16,58,5,58,28,5,5,10,6,0.7000000000000001,0.30000000000000004
764,3,ORD-UNION,0,0,0,5,0,28,5,5,10,6,0.7000000000000001,0.30000000000000004
765,4,CARD,32,4,41,7,49,28,5,5,10,6,0.7000000000000001,0.30000000000000004
766,4,CLF_UNION,28,13,57,7,57,28,5,5,10,6,0.7000000000000001,0.30000000000000004
767,4,ORD-UNION,0,0,0,7,0,28,5,5,10,6,0.7000000000000001,0.30000000000000004
768,4,CARD,28,6,41,7,49,28,5,5,10,6,0.7000000000000001,0.30000000000000004
769,4,CLF_UNION,29,8,55,7,55,28,5,5,10,6,0.7000000000000001,0.30000000000000004
770,4,ORD-UNION,0,0,0,7,0,28,5,5,10,6,0.7000000000000001,0.30000000000000004
771,4,CARD,31,4,40,7,50,28,5,5,10,6,0.7000000000000001,0.30000000000000004
772,4,CLF_UNION,28,13,57,7,57,28,5,5,10,6,0.7000000000000001,0.30000000000000004
773,4,ORD-UNION,0,0,0,7,0,28,5,5,10,6,0.7000000000000001,0.30000000000000004
774,4,CARD,25,10,42,7,48,28,5,5,10,6,0.7000000000000001,0.30000000000000004
775,4,CLF_UNION,24,14,55,7,55,28,5,5,10,6,0.7000000000000001,0.30000000000000004
776,4,ORD-UNION,0,0,0,7,0,28,5,5,10,6,0.7000000000000001,0.30000000000000004
777,4,CARD,27,4,38,7,51,28,5,5,10,6,0.7000000000000001,0.30000000000000004
778,4,CLF_UNION,26,12,55,7,56,28,5,5,10,6,0.7000000000000001,0.30000000000000004
779,4,ORD-UNION,0,0,0,7,1,28,5,5,10,6,0.7000000000000001,0.30000000000000004
780,5,CARD,32,3,38,12,52,28,5,5,10,6,0.7000000000000001,0.30000000000000004
781,5,CLF_UNION,34,8,56,12,56,28,5,5,10,6,0.7000000000000001,0.30000000000000004
782,5,ORD-UNION,0,0,0,12,0,28,5,5,10,6,0.7000000000000001,0.30000000000000004
783,5,CARD,29,0,34,12,54,28,5,5,10,6,0.7000000000000001,0.30000000000000004
784,5,CLF_UNION,30,6,54,12,56,28,5,5,10,6,0.7000000000000001,0.30000000000000004
785,5,ORD-UNION,0,0,0,12,2,28,5,5,10,6,0.7000000000000001,0.30000000000000004
786,5,CARD,31,3,38,12,50,28,5,5,10,6,0.7000000000000001,0.30000000000000004
787,5,CLF_UNION,31,7,54,12,56,28,5,5,10,6,0.7000000000000001,0.30000000000000004
788,5,ORD-UNION,0,0,0,12,2,28,5,5,10,6,0.7000000000000001,0.30000000000000004
789,5,CARD,31,4,40,12,50,28,5,5,10,6,0.7000000000000001,0.30000000000000004
790,5,CLF_UNION,32,7,55,12,55,28,5,5,10,6,0.7000000000000001,0.30000000000000004
791,5,ORD-UNION,0,0,0,12,0,28,5,5,10,6,0.7000000000000001,0.30000000000000004
792,5,CARD,26,8,39,12,51,28,5,5,10,6,0.7000000000000001,0.30000000000000004
793,5,CLF_UNION,30,10,58,12,58,28,5,5,10,6,0.7000000000000001,0.30000000000000004
794,5,ORD-UNION,0,0,0,12,0,28,5,5,10,6,0.7000000000000001,0.30000000000000004
795,6,CARD,32,1,41,18,49,28,5,5,10,6,0.7000000000000001,0.30000000000000004
796,6,CLF_UNION,34,2,55,18,55,28,5,5,10,6,0.7000000000000001,0.30000000000000004
797,6,ORD-UNION,0,0,0,18,0,28,5,5,10,6,0.7000000000000001,0.30000000000000004
798,6,CARD,31,2,39,18,50,28,5,5,10,6,0.7000000000000001,0.30000000000000004
799,6,CLF_UNION,31,6,54,18,55,28,5,5,10,6,0.7000000000000001,0.30000000000000004
800,6,ORD-UNION,0,0,0,18,1,28,5,5,10,6,0.7000000000000001,0.30000000000000004
801,6,CARD,31,6,41,18,49,28,5,5,10,6,0.7000000000000001,0.30000000000000004
802,6,CLF_UNION,32,8,55,18,55,28,5,5,10,6,0.7000000000000001,0.30000000000000004
803,6,ORD-UNION,0,0,0,18,0,28,5,5,10,6,0.7000000000000001,0.30000000000000004
804,6,CARD,28,2,36,18,51,28,5,5,10,6,0.7000000000000001,0.30000000000000004
805,6,CLF_UNION,26,7,52,18,55,28,5,5,10,6,0.7000000000000001,0.30000000000000004
806,6,ORD-UNION,0,0,0,18,3,28,5,5,10,6,0.7000000000000001,0.30000000000000004
807,6,CARD,31,1,37,18,52,28,5,5,10,6,0.7000000000000001,0.30000000000000004
808,6,CLF_UNION,29,8,54,18,55,28,5,5,10,6,0.7000000000000001,0.30000000000000004
809,6,ORD-UNION,0,0,0,18,1,28,5,5,10,6,0.7000000000000001,0.30000000000000004
810,7,CARD,27,8,41,25,48,28,5,5,10,6,0.7000000000000001,0.30000000000000004
811,7,CLF_UNION,32,6,54,25,55,28,5,5,10,6,0.7000000000000001,0.30000000000000004
812,7,ORD-UNION,0,0,0,25,1,28,5,5,10,6,0.7000000000000001,0.30000000000000004
813,7,CARD,29,5,40,25,47,28,5,5,10,6,0.7000000000000001,0.30000000000000004
814,7,CLF_UNION,32,4,52,25,55,28,5,5,10,6,0.7000000000000001,0.30000000000000004
815,7,ORD-UNION,0,0,0,25,3,28,5,5,10,6,0.7000000000000001,0.30000000000000004
816,7,CARD,25,6,39,25,50,28,5,5,10,6,0.7000000000000001,0.30000000000000004
817,7,CLF_UNION,33,3,54,25,55,28,5,5,10,6,0.7000000000000001,0.30000000000000004
818,7,ORD-UNION,0,0,0,25,1,28,5,5,10,6,0.7000000000000001,0.30000000000000004
819,7,CARD,36,2,43,25,47,28,5,5,10,6,0.7000000000000001,0.30000000000000004
820,7,CLF_UNION,37,2,55,25,55,28,5,5,10,6,0.7000000000000001,0.30000000000000004
821,7,ORD-UNION,0,0,0,25,0,28,5,5,10,6,0.7000000000000001,0.30000000000000004
822,7,CARD,29,5,43,25,47,28,5,5,10,6,0.7000000000000001,0.30000000000000004
823,7,CLF_UNION,30,6,55,25,55,28,5,5,10,6,0.7000000000000001,0.30000000000000004
824,7,ORD-UNION,0,0,0,25,0,28,5,5,10,6,0.7000000000000001,0.30000000000000004
825,8,CARD,23,7,38,33,49,28,5,5,10,6,0.7000000000000001,0.30000000000000004
826,8,CLF_UNION,32,2,52,33,55,28,5,5,10,6,0.7000000000000001,0.30000000000000004
827,8,ORD-UNION,0,0,0,33,3,28,5,5,10,6,0.7000000000000001,0.30000000000000004
828,8,CARD,27,7,38,33,49,28,5,5,10,6,0.7000000000000001,0.30000000000000004
829,8,CLF_UNION,30,7,52,33,55,28,5,5,10,6,0.7000000000000001,0.30000000000000004
830,8,ORD-UNION,0,0,0,33,3,28,5,5,10,6,0.7000000000000001,0.30000000000000004
831,8,CARD,26,5,33,33,51,28,5,5,10,6,0.7000000000000001,0.30000000000000004
832,8,CLF_UNION,26,8,50,33,56,28,5,5,10,6,0.7000000000000001,0.30000000000000004
833,8,ORD-UNION,0,0,0,33,6,28,5,5,10,6,0.7000000000000001,0.30000000000000004
834,8,CARD,27,8,44,33,46,28,5,5,10,6,0.7000000000000001,0.30000000000000004
835,8,CLF_UNION,28,8,55,33,55,28,5,5,10,6,0.7000000000000001,0.30000000000000004
836,8,ORD-UNION,0,0,0,33,0,28,5,5,10,6,0.7000000000000001,0.30000000000000004
837,8,CARD,26,7,38,33,47,28,5,5,10,6,0.7000000000000001,0.30000000000000004
838,8,CLF_UNION,28,6,50,33,55,28,5,5,10,6,0.7000000000000001,0.30000000000000004
839,8,ORD-UNION,0,0,0,33,5,28,5,5,10,6,0.7000000000000001,0.30000000000000004
840,9,CARD,25,6,40,41,47,28,5,5,10,6,0.7000000000000001,0.30000000000000004
841,9,CLF_UNION,27,5,52,41,55,28,5,5,10,6,0.7000000000000001,0.30000000000000004
842,9,ORD-UNION,0,0,0,41,3,28,5,5,10,6,0.7000000000000001,0.30000000000000004
843,9,CARD,27,6,39,41,48,28,5,5,10,6,0.7000000000000001,0.30000000000000004
844,9,CLF_UNION,32,4,52,41,55,28,5,5,10,6,0.7000000000000001,0.30000000000000004
845,9,ORD-UNION,0,0,0,41,3,28,5,5,10,6,0.7000000000000001,0.30000000000000004
846,9,CARD,28,4,36,41,49,28,5,5,10,6,0.7000000000000001,0.30000000000000004
847,9,CLF_UNION,33,2,51,41,56,28,5,5,10,6,0.7000000000000001,0.30000000000000004
848,9,ORD-UNION,0,0,0,41,5,28,5,5,10,6,0.7000000000000001,0.30000000000000004
849,9,CARD,28,7,41,41,48,28,5,5,10,6,0.7000000000000001,0.30000000000000004
850,9,CLF_UNION,35,3,54,41,55,28,5,5,10,6,0.7000000000000001,0.30000000000000004
851,9,ORD-UNION,0,0,0,41,1,28,5,5,10,6,0.7000000000000001,0.30000000000000004
852,9,CARD,25,8,39,41,50,28,5,5,10,6,0.7000000000000001,0.30000000000000004
853,9,CLF_UNION,30,7,54,41,55,28,5,5,10,6,0.7000000000000001,0.30000000000000004
854,9,ORD-UNION,0,0,0,41,1,28,5,5,10,6,0.7000000000000001,0.30000000000000004
855,10,CARD,27,8,42,49,47,28,5,5,10,6,0.7000000000000001,0.30000000000000004
856,10,CLF_UNION,32,5,54,49,55,28,5,5,10,6,0.7000000000000001,0.30000000000000004
857,10,ORD-UNION,0,0,0,49,1,28,5,5,10,6,0.7000000000000001,0.30000000000000004
858,10,CARD,31,7,41,49,47,28,5,5,10,6,0.7000000000000001,0.30000000000000004
859,10,CLF_UNION,35,4,54,49,56,28,5,5,10,6,0.7000000000000001,0.30000000000000004
860,10,ORD-UNION,0,0,0,49,2,28,5,5,10,6,0.7000000000000001,0.30000000000000004
861,10,CARD,31,4,41,49,46,28,5,5,10,6,0.7000000000000001,0.30000000000000004
862,10,CLF_UNION,31,4,52,49,55,28,5,5,10,6,0.7000000000000001,0.30000000000000004
863,10,ORD-UNION,0,0,0,49,3,28,5,5,10,6,0.7000000000000001,0.30000000000000004
864,10,CARD,32,4,41,49,48,28,5,5,10,6,0.7000000000000001,0.30000000000000004
865,10,CLF_UNION,35,4,54,49,55,28,5,5,10,6,0.7000000000000001,0.30000000000000004
866,10,ORD-UNION,0,0,0,49,1,28,5,5,10,6,0.7000000000000001,0.30000000000000004
867,10,CARD,28,6,39,49,48,28,5,5,10,6,0.7000000000000001,0.30000000000000004
868,10,CLF_UNION,33,3,52,49,55,28,5,5,10,6,0.7000000000000001,0.30000000000000004
869,10,ORD-UNION,0,0,0,49,3,28,5,5,10,6,0.7000000000000001,0.30000000000000004
870,11,CARD,30,4,37,59,48,28,5,5,10,6,0.7000000000000001,0.30000000000000004
871,11,CLF_UNION,34,1,50,59,55,28,5,5,10,6,0.7000000000000001,0.30000000000000004
872,11,ORD-UNION,0,0,0,59,5,28,5,5,10,6,0.7000000000000001,0.30000000000000004
873,11,CARD,32,3,41,59,48,28,5,5,10,6,0.7000000000000001,0.30000000000000004
874,11,CLF_UNION,34,3,54,59,55,28,5,5,10,6,0.7000000000000001,0.30000000000000004
875,11,ORD-UNION,0,0,0,59,1,28,5,5,10,6,0.7000000000000001,0.30000000000000004
876,11,CARD,34,4,43,59,46,28,5,5,10,6,0.7000000000000001,0.30000000000000004
877,11,CLF_UNION,35,4,54,59,55,28,5,5,10,6,0.7000000000000001,0.30000000000000004
878,11,ORD-UNION,0,0,0,59,1,28,5,5,10,6,0.7000000000000001,0.30000000000000004
879,11,CARD,23,5,33,59,48,28,5,5,10,6,0.7000000000000001,0.30000000000000004
880,11,CLF_UNION,28,4,49,59,58,28,5,5,10,6,0.7000000000000001,0.30000000000000004
881,11,ORD-UNION,0,0,0,59,9,28,5,5,10,6,0.7000000000000001,0.30000000000000004
882,11,CARD,30,6,40,59,47,28,5,5,10,6,0.7000000000000001,0.30000000000000004
883,11,CLF_UNION,31,6,52,59,55,28,5,5,10,6,0.7000000000000001,0.30000000000000004
884,11,ORD-UNION,0,0,0,59,3,28,5,5,10,6,0.7000000000000001,0.30000000000000004
885,12,CARD,27,6,37,70,49,28,5,5,10,6,0.7000000000000001,0.30000000000000004
886,12,CLF_UNION,28,7,52,70,56,28,5,5,10,6,0.7000000000000001,0.30000000000000004
887,12,ORD-UNION,0,0,0,70,4,28,5,5,10,6,0.7000000000000001,0.30000000000000004
888,12,CARD,25,3,33,70,48,28,5,5,10,6,0.7000000000000001,0.30000000000000004
889,12,CLF_UNION,27,3,46,70,55,28,5,5,10,6,0.7000000000000001,0.30000000000000004
890,12,ORD-UNION,0,0,0,70,9,28,5,5,10,6,0.7000000000000001,0.30000000000000004
891,12,CARD,27,2,34,70,46,28,5,5,10,6,0.7000000000000001,0.30000000000000004
892,12,CLF_UNION,28,3,46,70,56,28,5,5,10,6,0.7000000000000001,0.30000000000000004
893,12,ORD-UNION,0,0,0,70,10,28,5,5,10,6,0.7000000000000001,0.30000000000000004
894,12,CARD,24,6,36,70,49,28,5,5,10,6,0.7000000000000001,0.30000000000000004
895,12,CLF_UNION,26,7,50,70,55,28,5,5,10,6,0.7000000000000001,0.30000000000000004
896,12,ORD-UNION,0,0,0,70,5,28,5,5,10,6,0.7000000000000001,0.30000000000000004
897,12,CARD,30,2,36,70,49,28,5,5,10,6,0.7000000000000001,0.30000000000000004
898,12,CLF_UNION,29,4,50,70,55,28,5,5,10,6,0.7000000000000001,0.30000000000000004
899,12,ORD-UNION,0,0,0,70,5,28,5,5,10,6,0.7000000000000001,0.30000000000000004
900,13,CARD,23,3,29,81,48,28,5,5,10,6,0.7000000000000001,0.30000000000000004
901,13,CLF_UNION,25,1,42,81,55,28,5,5,10,6,0.7000000000000001,0.30000000000000004
902,13,ORD-UNION,0,0,0,81,13,28,5,5,10,6,0.7000000000000001,0.30000000000000004
903,13,CARD,28,4,40,81,47,28,5,5,10,6,0.7000000000000001,0.30000000000000004
904,13,CLF_UNION,30,5,53,81,55,28,5,5,10,6,0.7000000000000001,0.30000000000000004
905,13,ORD-UNION,0,0,0,81,3,28,5,5,10,6,0.7000000000000001,0.30000000000000004
906,13,CARD,22,0,28,81,55,28,5,5,10,6,0.7000000000000001,0.30000000000000004
907,13,CLF_UNION,21,5,48,81,55,28,5,5,10,6,0.7000000000000001,0.30000000000000004
908,13,ORD-UNION,0,0,0,81,7,28,5,5,10,6,0.7000000000000001,0.30000000000000004
909,13,CARD,29,4,38,81,47,28,5,5,10,6,0.7000000000000001,0.30000000000000004
910,13,CLF_UNION,25,9,50,81,55,28,5,5,10,6,0.7000000000000001,0.30000000000000004
911,13,ORD-UNION,0,0,0,81,5,28,5,5,10,6,0.7000000000000001,0.30000000000000004
912,13,CARD,20,3,33,81,48,28,5,5,10,6,0.7000000000000001,0.30000000000000004
913,13,CLF_UNION,23,2,47,81,56,28,5,5,10,6,0.7000000000000001,0.30000000000000004
914,13,ORD-UNION,0,0,0,81,9,28,5,5,10,6,0.7000000000000001,0.30000000000000004
915,14,CARD,22,4,30,92,52,28,5,5,10,6,0.7000000000000001,0.30000000000000004
916,14,CLF_UNION,30,0,48,92,56,28,5,5,10,6,0.7000000000000001,0.30000000000000004
917,14,ORD-UNION,0,0,0,92,8,28,5,5,10,6,0.7000000000000001,0.30000000000000004
918,14,CARD,30,5,41,92,46,28,5,5,10,6,0.7000000000000001,0.30000000000000004
919,14,CLF_UNION,30,6,52,92,55,28,5,5,10,6,0.7000000000000001,0.30000000000000004
920,14,ORD-UNION,0,0,0,92,3,28,5,5,10,6,0.7000000000000001,0.30000000000000004
921,14,CARD,6,6,15,92,50,28,5,5,10,6,0.7000000000000001,0.30000000000000004
922,14,CLF_UNION,14,0,30,92,55,28,5,5,10,6,0.7000000000000001,0.30000000000000004
923,14,ORD-UNION,0,0,0,92,25,28,5,5,10,6,0.7000000000000001,0.30000000000000004
924,14,CARD,29,3,37,92,47,28,5,5,10,6,0.7000000000000001,0.30000000000000004
925,14,CLF_UNION,31,2,49,92,55,28,5,5,10,6,0.7000000000000001,0.30000000000000004
926,14,ORD-UNION,0,0,0,92,6,28,5,5,10,6,0.7000000000000001,0.30000000000000004
927,14,CARD,19,7,34,92,48,28,5,5,10,6,0.7000000000000001,0.30000000000000004
928,14,CLF_UNION,26,1,48,92,56,28,5,5,10,6,0.7000000000000001,0.30000000000000004
929,14,ORD-UNION,0,0,0,92,8,28,5,5,10,6,0.7000000000000001,0.30000000000000004
930,15,CARD,19,6,29,106,47,28,5,5,10,6,0.7000000000000001,0.30000000000000004
931,15,CLF_UNION,23,3,41,106,55,28,5,5,10,6,0.7000000000000001,0.30000000000000004
932,15,ORD-UNION,0,0,0,106,14,28,5,5,10,6,0.7000000000000001,0.30000000000000004
933,15,CARD,18,7,32,106,50,28,5,5,10,6,0.7000000000000001,0.30000000000000004
934,15,CLF_UNION,26,2,48,106,56,28,5,5,10,6,0.7000000000000001,0.30000000000000004
935,15,ORD-UNION,0,0,0,106,8,28,5,5,10,6,0.7000000000000001,0.30000000000000004
936,15,CARD,23,6,33,106,48,28,5,5,10,6,0.7000000000000001,0.30000000000000004
937,15,CLF_UNION,30,0,47,106,56,28,5,5,10,6,0.7000000000000001,0.30000000000000004
938,15,ORD-UNION,0,0,0,106,9,28,5,5,10,6,0.7000000000000001,0.30000000000000004
939,15,CARD,17,5,27,106,50,28,5,5,10,6,0.7000000000000001,0.30000000000000004
940,15,CLF_UNION,24,1,42,106,55,28,5,5,10,6,0.7000000000000001,0.30000000000000004
941,15,ORD-UNION,0,0,0,106,13,28,5,5,10,6,0.7000000000000001,0.30000000000000004
942,15,CARD,21,4,28,106,49,28,5,5,10,6,0.7000000000000001,0.30000000000000004
943,15,CLF_UNION,24,3,43,106,56,28,5,5,10,6,0.7000000000000001,0.30000000000000004
944,15,ORD-UNION,0,0,0,106,13,28,5,5,10,6,0.7000000000000001,0.30000000000000004
945,16,CARD,17,6,27,119,48,28,5,5,10,6,0.7000000000000001,0.30000000000000004
946,16,CLF_UNION,22,3,40,119,55,28,5,5,10,6,0.7000000000000001,0.30000000000000004
947,16,ORD-UNION,0,0,0,119,15,28,5,5,10,6,0.7000000000000001,0.30000000000000004
948,16,CARD,12,6,22,119,48,28,5,5,10,6,0.7000000000000001,0.30000000000000004
949,16,CLF_UNION,20,0,35,119,55,28,5,5,10,6,0.7000000000000001,0.30000000000000004
950,16,ORD-UNION,0,0,0,119,20,28,5,5,10,6,0.7000000000000001,0.30000000000000004
951,16,CARD,18,0,21,119,50,28,5,5,10,6,0.7000000000000001,0.30000000000000004
952,16,CLF_UNION,21,0,37,119,56,28,5,5,10,6,0.7000000000000001,0.30000000000000004
953,16,ORD-UNION,0,0,0,119,19,28,5,5,10,6,0.7000000000000001,0.30000000000000004
954,16,CARD,25,7,36,119,48,28,5,5,10,6,0.7000000000000001,0.30000000000000004
955,16,CLF_UNION,30,4,49,119,55,28,5,5,10,6,0.7000000000000001,0.30000000000000004
956,16,ORD-UNION,0,0,0,119,6,28,5,5,10,6,0.7000000000000001,0.30000000000000004
957,16,CARD,19,7,32,119,53,28,5,5,10,6,0.7000000000000001,0.30000000000000004
958,16,CLF_UNION,29,4,50,119,55,28,5,5,10,6,0.7000000000000001,0.30000000000000004
959,16,ORD-UNION,0,0,0,119,5,28,5,5,10,6,0.7000000000000001,0.30000000000000004
960,17,CARD,17,2,23,132,49,28,5,5,10,6,0.7000000000000001,0.30000000000000004
961,17,CLF_UNION,17,3,39,132,57,28,5,5,10,6,0.7000000000000001,0.30000000000000004
962,17,ORD-UNION,0,0,0,132,18,28,5,5,10,6,0.7000000000000001,0.30000000000000004
963,17,CARD,21,4,29,132,47,28,5,5,10,6,0.7000000000000001,0.30000000000000004
964,17,CLF_UNION,24,2,41,132,55,28,5,5,10,6,0.7000000000000001,0.30000000000000004
965,17,ORD-UNION,0,0,0,132,14,28,5,5,10,6,0.7000000000000001,0.30000000000000004
966,17,CARD,20,8,32,132,49,28,5,5,10,6,0.7000000000000001,0.30000000000000004
967,17,CLF_UNION,27,3,46,132,55,28,5,5,10,6,0.7000000000000001,0.30000000000000004
968,17,ORD-UNION,0,0,0,132,9,28,5,5,10,6,0.7000000000000001,0.30000000000000004
969,17,CARD,24,4,34,132,47,28,5,5,10,6,0.7000000000000001,0.30000000000000004
970,17,CLF_UNION,25,4,46,132,55,28,5,5,10,6,0.7000000000000001,0.30000000000000004
971,17,ORD-UNION,0,0,0,132,9,28,5,5,10,6,0.7000000000000001,0.30000000000000004
972,17,CARD,10,3,17,132,48,28,5,5,10,6,0.7000000000000001,0.30000000000000004
973,17,CLF_UNION,13,0,31,132,56,28,5,5,10,6,0.7000000000000001,0.30000000000000004
974,17,ORD-UNION,0,0,0,132,25,28,5,5,10,6,0.7000000000000001,0.30000000000000004
975,18,CARD,19,3,24,149,47,28,5,5,10,6,0.7000000000000001,0.30000000000000004
976,18,CLF_UNION,19,3,38,149,57,28,5,5,10,6,0.7000000000000001,0.30000000000000004
977,18,ORD-UNION,0,0,0,149,19,28,5,5,10,6,0.7000000000000001,0.30000000000000004
978,18,CARD,29,4,37,149,48,28,5,5,10,6,0.7000000000000001,0.30000000000000004
979,18,CLF_UNION,34,1,50,149,55,28,5,5,10,6,0.7000000000000001,0.30000000000000004
980,18,ORD-UNION,0,0,0,149,5,28,5,5,10,6,0.7000000000000001,0.30000000000000004
981,18,CARD,21,5,30,149,46,28,5,5,10,6,0.7000000000000001,0.30000000000000004
982,18,CLF_UNION,24,2,42,149,56,28,5,5,10,6,0.7000000000000001,0.30000000000000004
983,18,ORD-UNION,0,0,0,149,14,28,5,5,10,6,0.7000000000000001,0.30000000000000004
984,18,CARD,22,3,32,149,50,28,5,5,10,6,0.7000000000000001,0.30000000000000004
985,18,CLF_UNION,27,0,47,149,55,28,5,5,10,6,0.7000000000000001,0.30000000000000004
986,18,ORD-UNION,0,0,0,149,8,28,5,5,10,6,0.7000000000000001,0.30000000000000004
987,18,CARD,11,4,17,149,48,28,5,5,10,6,0.7000000000000001,0.30000000000000004
988,18,CLF_UNION,15,0,31,149,56,28,5,5,10,6,0.7000000000000001,0.30000000000000004
989,18,ORD-UNION,0,0,0,149,25,28,5,5,10,6,0.7000000000000001,0.30000000000000004
990,19,CARD,15,1,17,165,49,28,5,5,10,6,0.7000000000000001,0.30000000000000004
991,19,CLF_UNION,16,0,31,165,55,28,5,5,10,6,0.7000000000000001,0.30000000000000004
992,19,ORD-UNION,0,0,0,165,24,28,5,5,10,6,0.7000000000000001,0.30000000000000004
993,19,CARD,13,0,16,165,50,28,5,5,10,6,0.7000000000000001,0.30000000000000004
994,19,CLF_UNION,13,0,33,165,57,28,5,5,10,6,0.7000000000000001,0.30000000000000004
995,19,ORD-UNION,0,0,0,165,24,28,5,5,10,6,0.7000000000000001,0.30000000000000004
996,19,CARD,17,4,24,165,47,28,5,5,10,6,0.7000000000000001,0.30000000000000004
997,19,CLF_UNION,18,3,36,165,55,28,5,5,10,6,0.7000000000000001,0.30000000000000004
998,19,ORD-UNION,0,0,0,165,19,28,5,5,10,6,0.7000000000000001,0.30000000000000004
999,19,CARD,13,2,17,165,49,28,5,5,10,6,0.7000000000000001,0.30000000000000004
1000,19,CLF_UNION,10,5,31,165,55,28,5,5,10,6,0.7000000000000001,0.30000000000000004
1001,19,ORD-UNION,0,0,0,165,24,28,5,5,10,6,0.7000000000000001,0.30000000000000004
1002,19,CARD,19,2,23,165,50,28,5,5,10,6,0.7000000000000001,0.30000000000000004
1003,19,CLF_UNION,21,1,39,165,56,28,5,5,10,6,0.7000000000000001,0.30000000000000004
1004,19,ORD-UNION,0,0,0,165,17,28,5,5,10,6,0.7000000000000001,0.30000000000000004
1005,20,CARD,18,4,28,181,48,28,5,5,10,6,0.7000000000000001,0.30000000000000004
1006,20,CLF_UNION,20,4,41,181,55,28,5,5,10,6,0.7000000000000001,0.30000000000000004
1007,20,ORD-UNION,0,0,0,181,14,28,5,5,10,6,0.7000000000000001,0.30000000000000004
1008,20,CARD,24,0,28,181,49,28,5,5,10,6,0.7000000000000001,0.30000000000000004
1009,20,CLF_UNION,24,2,42,181,55,28,5,5,10,6,0.7000000000000001,0.30000000000000004
1010,20,ORD-UNION,0,0,0,181,13,28,5,5,10,6,0.7000000000000001,0.30000000000000004
1011,20,CARD,27,2,32,181,50,28,5,5,10,6,0.7000000000000001,0.30000000000000004
1012,20,CLF_UNION,29,2,48,181,56,28,5,5,10,6,0.7000000000000001,0.30000000000000004
1013,20,ORD-UNION,0,0,0,181,8,28,5,5,10,6,0.7000000000000001,0.30000000000000004
1014,20,CARD,13,1,17,181,47,28,5,5,10,6,0.7000000000000001,0.30000000000000004
1015,20,CLF_UNION,14,0,29,181,55,28,5,5,10,6,0.7000000000000001,0.30000000000000004
1016,20,ORD-UNION,0,0,0,181,26,28,5,5,10,6,0.7000000000000001,0.30000000000000004
1017,20,CARD,19,1,23,181,48,28,5,5,10,6,0.7000000000000001,0.30000000000000004
1018,20,CLF_UNION,19,2,36,181,55,28,5,5,10,6,0.7000000000000001,0.30000000000000004
1019,20,ORD-UNION,0,0,0,181,19,28,5,5,10,6,0.7000000000000001,0.30000000000000004
1020,21,CARD,14,2,21,200,53,28,5,5,10,6,0.7000000000000001,0.30000000000000004
1021,21,CLF_UNION,19,0,39,200,55,28,5,5,10,6,0.7000000000000001,0.30000000000000004
1022,21,ORD-UNION,0,0,0,200,16,28,5,5,10,6,0.7000000000000001,0.30000000000000004
1023,21,CARD,9,0,9,200,53,28,5,5,10,6,0.7000000000000001,0.30000000000000004
1024,21,CLF_UNION,9,0,27,200,55,28,5,5,10,6,0.7000000000000001,0.30000000000000004
1025,21,ORD-UNION,0,0,0,200,28,28,5,5,10,6,0.7000000000000001,0.30000000000000004
1026,21,CARD,0,0,0,200,49,28,5,5,10,6,0.7000000000000001,0.30000000000000004
1027,21,CLF_UNION,0,0,15,200,56,28,5,5,10,6,0.7000000000000001,0.30000000000000004
1028,21,ORD-UNION,0,0,0,200,41,28,5,5,10,6,0.7000000000000001,0.30000000000000004
1029,21,CARD,23,3,27,200,52,28,5,5,10,6,0.7000000000000001,0.30000000000000004
1030,21,CLF_UNION,25,4,44,200,55,28,5,5,10,6,0.7000000000000001,0.30000000000000004
1031,21,ORD-UNION,0,0,0,200,11,28,5,5,10,6,0.7000000000000001,0.30000000000000004
1032,21,CARD,17,0,20,200,52,28,5,5,10,6,0.7000000000000001,0.30000000000000004
1033,21,CLF_UNION,20,1,37,200,55,28,5,5,10,6,0.7000000000000001,0.30000000000000004
1034,21,ORD-UNION,0,0,0,200,18,28,5,5,10,6,0.7000000000000001,0.30000000000000004
1035,22,CARD,14,0,17,218,48,28,5,5,10,6,0.7000000000000001,0.30000000000000004
1036,22,CLF_UNION,14,0,30,218,55,28,5,5,10,6,0.7000000000000001,0.30000000000000004
1037,22,ORD-UNION,0,0,0,218,25,28,5,5,10,6,0.7000000000000001,0.30000000000000004
1038,22,CARD,19,0,24,218,49,28,5,5,10,6,0.7000000000000001,0.30000000000000004
1039,22,CLF_UNION,19,0,38,218,55,28,5,5,10,6,0.7000000000000001,0.30000000000000004
1040,22,ORD-UNION,0,0,0,218,17,28,5,5,10,6,0.7000000000000001,0.30000000000000004
1041,22,CARD,23,3,29,218,48,28,5,5,10,6,0.7000000000000001,0.30000000000000004
1042,22,CLF_UNION,23,4,42,218,55,28,5,5,10,6,0.7000000000000001,0.30000000000000004
1043,22,ORD-UNION,0,0,0,218,13,28,5,5,10,6,0.7000000000000001,0.30000000000000004
1044,22,CARD,19,2,24,218,46,28,5,5,10,6,0.7000000000000001,0.30000000000000004
1045,22,CLF_UNION,21,0,35,218,55,28,5,5,10,6,0.7000000000000001,0.30000000000000004
1046,22,ORD-UNION,0,0,0,218,20,28,5,5,10,6,0.7000000000000001,0.30000000000000004
1047,22,CARD,0,0,0,218,52,28,5,5,10,6,0.7000000000000001,0.30000000000000004
1048,22,CLF_UNION,0,0,17,218,55,28,5,5,10,6,0.7000000000000001,0.30000000000000004
1049,22,ORD-UNION,0,0,0,218,38,28,5,5,10,6,0.7000000000000001,0.30000000000000004
1050,23,CARD,17,4,24,239,48,28,5,5,10,6,0.7000000000000001,0.30000000000000004
1051,23,CLF_UNION,21,0,38,239,56,28,5,5,10,6,0.7000000000000001,0.30000000000000004
1052,23,ORD-UNION,0,0,0,239,18,28,5,5,10,6,0.7000000000000001,0.30000000000000004
1053,23,CARD,20,2,27,239,49,28,5,5,10,6,0.7000000000000001,0.30000000000000004
1054,23,CLF_UNION,22,2,41,239,55,28,5,5,10,6,0.7000000000000001,0.30000000000000004
1055,23,ORD-UNION,0,0,0,239,14,28,5,5,10,6,0.7000000000000001,0.30000000000000004
1056,23,CARD,20,0,23,239,48,28,5,5,10,6,0.7000000000000001,0.30000000000000004
1057,23,CLF_UNION,20,0,38,239,57,28,5,5,10,6,0.7000000000000001,0.30000000000000004
1058,23,ORD-UNION,0,0,0,239,19,28,5,5,10,6,0.7000000000000001,0.30000000000000004
1059,23,CARD,16,0,17,239,50,28,5,5,10,6,0.7000000000000001,0.30000000000000004
1060,23,CLF_UNION,16,0,33,239,56,28,5,5,10,6,0.7000000000000001,0.30000000000000004
1061,23,ORD-UNION,0,0,0,239,23,28,5,5,10,6,0.7000000000000001,0.30000000000000004
1062,23,CARD,6,3,9,239,52,28,5,5,10,6,0.7000000000000001,0.30000000000000004
1063,23,CLF_UNION,8,1,28,239,57,28,5,5,10,6,0.7000000000000001,0.30000000000000004
1064,23,ORD-UNION,0,0,0,239,29,28,5,5,10,6,0.7000000000000001,0.30000000000000004
1065,24,CARD,9,0,9,261,52,28,5,5,10,6,0.7000000000000001,0.30000000000000004
1066,24,CLF_UNION,9,0,27,261,56,28,5,5,10,6,0.7000000000000001,0.30000000000000004
1067,24,ORD-UNION,0,0,0,261,29,28,5,5,10,6,0.7000000000000001,0.30000000000000004
1068,24,CARD,13,0,17,261,47,28,5,5,10,6,0.7000000000000001,0.30000000000000004
1069,24,CLF_UNION,12,2,30,261,55,28,5,5,10,6,0.7000000000000001,0.30000000000000004
1070,24,ORD-UNION,0,0,0,261,26,28,5,5,10,6,0.7000000000000001,0.30000000000000004
1071,24,CARD,0,0,0,261,51,28,5,5,10,6,0.7000000000000001,0.30000000000000004
1072,24,CLF_UNION,0,0,17,261,56,28,5,5,10,6,0.7000000000000001,0.30000000000000004
1073,24,ORD-UNION,0,0,0,261,39,28,5,5,10,6,0.7000000000000001,0.30000000000000004
1074,24,CARD,10,2,17,261,47,28,5,5,10,6,0.7000000000000001,0.30000000000000004
1075,24,CLF_UNION,12,0,29,261,55,28,5,5,10,6,0.7000000000000001,0.30000000000000004
1076,24,ORD-UNION,0,0,0,261,26,28,5,5,10,6,0.7000000000000001,0.30000000000000004
1077,24,CARD,0,0,0,261,50,28,5,5,10,6,0.7000000000000001,0.30000000000000004
1078,24,CLF_UNION,0,0,15,261,55,28,5,5,10,6,0.7000000000000001,0.30000000000000004
1079,24,ORD-UNION,0,0,0,261,40,28,5,5,10,6,0.7000000000000001,0.30000000000000004
