,budget,model,correct,wrong,total,n_pref_input,n_pref_output,theta_size,theta_additivity,n_items,n_test_subsets,n_tiers,alpha,p
0,1,CARD,12,11,25,1,65,9,5,5,10,15,0.1,0.30000000000000004
1,1,CLF_UNION,40,18,73,1,73,9,5,5,10,15,0.1,0.30000000000000004
2,1,ORD-UNION,0,0,0,1,0,9,5,5,10,15,0.1,0.30000000000000004
3,1,CARD,21,3,24,1,66,9,5,5,10,15,0.1,0.30000000000000004
4,1,CLF_UNION,40,11,63,1,63,9,5,5,10,15,0.1,0.30000000000000004
5,1,ORD-UNION,0,0,0,1,0,9,5,5,10,15,0.1,0.30000000000000004
6,1,CARD,16,3,21,1,69,9,5,5,10,15,0.1,0.30000000000000004
7,1,CLF_UNION,37,18,68,1,68,9,5,5,10,15,0.1,0.30000000000000004
8,1,ORD-UNION,0,0,0,1,0,9,5,5,10,15,0.1,0.30000000000000004
9,1,CARD,20,4,24,1,66,9,5,5,10,15,0.1,0.30000000000000004
10,1,CLF_UNION,41,20,71,1,71,9,5,5,10,15,0.1,0.30000000000000004
11,1,ORD-UNION,0,0,0,1,0,9,5,5,10,15,0.1,0.30000000000000004
12,1,CARD,17,3,24,1,66,9,5,5,10,15,0.1,0.30000000000000004
13,1,CLF_UNION,34,16,68,1,68,9,5,5,10,15,0.1,0.30000000000000004
14,1,ORD-UNION,0,0,0,1,0,9,5,5,10,15,0.1,0.30000000000000004
15,2,CARD,21,14,36,3,53,9,5,5,10,15,0.1,0.30000000000000004
16,2,CLF_UNION,29,20,60,3,61,9,5,5,10,15,0.1,0.30000000000000004
17,2,ORD-UNION,1,0,1,3,2,9,5,5,10,15,0.1,0.30000000000000004
18,2,CARD,23,9,33,3,57,9,5,5,10,15,0.1,0.30000000000000004
19,2,CLF_UNION,33,17,61,3,61,9,5,5,10,15,0.1,0.30000000000000004
20,2,ORD-UNION,0,0,0,3,0,9,5,5,10,15,0.1,0.30000000000000004
21,2,CARD,24,10,37,3,53,9,5,5,10,15,0.1,0.30000000000000004
22,2,CLF_UNION,32,13,59,3,59,9,5,5,10,15,0.1,0.30000000000000004
23,2,ORD-UNION,0,0,0,3,0,9,5,5,10,15,0.1,0.30000000000000004
24,2,CARD,24,12,37,3,53,9,5,5,10,15,0.1,0.30000000000000004
25,2,CLF_UNION,39,11,61,3,61,9,5,5,10,15,0.1,0.30000000000000004
26,2,ORD-UNION,1,0,1,3,1,9,5,5,10,15,0.1,0.30000000000000004
27,2,CARD,24,12,37,3,53,9,5,5,10,15,0.1,0.30000000000000004
28,2,CLF_UNION,36,13,60,3,60,9,5,5,10,15,0.1,0.30000000000000004
29,2,ORD-UNION,1,0,1,3,1,9,5,5,10,15,0.1,0.30000000000000004
30,3,CARD,29,8,40,6,50,9,5,5,10,15,0.1,0.30000000000000004
31,3,CLF_UNION,36,8,59,6,59,9,5,5,10,15,0.1,0.30000000000000004
32,3,ORD-UNION,1,0,1,6,1,9,5,5,10,15,0.1,0.30000000000000004
33,3,CARD,36,3,42,6,48,9,5,5,10,15,0.1,0.30000000000000004
34,3,CLF_UNION,36,9,58,6,58,9,5,5,10,15,0.1,0.30000000000000004
35,3,ORD-UNION,2,0,2,6,2,9,5,5,10,15,0.1,0.30000000000000004
36,3,CARD,27,8,40,6,49,9,5,5,10,15,0.1,0.30000000000000004
37,3,CLF_UNION,29,14,58,6,59,9,5,5,10,15,0.1,0.30000000000000004
38,3,ORD-UNION,0,0,0,6,1,9,5,5,10,15,0.1,0.30000000000000004
39,3,CARD,16,19,35,6,54,9,5,5,10,15,0.1,0.30000000000000004
40,3,CLF_UNION,39,10,60,6,61,9,5,5,10,15,0.1,0.30000000000000004
41,3,ORD-UNION,0,0,0,6,1,9,5,5,10,15,0.1,0.30000000000000004
42,3,CARD,25,12,40,6,50,9,5,5,10,15,0.1,0.30000000000000004
43,3,CLF_UNION,34,10,58,6,58,9,5,5,10,15,0.1,0.30000000000000004
44,3,ORD-UNION,1,0,1,6,1,9,5,5,10,15,0.1,0.30000000000000004
45,4,CARD,22,14,40,10,49,9,5,5,10,15,0.1,0.30000000000000004
46,4,CLF_UNION,32,11,57,10,58,9,5,5,10,15,0.1,0.30000000000000004
47,4,ORD-UNION,0,0,0,10,1,9,5,5,10,15,0.1,0.30000000000000004
48,4,CARD,27,12,40,10,50,9,5,5,10,15,0.1,0.30000000000000004
49,4,CLF_UNION,39,8,59,10,59,9,5,5,10,15,0.1,0.30000000000000004
50,4,ORD-UNION,2,0,2,10,2,9,5,5,10,15,0.1,0.30000000000000004
51,4,CARD,27,10,40,10,50,9,5,5,10,15,0.1,0.30000000000000004
52,4,CLF_UNION,38,13,65,10,65,9,5,5,10,15,0.1,0.30000000000000004
53,4,ORD-UNION,1,0,1,10,1,9,5,5,10,15,0.1,0.30000000000000004
54,4,CARD,30,11,42,10,48,9,5,5,10,15,0.1,0.30000000000000004
55,4,CLF_UNION,37,9,57,10,57,9,5,5,10,15,0.1,0.30000000000000004
56,4,ORD-UNION,3,0,3,10,3,9,5,5,10,15,0.1,0.30000000000000004
57,4,CARD,27,9,38,10,51,9,5,5,10,15,0.1,0.30000000000000004
58,4,CLF_UNION,37,9,58,10,59,9,5,5,10,15,0.1,0.30000000000000004
59,4,ORD-UNION,1,0,1,10,2,9,5,5,10,15,0.1,0.30000000000000004
60,5,CARD,31,10,45,15,45,9,5,5,10,15,0.1,0.30000000000000004
61,5,CLF_UNION,41,12,71,15,71,9,5,5,10,15,0.1,0.30000000000000004
62,5,ORD-UNION,2,0,2,15,2,9,5,5,10,15,0.1,0.30000000000000004
63,5,CARD,29,11,42,15,47,9,5,5,10,15,0.1,0.30000000000000004
64,5,CLF_UNION,42,6,61,15,62,9,5,5,10,15,0.1,0.30000000000000004
65,5,ORD-UNION,0,0,0,15,1,9,5,5,10,15,0.1,0.30000000000000004
66,5,CARD,33,8,43,15,46,9,5,5,10,15,0.1,0.30000000000000004
67,5,CLF_UNION,42,5,61,15,62,9,5,5,10,15,0.1,0.30000000000000004
68,5,ORD-UNION,1,0,1,15,2,9,5,5,10,15,0.1,0.30000000000000004
69,5,CARD,27,9,41,15,46,9,5,5,10,15,0.1,0.30000000000000004
70,5,CLF_UNION,37,7,63,15,66,9,5,5,10,15,0.1,0.30000000000000004
71,5,ORD-UNION,1,0,1,15,4,9,5,5,10,15,0.1,0.30000000000000004
72,5,CARD,37,3,43,15,46,9,5,5,10,15,0.1,0.30000000000000004
73,5,CLF_UNION,41,11,67,15,68,9,5,5,10,15,0.1,0.30000000000000004
74,5,ORD-UNION,1,0,1,15,2,9,5,5,10,15,0.1,0.30000000000000004
75,6,CARD,38,1,43,20,47,9,5,5,10,15,0.1,0.30000000000000004
76,6,CLF_UNION,40,3,57,20,57,9,5,5,10,15,0.1,0.30000000000000004
77,6,ORD-UNION,5,0,5,20,5,9,5,5,10,15,0.1,0.30000000000000004
78,6,CARD,36,4,43,20,47,9,5,5,10,15,0.1,0.30000000000000004
79,6,CLF_UNION,41,3,59,20,59,9,5,5,10,15,0.1,0.30000000000000004
80,6,ORD-UNION,4,0,4,20,4,9,5,5,10,15,0.1,0.30000000000000004
81,6,CARD,34,3,40,20,49,9,5,5,10,15,0.1,0.30000000000000004
82,6,CLF_UNION,39,2,56,20,57,9,5,5,10,15,0.1,0.30000000000000004
83,6,ORD-UNION,1,0,1,20,2,9,5,5,10,15,0.1,0.30000000000000004
84,6,CARD,41,0,43,20,47,9,5,5,10,15,0.1,0.30000000000000004
85,6,CLF_UNION,43,1,57,20,57,9,5,5,10,15,0.1,0.30000000000000004
86,6,ORD-UNION,4,0,4,20,4,9,5,5,10,15,0.1,0.30000000000000004
87,6,CARD,36,2,40,20,49,9,5,5,10,15,0.1,0.30000000000000004
88,6,CLF_UNION,38,3,56,20,57,9,5,5,10,15,0.1,0.30000000000000004
89,6,ORD-UNION,1,0,1,20,2,9,5,5,10,15,0.1,0.30000000000000004
90,7,CARD,22,19,42,26,45,9,5,5,10,15,0.1,0.30000000000000004
91,7,CLF_UNION,36,6,53,26,56,9,5,5,10,15,0.1,0.30000000000000004
92,7,ORD-UNION,4,0,4,26,7,9,5,5,10,15,0.1,0.30000000000000004
93,7,CARD,20,22,44,26,45,9,5,5,10,15,0.1,0.30000000000000004
94,7,CLF_UNION,36,6,54,26,55,9,5,5,10,15,0.1,0.30000000000000004
95,7,ORD-UNION,3,0,3,26,4,9,5,5,10,15,0.1,0.30000000000000004
96,7,CARD,29,13,44,26,45,9,5,5,10,15,0.1,0.30000000000000004
97,7,CLF_UNION,37,5,54,26,55,9,5,5,10,15,0.1,0.30000000000000004
98,7,ORD-UNION,9,0,9,26,10,9,5,5,10,15,0.1,0.30000000000000004
99,7,CARD,23,17,42,26,45,9,5,5,10,15,0.1,0.30000000000000004
100,7,CLF_UNION,38,2,52,26,55,9,5,5,10,15,0.1,0.30000000000000004
101,7,ORD-UNION,5,0,5,26,8,9,5,5,10,15,0.1,0.30000000000000004
102,7,CARD,34,9,45,26,45,9,5,5,10,15,0.1,0.30000000000000004
103,7,CLF_UNION,42,1,55,26,55,9,5,5,10,15,0.1,0.30000000000000004
104,7,ORD-UNION,11,0,11,26,11,9,5,5,10,15,0.1,0.30000000000000004
105,8,CARD,16,23,41,33,46,9,5,5,10,15,0.1,0.30000000000000004
106,8,CLF_UNION,36,3,53,33,56,9,5,5,10,15,0.1,0.30000000000000004
107,8,ORD-UNION,4,0,4,33,7,9,5,5,10,15,0.1,0.30000000000000004
108,8,CARD,24,13,42,33,46,9,5,5,10,15,0.1,0.30000000000000004
109,8,CLF_UNION,33,4,54,33,56,9,5,5,10,15,0.1,0.30000000000000004
110,8,ORD-UNION,10,0,10,33,12,9,5,5,10,15,0.1,0.30000000000000004
111,8,CARD,16,25,43,33,45,9,5,5,10,15,0.1,0.30000000000000004
112,8,CLF_UNION,31,10,54,33,56,9,5,5,10,15,0.1,0.30000000000000004
113,8,ORD-UNION,2,0,2,33,4,9,5,5,10,15,0.1,0.30000000000000004
114,8,CARD,25,15,43,33,46,9,5,5,10,15,0.1,0.30000000000000004
115,8,CLF_UNION,37,3,57,33,58,9,5,5,10,15,0.1,0.30000000000000004
116,8,ORD-UNION,2,0,2,33,3,9,5,5,10,15,0.1,0.30000000000000004
117,8,CARD,31,11,43,33,46,9,5,5,10,15,0.1,0.30000000000000004
118,8,CLF_UNION,42,0,55,33,56,9,5,5,10,15,0.1,0.30000000000000004
119,8,ORD-UNION,11,0,11,33,12,9,5,5,10,15,0.1,0.30000000000000004
120,9,CARD,29,15,45,42,45,9,5,5,10,15,0.1,0.30000000000000004
121,9,CLF_UNION,44,0,55,42,55,9,5,5,10,15,0.1,0.30000000000000004
122,9,ORD-UNION,13,0,13,42,13,9,5,5,10,15,0.1,0.30000000000000004
123,9,CARD,33,9,43,42,46,9,5,5,10,15,0.1,0.30000000000000004
124,9,CLF_UNION,41,2,54,42,55,9,5,5,10,15,0.1,0.30000000000000004
125,9,ORD-UNION,17,0,17,42,18,9,5,5,10,15,0.1,0.30000000000000004
126,9,CARD,30,3,38,42,49,9,5,5,10,15,0.1,0.30000000000000004
127,9,CLF_UNION,33,1,54,42,57,9,5,5,10,15,0.1,0.30000000000000004
128,9,ORD-UNION,11,0,11,42,14,9,5,5,10,15,0.1,0.30000000000000004
129,9,CARD,30,6,38,42,46,9,5,5,10,15,0.1,0.30000000000000004
130,9,CLF_UNION,36,1,50,42,56,9,5,5,10,15,0.1,0.30000000000000004
131,9,ORD-UNION,16,0,16,42,22,9,5,5,10,15,0.1,0.30000000000000004
132,9,CARD,34,5,39,42,49,9,5,5,10,15,0.1,0.30000000000000004
133,9,CLF_UNION,39,0,54,42,56,9,5,5,10,15,0.1,0.30000000000000004
134,9,ORD-UNION,6,0,6,42,8,9,5,5,10,15,0.1,0.30000000000000004
135,10,CARD,30,8,39,52,46,9,5,5,10,15,0.1,0.30000000000000004
136,10,CLF_UNION,38,0,50,52,55,9,5,5,10,15,0.1,0.30000000000000004
137,10,ORD-UNION,17,0,17,52,22,9,5,5,10,15,0.1,0.30000000000000004
138,10,CARD,28,8,39,52,45,9,5,5,10,15,0.1,0.30000000000000004
139,10,CLF_UNION,36,0,49,52,55,9,5,5,10,15,0.1,0.30000000000000004
140,10,ORD-UNION,18,0,18,52,24,9,5,5,10,15,0.1,0.30000000000000004
141,10,CARD,23,10,35,52,45,9,5,5,10,15,0.1,0.30000000000000004
142,10,CLF_UNION,33,0,45,52,55,9,5,5,10,15,0.1,0.30000000000000004
143,10,ORD-UNION,19,0,19,52,29,9,5,5,10,15,0.1,0.30000000000000004
144,10,CARD,28,13,43,52,46,9,5,5,10,15,0.1,0.30000000000000004
145,10,CLF_UNION,40,1,54,52,55,9,5,5,10,15,0.1,0.30000000000000004
146,10,ORD-UNION,6,0,6,52,7,9,5,5,10,15,0.1,0.30000000000000004
147,10,CARD,30,12,44,52,45,9,5,5,10,15,0.1,0.30000000000000004
148,10,CLF_UNION,42,0,54,52,55,9,5,5,10,15,0.1,0.30000000000000004
149,10,ORD-UNION,17,0,17,52,18,9,5,5,10,15,0.1,0.30000000000000004
150,11,CARD,32,7,42,62,45,9,5,5,10,15,0.1,0.30000000000000004
151,11,CLF_UNION,39,1,54,62,57,9,5,5,10,15,0.1,0.30000000000000004
152,11,ORD-UNION,18,0,18,62,21,9,5,5,10,15,0.1,0.30000000000000004
153,11,CARD,35,7,45,62,45,9,5,5,10,15,0.1,0.30000000000000004
154,11,CLF_UNION,42,0,56,62,56,9,5,5,10,15,0.1,0.30000000000000004
155,11,ORD-UNION,19,0,19,62,19,9,5,5,10,15,0.1,0.30000000000000004
156,11,CARD,30,4,34,62,47,9,5,5,10,15,0.1,0.30000000000000004
157,11,CLF_UNION,34,0,46,62,55,9,5,5,10,15,0.1,0.30000000000000004
158,11,ORD-UNION,18,0,18,62,27,9,5,5,10,15,0.1,0.30000000000000004
159,11,CARD,33,4,38,62,46,9,5,5,10,15,0.1,0.30000000000000004
160,11,CLF_UNION,37,1,50,62,55,9,5,5,10,15,0.1,0.30000000000000004
161,11,ORD-UNION,22,0,22,62,28,9,5,5,10,15,0.1,0.30000000000000004
162,11,CARD,35,3,42,62,45,9,5,5,10,15,0.1,0.30000000000000004
163,11,CLF_UNION,38,1,53,62,56,9,5,5,10,15,0.1,0.30000000000000004
164,11,ORD-UNION,21,0,21,62,24,9,5,5,10,15,0.1,0.30000000000000004
165,12,CARD,38,2,41,72,46,9,5,5,10,15,0.1,0.30000000000000004
166,12,CLF_UNION,41,0,52,72,55,9,5,5,10,15,0.1,0.30000000000000004
167,12,ORD-UNION,28,0,28,72,31,9,5,5,10,15,0.1,0.30000000000000004
168,12,CARD,27,2,35,72,52,9,5,5,10,15,0.1,0.30000000000000004
169,12,CLF_UNION,33,2,53,72,56,9,5,5,10,15,0.1,0.30000000000000004
170,12,ORD-UNION,17,0,18,72,21,9,5,5,10,15,0.1,0.30000000000000004
171,12,CARD,31,2,36,72,48,9,5,5,10,15,0.1,0.30000000000000004
172,12,CLF_UNION,35,1,49,72,55,9,5,5,10,15,0.1,0.30000000000000004
173,12,ORD-UNION,25,0,26,72,32,9,5,5,10,15,0.1,0.30000000000000004
174,12,CARD,36,0,38,72,47,9,5,5,10,15,0.1,0.30000000000000004
175,12,CLF_UNION,35,2,50,72,55,9,5,5,10,15,0.1,0.30000000000000004
176,12,ORD-UNION,26,0,26,72,31,9,5,5,10,15,0.1,0.30000000000000004
177,12,CARD,32,1,38,72,46,9,5,5,10,15,0.1,0.30000000000000004
178,12,CLF_UNION,33,2,50,72,55,9,5,5,10,15,0.1,0.30000000000000004
179,12,ORD-UNION,21,0,22,72,28,9,5,5,10,15,0.1,0.30000000000000004
180,13,CARD,30,2,34,84,50,9,5,5,10,15,0.1,0.30000000000000004
181,13,CLF_UNION,34,2,49,84,55,9,5,5,10,15,0.1,0.30000000000000004
182,13,ORD-UNION,17,0,17,84,23,9,5,5,10,15,0.1,0.30000000000000004
183,13,CARD,32,1,37,84,48,9,5,5,10,15,0.1,0.30000000000000004
184,13,CLF_UNION,36,0,50,84,55,9,5,5,10,15,0.1,0.30000000000000004
185,13,ORD-UNION,19,0,20,84,25,9,5,5,10,15,0.1,0.30000000000000004
186,13,CARD,34,2,37,84,50,9,5,5,10,15,0.1,0.30000000000000004
187,13,CLF_UNION,40,0,52,84,55,9,5,5,10,15,0.1,0.30000000000000004
188,13,ORD-UNION,21,0,21,84,24,9,5,5,10,15,0.1,0.30000000000000004
189,13,CARD,26,1,27,84,49,9,5,5,10,15,0.1,0.30000000000000004
190,13,CLF_UNION,30,0,41,84,55,9,5,5,10,15,0.1,0.30000000000000004
191,13,ORD-UNION,24,0,24,84,38,9,5,5,10,15,0.1,0.30000000000000004
192,13,CARD,30,1,34,84,51,9,5,5,10,15,0.1,0.30000000000000004
193,13,CLF_UNION,34,1,50,84,55,9,5,5,10,15,0.1,0.30000000000000004
194,13,ORD-UNION,22,0,22,84,27,9,5,5,10,15,0.1,0.30000000000000004
195,14,CARD,35,1,37,98,47,9,5,5,10,15,0.1,0.30000000000000004
196,14,CLF_UNION,37,1,49,98,55,9,5,5,10,15,0.1,0.30000000000000004
197,14,ORD-UNION,24,0,24,98,30,9,5,5,10,15,0.1,0.30000000000000004
198,14,CARD,34,0,38,98,46,9,5,5,10,15,0.1,0.30000000000000004
199,14,CLF_UNION,34,1,50,98,55,9,5,5,10,15,0.1,0.30000000000000004
200,14,ORD-UNION,31,0,32,98,38,9,5,5,10,15,0.1,0.30000000000000004
201,14,CARD,33,0,34,98,47,9,5,5,10,15,0.1,0.30000000000000004
202,14,CLF_UNION,34,0,46,98,55,9,5,5,10,15,0.1,0.30000000000000004
203,14,ORD-UNION,31,0,31,98,40,9,5,5,10,15,0.1,0.30000000000000004
204,14,CARD,29,0,33,98,47,9,5,5,10,15,0.1,0.30000000000000004
205,14,CLF_UNION,31,0,45,98,55,9,5,5,10,15,0.1,0.30000000000000004
206,14,ORD-UNION,24,0,25,98,35,9,5,5,10,15,0.1,0.30000000000000004
207,14,CARD,32,0,33,98,47,9,5,5,10,15,0.1,0.30000000000000004
208,14,CLF_UNION,32,1,45,98,55,9,5,5,10,15,0.1,0.30000000000000004
209,14,ORD-UNION,25,0,25,98,35,9,5,5,10,15,0.1,0.30000000000000004
210,15,CARD,31,1,33,113,48,9,5,5,10,15,0.1,0.30000000000000004
211,15,CLF_UNION,34,0,46,113,55,9,5,5,10,15,0.1,0.30000000000000004
212,15,ORD-UNION,30,0,31,113,40,9,5,5,10,15,0.1,0.30000000000000004
213,15,CARD,36,0,38,113,46,9,5,5,10,15,0.1,0.30000000000000004
214,15,CLF_UNION,36,0,49,113,55,9,5,5,10,15,0.1,0.30000000000000004
215,15,ORD-UNION,32,0,32,113,38,9,5,5,10,15,0.1,0.30000000000000004
216,15,CARD,26,0,27,113,48,9,5,5,10,15,0.1,0.30000000000000004
217,15,CLF_UNION,27,1,40,113,55,9,5,5,10,15,0.1,0.30000000000000004
218,15,ORD-UNION,25,0,25,113,40,9,5,5,10,15,0.1,0.30000000000000004
219,15,CARD,39,0,40,113,47,9,5,5,10,15,0.1,0.30000000000000004
220,15,CLF_UNION,39,1,52,113,55,9,5,5,10,15,0.1,0.30000000000000004
221,15,ORD-UNION,35,0,35,113,38,9,5,5,10,15,0.1,0.30000000000000004
222,15,CARD,36,0,38,113,49,9,5,5,10,15,0.1,0.30000000000000004
223,15,CLF_UNION,37,2,52,113,55,9,5,5,10,15,0.1,0.30000000000000004
224,15,ORD-UNION,29,0,30,113,33,9,5,5,10,15,0.1,0.30000000000000004
225,16,CARD,21,0,21,127,50,9,5,5,10,15,0.1,0.30000000000000004
226,16,CLF_UNION,23,0,36,127,55,9,5,5,10,15,0.1,0.30000000000000004
227,16,ORD-UNION,14,0,14,127,33,9,5,5,10,15,0.1,0.30000000000000004
228,16,CARD,25,0,27,127,48,9,5,5,10,15,0.1,0.30000000000000004
229,16,CLF_UNION,27,0,40,127,55,9,5,5,10,15,0.1,0.30000000000000004
230,16,ORD-UNION,23,0,24,127,39,9,5,5,10,15,0.1,0.30000000000000004
231,16,CARD,26,0,29,127,46,9,5,5,10,15,0.1,0.30000000000000004
232,16,CLF_UNION,25,2,40,127,55,9,5,5,10,15,0.1,0.30000000000000004
233,16,ORD-UNION,24,0,25,127,40,9,5,5,10,15,0.1,0.30000000000000004
234,16,CARD,16,0,17,127,47,9,5,5,10,15,0.1,0.30000000000000004
235,16,CLF_UNION,16,0,29,127,55,9,5,5,10,15,0.1,0.30000000000000004
236,16,ORD-UNION,16,0,16,127,42,9,5,5,10,15,0.1,0.30000000000000004
237,16,CARD,26,0,29,127,47,9,5,5,10,15,0.1,0.30000000000000004
238,16,CLF_UNION,26,2,43,127,56,9,5,5,10,15,0.1,0.30000000000000004
239,16,ORD-UNION,22,0,23,127,37,9,5,5,10,15,0.1,0.30000000000000004
240,17,CARD,34,0,34,144,46,9,5,5,10,15,0.1,0.30000000000000004
241,17,CLF_UNION,33,1,45,144,55,9,5,5,10,15,0.1,0.30000000000000004
242,17,ORD-UNION,31,0,31,144,41,9,5,5,10,15,0.1,0.30000000000000004
243,17,CARD,28,0,29,144,46,9,5,5,10,15,0.1,0.30000000000000004
244,17,CLF_UNION,28,0,41,144,56,9,5,5,10,15,0.1,0.30000000000000004
245,17,ORD-UNION,23,0,23,144,38,9,5,5,10,15,0.1,0.30000000000000004
246,17,CARD,30,0,30,144,46,9,5,5,10,15,0.1,0.30000000000000004
247,17,CLF_UNION,30,0,42,144,56,9,5,5,10,15,0.1,0.30000000000000004
248,17,ORD-UNION,27,0,27,144,41,9,5,5,10,15,0.1,0.30000000000000004
249,17,CARD,33,0,34,144,46,9,5,5,10,15,0.1,0.30000000000000004
250,17,CLF_UNION,34,0,45,144,55,9,5,5,10,15,0.1,0.30000000000000004
251,17,ORD-UNION,28,0,28,144,38,9,5,5,10,15,0.1,0.30000000000000004
252,17,CARD,34,0,34,144,46,9,5,5,10,15,0.1,0.30000000000000004
253,17,CLF_UNION,34,0,45,144,55,9,5,5,10,15,0.1,0.30000000000000004
254,17,ORD-UNION,30,0,30,144,40,9,5,5,10,15,0.1,0.30000000000000004
255,18,CARD,17,0,17,160,50,9,5,5,10,15,0.1,0.30000000000000004
256,18,CLF_UNION,17,0,32,160,55,9,5,5,10,15,0.1,0.30000000000000004
257,18,ORD-UNION,14,0,14,160,37,9,5,5,10,15,0.1,0.30000000000000004
258,18,CARD,17,0,17,160,45,9,5,5,10,15,0.1,0.30000000000000004
259,18,CLF_UNION,17,0,27,160,55,9,5,5,10,15,0.1,0.30000000000000004
260,18,ORD-UNION,15,0,15,160,43,9,5,5,10,15,0.1,0.30000000000000004
261,18,CARD,15,0,15,160,52,9,5,5,10,15,0.1,0.30000000000000004
262,18,CLF_UNION,15,0,33,160,56,9,5,5,10,15,0.1,0.30000000000000004
263,18,ORD-UNION,11,0,11,160,34,9,5,5,10,15,0.1,0.30000000000000004
264,18,CARD,16,0,16,160,48,9,5,5,10,15,0.1,0.30000000000000004
265,18,CLF_UNION,16,0,29,160,55,9,5,5,10,15,0.1,0.30000000000000004
266,18,ORD-UNION,15,0,15,160,41,9,5,5,10,15,0.1,0.30000000000000004
267,18,CARD,29,0,30,160,46,9,5,5,10,15,0.1,0.30000000000000004
268,18,CLF_UNION,28,1,41,160,55,9,5,5,10,15,0.1,0.30000000000000004
269,18,ORD-UNION,26,0,27,160,41,9,5,5,10,15,0.1,0.30000000000000004
270,19,CARD,22,0,23,178,47,9,5,5,10,15,0.1,0.30000000000000004
271,19,CLF_UNION,22,0,35,178,55,9,5,5,10,15,0.1,0.30000000000000004
272,19,ORD-UNION,17,0,18,178,38,9,5,5,10,15,0.1,0.30000000000000004
273,19,CARD,15,0,17,178,46,9,5,5,10,15,0.1,0.30000000000000004
274,19,CLF_UNION,15,0,28,178,55,9,5,5,10,15,0.1,0.30000000000000004
275,19,ORD-UNION,13,0,13,178,40,9,5,5,10,15,0.1,0.30000000000000004
276,19,CARD,29,0,29,178,46,9,5,5,10,15,0.1,0.30000000000000004
277,19,CLF_UNION,29,0,40,178,55,9,5,5,10,15,0.1,0.30000000000000004
278,19,ORD-UNION,28,0,28,178,43,9,5,5,10,15,0.1,0.30000000000000004
279,19,CARD,15,0,18,178,46,9,5,5,10,15,0.1,0.30000000000000004
280,19,CLF_UNION,14,1,29,178,55,9,5,5,10,15,0.1,0.30000000000000004
281,19,ORD-UNION,12,0,14,178,40,9,5,5,10,15,0.1,0.30000000000000004
282,19,CARD,24,0,29,178,47,9,5,5,10,15,0.1,0.30000000000000004
283,19,CLF_UNION,24,0,42,178,56,9,5,5,10,15,0.1,0.30000000000000004
284,19,ORD-UNION,23,0,25,178,39,9,5,5,10,15,0.1,0.30000000000000004
285,20,CARD,34,0,34,195,49,9,5,5,10,15,0.1,0.30000000000000004
286,20,CLF_UNION,33,1,48,195,55,9,5,5,10,15,0.1,0.30000000000000004
287,20,ORD-UNION,31,0,31,195,38,9,5,5,10,15,0.1,0.30000000000000004
288,20,CARD,22,0,23,195,47,9,5,5,10,15,0.1,0.30000000000000004
289,20,CLF_UNION,22,0,35,195,55,9,5,5,10,15,0.1,0.30000000000000004
290,20,ORD-UNION,19,0,19,195,39,9,5,5,10,15,0.1,0.30000000000000004
291,20,CARD,28,0,29,195,46,9,5,5,10,15,0.1,0.30000000000000004
292,20,CLF_UNION,27,1,40,195,55,9,5,5,10,15,0.1,0.30000000000000004
293,20,ORD-UNION,24,0,24,195,39,9,5,5,10,15,0.1,0.30000000000000004
294,20,CARD,21,0,24,195,49,9,5,5,10,15,0.1,0.30000000000000004
295,20,CLF_UNION,21,0,38,195,55,9,5,5,10,15,0.1,0.30000000000000004
296,20,ORD-UNION,21,0,21,195,38,9,5,5,10,15,0.1,0.30000000000000004
297,20,CARD,23,0,24,195,46,9,5,5,10,15,0.1,0.30000000000000004
298,20,CLF_UNION,23,0,35,195,55,9,5,5,10,15,0.1,0.30000000000000004
299,20,ORD-UNION,22,0,22,195,42,9,5,5,10,15,0.1,0.30000000000000004
300,21,CARD,0,0,0,214,49,9,5,5,10,15,0.1,0.30000000000000004
301,21,CLF_UNION,0,0,14,214,55,9,5,5,10,15,0.1,0.30000000000000004
302,21,ORD-UNION,0,0,0,214,41,9,5,5,10,15,0.1,0.30000000000000004
303,21,CARD,29,0,30,214,46,9,5,5,10,15,0.1,0.30000000000000004
304,21,CLF_UNION,29,0,41,214,55,9,5,5,10,15,0.1,0.30000000000000004
305,21,ORD-UNION,28,0,28,214,42,9,5,5,10,15,0.1,0.30000000000000004
306,21,CARD,23,0,24,214,46,9,5,5,10,15,0.1,0.30000000000000004
307,21,CLF_UNION,22,1,35,214,55,9,5,5,10,15,0.1,0.30000000000000004
308,21,ORD-UNION,19,0,19,214,39,9,5,5,10,15,0.1,0.30000000000000004
309,21,CARD,16,0,17,214,45,9,5,5,10,15,0.1,0.30000000000000004
310,21,CLF_UNION,16,0,27,214,55,9,5,5,10,15,0.1,0.30000000000000004
311,21,ORD-UNION,15,0,16,214,44,9,5,5,10,15,0.1,0.30000000000000004
312,21,CARD,17,0,18,214,46,9,5,5,10,15,0.1,0.30000000000000004
313,21,CLF_UNION,17,0,29,214,55,9,5,5,10,15,0.1,0.30000000000000004
314,21,ORD-UNION,15,0,16,214,42,9,5,5,10,15,0.1,0.30000000000000004
315,22,CARD,15,0,18,236,45,9,5,5,10,15,0.1,0.30000000000000004
316,22,CLF_UNION,15,0,28,236,55,9,5,5,10,15,0.1,0.30000000000000004
317,22,ORD-UNION,15,0,17,236,44,9,5,5,10,15,0.1,0.30000000000000004
318,22,CARD,22,0,24,236,46,9,5,5,10,15,0.1,0.30000000000000004
319,22,CLF_UNION,22,0,36,236,56,9,5,5,10,15,0.1,0.30000000000000004
320,22,ORD-UNION,22,0,24,236,44,9,5,5,10,15,0.1,0.30000000000000004
321,22,CARD,15,0,16,236,47,9,5,5,10,15,0.1,0.30000000000000004
322,22,CLF_UNION,16,0,28,236,55,9,5,5,10,15,0.1,0.30000000000000004
323,22,ORD-UNION,15,0,16,236,43,9,5,5,10,15,0.1,0.30000000000000004
324,22,CARD,29,0,30,236,46,9,5,5,10,15,0.1,0.30000000000000004
325,22,CLF_UNION,29,0,41,236,55,9,5,5,10,15,0.1,0.30000000000000004
326,22,ORD-UNION,27,0,28,236,42,9,5,5,10,15,0.1,0.30000000000000004
327,22,CARD,28,0,30,236,46,9,5,5,10,15,0.1,0.30000000000000004
328,22,CLF_UNION,28,0,42,236,56,9,5,5,10,15,0.1,0.30000000000000004
329,22,ORD-UNION,26,0,28,236,42,9,5,5,10,15,0.1,0.30000000000000004
330,23,CARD,21,0,23,259,46,9,5,5,10,15,0.1,0.30000000000000004
331,23,CLF_UNION,21,0,34,259,55,9,5,5,10,15,0.1,0.30000000000000004
332,23,ORD-UNION,21,0,22,259,43,9,5,5,10,15,0.1,0.30000000000000004
333,23,CARD,17,0,18,259,45,9,5,5,10,15,0.1,0.30000000000000004
334,23,CLF_UNION,17,0,28,259,55,9,5,5,10,15,0.1,0.30000000000000004
335,23,ORD-UNION,17,0,17,259,44,9,5,5,10,15,0.1,0.30000000000000004
336,23,CARD,9,0,11,259,45,9,5,5,10,15,0.1,0.30000000000000004
337,23,CLF_UNION,9,0,21,259,55,9,5,5,10,15,0.1,0.30000000000000004
338,23,ORD-UNION,8,0,9,259,43,9,5,5,10,15,0.1,0.30000000000000004
339,23,CARD,7,0,11,259,48,9,5,5,10,15,0.1,0.30000000000000004
340,23,CLF_UNION,7,0,24,259,55,9,5,5,10,15,0.1,0.30000000000000004
341,23,ORD-UNION,7,0,9,259,40,9,5,5,10,15,0.1,0.30000000000000004
342,23,CARD,31,0,34,259,47,9,5,5,10,15,0.1,0.30000000000000004
343,23,CLF_UNION,32,0,47,259,56,9,5,5,10,15,0.1,0.30000000000000004
344,23,ORD-UNION,30,0,31,259,40,9,5,5,10,15,0.1,0.30000000000000004
345,24,CARD,14,0,17,281,46,9,5,5,10,15,0.1,0.30000000000000004
346,24,CLF_UNION,14,0,28,281,55,9,5,5,10,15,0.1,0.30000000000000004
347,24,ORD-UNION,14,0,16,281,43,9,5,5,10,15,0.1,0.30000000000000004
348,24,CARD,22,0,23,281,47,9,5,5,10,15,0.1,0.30000000000000004
349,24,CLF_UNION,22,0,35,281,55,9,5,5,10,15,0.1,0.30000000000000004
350,24,ORD-UNION,22,0,23,281,43,9,5,5,10,15,0.1,0.30000000000000004
351,24,CARD,9,0,10,281,48,9,5,5,10,15,0.1,0.30000000000000004
352,24,CLF_UNION,9,0,23,281,55,9,5,5,10,15,0.1,0.30000000000000004
353,24,ORD-UNION,8,0,8,281,40,9,5,5,10,15,0.1,0.30000000000000004
354,24,CARD,7,0,9,281,49,9,5,5,10,15,0.1,0.30000000000000004
355,24,CLF_UNION,7,0,23,281,55,9,5,5,10,15,0.1,0.30000000000000004
356,24,ORD-UNION,7,0,8,281,40,9,5,5,10,15,0.1,0.30000000000000004
357,24,CARD,15,0,17,281,47,9,5,5,10,15,0.1,0.30000000000000004
358,24,CLF_UNION,15,0,29,281,55,9,5,5,10,15,0.1,0.30000000000000004
359,24,ORD-UNION,14,0,16,281,42,9,5,5,10,15,0.1,0.30000000000000004
360,1,CARD,21,0,21,1,69,9,4,5,10,15,0.1,0.30000000000000004
361,1,CLF_UNION,35,23,71,1,71,9,4,5,10,15,0.1,0.30000000000000004
362,1,ORD-UNION,0,0,0,1,0,9,4,5,10,15,0.1,0.30000000000000004
363,1,CARD,19,5,25,1,65,9,4,5,10,15,0.1,0.30000000000000004
364,1,CLF_UNION,36,23,73,1,73,9,4,5,10,15,0.1,0.30000000000000004
365,1,ORD-UNION,0,0,0,1,0,9,4,5,10,15,0.1,0.30000000000000004
366,1,CARD,16,5,21,1,69,9,4,5,10,15,0.1,0.30000000000000004
367,1,CLF_UNION,39,28,79,1,79,9,4,5,10,15,0.1,0.30000000000000004
368,1,ORD-UNION,0,0,0,1,0,9,4,5,10,15,0.1,0.30000000000000004
369,1,CARD,17,6,25,1,65,9,4,5,10,15,0.1,0.30000000000000004
370,1,CLF_UNION,35,22,72,1,72,9,4,5,10,15,0.1,0.30000000000000004
371,1,ORD-UNION,0,0,0,1,0,9,4,5,10,15,0.1,0.30000000000000004
372,1,CARD,19,4,24,1,66,9,4,5,10,15,0.1,0.30000000000000004
373,1,CLF_UNION,30,26,69,1,69,9,4,5,10,15,0.1,0.30000000000000004
374,1,ORD-UNION,0,0,0,1,0,9,4,5,10,15,0.1,0.30000000000000004
375,2,CARD,16,9,27,3,63,9,4,5,10,15,0.1,0.30000000000000004
376,2,CLF_UNION,29,19,60,3,60,9,4,5,10,15,0.1,0.30000000000000004
377,2,ORD-UNION,0,0,0,3,0,9,4,5,10,15,0.1,0.30000000000000004
378,2,CARD,33,1,35,3,55,9,4,5,10,15,0.1,0.30000000000000004
379,2,CLF_UNION,38,11,65,3,65,9,4,5,10,15,0.1,0.30000000000000004
380,2,ORD-UNION,0,0,0,3,0,9,4,5,10,15,0.1,0.30000000000000004
381,2,CARD,21,10,35,3,55,9,4,5,10,15,0.1,0.30000000000000004
382,2,CLF_UNION,30,14,59,3,59,9,4,5,10,15,0.1,0.30000000000000004
383,2,ORD-UNION,0,0,0,3,0,9,4,5,10,15,0.1,0.30000000000000004
384,2,CARD,24,11,36,3,54,9,4,5,10,15,0.1,0.30000000000000004
385,2,CLF_UNION,26,22,60,3,60,9,4,5,10,15,0.1,0.30000000000000004
386,2,ORD-UNION,0,0,0,3,0,9,4,5,10,15,0.1,0.30000000000000004
387,2,CARD,24,11,36,3,54,9,4,5,10,15,0.1,0.30000000000000004
388,2,CLF_UNION,29,23,64,3,64,9,4,5,10,15,0.1,0.30000000000000004
389,2,ORD-UNION,0,0,0,3,0,9,4,5,10,15,0.1,0.30000000000000004
390,3,CARD,32,7,40,5,50,9,4,5,10,15,0.1,0.30000000000000004
391,3,CLF_UNION,27,16,56,5,56,9,4,5,10,15,0.1,0.30000000000000004
392,3,ORD-UNION,2,1,3,5,3,9,4,5,10,15,0.1,0.30000000000000004
393,3,CARD,19,19,43,5,47,9,4,5,10,15,0.1,0.30000000000000004
394,3,CLF_UNION,17,23,56,5,56,9,4,5,10,15,0.1,0.30000000000000004
395,3,ORD-UNION,0,1,1,5,1,9,4,5,10,15,0.1,0.30000000000000004
396,3,CARD,19,18,40,5,49,9,4,5,10,15,0.1,0.30000000000000004
397,3,CLF_UNION,21,21,56,5,57,9,4,5,10,15,0.1,0.30000000000000004
398,3,ORD-UNION,0,1,1,5,2,9,4,5,10,15,0.1,0.30000000000000004
399,3,CARD,34,4,40,5,50,9,4,5,10,15,0.1,0.30000000000000004
400,3,CLF_UNION,30,14,57,5,57,9,4,5,10,15,0.1,0.30000000000000004
401,3,ORD-UNION,0,0,0,5,0,9,4,5,10,15,0.1,0.30000000000000004
402,3,CARD,22,15,40,5,48,9,4,5,10,15,0.1,0.30000000000000004
403,3,CLF_UNION,20,20,54,5,56,9,4,5,10,15,0.1,0.30000000000000004
404,3,ORD-UNION,0,0,0,5,2,9,4,5,10,15,0.1,0.30000000000000004
405,4,CARD,14,22,38,9,50,9,4,5,10,15,0.1,0.30000000000000004
406,4,CLF_UNION,20,21,55,9,57,9,4,5,10,15,0.1,0.30000000000000004
407,4,ORD-UNION,0,4,4,9,6,9,4,5,10,15,0.1,0.30000000000000004
408,4,CARD,17,21,43,9,46,9,4,5,10,15,0.1,0.30000000000000004
409,4,CLF_UNION,19,21,55,9,56,9,4,5,10,15,0.1,0.30000000000000004
410,4,ORD-UNION,0,1,1,9,2,9,4,5,10,15,0.1,0.30000000000000004
411,4,CARD,22,20,44,9,46,9,4,5,10,15,0.1,0.30000000000000004
412,4,CLF_UNION,17,28,57,9,57,9,4,5,10,15,0.1,0.30000000000000004
413,4,ORD-UNION,0,2,2,9,2,9,4,5,10,15,0.1,0.30000000000000004
414,4,CARD,27,15,44,9,46,9,4,5,10,15,0.1,0.30000000000000004
415,4,CLF_UNION,28,17,57,9,57,9,4,5,10,15,0.1,0.30000000000000004
416,4,ORD-UNION,1,1,2,9,2,9,4,5,10,15,0.1,0.30000000000000004
417,4,CARD,19,21,43,9,47,9,4,5,10,15,0.1,0.30000000000000004
418,4,CLF_UNION,21,24,58,9,58,9,4,5,10,15,0.1,0.30000000000000004
419,4,ORD-UNION,1,0,1,9,1,9,4,5,10,15,0.1,0.30000000000000004
420,5,CARD,18,22,43,12,47,9,4,5,10,15,0.1,0.30000000000000004
421,5,CLF_UNION,18,23,55,12,55,9,4,5,10,15,0.1,0.30000000000000004
422,5,ORD-UNION,5,6,12,12,12,9,4,5,10,15,0.1,0.30000000000000004
423,5,CARD,24,16,42,12,46,9,4,5,10,15,0.1,0.30000000000000004
424,5,CLF_UNION,25,15,53,12,55,9,4,5,10,15,0.1,0.30000000000000004
425,5,ORD-UNION,5,0,5,12,7,9,4,5,10,15,0.1,0.30000000000000004
426,5,CARD,27,13,43,12,46,9,4,5,10,15,0.1,0.30000000000000004
427,5,CLF_UNION,25,16,54,12,55,9,4,5,10,15,0.1,0.30000000000000004
428,5,ORD-UNION,2,2,4,12,5,9,4,5,10,15,0.1,0.30000000000000004
429,5,CARD,37,7,44,12,45,9,4,5,10,15,0.1,0.30000000000000004
430,5,CLF_UNION,27,17,54,12,55,9,4,5,10,15,0.1,0.30000000000000004
431,5,ORD-UNION,3,3,6,12,7,9,4,5,10,15,0.1,0.30000000000000004
432,5,CARD,29,13,44,12,45,9,4,5,10,15,0.1,0.30000000000000004
433,5,CLF_UNION,25,17,54,12,55,9,4,5,10,15,0.1,0.30000000000000004
434,5,ORD-UNION,5,1,7,12,8,9,4,5,10,15,0.1,0.30000000000000004
435,6,CARD,23,14,39,18,48,9,4,5,10,15,0.1,0.30000000000000004
436,6,CLF_UNION,23,17,52,18,55,9,4,5,10,15,0.1,0.30000000000000004
437,6,ORD-UNION,2,10,13,18,16,9,4,5,10,15,0.1,0.30000000000000004
438,6,CARD,14,21,37,18,53,9,4,5,10,15,0.1,0.30000000000000004
439,6,CLF_UNION,17,25,55,18,55,9,4,5,10,15,0.1,0.30000000000000004
440,6,ORD-UNION,1,4,6,18,6,9,4,5,10,15,0.1,0.30000000000000004
441,6,CARD,27,14,42,18,48,9,4,5,10,15,0.1,0.30000000000000004
442,6,CLF_UNION,29,15,55,18,55,9,4,5,10,15,0.1,0.30000000000000004
443,6,ORD-UNION,3,4,7,18,7,9,4,5,10,15,0.1,0.30000000000000004
444,6,CARD,17,20,41,18,48,9,4,5,10,15,0.1,0.30000000000000004
445,6,CLF_UNION,19,21,54,18,55,9,4,5,10,15,0.1,0.30000000000000004
446,6,ORD-UNION,0,6,6,18,7,9,4,5,10,15,0.1,0.30000000000000004
447,6,CARD,24,13,38,18,52,9,4,5,10,15,0.1,0.30000000000000004
448,6,CLF_UNION,28,16,55,18,55,9,4,5,10,15,0.1,0.30000000000000004
449,6,ORD-UNION,1,5,6,18,6,9,4,5,10,15,0.1,0.30000000000000004
450,7,CARD,18,22,41,24,49,9,4,5,10,15,0.1,0.30000000000000004
451,7,CLF_UNION,18,26,55,24,55,9,4,5,10,15,0.1,0.30000000000000004
452,7,ORD-UNION,3,3,6,24,6,9,4,5,10,15,0.1,0.30000000000000004
453,7,CARD,19,20,41,24,49,9,4,5,10,15,0.1,0.30000000000000004
454,7,CLF_UNION,23,21,56,24,56,9,4,5,10,15,0.1,0.30000000000000004
455,7,ORD-UNION,7,7,15,24,15,9,4,5,10,15,0.1,0.30000000000000004
456,7,CARD,29,6,37,24,47,9,4,5,10,15,0.1,0.30000000000000004
457,7,CLF_UNION,26,11,49,24,55,9,4,5,10,15,0.1,0.30000000000000004
458,7,ORD-UNION,2,3,5,24,11,9,4,5,10,15,0.1,0.30000000000000004
459,7,CARD,17,16,39,24,49,9,4,5,10,15,0.1,0.30000000000000004
460,7,CLF_UNION,15,21,54,24,56,9,4,5,10,15,0.1,0.30000000000000004
461,7,ORD-UNION,1,4,7,24,9,9,4,5,10,15,0.1,0.30000000000000004
462,7,CARD,27,6,36,24,49,9,4,5,10,15,0.1,0.30000000000000004
463,7,CLF_UNION,25,12,52,24,57,9,4,5,10,15,0.1,0.30000000000000004
464,7,ORD-UNION,3,5,10,24,15,9,4,5,10,15,0.1,0.30000000000000004
465,8,CARD,22,18,41,29,47,9,4,5,10,15,0.1,0.30000000000000004
466,8,CLF_UNION,20,21,53,29,55,9,4,5,10,15,0.1,0.30000000000000004
467,8,ORD-UNION,2,4,7,29,9,9,4,5,10,15,0.1,0.30000000000000004
468,8,CARD,20,16,38,29,51,9,4,5,10,15,0.1,0.30000000000000004
469,8,CLF_UNION,23,19,54,29,55,9,4,5,10,15,0.1,0.30000000000000004
470,8,ORD-UNION,6,6,14,29,15,9,4,5,10,15,0.1,0.30000000000000004
471,8,CARD,27,11,41,29,48,9,4,5,10,15,0.1,0.30000000000000004
472,8,CLF_UNION,25,16,54,29,55,9,4,5,10,15,0.1,0.30000000000000004
473,8,ORD-UNION,6,8,16,29,17,9,4,5,10,15,0.1,0.30000000000000004
474,8,CARD,25,17,43,29,47,9,4,5,10,15,0.1,0.30000000000000004
475,8,CLF_UNION,25,19,55,29,55,9,4,5,10,15,0.1,0.30000000000000004
476,8,ORD-UNION,5,9,14,29,14,9,4,5,10,15,0.1,0.30000000000000004
477,8,CARD,31,9,41,29,49,9,4,5,10,15,0.1,0.30000000000000004
478,8,CLF_UNION,25,19,55,29,55,9,4,5,10,15,0.1,0.30000000000000004
479,8,ORD-UNION,6,4,11,29,11,9,4,5,10,15,0.1,0.30000000000000004
480,9,CARD,21,17,41,38,48,9,4,5,10,15,0.1,0.30000000000000004
481,9,CLF_UNION,16,25,54,38,55,9,4,5,10,15,0.1,0.30000000000000004
482,9,ORD-UNION,2,4,8,38,9,9,4,5,10,15,0.1,0.30000000000000004
483,9,CARD,24,16,40,38,48,9,4,5,10,15,0.1,0.30000000000000004
484,9,CLF_UNION,22,20,53,38,55,9,4,5,10,15,0.1,0.30000000000000004
485,9,ORD-UNION,4,9,13,38,15,9,4,5,10,15,0.1,0.30000000000000004
486,9,CARD,21,17,40,38,48,9,4,5,10,15,0.1,0.30000000000000004
487,9,CLF_UNION,19,21,53,38,55,9,4,5,10,15,0.1,0.30000000000000004
488,9,ORD-UNION,3,5,10,38,12,9,4,5,10,15,0.1,0.30000000000000004
489,9,CARD,24,16,42,38,47,9,4,5,10,15,0.1,0.30000000000000004
490,9,CLF_UNION,23,19,54,38,55,9,4,5,10,15,0.1,0.30000000000000004
491,9,ORD-UNION,6,6,13,38,14,9,4,5,10,15,0.1,0.30000000000000004
492,9,CARD,27,13,42,38,48,9,4,5,10,15,0.1,0.30000000000000004
493,9,CLF_UNION,18,24,55,38,55,9,4,5,10,15,0.1,0.30000000000000004
494,9,ORD-UNION,4,8,14,38,14,9,4,5,10,15,0.1,0.30000000000000004
