,budget,model,correct,wrong,total,n_pref_input,n_pref_output,theta_size,theta_additivity,n_items,n_test_subsets,n_tiers,alpha,p
0,1,CARD,10,12,25,1,65,9,3,5,10,12,0.1,0.30000000000000004
1,1,CLF_UNION,37,11,65,1,65,9,3,5,10,12,0.1,0.30000000000000004
2,1,ORD-UNION,0,0,0,1,0,9,3,5,10,12,0.1,0.30000000000000004
3,1,CARD,21,1,24,1,66,9,3,5,10,12,0.1,0.30000000000000004
4,1,CLF_UNION,39,5,61,1,61,9,3,5,10,12,0.1,0.30000000000000004
5,1,ORD-UNION,1,0,1,1,1,9,3,5,10,12,0.1,0.30000000000000004
6,1,CARD,15,3,21,1,69,9,3,5,10,12,0.1,0.30000000000000004
7,1,CLF_UNION,32,16,64,1,64,9,3,5,10,12,0.1,0.30000000000000004
8,1,ORD-UNION,0,0,0,1,0,9,3,5,10,12,0.1,0.30000000000000004
9,1,CARD,20,3,24,1,66,9,3,5,10,12,0.1,0.30000000000000004
10,1,CLF_UNION,38,17,68,1,68,9,3,5,10,12,0.1,0.30000000000000004
11,1,ORD-UNION,0,0,0,1,0,9,3,5,10,12,0.1,0.30000000000000004
12,1,CARD,15,6,24,1,66,9,3,5,10,12,0.1,0.30000000000000004
13,1,CLF_UNION,37,16,68,1,68,9,3,5,10,12,0.1,0.30000000000000004
14,1,ORD-UNION,0,0,0,1,0,9,3,5,10,12,0.1,0.30000000000000004
15,2,CARD,23,8,36,3,53,9,3,5,10,12,0.1,0.30000000000000004
16,2,CLF_UNION,26,18,59,3,60,9,3,5,10,12,0.1,0.30000000000000004
17,2,ORD-UNION,0,0,0,3,1,9,3,5,10,12,0.1,0.30000000000000004
18,2,CARD,25,6,33,3,57,9,3,5,10,12,0.1,0.30000000000000004
19,2,CLF_UNION,33,15,60,3,60,9,3,5,10,12,0.1,0.30000000000000004
20,2,ORD-UNION,1,0,1,3,1,9,3,5,10,12,0.1,0.30000000000000004
21,2,CARD,25,10,37,3,53,9,3,5,10,12,0.1,0.30000000000000004
22,2,CLF_UNION,34,13,59,3,59,9,3,5,10,12,0.1,0.30000000000000004
23,2,ORD-UNION,1,0,1,3,1,9,3,5,10,12,0.1,0.30000000000000004
24,2,CARD,27,9,37,3,53,9,3,5,10,12,0.1,0.30000000000000004
25,2,CLF_UNION,40,7,60,3,60,9,3,5,10,12,0.1,0.30000000000000004
26,2,ORD-UNION,4,0,4,3,4,9,3,5,10,12,0.1,0.30000000000000004
27,2,CARD,24,10,37,3,53,9,3,5,10,12,0.1,0.30000000000000004
28,2,CLF_UNION,36,10,59,3,59,9,3,5,10,12,0.1,0.30000000000000004
29,2,ORD-UNION,2,0,2,3,2,9,3,5,10,12,0.1,0.30000000000000004
30,3,CARD,30,6,40,6,50,9,3,5,10,12,0.1,0.30000000000000004
31,3,CLF_UNION,36,8,59,6,59,9,3,5,10,12,0.1,0.30000000000000004
32,3,ORD-UNION,4,0,4,6,4,9,3,5,10,12,0.1,0.30000000000000004
33,3,CARD,34,3,42,6,48,9,3,5,10,12,0.1,0.30000000000000004
34,3,CLF_UNION,36,6,57,6,57,9,3,5,10,12,0.1,0.30000000000000004
35,3,ORD-UNION,1,0,1,6,1,9,3,5,10,12,0.1,0.30000000000000004
36,3,CARD,30,5,40,6,49,9,3,5,10,12,0.1,0.30000000000000004
37,3,CLF_UNION,34,9,58,6,59,9,3,5,10,12,0.1,0.30000000000000004
38,3,ORD-UNION,2,0,2,6,3,9,3,5,10,12,0.1,0.30000000000000004
39,3,CARD,19,14,35,6,54,9,3,5,10,12,0.1,0.30000000000000004
40,3,CLF_UNION,38,9,59,6,60,9,3,5,10,12,0.1,0.30000000000000004
41,3,ORD-UNION,0,0,0,6,1,9,3,5,10,12,0.1,0.30000000000000004
42,3,CARD,28,7,40,6,50,9,3,5,10,12,0.1,0.30000000000000004
43,3,CLF_UNION,34,7,56,6,56,9,3,5,10,12,0.1,0.30000000000000004
44,3,ORD-UNION,1,0,1,6,1,9,3,5,10,12,0.1,0.30000000000000004
45,4,CARD,25,11,38,10,51,9,3,5,10,12,0.1,0.30000000000000004
46,4,CLF_UNION,33,11,56,10,57,9,3,5,10,12,0.1,0.30000000000000004
47,4,ORD-UNION,2,0,2,10,3,9,3,5,10,12,0.1,0.30000000000000004
48,4,CARD,31,4,38,10,52,9,3,5,10,12,0.1,0.30000000000000004
49,4,CLF_UNION,40,3,56,10,56,9,3,5,10,12,0.1,0.30000000000000004
50,4,ORD-UNION,3,0,3,10,3,9,3,5,10,12,0.1,0.30000000000000004
51,4,CARD,31,5,40,10,50,9,3,5,10,12,0.1,0.30000000000000004
52,4,CLF_UNION,36,6,57,10,57,9,3,5,10,12,0.1,0.30000000000000004
53,4,ORD-UNION,1,0,1,10,1,9,3,5,10,12,0.1,0.30000000000000004
54,4,CARD,32,6,42,10,48,9,3,5,10,12,0.1,0.30000000000000004
55,4,CLF_UNION,38,5,57,10,57,9,3,5,10,12,0.1,0.30000000000000004
56,4,ORD-UNION,6,0,6,10,6,9,3,5,10,12,0.1,0.30000000000000004
57,4,CARD,27,8,38,10,51,9,3,5,10,12,0.1,0.30000000000000004
58,4,CLF_UNION,38,6,57,10,58,9,3,5,10,12,0.1,0.30000000000000004
59,4,ORD-UNION,1,0,1,10,2,9,3,5,10,12,0.1,0.30000000000000004
60,5,CARD,36,4,44,14,46,9,3,5,10,12,0.1,0.30000000000000004
61,5,CLF_UNION,39,2,55,14,55,9,3,5,10,12,0.1,0.30000000000000004
62,5,ORD-UNION,3,0,3,14,3,9,3,5,10,12,0.1,0.30000000000000004
63,5,CARD,33,5,39,14,50,9,3,5,10,12,0.1,0.30000000000000004
64,5,CLF_UNION,41,2,55,14,56,9,3,5,10,12,0.1,0.30000000000000004
65,5,ORD-UNION,1,0,1,14,2,9,3,5,10,12,0.1,0.30000000000000004
66,5,CARD,33,7,43,14,46,9,3,5,10,12,0.1,0.30000000000000004
67,5,CLF_UNION,38,2,54,14,55,9,3,5,10,12,0.1,0.30000000000000004
68,5,ORD-UNION,1,0,1,14,2,9,3,5,10,12,0.1,0.30000000000000004
69,5,CARD,31,5,41,14,46,9,3,5,10,12,0.1,0.30000000000000004
70,5,CLF_UNION,36,1,52,14,55,9,3,5,10,12,0.1,0.30000000000000004
71,5,ORD-UNION,1,0,1,14,4,9,3,5,10,12,0.1,0.30000000000000004
72,5,CARD,33,4,41,14,48,9,3,5,10,12,0.1,0.30000000000000004
73,5,CLF_UNION,36,3,54,14,55,9,3,5,10,12,0.1,0.30000000000000004
74,5,ORD-UNION,4,0,4,14,5,9,3,5,10,12,0.1,0.30000000000000004
75,6,CARD,32,3,39,18,51,9,3,5,10,12,0.1,0.30000000000000004
76,6,CLF_UNION,41,1,56,18,56,9,3,5,10,12,0.1,0.30000000000000004
77,6,ORD-UNION,4,0,4,18,4,9,3,5,10,12,0.1,0.30000000000000004
78,6,CARD,28,2,33,18,57,9,3,5,10,12,0.1,0.30000000000000004
79,6,CLF_UNION,37,4,56,18,56,9,3,5,10,12,0.1,0.30000000000000004
80,6,ORD-UNION,3,0,3,18,3,9,3,5,10,12,0.1,0.30000000000000004
81,6,CARD,35,0,38,18,51,9,3,5,10,12,0.1,0.30000000000000004
82,6,CLF_UNION,38,1,54,18,55,9,3,5,10,12,0.1,0.30000000000000004
83,6,ORD-UNION,1,0,1,18,2,9,3,5,10,12,0.1,0.30000000000000004
84,6,CARD,33,3,40,18,50,9,3,5,10,12,0.1,0.30000000000000004
85,6,CLF_UNION,39,2,55,18,55,9,3,5,10,12,0.1,0.30000000000000004
86,6,ORD-UNION,5,0,5,18,5,9,3,5,10,12,0.1,0.30000000000000004
87,6,CARD,33,2,39,18,50,9,3,5,10,12,0.1,0.30000000000000004
88,6,CLF_UNION,38,2,54,18,55,9,3,5,10,12,0.1,0.30000000000000004
89,6,ORD-UNION,3,0,3,18,4,9,3,5,10,12,0.1,0.30000000000000004
90,7,CARD,33,1,36,24,52,9,3,5,10,12,0.1,0.30000000000000004
91,7,CLF_UNION,36,4,54,24,56,9,3,5,10,12,0.1,0.30000000000000004
92,7,ORD-UNION,1,0,1,24,3,9,3,5,10,12,0.1,0.30000000000000004
93,7,CARD,38,0,42,24,47,9,3,5,10,12,0.1,0.30000000000000004
94,7,CLF_UNION,39,1,54,24,55,9,3,5,10,12,0.1,0.30000000000000004
95,7,ORD-UNION,4,0,4,24,5,9,3,5,10,12,0.1,0.30000000000000004
96,7,CARD,40,1,42,24,47,9,3,5,10,12,0.1,0.30000000000000004
97,7,CLF_UNION,42,1,54,24,55,9,3,5,10,12,0.1,0.30000000000000004
98,7,ORD-UNION,5,0,5,24,6,9,3,5,10,12,0.1,0.30000000000000004
99,7,CARD,38,0,40,24,47,9,3,5,10,12,0.1,0.30000000000000004
100,7,CLF_UNION,40,0,52,24,55,9,3,5,10,12,0.1,0.30000000000000004
101,7,ORD-UNION,5,0,5,24,8,9,3,5,10,12,0.1,0.30000000000000004
102,7,CARD,37,0,39,24,51,9,3,5,10,12,0.1,0.30000000000000004
103,7,CLF_UNION,40,3,56,24,56,9,3,5,10,12,0.1,0.30000000000000004
104,7,ORD-UNION,7,0,7,24,7,9,3,5,10,12,0.1,0.30000000000000004
105,8,CARD,27,13,41,30,46,9,3,5,10,12,0.1,0.30000000000000004
106,8,CLF_UNION,39,2,53,30,56,9,3,5,10,12,0.1,0.30000000000000004
107,8,ORD-UNION,6,0,6,30,9,9,3,5,10,12,0.1,0.30000000000000004
108,8,CARD,23,16,40,30,47,9,3,5,10,12,0.1,0.30000000000000004
109,8,CLF_UNION,39,2,52,30,55,9,3,5,10,12,0.1,0.30000000000000004
110,8,ORD-UNION,8,0,8,30,11,9,3,5,10,12,0.1,0.30000000000000004
111,8,CARD,24,15,41,30,47,9,3,5,10,12,0.1,0.30000000000000004
112,8,CLF_UNION,38,4,55,30,57,9,3,5,10,12,0.1,0.30000000000000004
113,8,ORD-UNION,6,0,6,30,8,9,3,5,10,12,0.1,0.30000000000000004
114,8,CARD,23,17,41,30,48,9,3,5,10,12,0.1,0.30000000000000004
115,8,CLF_UNION,42,1,55,30,56,9,3,5,10,12,0.1,0.30000000000000004
116,8,ORD-UNION,5,0,5,30,6,9,3,5,10,12,0.1,0.30000000000000004
117,8,CARD,21,19,41,30,48,9,3,5,10,12,0.1,0.30000000000000004
118,8,CLF_UNION,40,0,55,30,56,9,3,5,10,12,0.1,0.30000000000000004
119,8,ORD-UNION,5,0,5,30,6,9,3,5,10,12,0.1,0.30000000000000004
120,9,CARD,23,20,43,39,47,9,3,5,10,12,0.1,0.30000000000000004
121,9,CLF_UNION,43,1,55,39,55,9,3,5,10,12,0.1,0.30000000000000004
122,9,ORD-UNION,9,0,9,39,9,9,3,5,10,12,0.1,0.30000000000000004
123,9,CARD,23,17,42,39,47,9,3,5,10,12,0.1,0.30000000000000004
124,9,CLF_UNION,40,2,54,39,55,9,3,5,10,12,0.1,0.30000000000000004
125,9,ORD-UNION,9,0,9,39,10,9,3,5,10,12,0.1,0.30000000000000004
126,9,CARD,20,17,37,39,50,9,3,5,10,12,0.1,0.30000000000000004
127,9,CLF_UNION,36,2,53,39,56,9,3,5,10,12,0.1,0.30000000000000004
128,9,ORD-UNION,8,0,8,39,11,9,3,5,10,12,0.1,0.30000000000000004
129,9,CARD,20,13,37,39,50,9,3,5,10,12,0.1,0.30000000000000004
130,9,CLF_UNION,32,2,52,39,55,9,3,5,10,12,0.1,0.30000000000000004
131,9,ORD-UNION,5,0,5,39,8,9,3,5,10,12,0.1,0.30000000000000004
132,9,CARD,29,8,38,39,50,9,3,5,10,12,0.1,0.30000000000000004
133,9,CLF_UNION,38,2,54,39,56,9,3,5,10,12,0.1,0.30000000000000004
134,9,ORD-UNION,7,0,7,39,9,9,3,5,10,12,0.1,0.30000000000000004
135,10,CARD,21,15,38,49,46,9,3,5,10,12,0.1,0.30000000000000004
136,10,CLF_UNION,34,5,51,49,57,9,3,5,10,12,0.1,0.30000000000000004
137,10,ORD-UNION,16,0,16,49,22,9,3,5,10,12,0.1,0.30000000000000004
138,10,CARD,19,17,38,49,47,9,3,5,10,12,0.1,0.30000000000000004
139,10,CLF_UNION,33,3,51,49,56,9,3,5,10,12,0.1,0.30000000000000004
140,10,ORD-UNION,15,0,15,49,20,9,3,5,10,12,0.1,0.30000000000000004
141,10,CARD,23,10,35,49,46,9,3,5,10,12,0.1,0.30000000000000004
142,10,CLF_UNION,29,4,47,49,56,9,3,5,10,12,0.1,0.30000000000000004
143,10,ORD-UNION,15,0,15,49,24,9,3,5,10,12,0.1,0.30000000000000004
144,10,CARD,21,20,42,49,47,9,3,5,10,12,0.1,0.30000000000000004
145,10,CLF_UNION,38,3,55,49,56,9,3,5,10,12,0.1,0.30000000000000004
146,10,ORD-UNION,12,0,12,49,13,9,3,5,10,12,0.1,0.30000000000000004
147,10,CARD,23,18,43,49,46,9,3,5,10,12,0.1,0.30000000000000004
148,10,CLF_UNION,38,3,54,49,55,9,3,5,10,12,0.1,0.30000000000000004
149,10,ORD-UNION,10,0,10,49,11,9,3,5,10,12,0.1,0.30000000000000004
150,11,CARD,31,5,39,60,48,9,3,5,10,12,0.1,0.30000000000000004
151,11,CLF_UNION,36,1,52,60,55,9,3,5,10,12,0.1,0.30000000000000004
152,11,ORD-UNION,16,0,17,60,20,9,3,5,10,12,0.1,0.30000000000000004
153,11,CARD,34,7,44,60,46,9,3,5,10,12,0.1,0.30000000000000004
154,11,CLF_UNION,41,1,55,60,55,9,3,5,10,12,0.1,0.30000000000000004
155,11,ORD-UNION,13,0,14,60,14,9,3,5,10,12,0.1,0.30000000000000004
156,11,CARD,32,0,33,60,47,9,3,5,10,12,0.1,0.30000000000000004
157,11,CLF_UNION,32,1,45,60,55,9,3,5,10,12,0.1,0.30000000000000004
158,11,ORD-UNION,18,0,18,60,28,9,3,5,10,12,0.1,0.30000000000000004
159,11,CARD,34,0,34,60,50,9,3,5,10,12,0.1,0.30000000000000004
160,11,CLF_UNION,34,0,49,60,55,9,3,5,10,12,0.1,0.30000000000000004
161,11,ORD-UNION,23,0,23,60,29,9,3,5,10,12,0.1,0.30000000000000004
162,11,CARD,33,2,35,60,52,9,3,5,10,12,0.1,0.30000000000000004
163,11,CLF_UNION,37,2,53,60,56,9,3,5,10,12,0.1,0.30000000000000004
164,11,ORD-UNION,15,0,15,60,18,9,3,5,10,12,0.1,0.30000000000000004
165,12,CARD,40,0,40,69,47,9,3,5,10,12,0.1,0.30000000000000004
166,12,CLF_UNION,40,1,52,69,55,9,3,5,10,12,0.1,0.30000000000000004
167,12,ORD-UNION,21,0,21,69,24,9,3,5,10,12,0.1,0.30000000000000004
168,12,CARD,28,7,39,69,49,9,3,5,10,12,0.1,0.30000000000000004
169,12,CLF_UNION,37,1,53,69,55,9,3,5,10,12,0.1,0.30000000000000004
170,12,ORD-UNION,12,0,12,69,14,9,3,5,10,12,0.1,0.30000000000000004
171,12,CARD,36,0,36,69,48,9,3,5,10,12,0.1,0.30000000000000004
172,12,CLF_UNION,37,0,49,69,55,9,3,5,10,12,0.1,0.30000000000000004
173,12,ORD-UNION,25,0,25,69,31,9,3,5,10,12,0.1,0.30000000000000004
174,12,CARD,34,1,36,69,49,9,3,5,10,12,0.1,0.30000000000000004
175,12,CLF_UNION,34,1,50,69,55,9,3,5,10,12,0.1,0.30000000000000004
176,12,ORD-UNION,18,0,18,69,23,9,3,5,10,12,0.1,0.30000000000000004
177,12,CARD,31,0,34,69,50,9,3,5,10,12,0.1,0.30000000000000004
178,12,CLF_UNION,33,0,49,69,55,9,3,5,10,12,0.1,0.30000000000000004
179,12,ORD-UNION,21,0,21,69,27,9,3,5,10,12,0.1,0.30000000000000004
180,13,CARD,33,0,36,81,48,9,3,5,10,12,0.1,0.30000000000000004
181,13,CLF_UNION,34,2,51,81,57,9,3,5,10,12,0.1,0.30000000000000004
182,13,ORD-UNION,16,0,16,81,22,9,3,5,10,12,0.1,0.30000000000000004
183,13,CARD,31,4,38,81,47,9,3,5,10,12,0.1,0.30000000000000004
184,13,CLF_UNION,34,3,52,81,57,9,3,5,10,12,0.1,0.30000000000000004
185,13,ORD-UNION,23,0,23,81,28,9,3,5,10,12,0.1,0.30000000000000004
186,13,CARD,37,0,38,81,49,9,3,5,10,12,0.1,0.30000000000000004
187,13,CLF_UNION,37,1,53,81,56,9,3,5,10,12,0.1,0.30000000000000004
188,13,ORD-UNION,28,0,28,81,31,9,3,5,10,12,0.1,0.30000000000000004
189,13,CARD,28,0,29,81,47,9,3,5,10,12,0.1,0.30000000000000004
190,13,CLF_UNION,29,1,41,81,55,9,3,5,10,12,0.1,0.30000000000000004
191,13,ORD-UNION,23,0,23,81,37,9,3,5,10,12,0.1,0.30000000000000004
192,13,CARD,31,1,35,81,49,9,3,5,10,12,0.1,0.30000000000000004
193,13,CLF_UNION,33,2,51,81,57,9,3,5,10,12,0.1,0.30000000000000004
194,13,ORD-UNION,25,0,25,81,31,9,3,5,10,12,0.1,0.30000000000000004
195,14,CARD,34,0,36,95,49,9,3,5,10,12,0.1,0.30000000000000004
196,14,CLF_UNION,34,2,50,95,55,9,3,5,10,12,0.1,0.30000000000000004
197,14,ORD-UNION,20,0,21,95,26,9,3,5,10,12,0.1,0.30000000000000004
198,14,CARD,35,0,38,95,47,9,3,5,10,12,0.1,0.30000000000000004
199,14,CLF_UNION,35,0,50,95,55,9,3,5,10,12,0.1,0.30000000000000004
200,14,ORD-UNION,27,0,28,95,33,9,3,5,10,12,0.1,0.30000000000000004
201,14,CARD,32,0,32,95,49,9,3,5,10,12,0.1,0.30000000000000004
202,14,CLF_UNION,33,0,46,95,55,9,3,5,10,12,0.1,0.30000000000000004
203,14,ORD-UNION,25,0,25,95,34,9,3,5,10,12,0.1,0.30000000000000004
204,14,CARD,31,2,35,95,45,9,3,5,10,12,0.1,0.30000000000000004
205,14,CLF_UNION,33,0,45,95,55,9,3,5,10,12,0.1,0.30000000000000004
206,14,ORD-UNION,24,0,24,95,34,9,3,5,10,12,0.1,0.30000000000000004
207,14,CARD,31,0,32,95,49,9,3,5,10,12,0.1,0.30000000000000004
208,14,CLF_UNION,31,0,46,95,55,9,3,5,10,12,0.1,0.30000000000000004
209,14,ORD-UNION,24,0,24,95,33,9,3,5,10,12,0.1,0.30000000000000004
210,15,CARD,31,1,34,109,47,9,3,5,10,12,0.1,0.30000000000000004
211,15,CLF_UNION,33,1,47,109,56,9,3,5,10,12,0.1,0.30000000000000004
212,15,ORD-UNION,23,0,24,109,33,9,3,5,10,12,0.1,0.30000000000000004
213,15,CARD,34,0,36,109,50,9,3,5,10,12,0.1,0.30000000000000004
214,15,CLF_UNION,35,0,55,109,59,9,3,5,10,12,0.1,0.30000000000000004
215,15,ORD-UNION,21,0,22,109,26,9,3,5,10,12,0.1,0.30000000000000004
216,15,CARD,25,1,27,109,50,9,3,5,10,12,0.1,0.30000000000000004
217,15,CLF_UNION,29,2,46,109,59,9,3,5,10,12,0.1,0.30000000000000004
218,15,ORD-UNION,23,0,23,109,36,9,3,5,10,12,0.1,0.30000000000000004
219,15,CARD,37,2,40,109,47,9,3,5,10,12,0.1,0.30000000000000004
220,15,CLF_UNION,38,4,53,109,56,9,3,5,10,12,0.1,0.30000000000000004
221,15,ORD-UNION,26,0,27,109,30,9,3,5,10,12,0.1,0.30000000000000004
222,15,CARD,34,4,41,109,46,9,3,5,10,12,0.1,0.30000000000000004
223,15,CLF_UNION,39,3,55,109,58,9,3,5,10,12,0.1,0.30000000000000004
224,15,ORD-UNION,21,0,21,109,24,9,3,5,10,12,0.1,0.30000000000000004
225,16,CARD,21,1,24,124,47,9,3,5,10,12,0.1,0.30000000000000004
226,16,CLF_UNION,21,2,36,124,55,9,3,5,10,12,0.1,0.30000000000000004
227,16,ORD-UNION,17,0,17,124,36,9,3,5,10,12,0.1,0.30000000000000004
228,16,CARD,27,0,28,124,47,9,3,5,10,12,0.1,0.30000000000000004
229,16,CLF_UNION,28,1,42,124,57,9,3,5,10,12,0.1,0.30000000000000004
230,16,ORD-UNION,22,0,22,124,37,9,3,5,10,12,0.1,0.30000000000000004
231,16,CARD,24,2,30,124,46,9,3,5,10,12,0.1,0.30000000000000004
232,16,CLF_UNION,26,1,41,124,55,9,3,5,10,12,0.1,0.30000000000000004
233,16,ORD-UNION,20,0,20,124,34,9,3,5,10,12,0.1,0.30000000000000004
234,16,CARD,16,0,17,124,46,9,3,5,10,12,0.1,0.30000000000000004
235,16,CLF_UNION,16,0,29,124,56,9,3,5,10,12,0.1,0.30000000000000004
236,16,ORD-UNION,15,0,15,124,42,9,3,5,10,12,0.1,0.30000000000000004
237,16,CARD,27,1,30,124,46,9,3,5,10,12,0.1,0.30000000000000004
238,16,CLF_UNION,28,1,42,124,56,9,3,5,10,12,0.1,0.30000000000000004
239,16,ORD-UNION,26,0,26,124,40,9,3,5,10,12,0.1,0.30000000000000004
240,17,CARD,30,1,35,139,46,9,3,5,10,12,0.1,0.30000000000000004
241,17,CLF_UNION,31,2,50,139,59,9,3,5,10,12,0.1,0.30000000000000004
242,17,ORD-UNION,22,0,22,139,31,9,3,5,10,12,0.1,0.30000000000000004
243,17,CARD,26,2,30,139,45,9,3,5,10,12,0.1,0.30000000000000004
244,17,CLF_UNION,27,2,42,139,57,9,3,5,10,12,0.1,0.30000000000000004
245,17,ORD-UNION,21,0,21,139,36,9,3,5,10,12,0.1,0.30000000000000004
246,17,CARD,30,0,32,139,46,9,3,5,10,12,0.1,0.30000000000000004
247,17,CLF_UNION,30,1,45,139,57,9,3,5,10,12,0.1,0.30000000000000004
248,17,ORD-UNION,26,0,27,139,39,9,3,5,10,12,0.1,0.30000000000000004
249,17,CARD,30,0,34,139,47,9,3,5,10,12,0.1,0.30000000000000004
250,17,CLF_UNION,31,2,52,139,61,9,3,5,10,12,0.1,0.30000000000000004
251,17,ORD-UNION,24,0,25,139,34,9,3,5,10,12,0.1,0.30000000000000004
252,17,CARD,32,1,34,139,46,9,3,5,10,12,0.1,0.30000000000000004
253,17,CLF_UNION,33,4,49,139,59,9,3,5,10,12,0.1,0.30000000000000004
254,17,ORD-UNION,24,0,24,139,34,9,3,5,10,12,0.1,0.30000000000000004
255,18,CARD,16,0,16,157,47,9,3,5,10,12,0.1,0.30000000000000004
256,18,CLF_UNION,16,0,28,157,55,9,3,5,10,12,0.1,0.30000000000000004
257,18,ORD-UNION,16,0,16,157,43,9,3,5,10,12,0.1,0.30000000000000004
258,18,CARD,17,0,18,157,46,9,3,5,10,12,0.1,0.30000000000000004
259,18,CLF_UNION,16,2,31,157,57,9,3,5,10,12,0.1,0.30000000000000004
260,18,ORD-UNION,15,0,16,157,42,9,3,5,10,12,0.1,0.30000000000000004
261,18,CARD,12,3,17,157,50,9,3,5,10,12,0.1,0.30000000000000004
262,18,CLF_UNION,15,4,35,157,58,9,3,5,10,12,0.1,0.30000000000000004
263,18,ORD-UNION,9,0,9,157,32,9,3,5,10,12,0.1,0.30000000000000004
264,18,CARD,17,0,21,157,47,9,3,5,10,12,0.1,0.30000000000000004
265,18,CLF_UNION,17,0,34,157,56,9,3,5,10,12,0.1,0.30000000000000004
266,18,ORD-UNION,17,0,18,157,40,9,3,5,10,12,0.1,0.30000000000000004
267,18,CARD,25,5,32,157,46,9,3,5,10,12,0.1,0.30000000000000004
268,18,CLF_UNION,29,1,43,157,55,9,3,5,10,12,0.1,0.30000000000000004
269,18,ORD-UNION,24,0,24,157,36,9,3,5,10,12,0.1,0.30000000000000004
270,19,CARD,21,0,22,176,47,9,3,5,10,12,0.1,0.30000000000000004
271,19,CLF_UNION,22,2,37,176,57,9,3,5,10,12,0.1,0.30000000000000004
272,19,ORD-UNION,18,0,18,176,39,9,3,5,10,12,0.1,0.30000000000000004
273,19,CARD,15,1,18,176,46,9,3,5,10,12,0.1,0.30000000000000004
274,19,CLF_UNION,16,1,30,176,56,9,3,5,10,12,0.1,0.30000000000000004
275,19,ORD-UNION,14,0,14,176,40,9,3,5,10,12,0.1,0.30000000000000004
276,19,CARD,24,4,31,176,45,9,3,5,10,12,0.1,0.30000000000000004
277,19,CLF_UNION,26,3,42,176,56,9,3,5,10,12,0.1,0.30000000000000004
278,19,ORD-UNION,21,0,21,176,35,9,3,5,10,12,0.1,0.30000000000000004
279,19,CARD,15,1,17,176,45,9,3,5,10,12,0.1,0.30000000000000004
280,19,CLF_UNION,16,2,29,176,56,9,3,5,10,12,0.1,0.30000000000000004
281,19,ORD-UNION,15,0,15,176,43,9,3,5,10,12,0.1,0.30000000000000004
282,19,CARD,24,2,29,176,46,9,3,5,10,12,0.1,0.30000000000000004
283,19,CLF_UNION,25,1,41,176,56,9,3,5,10,12,0.1,0.30000000000000004
284,19,ORD-UNION,20,0,20,176,35,9,3,5,10,12,0.1,0.30000000000000004
285,20,CARD,33,0,35,195,46,9,3,5,10,12,0.1,0.30000000000000004
286,20,CLF_UNION,33,0,46,195,55,9,3,5,10,12,0.1,0.30000000000000004
287,20,ORD-UNION,29,0,30,195,39,9,3,5,10,12,0.1,0.30000000000000004
288,20,CARD,22,0,24,195,47,9,3,5,10,12,0.1,0.30000000000000004
289,20,CLF_UNION,22,0,36,195,55,9,3,5,10,12,0.1,0.30000000000000004
290,20,ORD-UNION,20,0,20,195,39,9,3,5,10,12,0.1,0.30000000000000004
291,20,CARD,25,0,29,195,47,9,3,5,10,12,0.1,0.30000000000000004
292,20,CLF_UNION,24,1,41,195,55,9,3,5,10,12,0.1,0.30000000000000004
293,20,ORD-UNION,22,0,23,195,37,9,3,5,10,12,0.1,0.30000000000000004
294,20,CARD,19,0,24,195,46,9,3,5,10,12,0.1,0.30000000000000004
295,20,CLF_UNION,19,1,35,195,55,9,3,5,10,12,0.1,0.30000000000000004
296,20,ORD-UNION,17,0,17,195,37,9,3,5,10,12,0.1,0.30000000000000004
297,20,CARD,22,0,24,195,47,9,3,5,10,12,0.1,0.30000000000000004
298,20,CLF_UNION,22,0,36,195,55,9,3,5,10,12,0.1,0.30000000000000004
299,20,ORD-UNION,21,0,21,195,40,9,3,5,10,12,0.1,0.30000000000000004
300,21,CARD,0,0,3,214,46,9,3,5,10,12,0.1,0.30000000000000004
301,21,CLF_UNION,0,0,14,214,55,9,3,5,10,12,0.1,0.30000000000000004
302,21,ORD-UNION,0,0,1,214,42,9,3,5,10,12,0.1,0.30000000000000004
303,21,CARD,27,0,29,214,46,9,3,5,10,12,0.1,0.30000000000000004
304,21,CLF_UNION,27,1,40,214,55,9,3,5,10,12,0.1,0.30000000000000004
305,21,ORD-UNION,25,0,25,214,40,9,3,5,10,12,0.1,0.30000000000000004
306,21,CARD,18,0,25,214,47,9,3,5,10,12,0.1,0.30000000000000004
307,21,CLF_UNION,18,1,37,214,55,9,3,5,10,12,0.1,0.30000000000000004
308,21,ORD-UNION,18,0,21,214,39,9,3,5,10,12,0.1,0.30000000000000004
309,21,CARD,15,0,17,214,46,9,3,5,10,12,0.1,0.30000000000000004
310,21,CLF_UNION,15,0,29,214,56,9,3,5,10,12,0.1,0.30000000000000004
311,21,ORD-UNION,12,0,13,214,40,9,3,5,10,12,0.1,0.30000000000000004
312,21,CARD,16,0,19,214,45,9,3,5,10,12,0.1,0.30000000000000004
313,21,CLF_UNION,16,1,30,214,56,9,3,5,10,12,0.1,0.30000000000000004
314,21,ORD-UNION,16,0,18,214,44,9,3,5,10,12,0.1,0.30000000000000004
315,22,CARD,14,0,17,236,46,9,3,5,10,12,0.1,0.30000000000000004
316,22,CLF_UNION,14,0,28,236,55,9,3,5,10,12,0.1,0.30000000000000004
317,22,ORD-UNION,13,0,13,236,40,9,3,5,10,12,0.1,0.30000000000000004
318,22,CARD,21,1,25,236,46,9,3,5,10,12,0.1,0.30000000000000004
319,22,CLF_UNION,22,0,36,236,55,9,3,5,10,12,0.1,0.30000000000000004
320,22,ORD-UNION,19,0,20,236,39,9,3,5,10,12,0.1,0.30000000000000004
321,22,CARD,14,1,18,236,46,9,3,5,10,12,0.1,0.30000000000000004
322,22,CLF_UNION,16,0,31,236,57,9,3,5,10,12,0.1,0.30000000000000004
323,22,ORD-UNION,13,0,13,236,39,9,3,5,10,12,0.1,0.30000000000000004
324,22,CARD,26,1,30,236,46,9,3,5,10,12,0.1,0.30000000000000004
325,22,CLF_UNION,27,1,41,236,55,9,3,5,10,12,0.1,0.30000000000000004
326,22,ORD-UNION,24,0,25,236,39,9,3,5,10,12,0.1,0.30000000000000004
327,22,CARD,27,0,30,236,46,9,3,5,10,12,0.1,0.30000000000000004
328,22,CLF_UNION,27,0,41,236,55,9,3,5,10,12,0.1,0.30000000000000004
329,22,ORD-UNION,26,0,26,236,40,9,3,5,10,12,0.1,0.30000000000000004
330,23,CARD,19,0,25,257,45,9,3,5,10,12,0.1,0.30000000000000004
331,23,CLF_UNION,19,0,36,257,56,9,3,5,10,12,0.1,0.30000000000000004
332,23,ORD-UNION,18,0,20,257,40,9,3,5,10,12,0.1,0.30000000000000004
333,23,CARD,16,0,18,257,45,9,3,5,10,12,0.1,0.30000000000000004
334,23,CLF_UNION,16,1,29,257,55,9,3,5,10,12,0.1,0.30000000000000004
335,23,ORD-UNION,14,0,14,257,41,9,3,5,10,12,0.1,0.30000000000000004
336,23,CARD,7,0,11,257,45,9,3,5,10,12,0.1,0.30000000000000004
337,23,CLF_UNION,7,0,21,257,55,9,3,5,10,12,0.1,0.30000000000000004
338,23,ORD-UNION,7,0,8,257,42,9,3,5,10,12,0.1,0.30000000000000004
339,23,CARD,8,0,10,257,45,9,3,5,10,12,0.1,0.30000000000000004
340,23,CLF_UNION,8,0,20,257,55,9,3,5,10,12,0.1,0.30000000000000004
341,23,ORD-UNION,8,0,9,257,44,9,3,5,10,12,0.1,0.30000000000000004
342,23,CARD,33,0,33,257,47,9,3,5,10,12,0.1,0.30000000000000004
343,23,CLF_UNION,34,0,45,257,55,9,3,5,10,12,0.1,0.30000000000000004
344,23,ORD-UNION,32,0,32,257,42,9,3,5,10,12,0.1,0.30000000000000004
345,24,CARD,14,1,19,279,45,9,3,5,10,12,0.1,0.30000000000000004
346,24,CLF_UNION,15,0,29,279,55,9,3,5,10,12,0.1,0.30000000000000004
347,24,ORD-UNION,12,0,13,279,39,9,3,5,10,12,0.1,0.30000000000000004
348,24,CARD,22,0,24,279,45,9,3,5,10,12,0.1,0.30000000000000004
349,24,CLF_UNION,22,0,34,279,55,9,3,5,10,12,0.1,0.30000000000000004
350,24,ORD-UNION,22,0,22,279,43,9,3,5,10,12,0.1,0.30000000000000004
351,24,CARD,8,0,10,279,46,9,3,5,10,12,0.1,0.30000000000000004
352,24,CLF_UNION,8,0,22,279,56,9,3,5,10,12,0.1,0.30000000000000004
353,24,ORD-UNION,8,0,8,279,42,9,3,5,10,12,0.1,0.30000000000000004
354,24,CARD,8,0,14,279,46,9,3,5,10,12,0.1,0.30000000000000004
355,24,CLF_UNION,8,0,29,279,59,9,3,5,10,12,0.1,0.30000000000000004
356,24,ORD-UNION,8,0,10,279,40,9,3,5,10,12,0.1,0.30000000000000004
357,24,CARD,14,2,20,279,45,9,3,5,10,12,0.1,0.30000000000000004
358,24,CLF_UNION,16,0,31,279,56,9,3,5,10,12,0.1,0.30000000000000004
359,24,ORD-UNION,12,0,13,279,38,9,3,5,10,12,0.1,0.30000000000000004
360,1,CARD,14,7,21,1,69,9,4,5,10,12,0.1,0.30000000000000004
361,1,CLF_UNION,24,30,71,1,71,9,4,5,10,12,0.1,0.30000000000000004
362,1,ORD-UNION,0,0,0,1,0,9,4,5,10,12,0.1,0.30000000000000004
363,1,CARD,16,7,25,1,65,9,4,5,10,12,0.1,0.30000000000000004
364,1,CLF_UNION,27,29,73,1,73,9,4,5,10,12,0.1,0.30000000000000004
365,1,ORD-UNION,0,0,0,1,0,9,4,5,10,12,0.1,0.30000000000000004
366,1,CARD,21,0,21,1,69,9,4,5,10,12,0.1,0.30000000000000004
367,1,CLF_UNION,35,23,79,1,79,9,4,5,10,12,0.1,0.30000000000000004
368,1,ORD-UNION,0,0,0,1,0,9,4,5,10,12,0.1,0.30000000000000004
369,1,CARD,20,3,25,1,65,9,4,5,10,12,0.1,0.30000000000000004
370,1,CLF_UNION,35,23,72,1,72,9,4,5,10,12,0.1,0.30000000000000004
371,1,ORD-UNION,0,0,0,1,0,9,4,5,10,12,0.1,0.30000000000000004
372,1,CARD,15,9,24,1,66,9,4,5,10,12,0.1,0.30000000000000004
373,1,CLF_UNION,32,27,69,1,69,9,4,5,10,12,0.1,0.30000000000000004
374,1,ORD-UNION,0,0,0,1,0,9,4,5,10,12,0.1,0.30000000000000004
375,2,CARD,20,5,27,3,63,9,4,5,10,12,0.1,0.30000000000000004
376,2,CLF_UNION,29,18,64,3,64,9,4,5,10,12,0.1,0.30000000000000004
377,2,ORD-UNION,0,0,1,3,1,9,4,5,10,12,0.1,0.30000000000000004
378,2,CARD,17,13,35,3,55,9,4,5,10,12,0.1,0.30000000000000004
379,2,CLF_UNION,26,16,62,3,62,9,4,5,10,12,0.1,0.30000000000000004
380,2,ORD-UNION,0,0,0,3,0,9,4,5,10,12,0.1,0.30000000000000004
381,2,CARD,19,15,35,3,55,9,4,5,10,12,0.1,0.30000000000000004
382,2,CLF_UNION,28,18,59,3,59,9,4,5,10,12,0.1,0.30000000000000004
383,2,ORD-UNION,0,0,0,3,0,9,4,5,10,12,0.1,0.30000000000000004
384,2,CARD,20,13,36,3,54,9,4,5,10,12,0.1,0.30000000000000004
385,2,CLF_UNION,22,23,59,3,59,9,4,5,10,12,0.1,0.30000000000000004
386,2,ORD-UNION,0,0,1,3,1,9,4,5,10,12,0.1,0.30000000000000004
387,2,CARD,20,11,36,3,54,9,4,5,10,12,0.1,0.30000000000000004
388,2,CLF_UNION,22,19,62,3,62,9,4,5,10,12,0.1,0.30000000000000004
389,2,ORD-UNION,0,0,0,3,0,9,4,5,10,12,0.1,0.30000000000000004
390,3,CARD,21,11,33,6,57,9,4,5,10,12,0.1,0.30000000000000004
391,3,CLF_UNION,26,17,56,6,56,9,4,5,10,12,0.1,0.30000000000000004
392,3,ORD-UNION,1,2,4,6,4,9,4,5,10,12,0.1,0.30000000000000004
393,3,CARD,20,15,37,6,53,9,4,5,10,12,0.1,0.30000000000000004
394,3,CLF_UNION,25,14,55,6,55,9,4,5,10,12,0.1,0.30000000000000004
395,3,ORD-UNION,1,3,4,6,4,9,4,5,10,12,0.1,0.30000000000000004
396,3,CARD,21,13,34,6,55,9,4,5,10,12,0.1,0.30000000000000004
397,3,CLF_UNION,25,16,56,6,57,9,4,5,10,12,0.1,0.30000000000000004
398,3,ORD-UNION,1,2,3,6,4,9,4,5,10,12,0.1,0.30000000000000004
399,3,CARD,20,12,33,6,57,9,4,5,10,12,0.1,0.30000000000000004
400,3,CLF_UNION,25,18,57,6,57,9,4,5,10,12,0.1,0.30000000000000004
401,3,ORD-UNION,0,1,1,6,1,9,4,5,10,12,0.1,0.30000000000000004
402,3,CARD,24,10,34,6,53,9,4,5,10,12,0.1,0.30000000000000004
403,3,CLF_UNION,27,12,52,6,55,9,4,5,10,12,0.1,0.30000000000000004
404,3,ORD-UNION,1,0,1,6,4,9,4,5,10,12,0.1,0.30000000000000004
405,4,CARD,12,21,36,10,51,9,4,5,10,12,0.1,0.30000000000000004
406,4,CLF_UNION,21,22,58,10,61,9,4,5,10,12,0.1,0.30000000000000004
407,4,ORD-UNION,2,1,4,10,7,9,4,5,10,12,0.1,0.30000000000000004
408,4,CARD,21,14,39,10,50,9,4,5,10,12,0.1,0.30000000000000004
409,4,CLF_UNION,26,14,57,10,58,9,4,5,10,12,0.1,0.30000000000000004
410,4,ORD-UNION,1,3,4,10,5,9,4,5,10,12,0.1,0.30000000000000004
411,4,CARD,9,29,41,10,49,9,4,5,10,12,0.1,0.30000000000000004
412,4,CLF_UNION,15,28,57,10,57,9,4,5,10,12,0.1,0.30000000000000004
413,4,ORD-UNION,0,2,5,10,5,9,4,5,10,12,0.1,0.30000000000000004
414,4,CARD,12,21,38,10,52,9,4,5,10,12,0.1,0.30000000000000004
415,4,CLF_UNION,22,20,58,10,58,9,4,5,10,12,0.1,0.30000000000000004
416,4,ORD-UNION,1,3,4,10,4,9,4,5,10,12,0.1,0.30000000000000004
417,4,CARD,12,17,36,10,54,9,4,5,10,12,0.1,0.30000000000000004
418,4,CLF_UNION,22,18,58,10,58,9,4,5,10,12,0.1,0.30000000000000004
419,4,ORD-UNION,1,1,4,10,4,9,4,5,10,12,0.1,0.30000000000000004
420,5,CARD,21,17,42,14,48,9,4,5,10,12,0.1,0.30000000000000004
421,5,CLF_UNION,24,16,55,14,55,9,4,5,10,12,0.1,0.30000000000000004
422,5,ORD-UNION,3,5,10,14,10,9,4,5,10,12,0.1,0.30000000000000004
423,5,CARD,22,16,41,14,46,9,4,5,10,12,0.1,0.30000000000000004
424,5,CLF_UNION,20,18,52,14,55,9,4,5,10,12,0.1,0.30000000000000004
425,5,ORD-UNION,6,3,10,14,13,9,4,5,10,12,0.1,0.30000000000000004
426,5,CARD,26,16,43,14,46,9,4,5,10,12,0.1,0.30000000000000004
427,5,CLF_UNION,22,21,54,14,55,9,4,5,10,12,0.1,0.30000000000000004
428,5,ORD-UNION,3,3,6,14,7,9,4,5,10,12,0.1,0.30000000000000004
429,5,CARD,27,12,41,14,48,9,4,5,10,12,0.1,0.30000000000000004
430,5,CLF_UNION,21,20,54,14,55,9,4,5,10,12,0.1,0.30000000000000004
431,5,ORD-UNION,0,3,4,14,5,9,4,5,10,12,0.1,0.30000000000000004
432,5,CARD,25,15,42,14,47,9,4,5,10,12,0.1,0.30000000000000004
433,5,CLF_UNION,22,20,54,14,55,9,4,5,10,12,0.1,0.30000000000000004
434,5,ORD-UNION,3,3,8,14,9,9,4,5,10,12,0.1,0.30000000000000004
435,6,CARD,10,24,38,20,49,9,4,5,10,12,0.1,0.30000000000000004
436,6,CLF_UNION,11,26,52,20,55,9,4,5,10,12,0.1,0.30000000000000004
437,6,ORD-UNION,4,8,14,20,17,9,4,5,10,12,0.1,0.30000000000000004
438,6,CARD,14,16,32,20,58,9,4,5,10,12,0.1,0.30000000000000004
439,6,CLF_UNION,23,19,55,20,55,9,4,5,10,12,0.1,0.30000000000000004
440,6,ORD-UNION,3,4,8,20,8,9,4,5,10,12,0.1,0.30000000000000004
441,6,CARD,17,17,35,20,55,9,4,5,10,12,0.1,0.30000000000000004
442,6,CLF_UNION,22,22,55,20,55,9,4,5,10,12,0.1,0.30000000000000004
443,6,ORD-UNION,3,4,8,20,8,9,4,5,10,12,0.1,0.30000000000000004
444,6,CARD,8,22,34,20,55,9,4,5,10,12,0.1,0.30000000000000004
445,6,CLF_UNION,19,20,54,20,55,9,4,5,10,12,0.1,0.30000000000000004
446,6,ORD-UNION,1,4,6,20,7,9,4,5,10,12,0.1,0.30000000000000004
447,6,CARD,17,18,36,20,54,9,4,5,10,12,0.1,0.30000000000000004
448,6,CLF_UNION,22,21,55,20,55,9,4,5,10,12,0.1,0.30000000000000004
449,6,ORD-UNION,5,0,5,20,5,9,4,5,10,12,0.1,0.30000000000000004
