,budget,model,correct,wrong,total,n_pref_input,n_pref_output,theta_size,theta_additivity,n_items,n_test_subsets,n_tiers,alpha,p
0,1,CARD,11,6,25,1,65,15,4,5,10,6,0.30000000000000004,0.30000000000000004
1,1,CLF_UNION,28,11,64,1,64,15,4,5,10,6,0.30000000000000004,0.30000000000000004
2,1,ORD-UNION,0,0,0,1,0,15,4,5,10,6,0.30000000000000004,0.30000000000000004
3,1,CARD,13,5,25,1,65,15,4,5,10,6,0.30000000000000004,0.30000000000000004
4,1,CLF_UNION,33,8,62,1,62,15,4,5,10,6,0.30000000000000004,0.30000000000000004
5,1,ORD-UNION,0,0,0,1,0,15,4,5,10,6,0.30000000000000004,0.30000000000000004
6,1,CARD,12,5,21,1,69,15,4,5,10,6,0.30000000000000004,0.30000000000000004
7,1,CLF_UNION,36,19,77,1,77,15,4,5,10,6,0.30000000000000004,0.30000000000000004
8,1,ORD-UNION,0,0,0,1,0,15,4,5,10,6,0.30000000000000004,0.30000000000000004
9,1,CARD,6,7,21,1,69,15,4,5,10,6,0.30000000000000004,0.30000000000000004
10,1,CLF_UNION,28,10,65,1,65,15,4,5,10,6,0.30000000000000004,0.30000000000000004
11,1,ORD-UNION,0,0,0,1,0,15,4,5,10,6,0.30000000000000004,0.30000000000000004
12,1,CARD,19,2,25,1,65,15,4,5,10,6,0.30000000000000004,0.30000000000000004
13,1,CLF_UNION,35,11,66,1,66,15,4,5,10,6,0.30000000000000004,0.30000000000000004
14,1,ORD-UNION,0,0,0,1,0,15,4,5,10,6,0.30000000000000004,0.30000000000000004
15,2,CARD,25,6,36,3,54,15,4,5,10,6,0.30000000000000004,0.30000000000000004
16,2,CLF_UNION,34,10,60,3,60,15,4,5,10,6,0.30000000000000004,0.30000000000000004
17,2,ORD-UNION,1,0,1,3,1,15,4,5,10,6,0.30000000000000004,0.30000000000000004
18,2,CARD,22,9,37,3,53,15,4,5,10,6,0.30000000000000004,0.30000000000000004
19,2,CLF_UNION,31,12,59,3,59,15,4,5,10,6,0.30000000000000004,0.30000000000000004
20,2,ORD-UNION,0,0,0,3,0,15,4,5,10,6,0.30000000000000004,0.30000000000000004
21,2,CARD,16,10,35,3,55,15,4,5,10,6,0.30000000000000004,0.30000000000000004
22,2,CLF_UNION,32,7,59,3,59,15,4,5,10,6,0.30000000000000004,0.30000000000000004
23,2,ORD-UNION,0,0,0,3,0,15,4,5,10,6,0.30000000000000004,0.30000000000000004
24,2,CARD,27,2,34,3,55,15,4,5,10,6,0.30000000000000004,0.30000000000000004
25,2,CLF_UNION,31,8,58,3,59,15,4,5,10,6,0.30000000000000004,0.30000000000000004
26,2,ORD-UNION,1,0,1,3,2,15,4,5,10,6,0.30000000000000004,0.30000000000000004
27,2,CARD,19,11,37,3,53,15,4,5,10,6,0.30000000000000004,0.30000000000000004
28,2,CLF_UNION,30,11,60,3,60,15,4,5,10,6,0.30000000000000004,0.30000000000000004
29,2,ORD-UNION,0,0,0,3,0,15,4,5,10,6,0.30000000000000004,0.30000000000000004
30,3,CARD,30,3,38,6,51,15,4,5,10,6,0.30000000000000004,0.30000000000000004
31,3,CLF_UNION,34,7,61,6,62,15,4,5,10,6,0.30000000000000004,0.30000000000000004
32,3,ORD-UNION,0,0,0,6,1,15,4,5,10,6,0.30000000000000004,0.30000000000000004
33,3,CARD,31,3,39,6,51,15,4,5,10,6,0.30000000000000004,0.30000000000000004
34,3,CLF_UNION,34,8,59,6,59,15,4,5,10,6,0.30000000000000004,0.30000000000000004
35,3,ORD-UNION,0,0,0,6,0,15,4,5,10,6,0.30000000000000004,0.30000000000000004
36,3,CARD,26,6,40,6,50,15,4,5,10,6,0.30000000000000004,0.30000000000000004
37,3,CLF_UNION,32,13,64,6,64,15,4,5,10,6,0.30000000000000004,0.30000000000000004
38,3,ORD-UNION,0,0,0,6,0,15,4,5,10,6,0.30000000000000004,0.30000000000000004
39,3,CARD,24,6,37,6,53,15,4,5,10,6,0.30000000000000004,0.30000000000000004
40,3,CLF_UNION,31,10,62,6,62,15,4,5,10,6,0.30000000000000004,0.30000000000000004
41,3,ORD-UNION,1,0,1,6,1,15,4,5,10,6,0.30000000000000004,0.30000000000000004
42,3,CARD,24,7,37,6,53,15,4,5,10,6,0.30000000000000004,0.30000000000000004
43,3,CLF_UNION,28,14,60,6,60,15,4,5,10,6,0.30000000000000004,0.30000000000000004
44,3,ORD-UNION,0,0,0,6,0,15,4,5,10,6,0.30000000000000004,0.30000000000000004
45,4,CARD,29,4,40,10,50,15,4,5,10,6,0.30000000000000004,0.30000000000000004
46,4,CLF_UNION,33,4,57,10,57,15,4,5,10,6,0.30000000000000004,0.30000000000000004
47,4,ORD-UNION,0,0,0,10,0,15,4,5,10,6,0.30000000000000004,0.30000000000000004
48,4,CARD,33,3,42,10,48,15,4,5,10,6,0.30000000000000004,0.30000000000000004
49,4,CLF_UNION,37,2,56,10,56,15,4,5,10,6,0.30000000000000004,0.30000000000000004
50,4,ORD-UNION,0,0,0,10,0,15,4,5,10,6,0.30000000000000004,0.30000000000000004
51,4,CARD,17,4,35,10,55,15,4,5,10,6,0.30000000000000004,0.30000000000000004
52,4,CLF_UNION,26,5,59,10,59,15,4,5,10,6,0.30000000000000004,0.30000000000000004
53,4,ORD-UNION,1,0,1,10,1,15,4,5,10,6,0.30000000000000004,0.30000000000000004
54,4,CARD,29,2,37,10,52,15,4,5,10,6,0.30000000000000004,0.30000000000000004
55,4,CLF_UNION,35,2,55,10,56,15,4,5,10,6,0.30000000000000004,0.30000000000000004
56,4,ORD-UNION,0,0,0,10,1,15,4,5,10,6,0.30000000000000004,0.30000000000000004
57,4,CARD,30,5,40,10,49,15,4,5,10,6,0.30000000000000004,0.30000000000000004
58,4,CLF_UNION,37,2,54,10,55,15,4,5,10,6,0.30000000000000004,0.30000000000000004
59,4,ORD-UNION,0,0,0,10,1,15,4,5,10,6,0.30000000000000004,0.30000000000000004
60,5,CARD,21,8,38,15,51,15,4,5,10,6,0.30000000000000004,0.30000000000000004
61,5,CLF_UNION,32,2,54,15,55,15,4,5,10,6,0.30000000000000004,0.30000000000000004
62,5,ORD-UNION,2,0,2,15,3,15,4,5,10,6,0.30000000000000004,0.30000000000000004
63,5,CARD,20,12,40,15,49,15,4,5,10,6,0.30000000000000004,0.30000000000000004
64,5,CLF_UNION,28,6,54,15,55,15,4,5,10,6,0.30000000000000004,0.30000000000000004
65,5,ORD-UNION,0,0,0,15,1,15,4,5,10,6,0.30000000000000004,0.30000000000000004
66,5,CARD,21,9,39,15,50,15,4,5,10,6,0.30000000000000004,0.30000000000000004
67,5,CLF_UNION,32,2,54,15,55,15,4,5,10,6,0.30000000000000004,0.30000000000000004
68,5,ORD-UNION,0,0,0,15,1,15,4,5,10,6,0.30000000000000004,0.30000000000000004
69,5,CARD,32,0,40,15,50,15,4,5,10,6,0.30000000000000004,0.30000000000000004
70,5,CLF_UNION,33,2,55,15,55,15,4,5,10,6,0.30000000000000004,0.30000000000000004
71,5,ORD-UNION,1,0,1,15,1,15,4,5,10,6,0.30000000000000004,0.30000000000000004
72,5,CARD,22,6,36,15,48,15,4,5,10,6,0.30000000000000004,0.30000000000000004
73,5,CLF_UNION,28,3,49,15,55,15,4,5,10,6,0.30000000000000004,0.30000000000000004
74,5,ORD-UNION,0,0,0,15,6,15,4,5,10,6,0.30000000000000004,0.30000000000000004
75,6,CARD,33,2,40,20,49,15,4,5,10,6,0.30000000000000004,0.30000000000000004
76,6,CLF_UNION,38,0,54,20,55,15,4,5,10,6,0.30000000000000004,0.30000000000000004
77,6,ORD-UNION,1,0,1,20,2,15,4,5,10,6,0.30000000000000004,0.30000000000000004
78,6,CARD,25,2,38,20,49,15,4,5,10,6,0.30000000000000004,0.30000000000000004
79,6,CLF_UNION,29,0,52,20,55,15,4,5,10,6,0.30000000000000004,0.30000000000000004
80,6,ORD-UNION,0,0,0,20,3,15,4,5,10,6,0.30000000000000004,0.30000000000000004
81,6,CARD,28,4,38,20,51,15,4,5,10,6,0.30000000000000004,0.30000000000000004
82,6,CLF_UNION,36,1,54,20,55,15,4,5,10,6,0.30000000000000004,0.30000000000000004
83,6,ORD-UNION,0,0,0,20,1,15,4,5,10,6,0.30000000000000004,0.30000000000000004
84,6,CARD,25,4,38,20,52,15,4,5,10,6,0.30000000000000004,0.30000000000000004
85,6,CLF_UNION,34,0,55,20,55,15,4,5,10,6,0.30000000000000004,0.30000000000000004
86,6,ORD-UNION,1,0,1,20,1,15,4,5,10,6,0.30000000000000004,0.30000000000000004
87,6,CARD,21,6,36,20,48,15,4,5,10,6,0.30000000000000004,0.30000000000000004
88,6,CLF_UNION,29,1,49,20,55,15,4,5,10,6,0.30000000000000004,0.30000000000000004
89,6,ORD-UNION,0,0,0,20,6,15,4,5,10,6,0.30000000000000004,0.30000000000000004
90,7,CARD,23,7,40,25,47,15,4,5,10,6,0.30000000000000004,0.30000000000000004
91,7,CLF_UNION,29,1,52,25,55,15,4,5,10,6,0.30000000000000004,0.30000000000000004
92,7,ORD-UNION,0,0,0,25,3,15,4,5,10,6,0.30000000000000004,0.30000000000000004
93,7,CARD,31,8,40,25,49,15,4,5,10,6,0.30000000000000004,0.30000000000000004
94,7,CLF_UNION,39,0,54,25,55,15,4,5,10,6,0.30000000000000004,0.30000000000000004
95,7,ORD-UNION,2,0,2,25,3,15,4,5,10,6,0.30000000000000004,0.30000000000000004
96,7,CARD,29,2,40,25,49,15,4,5,10,6,0.30000000000000004,0.30000000000000004
97,7,CLF_UNION,32,0,54,25,55,15,4,5,10,6,0.30000000000000004,0.30000000000000004
98,7,ORD-UNION,2,0,2,25,3,15,4,5,10,6,0.30000000000000004,0.30000000000000004
99,7,CARD,33,3,41,25,48,15,4,5,10,6,0.30000000000000004,0.30000000000000004
100,7,CLF_UNION,36,1,54,25,55,15,4,5,10,6,0.30000000000000004,0.30000000000000004
101,7,ORD-UNION,1,0,1,25,2,15,4,5,10,6,0.30000000000000004,0.30000000000000004
102,7,CARD,21,10,40,25,49,15,4,5,10,6,0.30000000000000004,0.30000000000000004
103,7,CLF_UNION,31,0,54,25,55,15,4,5,10,6,0.30000000000000004,0.30000000000000004
104,7,ORD-UNION,0,0,0,25,1,15,4,5,10,6,0.30000000000000004,0.30000000000000004
105,8,CARD,25,5,40,32,47,15,4,5,10,6,0.30000000000000004,0.30000000000000004
106,8,CLF_UNION,29,3,52,32,55,15,4,5,10,6,0.30000000000000004,0.30000000000000004
107,8,ORD-UNION,2,0,2,32,5,15,4,5,10,6,0.30000000000000004,0.30000000000000004
108,8,CARD,26,9,45,32,45,15,4,5,10,6,0.30000000000000004,0.30000000000000004
109,8,CLF_UNION,34,1,55,32,55,15,4,5,10,6,0.30000000000000004,0.30000000000000004
110,8,ORD-UNION,1,0,1,32,1,15,4,5,10,6,0.30000000000000004,0.30000000000000004
111,8,CARD,25,5,34,32,47,15,4,5,10,6,0.30000000000000004,0.30000000000000004
112,8,CLF_UNION,30,0,47,32,56,15,4,5,10,6,0.30000000000000004,0.30000000000000004
113,8,ORD-UNION,0,0,0,32,9,15,4,5,10,6,0.30000000000000004,0.30000000000000004
114,8,CARD,33,1,41,32,48,15,4,5,10,6,0.30000000000000004,0.30000000000000004
115,8,CLF_UNION,33,3,54,32,55,15,4,5,10,6,0.30000000000000004,0.30000000000000004
116,8,ORD-UNION,1,0,1,32,2,15,4,5,10,6,0.30000000000000004,0.30000000000000004
117,8,CARD,26,5,44,32,45,15,4,5,10,6,0.30000000000000004,0.30000000000000004
118,8,CLF_UNION,29,2,54,32,55,15,4,5,10,6,0.30000000000000004,0.30000000000000004
119,8,ORD-UNION,2,0,2,32,3,15,4,5,10,6,0.30000000000000004,0.30000000000000004
120,9,CARD,24,6,39,40,46,15,4,5,10,6,0.30000000000000004,0.30000000000000004
121,9,CLF_UNION,27,3,50,40,55,15,4,5,10,6,0.30000000000000004,0.30000000000000004
122,9,ORD-UNION,2,0,2,40,7,15,4,5,10,6,0.30000000000000004,0.30000000000000004
123,9,CARD,21,14,40,40,48,15,4,5,10,6,0.30000000000000004,0.30000000000000004
124,9,CLF_UNION,35,2,54,40,56,15,4,5,10,6,0.30000000000000004,0.30000000000000004
125,9,ORD-UNION,1,0,1,40,3,15,4,5,10,6,0.30000000000000004,0.30000000000000004
126,9,CARD,21,10,41,40,48,15,4,5,10,6,0.30000000000000004,0.30000000000000004
127,9,CLF_UNION,26,7,54,40,55,15,4,5,10,6,0.30000000000000004,0.30000000000000004
128,9,ORD-UNION,1,0,1,40,2,15,4,5,10,6,0.30000000000000004,0.30000000000000004
129,9,CARD,27,10,42,40,48,15,4,5,10,6,0.30000000000000004,0.30000000000000004
130,9,CLF_UNION,38,2,55,40,55,15,4,5,10,6,0.30000000000000004,0.30000000000000004
131,9,ORD-UNION,0,0,0,40,0,15,4,5,10,6,0.30000000000000004,0.30000000000000004
132,9,CARD,16,9,31,40,50,15,4,5,10,6,0.30000000000000004,0.30000000000000004
133,9,CLF_UNION,26,3,47,40,56,15,4,5,10,6,0.30000000000000004,0.30000000000000004
134,9,ORD-UNION,0,0,0,40,9,15,4,5,10,6,0.30000000000000004,0.30000000000000004
135,10,CARD,32,2,39,49,49,15,4,5,10,6,0.30000000000000004,0.30000000000000004
136,10,CLF_UNION,33,2,53,49,55,15,4,5,10,6,0.30000000000000004,0.30000000000000004
137,10,ORD-UNION,0,0,0,49,2,15,4,5,10,6,0.30000000000000004,0.30000000000000004
138,10,CARD,32,2,39,49,46,15,4,5,10,6,0.30000000000000004,0.30000000000000004
139,10,CLF_UNION,32,2,50,49,55,15,4,5,10,6,0.30000000000000004,0.30000000000000004
140,10,ORD-UNION,0,0,0,49,5,15,4,5,10,6,0.30000000000000004,0.30000000000000004
141,10,CARD,33,0,38,49,50,15,4,5,10,6,0.30000000000000004,0.30000000000000004
142,10,CLF_UNION,31,4,53,49,55,15,4,5,10,6,0.30000000000000004,0.30000000000000004
143,10,ORD-UNION,3,0,3,49,5,15,4,5,10,6,0.30000000000000004,0.30000000000000004
144,10,CARD,30,1,41,49,47,15,4,5,10,6,0.30000000000000004,0.30000000000000004
145,10,CLF_UNION,28,4,53,49,55,15,4,5,10,6,0.30000000000000004,0.30000000000000004
146,10,ORD-UNION,0,0,0,49,2,15,4,5,10,6,0.30000000000000004,0.30000000000000004
147,10,CARD,28,0,34,49,53,15,4,5,10,6,0.30000000000000004,0.30000000000000004
148,10,CLF_UNION,25,3,52,49,55,15,4,5,10,6,0.30000000000000004,0.30000000000000004
149,10,ORD-UNION,3,0,3,49,6,15,4,5,10,6,0.30000000000000004,0.30000000000000004
150,11,CARD,31,4,42,57,47,15,4,5,10,6,0.30000000000000004,0.30000000000000004
151,11,CLF_UNION,37,0,54,57,55,15,4,5,10,6,0.30000000000000004,0.30000000000000004
152,11,ORD-UNION,1,0,1,57,2,15,4,5,10,6,0.30000000000000004,0.30000000000000004
153,11,CARD,31,1,38,57,49,15,4,5,10,6,0.30000000000000004,0.30000000000000004
154,11,CLF_UNION,34,1,52,57,55,15,4,5,10,6,0.30000000000000004,0.30000000000000004
155,11,ORD-UNION,3,0,3,57,6,15,4,5,10,6,0.30000000000000004,0.30000000000000004
156,11,CARD,18,4,34,57,47,15,4,5,10,6,0.30000000000000004,0.30000000000000004
157,11,CLF_UNION,23,0,46,57,55,15,4,5,10,6,0.30000000000000004,0.30000000000000004
158,11,ORD-UNION,1,0,1,57,10,15,4,5,10,6,0.30000000000000004,0.30000000000000004
159,11,CARD,26,2,38,57,46,15,4,5,10,6,0.30000000000000004,0.30000000000000004
160,11,CLF_UNION,28,1,49,57,55,15,4,5,10,6,0.30000000000000004,0.30000000000000004
161,11,ORD-UNION,1,0,1,57,7,15,4,5,10,6,0.30000000000000004,0.30000000000000004
162,11,CARD,23,6,41,57,46,15,4,5,10,6,0.30000000000000004,0.30000000000000004
163,11,CLF_UNION,28,2,52,57,55,15,4,5,10,6,0.30000000000000004,0.30000000000000004
164,11,ORD-UNION,1,0,1,57,4,15,4,5,10,6,0.30000000000000004,0.30000000000000004
165,12,CARD,32,4,42,68,47,15,4,5,10,6,0.30000000000000004,0.30000000000000004
166,12,CLF_UNION,36,1,54,68,55,15,4,5,10,6,0.30000000000000004,0.30000000000000004
167,12,ORD-UNION,1,0,1,68,2,15,4,5,10,6,0.30000000000000004,0.30000000000000004
168,12,CARD,24,0,31,68,50,15,4,5,10,6,0.30000000000000004,0.30000000000000004
169,12,CLF_UNION,25,0,46,68,55,15,4,5,10,6,0.30000000000000004,0.30000000000000004
170,12,ORD-UNION,0,0,1,68,10,15,4,5,10,6,0.30000000000000004,0.30000000000000004
171,12,CARD,31,4,40,68,48,15,4,5,10,6,0.30000000000000004,0.30000000000000004
172,12,CLF_UNION,35,0,54,68,56,15,4,5,10,6,0.30000000000000004,0.30000000000000004
173,12,ORD-UNION,0,0,0,68,2,15,4,5,10,6,0.30000000000000004,0.30000000000000004
174,12,CARD,19,1,29,68,48,15,4,5,10,6,0.30000000000000004,0.30000000000000004
175,12,CLF_UNION,20,0,42,68,55,15,4,5,10,6,0.30000000000000004,0.30000000000000004
176,12,ORD-UNION,0,0,0,68,13,15,4,5,10,6,0.30000000000000004,0.30000000000000004
177,12,CARD,30,1,37,68,47,15,4,5,10,6,0.30000000000000004,0.30000000000000004
178,12,CLF_UNION,31,0,49,68,55,15,4,5,10,6,0.30000000000000004,0.30000000000000004
179,12,ORD-UNION,3,0,3,68,9,15,4,5,10,6,0.30000000000000004,0.30000000000000004
180,13,CARD,30,0,39,79,48,15,4,5,10,6,0.30000000000000004,0.30000000000000004
181,13,CLF_UNION,32,0,52,79,55,15,4,5,10,6,0.30000000000000004,0.30000000000000004
182,13,ORD-UNION,6,0,8,79,11,15,4,5,10,6,0.30000000000000004,0.30000000000000004
183,13,CARD,19,0,22,79,51,15,4,5,10,6,0.30000000000000004,0.30000000000000004
184,13,CLF_UNION,21,0,40,79,57,15,4,5,10,6,0.30000000000000004,0.30000000000000004
185,13,ORD-UNION,1,0,1,79,18,15,4,5,10,6,0.30000000000000004,0.30000000000000004
186,13,CARD,19,1,28,79,49,15,4,5,10,6,0.30000000000000004,0.30000000000000004
187,13,CLF_UNION,20,0,43,79,56,15,4,5,10,6,0.30000000000000004,0.30000000000000004
188,13,ORD-UNION,4,0,4,79,17,15,4,5,10,6,0.30000000000000004,0.30000000000000004
189,13,CARD,28,5,37,79,48,15,4,5,10,6,0.30000000000000004,0.30000000000000004
190,13,CLF_UNION,35,0,51,79,56,15,4,5,10,6,0.30000000000000004,0.30000000000000004
191,13,ORD-UNION,4,0,4,79,9,15,4,5,10,6,0.30000000000000004,0.30000000000000004
192,13,CARD,27,4,37,79,47,15,4,5,10,6,0.30000000000000004,0.30000000000000004
193,13,CLF_UNION,32,0,50,79,56,15,4,5,10,6,0.30000000000000004,0.30000000000000004
194,13,ORD-UNION,4,0,4,79,10,15,4,5,10,6,0.30000000000000004,0.30000000000000004
195,14,CARD,20,13,39,89,46,15,4,5,10,6,0.30000000000000004,0.30000000000000004
196,14,CLF_UNION,33,0,51,89,56,15,4,5,10,6,0.30000000000000004,0.30000000000000004
197,14,ORD-UNION,3,0,3,89,8,15,4,5,10,6,0.30000000000000004,0.30000000000000004
198,14,CARD,22,1,30,89,48,15,4,5,10,6,0.30000000000000004,0.30000000000000004
199,14,CLF_UNION,23,0,43,89,55,15,4,5,10,6,0.30000000000000004,0.30000000000000004
200,14,ORD-UNION,5,0,5,89,17,15,4,5,10,6,0.30000000000000004,0.30000000000000004
201,14,CARD,23,1,30,89,46,15,4,5,10,6,0.30000000000000004,0.30000000000000004
202,14,CLF_UNION,24,0,41,89,55,15,4,5,10,6,0.30000000000000004,0.30000000000000004
203,14,ORD-UNION,11,0,13,89,27,15,4,5,10,6,0.30000000000000004,0.30000000000000004
204,14,CARD,16,6,30,89,47,15,4,5,10,6,0.30000000000000004,0.30000000000000004
205,14,CLF_UNION,22,0,44,89,57,15,4,5,10,6,0.30000000000000004,0.30000000000000004
206,14,ORD-UNION,4,0,4,89,17,15,4,5,10,6,0.30000000000000004,0.30000000000000004
207,14,CARD,19,3,29,89,47,15,4,5,10,6,0.30000000000000004,0.30000000000000004
208,14,CLF_UNION,23,0,42,89,56,15,4,5,10,6,0.30000000000000004,0.30000000000000004
209,14,ORD-UNION,4,0,4,89,18,15,4,5,10,6,0.30000000000000004,0.30000000000000004
210,15,CARD,11,1,17,99,51,15,4,5,10,6,0.30000000000000004,0.30000000000000004
211,15,CLF_UNION,12,0,34,99,56,15,4,5,10,6,0.30000000000000004,0.30000000000000004
212,15,ORD-UNION,0,0,0,99,22,15,4,5,10,6,0.30000000000000004,0.30000000000000004
213,15,CARD,18,7,37,99,46,15,4,5,10,6,0.30000000000000004,0.30000000000000004
214,15,CLF_UNION,25,0,48,99,55,15,4,5,10,6,0.30000000000000004,0.30000000000000004
215,15,ORD-UNION,4,0,4,99,11,15,4,5,10,6,0.30000000000000004,0.30000000000000004
216,15,CARD,13,6,24,99,47,15,4,5,10,6,0.30000000000000004,0.30000000000000004
217,15,CLF_UNION,19,0,37,99,56,15,4,5,10,6,0.30000000000000004,0.30000000000000004
218,15,ORD-UNION,3,0,3,99,22,15,4,5,10,6,0.30000000000000004,0.30000000000000004
219,15,CARD,18,0,23,99,49,15,4,5,10,6,0.30000000000000004,0.30000000000000004
220,15,CLF_UNION,18,0,39,99,57,15,4,5,10,6,0.30000000000000004,0.30000000000000004
221,15,ORD-UNION,3,0,3,99,21,15,4,5,10,6,0.30000000000000004,0.30000000000000004
222,15,CARD,10,7,21,99,52,15,4,5,10,6,0.30000000000000004,0.30000000000000004
223,15,CLF_UNION,17,0,39,99,56,15,4,5,10,6,0.30000000000000004,0.30000000000000004
224,15,ORD-UNION,1,0,1,99,18,15,4,5,10,6,0.30000000000000004,0.30000000000000004
225,16,CARD,10,4,17,115,50,15,4,5,10,6,0.30000000000000004,0.30000000000000004
226,16,CLF_UNION,14,0,33,115,56,15,4,5,10,6,0.30000000000000004,0.30000000000000004
227,16,ORD-UNION,2,0,2,115,25,15,4,5,10,6,0.30000000000000004,0.30000000000000004
228,16,CARD,24,6,35,115,45,15,4,5,10,6,0.30000000000000004,0.30000000000000004
229,16,CLF_UNION,30,0,45,115,55,15,4,5,10,6,0.30000000000000004,0.30000000000000004
230,16,ORD-UNION,5,0,5,115,15,15,4,5,10,6,0.30000000000000004,0.30000000000000004
231,16,CARD,24,0,29,115,48,15,4,5,10,6,0.30000000000000004,0.30000000000000004
232,16,CLF_UNION,24,0,42,115,55,15,4,5,10,6,0.30000000000000004,0.30000000000000004
233,16,ORD-UNION,8,0,8,115,21,15,4,5,10,6,0.30000000000000004,0.30000000000000004
234,16,CARD,24,1,34,115,47,15,4,5,10,6,0.30000000000000004,0.30000000000000004
235,16,CLF_UNION,25,0,46,115,55,15,4,5,10,6,0.30000000000000004,0.30000000000000004
236,16,ORD-UNION,8,0,8,115,17,15,4,5,10,6,0.30000000000000004,0.30000000000000004
237,16,CARD,14,3,30,115,48,15,4,5,10,6,0.30000000000000004,0.30000000000000004
238,16,CLF_UNION,17,0,44,115,56,15,4,5,10,6,0.30000000000000004,0.30000000000000004
239,16,ORD-UNION,5,0,6,115,18,15,4,5,10,6,0.30000000000000004,0.30000000000000004
240,17,CARD,27,3,37,129,47,15,4,5,10,6,0.30000000000000004,0.30000000000000004
241,17,CLF_UNION,32,0,49,129,55,15,4,5,10,6,0.30000000000000004,0.30000000000000004
242,17,ORD-UNION,14,0,14,129,20,15,4,5,10,6,0.30000000000000004,0.30000000000000004
243,17,CARD,24,1,31,129,50,15,4,5,10,6,0.30000000000000004,0.30000000000000004
244,17,CLF_UNION,28,0,46,129,55,15,4,5,10,6,0.30000000000000004,0.30000000000000004
245,17,ORD-UNION,9,0,10,129,19,15,4,5,10,6,0.30000000000000004,0.30000000000000004
246,17,CARD,16,5,34,129,51,15,4,5,10,6,0.30000000000000004,0.30000000000000004
247,17,CLF_UNION,24,0,50,129,55,15,4,5,10,6,0.30000000000000004,0.30000000000000004
248,17,ORD-UNION,4,0,4,129,9,15,4,5,10,6,0.30000000000000004,0.30000000000000004
249,17,CARD,16,2,22,129,48,15,4,5,10,6,0.30000000000000004,0.30000000000000004
250,17,CLF_UNION,19,0,35,129,55,15,4,5,10,6,0.30000000000000004,0.30000000000000004
251,17,ORD-UNION,4,0,4,129,24,15,4,5,10,6,0.30000000000000004,0.30000000000000004
252,17,CARD,21,1,30,129,51,15,4,5,10,6,0.30000000000000004,0.30000000000000004
253,17,CLF_UNION,26,0,47,129,56,15,4,5,10,6,0.30000000000000004,0.30000000000000004
254,17,ORD-UNION,13,0,13,129,22,15,4,5,10,6,0.30000000000000004,0.30000000000000004
255,18,CARD,14,0,20,143,47,15,4,5,10,6,0.30000000000000004,0.30000000000000004
256,18,CLF_UNION,14,0,32,143,55,15,4,5,10,6,0.30000000000000004,0.30000000000000004
257,18,ORD-UNION,4,0,4,143,27,15,4,5,10,6,0.30000000000000004,0.30000000000000004
258,18,CARD,20,0,23,143,48,15,4,5,10,6,0.30000000000000004,0.30000000000000004
259,18,CLF_UNION,20,0,36,143,55,15,4,5,10,6,0.30000000000000004,0.30000000000000004
260,18,ORD-UNION,9,0,9,143,28,15,4,5,10,6,0.30000000000000004,0.30000000000000004
261,18,CARD,19,0,29,143,47,15,4,5,10,6,0.30000000000000004,0.30000000000000004
262,18,CLF_UNION,19,0,41,143,55,15,4,5,10,6,0.30000000000000004,0.30000000000000004
263,18,ORD-UNION,5,0,5,143,19,15,4,5,10,6,0.30000000000000004,0.30000000000000004
264,18,CARD,25,0,32,143,49,15,4,5,10,6,0.30000000000000004,0.30000000000000004
265,18,CLF_UNION,27,0,46,143,55,15,4,5,10,6,0.30000000000000004,0.30000000000000004
266,18,ORD-UNION,4,0,4,143,13,15,4,5,10,6,0.30000000000000004,0.30000000000000004
267,18,CARD,20,0,30,143,47,15,4,5,10,6,0.30000000000000004,0.30000000000000004
268,18,CLF_UNION,20,0,42,143,55,15,4,5,10,6,0.30000000000000004,0.30000000000000004
269,18,ORD-UNION,8,0,10,143,23,15,4,5,10,6,0.30000000000000004,0.30000000000000004
270,19,CARD,19,1,26,157,47,15,4,5,10,6,0.30000000000000004,0.30000000000000004
271,19,CLF_UNION,20,0,39,157,56,15,4,5,10,6,0.30000000000000004,0.30000000000000004
272,19,ORD-UNION,4,0,4,157,21,15,4,5,10,6,0.30000000000000004,0.30000000000000004
273,19,CARD,21,0,31,157,47,15,4,5,10,6,0.30000000000000004,0.30000000000000004
274,19,CLF_UNION,22,0,44,157,56,15,4,5,10,6,0.30000000000000004,0.30000000000000004
275,19,ORD-UNION,9,0,9,157,21,15,4,5,10,6,0.30000000000000004,0.30000000000000004
276,19,CARD,17,1,22,157,50,15,4,5,10,6,0.30000000000000004,0.30000000000000004
277,19,CLF_UNION,20,0,39,157,57,15,4,5,10,6,0.30000000000000004,0.30000000000000004
278,19,ORD-UNION,8,0,8,157,26,15,4,5,10,6,0.30000000000000004,0.30000000000000004
279,19,CARD,6,1,9,157,52,15,4,5,10,6,0.30000000000000004,0.30000000000000004
280,19,CLF_UNION,7,0,27,157,56,15,4,5,10,6,0.30000000000000004,0.30000000000000004
281,19,ORD-UNION,5,0,5,157,34,15,4,5,10,6,0.30000000000000004,0.30000000000000004
282,19,CARD,18,2,32,157,50,15,4,5,10,6,0.30000000000000004,0.30000000000000004
283,19,CLF_UNION,20,0,47,157,55,15,4,5,10,6,0.30000000000000004,0.30000000000000004
284,19,ORD-UNION,11,0,11,157,19,15,4,5,10,6,0.30000000000000004,0.30000000000000004
285,20,CARD,12,0,18,171,48,15,4,5,10,6,0.30000000000000004,0.30000000000000004
286,20,CLF_UNION,12,0,31,171,55,15,4,5,10,6,0.30000000000000004,0.30000000000000004
287,20,ORD-UNION,6,0,6,171,30,15,4,5,10,6,0.30000000000000004,0.30000000000000004
288,20,CARD,6,0,12,171,47,15,4,5,10,6,0.30000000000000004,0.30000000000000004
289,20,CLF_UNION,6,0,25,171,56,15,4,5,10,6,0.30000000000000004,0.30000000000000004
290,20,ORD-UNION,5,0,6,171,37,15,4,5,10,6,0.30000000000000004,0.30000000000000004
291,20,CARD,14,2,24,171,49,15,4,5,10,6,0.30000000000000004,0.30000000000000004
292,20,CLF_UNION,18,0,39,171,56,15,4,5,10,6,0.30000000000000004,0.30000000000000004
293,20,ORD-UNION,5,0,6,171,23,15,4,5,10,6,0.30000000000000004,0.30000000000000004
294,20,CARD,23,2,32,171,46,15,4,5,10,6,0.30000000000000004,0.30000000000000004
295,20,CLF_UNION,25,0,43,171,55,15,4,5,10,6,0.30000000000000004,0.30000000000000004
296,20,ORD-UNION,11,0,11,171,23,15,4,5,10,6,0.30000000000000004,0.30000000000000004
297,20,CARD,21,2,29,171,47,15,4,5,10,6,0.30000000000000004,0.30000000000000004
298,20,CLF_UNION,23,0,42,171,56,15,4,5,10,6,0.30000000000000004,0.30000000000000004
299,20,ORD-UNION,11,0,11,171,25,15,4,5,10,6,0.30000000000000004,0.30000000000000004
300,21,CARD,20,1,24,185,46,15,4,5,10,6,0.30000000000000004,0.30000000000000004
301,21,CLF_UNION,21,0,37,185,57,15,4,5,10,6,0.30000000000000004,0.30000000000000004
302,21,ORD-UNION,8,0,8,185,28,15,4,5,10,6,0.30000000000000004,0.30000000000000004
303,21,CARD,15,1,27,185,45,15,4,5,10,6,0.30000000000000004,0.30000000000000004
304,21,CLF_UNION,16,0,39,185,57,15,4,5,10,6,0.30000000000000004,0.30000000000000004
305,21,ORD-UNION,3,0,3,185,21,15,4,5,10,6,0.30000000000000004,0.30000000000000004
306,21,CARD,17,1,26,185,49,15,4,5,10,6,0.30000000000000004,0.30000000000000004
307,21,CLF_UNION,19,0,44,185,59,15,4,5,10,6,0.30000000000000004,0.30000000000000004
308,21,ORD-UNION,7,0,8,185,23,15,4,5,10,6,0.30000000000000004,0.30000000000000004
309,21,CARD,18,2,28,185,47,15,4,5,10,6,0.30000000000000004,0.30000000000000004
310,21,CLF_UNION,20,0,43,185,58,15,4,5,10,6,0.30000000000000004,0.30000000000000004
311,21,ORD-UNION,8,0,8,185,23,15,4,5,10,6,0.30000000000000004,0.30000000000000004
312,21,CARD,18,0,25,185,50,15,4,5,10,6,0.30000000000000004,0.30000000000000004
313,21,CLF_UNION,18,0,43,185,58,15,4,5,10,6,0.30000000000000004,0.30000000000000004
314,21,ORD-UNION,8,0,8,185,23,15,4,5,10,6,0.30000000000000004,0.30000000000000004
315,22,CARD,17,0,24,199,48,15,4,5,10,6,0.30000000000000004,0.30000000000000004
316,22,CLF_UNION,17,0,41,199,59,15,4,5,10,6,0.30000000000000004,0.30000000000000004
317,22,ORD-UNION,9,0,9,199,27,15,4,5,10,6,0.30000000000000004,0.30000000000000004
318,22,CARD,9,0,14,199,47,15,4,5,10,6,0.30000000000000004,0.30000000000000004
319,22,CLF_UNION,9,0,27,199,56,15,4,5,10,6,0.30000000000000004,0.30000000000000004
320,22,ORD-UNION,5,0,6,199,35,15,4,5,10,6,0.30000000000000004,0.30000000000000004
321,22,CARD,10,2,18,199,48,15,4,5,10,6,0.30000000000000004,0.30000000000000004
322,22,CLF_UNION,12,0,35,199,59,15,4,5,10,6,0.30000000000000004,0.30000000000000004
323,22,ORD-UNION,7,0,8,199,32,15,4,5,10,6,0.30000000000000004,0.30000000000000004
324,22,CARD,25,1,31,199,46,15,4,5,10,6,0.30000000000000004,0.30000000000000004
325,22,CLF_UNION,26,0,43,199,56,15,4,5,10,6,0.30000000000000004,0.30000000000000004
326,22,ORD-UNION,14,0,14,199,27,15,4,5,10,6,0.30000000000000004,0.30000000000000004
327,22,CARD,21,0,28,199,48,15,4,5,10,6,0.30000000000000004,0.30000000000000004
328,22,CLF_UNION,22,0,42,199,56,15,4,5,10,6,0.30000000000000004,0.30000000000000004
329,22,ORD-UNION,7,0,8,199,22,15,4,5,10,6,0.30000000000000004,0.30000000000000004
330,23,CARD,8,0,15,220,45,15,4,5,10,6,0.30000000000000004,0.30000000000000004
331,23,CLF_UNION,8,0,26,220,56,15,4,5,10,6,0.30000000000000004,0.30000000000000004
332,23,ORD-UNION,5,0,5,220,35,15,4,5,10,6,0.30000000000000004,0.30000000000000004
333,23,CARD,17,4,30,220,48,15,4,5,10,6,0.30000000000000004,0.30000000000000004
334,23,CLF_UNION,21,0,49,220,61,15,4,5,10,6,0.30000000000000004,0.30000000000000004
335,23,ORD-UNION,9,0,10,220,22,15,4,5,10,6,0.30000000000000004,0.30000000000000004
336,23,CARD,5,0,14,220,49,15,4,5,10,6,0.30000000000000004,0.30000000000000004
337,23,CLF_UNION,5,0,34,220,61,15,4,5,10,6,0.30000000000000004,0.30000000000000004
338,23,ORD-UNION,2,0,2,220,29,15,4,5,10,6,0.30000000000000004,0.30000000000000004
339,23,CARD,19,0,24,220,48,15,4,5,10,6,0.30000000000000004,0.30000000000000004
340,23,CLF_UNION,19,0,41,220,59,15,4,5,10,6,0.30000000000000004,0.30000000000000004
341,23,ORD-UNION,13,0,13,220,31,15,4,5,10,6,0.30000000000000004,0.30000000000000004
342,23,CARD,16,2,27,220,45,15,4,5,10,6,0.30000000000000004,0.30000000000000004
343,23,CLF_UNION,18,0,41,220,59,15,4,5,10,6,0.30000000000000004,0.30000000000000004
344,23,ORD-UNION,8,0,8,220,26,15,4,5,10,6,0.30000000000000004,0.30000000000000004
345,24,CARD,12,2,20,235,46,15,4,5,10,6,0.30000000000000004,0.30000000000000004
346,24,CLF_UNION,14,0,36,235,60,15,4,5,10,6,0.30000000000000004,0.30000000000000004
347,24,ORD-UNION,8,0,8,235,32,15,4,5,10,6,0.30000000000000004,0.30000000000000004
348,24,CARD,12,0,18,235,49,15,4,5,10,6,0.30000000000000004,0.30000000000000004
349,24,CLF_UNION,14,0,39,235,62,15,4,5,10,6,0.30000000000000004,0.30000000000000004
350,24,ORD-UNION,10,0,10,235,33,15,4,5,10,6,0.30000000000000004,0.30000000000000004
351,24,CARD,13,0,14,235,52,15,4,5,10,6,0.30000000000000004,0.30000000000000004
352,24,CLF_UNION,14,0,35,235,59,15,4,5,10,6,0.30000000000000004,0.30000000000000004
353,24,ORD-UNION,10,0,10,235,34,15,4,5,10,6,0.30000000000000004,0.30000000000000004
354,24,CARD,14,0,19,235,48,15,4,5,10,6,0.30000000000000004,0.30000000000000004
355,24,CLF_UNION,14,0,35,235,58,15,4,5,10,6,0.30000000000000004,0.30000000000000004
356,24,ORD-UNION,9,0,9,235,32,15,4,5,10,6,0.30000000000000004,0.30000000000000004
357,24,CARD,19,2,27,235,46,15,4,5,10,6,0.30000000000000004,0.30000000000000004
358,24,CLF_UNION,21,0,40,235,57,15,4,5,10,6,0.30000000000000004,0.30000000000000004
359,24,ORD-UNION,14,0,14,235,31,15,4,5,10,6,0.30000000000000004,0.30000000000000004
360,1,CARD,11,7,25,1,65,15,5,5,10,6,0.30000000000000004,0.30000000000000004
361,1,CLF_UNION,31,15,72,1,72,15,5,5,10,6,0.30000000000000004,0.30000000000000004
362,1,ORD-UNION,0,0,0,1,0,15,5,5,10,6,0.30000000000000004,0.30000000000000004
363,1,CARD,16,6,25,1,65,15,5,5,10,6,0.30000000000000004,0.30000000000000004
364,1,CLF_UNION,32,18,72,1,72,15,5,5,10,6,0.30000000000000004,0.30000000000000004
365,1,ORD-UNION,0,0,0,1,0,15,5,5,10,6,0.30000000000000004,0.30000000000000004
366,1,CARD,8,12,25,1,65,15,5,5,10,6,0.30000000000000004,0.30000000000000004
367,1,CLF_UNION,28,26,77,1,77,15,5,5,10,6,0.30000000000000004,0.30000000000000004
368,1,ORD-UNION,0,0,0,1,0,15,5,5,10,6,0.30000000000000004,0.30000000000000004
369,1,CARD,19,4,25,1,65,15,5,5,10,6,0.30000000000000004,0.30000000000000004
370,1,CLF_UNION,30,19,68,1,68,15,5,5,10,6,0.30000000000000004,0.30000000000000004
371,1,ORD-UNION,0,0,0,1,0,15,5,5,10,6,0.30000000000000004,0.30000000000000004
372,1,CARD,12,7,25,1,65,15,5,5,10,6,0.30000000000000004,0.30000000000000004
373,1,CLF_UNION,24,23,68,1,68,15,5,5,10,6,0.30000000000000004,0.30000000000000004
374,1,ORD-UNION,0,0,0,1,0,15,5,5,10,6,0.30000000000000004,0.30000000000000004
375,2,CARD,19,10,35,3,55,15,5,5,10,6,0.30000000000000004,0.30000000000000004
376,2,CLF_UNION,29,10,57,3,57,15,5,5,10,6,0.30000000000000004,0.30000000000000004
377,2,ORD-UNION,0,0,0,3,0,15,5,5,10,6,0.30000000000000004,0.30000000000000004
378,2,CARD,21,9,37,3,53,15,5,5,10,6,0.30000000000000004,0.30000000000000004
379,2,CLF_UNION,29,8,57,3,57,15,5,5,10,6,0.30000000000000004,0.30000000000000004
380,2,ORD-UNION,0,0,0,3,0,15,5,5,10,6,0.30000000000000004,0.30000000000000004
381,2,CARD,19,13,37,3,53,15,5,5,10,6,0.30000000000000004,0.30000000000000004
382,2,CLF_UNION,32,13,62,3,62,15,5,5,10,6,0.30000000000000004,0.30000000000000004
383,2,ORD-UNION,0,0,0,3,0,15,5,5,10,6,0.30000000000000004,0.30000000000000004
384,2,CARD,21,8,36,3,54,15,5,5,10,6,0.30000000000000004,0.30000000000000004
385,2,CLF_UNION,30,8,56,3,56,15,5,5,10,6,0.30000000000000004,0.30000000000000004
386,2,ORD-UNION,0,0,0,3,0,15,5,5,10,6,0.30000000000000004,0.30000000000000004
387,2,CARD,20,9,37,3,53,15,5,5,10,6,0.30000000000000004,0.30000000000000004
388,2,CLF_UNION,28,10,59,3,59,15,5,5,10,6,0.30000000000000004,0.30000000000000004
389,2,ORD-UNION,0,0,0,3,0,15,5,5,10,6,0.30000000000000004,0.30000000000000004
390,3,CARD,20,7,37,5,53,15,5,5,10,6,0.30000000000000004,0.30000000000000004
391,3,CLF_UNION,28,7,57,5,57,15,5,5,10,6,0.30000000000000004,0.30000000000000004
392,3,ORD-UNION,0,0,0,5,0,15,5,5,10,6,0.30000000000000004,0.30000000000000004
393,3,CARD,17,6,33,5,57,15,5,5,10,6,0.30000000000000004,0.30000000000000004
394,3,CLF_UNION,29,6,59,5,59,15,5,5,10,6,0.30000000000000004,0.30000000000000004
395,3,ORD-UNION,0,0,0,5,0,15,5,5,10,6,0.30000000000000004,0.30000000000000004
396,3,CARD,18,10,34,5,55,15,5,5,10,6,0.30000000000000004,0.30000000000000004
397,3,CLF_UNION,26,12,56,5,57,15,5,5,10,6,0.30000000000000004,0.30000000000000004
398,3,ORD-UNION,0,0,0,5,1,15,5,5,10,6,0.30000000000000004,0.30000000000000004
399,3,CARD,16,16,36,5,54,15,5,5,10,6,0.30000000000000004,0.30000000000000004
400,3,CLF_UNION,24,18,59,5,59,15,5,5,10,6,0.30000000000000004,0.30000000000000004
401,3,ORD-UNION,0,0,0,5,0,15,5,5,10,6,0.30000000000000004,0.30000000000000004
402,3,CARD,18,14,37,5,53,15,5,5,10,6,0.30000000000000004,0.30000000000000004
403,3,CLF_UNION,21,17,55,5,55,15,5,5,10,6,0.30000000000000004,0.30000000000000004
404,3,ORD-UNION,0,0,0,5,0,15,5,5,10,6,0.30000000000000004,0.30000000000000004
405,4,CARD,28,5,38,8,52,15,5,5,10,6,0.30000000000000004,0.30000000000000004
406,4,CLF_UNION,36,3,57,8,57,15,5,5,10,6,0.30000000000000004,0.30000000000000004
407,4,ORD-UNION,2,0,2,8,2,15,5,5,10,6,0.30000000000000004,0.30000000000000004
408,4,CARD,27,2,35,8,53,15,5,5,10,6,0.30000000000000004,0.30000000000000004
409,4,CLF_UNION,33,4,57,8,59,15,5,5,10,6,0.30000000000000004,0.30000000000000004
410,4,ORD-UNION,0,0,0,8,2,15,5,5,10,6,0.30000000000000004,0.30000000000000004
411,4,CARD,22,11,37,8,52,15,5,5,10,6,0.30000000000000004,0.30000000000000004
412,4,CLF_UNION,26,11,56,8,57,15,5,5,10,6,0.30000000000000004,0.30000000000000004
413,4,ORD-UNION,3,0,4,8,5,15,5,5,10,6,0.30000000000000004,0.30000000000000004
414,4,CARD,26,6,39,8,51,15,5,5,10,6,0.30000000000000004,0.30000000000000004
415,4,CLF_UNION,31,11,60,8,60,15,5,5,10,6,0.30000000000000004,0.30000000000000004
416,4,ORD-UNION,0,0,0,8,0,15,5,5,10,6,0.30000000000000004,0.30000000000000004
417,4,CARD,31,3,39,8,51,15,5,5,10,6,0.30000000000000004,0.30000000000000004
418,4,CLF_UNION,36,2,56,8,56,15,5,5,10,6,0.30000000000000004,0.30000000000000004
419,4,ORD-UNION,1,0,1,8,1,15,5,5,10,6,0.30000000000000004,0.30000000000000004
420,5,CARD,30,3,37,11,53,15,5,5,10,6,0.30000000000000004,0.30000000000000004
421,5,CLF_UNION,36,3,55,11,55,15,5,5,10,6,0.30000000000000004,0.30000000000000004
422,5,ORD-UNION,0,0,0,11,0,15,5,5,10,6,0.30000000000000004,0.30000000000000004
423,5,CARD,23,4,36,11,54,15,5,5,10,6,0.30000000000000004,0.30000000000000004
424,5,CLF_UNION,28,4,55,11,55,15,5,5,10,6,0.30000000000000004,0.30000000000000004
425,5,ORD-UNION,2,0,3,11,3,15,5,5,10,6,0.30000000000000004,0.30000000000000004
426,5,CARD,30,2,39,11,50,15,5,5,10,6,0.30000000000000004,0.30000000000000004
427,5,CLF_UNION,32,5,55,11,56,15,5,5,10,6,0.30000000000000004,0.30000000000000004
428,5,ORD-UNION,1,0,1,11,2,15,5,5,10,6,0.30000000000000004,0.30000000000000004
429,5,CARD,34,0,40,11,50,15,5,5,10,6,0.30000000000000004,0.30000000000000004
430,5,CLF_UNION,36,0,55,11,55,15,5,5,10,6,0.30000000000000004,0.30000000000000004
431,5,ORD-UNION,0,0,0,11,0,15,5,5,10,6,0.30000000000000004,0.30000000000000004
432,5,CARD,28,7,41,11,49,15,5,5,10,6,0.30000000000000004,0.30000000000000004
433,5,CLF_UNION,32,7,56,11,56,15,5,5,10,6,0.30000000000000004,0.30000000000000004
434,5,ORD-UNION,0,0,0,11,0,15,5,5,10,6,0.30000000000000004,0.30000000000000004
435,6,CARD,27,5,38,17,49,15,5,5,10,6,0.30000000000000004,0.30000000000000004
436,6,CLF_UNION,33,2,52,17,55,15,5,5,10,6,0.30000000000000004,0.30000000000000004
437,6,ORD-UNION,2,0,3,17,6,15,5,5,10,6,0.30000000000000004,0.30000000000000004
438,6,CARD,29,4,39,17,49,15,5,5,10,6,0.30000000000000004,0.30000000000000004
439,6,CLF_UNION,32,3,53,17,55,15,5,5,10,6,0.30000000000000004,0.30000000000000004
440,6,ORD-UNION,1,0,2,17,4,15,5,5,10,6,0.30000000000000004,0.30000000000000004
441,6,CARD,24,11,41,17,49,15,5,5,10,6,0.30000000000000004,0.30000000000000004
442,6,CLF_UNION,36,2,55,17,55,15,5,5,10,6,0.30000000000000004,0.30000000000000004
443,6,ORD-UNION,1,0,1,17,1,15,5,5,10,6,0.30000000000000004,0.30000000000000004
444,6,CARD,27,4,38,17,52,15,5,5,10,6,0.30000000000000004,0.30000000000000004
445,6,CLF_UNION,29,6,55,17,55,15,5,5,10,6,0.30000000000000004,0.30000000000000004
446,6,ORD-UNION,2,0,3,17,3,15,5,5,10,6,0.30000000000000004,0.30000000000000004
447,6,CARD,29,5,40,17,50,15,5,5,10,6,0.30000000000000004,0.30000000000000004
448,6,CLF_UNION,34,3,55,17,55,15,5,5,10,6,0.30000000000000004,0.30000000000000004
449,6,ORD-UNION,1,0,1,17,1,15,5,5,10,6,0.30000000000000004,0.30000000000000004
450,7,CARD,23,6,39,22,50,15,5,5,10,6,0.30000000000000004,0.30000000000000004
451,7,CLF_UNION,29,3,54,22,55,15,5,5,10,6,0.30000000000000004,0.30000000000000004
452,7,ORD-UNION,3,0,4,22,5,15,5,5,10,6,0.30000000000000004,0.30000000000000004
453,7,CARD,33,1,40,22,50,15,5,5,10,6,0.30000000000000004,0.30000000000000004
454,7,CLF_UNION,37,0,55,22,55,15,5,5,10,6,0.30000000000000004,0.30000000000000004
455,7,ORD-UNION,2,0,2,22,2,15,5,5,10,6,0.30000000000000004,0.30000000000000004
456,7,CARD,30,2,41,22,49,15,5,5,10,6,0.30000000000000004,0.30000000000000004
457,7,CLF_UNION,31,1,55,22,55,15,5,5,10,6,0.30000000000000004,0.30000000000000004
458,7,ORD-UNION,0,0,0,22,0,15,5,5,10,6,0.30000000000000004,0.30000000000000004
459,7,CARD,29,3,38,22,50,15,5,5,10,6,0.30000000000000004,0.30000000000000004
460,7,CLF_UNION,31,2,53,22,55,15,5,5,10,6,0.30000000000000004,0.30000000000000004
461,7,ORD-UNION,0,0,0,22,2,15,5,5,10,6,0.30000000000000004,0.30000000000000004
462,7,CARD,26,1,32,22,53,15,5,5,10,6,0.30000000000000004,0.30000000000000004
463,7,CLF_UNION,30,1,50,22,55,15,5,5,10,6,0.30000000000000004,0.30000000000000004
464,7,ORD-UNION,0,0,0,22,5,15,5,5,10,6,0.30000000000000004,0.30000000000000004
465,8,CARD,22,7,36,29,49,15,5,5,10,6,0.30000000000000004,0.30000000000000004
466,8,CLF_UNION,27,5,51,29,56,15,5,5,10,6,0.30000000000000004,0.30000000000000004
467,8,ORD-UNION,2,0,2,29,7,15,5,5,10,6,0.30000000000000004,0.30000000000000004
468,8,CARD,30,0,38,29,50,15,5,5,10,6,0.30000000000000004,0.30000000000000004
469,8,CLF_UNION,31,0,54,29,56,15,5,5,10,6,0.30000000000000004,0.30000000000000004
470,8,ORD-UNION,0,0,0,29,2,15,5,5,10,6,0.30000000000000004,0.30000000000000004
471,8,CARD,26,3,37,29,49,15,5,5,10,6,0.30000000000000004,0.30000000000000004
472,8,CLF_UNION,27,4,52,29,56,15,5,5,10,6,0.30000000000000004,0.30000000000000004
473,8,ORD-UNION,4,0,5,29,9,15,5,5,10,6,0.30000000000000004,0.30000000000000004
474,8,CARD,22,8,37,29,50,15,5,5,10,6,0.30000000000000004,0.30000000000000004
475,8,CLF_UNION,24,10,52,29,55,15,5,5,10,6,0.30000000000000004,0.30000000000000004
476,8,ORD-UNION,2,0,2,29,5,15,5,5,10,6,0.30000000000000004,0.30000000000000004
477,8,CARD,21,8,34,29,52,15,5,5,10,6,0.30000000000000004,0.30000000000000004
478,8,CLF_UNION,26,6,52,29,56,15,5,5,10,6,0.30000000000000004,0.30000000000000004
479,8,ORD-UNION,1,0,1,29,5,15,5,5,10,6,0.30000000000000004,0.30000000000000004
480,9,CARD,19,14,37,36,53,15,5,5,10,6,0.30000000000000004,0.30000000000000004
481,9,CLF_UNION,30,9,56,36,56,15,5,5,10,6,0.30000000000000004,0.30000000000000004
482,9,ORD-UNION,1,0,1,36,1,15,5,5,10,6,0.30000000000000004,0.30000000000000004
483,9,CARD,21,6,34,36,49,15,5,5,10,6,0.30000000000000004,0.30000000000000004
484,9,CLF_UNION,27,1,49,36,56,15,5,5,10,6,0.30000000000000004,0.30000000000000004
485,9,ORD-UNION,0,0,0,36,7,15,5,5,10,6,0.30000000000000004,0.30000000000000004
486,9,CARD,30,4,42,36,47,15,5,5,10,6,0.30000000000000004,0.30000000000000004
487,9,CLF_UNION,33,3,54,36,55,15,5,5,10,6,0.30000000000000004,0.30000000000000004
488,9,ORD-UNION,0,0,1,36,2,15,5,5,10,6,0.30000000000000004,0.30000000000000004
489,9,CARD,25,5,36,36,52,15,5,5,10,6,0.30000000000000004,0.30000000000000004
490,9,CLF_UNION,29,6,53,36,55,15,5,5,10,6,0.30000000000000004,0.30000000000000004
491,9,ORD-UNION,1,0,1,36,3,15,5,5,10,6,0.30000000000000004,0.30000000000000004
492,9,CARD,25,4,37,36,48,15,5,5,10,6,0.30000000000000004,0.30000000000000004
493,9,CLF_UNION,25,5,50,36,55,15,5,5,10,6,0.30000000000000004,0.30000000000000004
494,9,ORD-UNION,0,0,0,36,5,15,5,5,10,6,0.30000000000000004,0.30000000000000004
495,10,CARD,27,2,33,43,52,15,5,5,10,6,0.30000000000000004,0.30000000000000004
496,10,CLF_UNION,31,3,50,43,55,15,5,5,10,6,0.30000000000000004,0.30000000000000004
497,10,ORD-UNION,2,0,2,43,7,15,5,5,10,6,0.30000000000000004,0.30000000000000004
498,10,CARD,22,2,30,43,55,15,5,5,10,6,0.30000000000000004,0.30000000000000004
499,10,CLF_UNION,26,5,50,43,55,15,5,5,10,6,0.30000000000000004,0.30000000000000004
500,10,ORD-UNION,3,0,3,43,8,15,5,5,10,6,0.30000000000000004,0.30000000000000004
501,10,CARD,24,2,33,43,50,15,5,5,10,6,0.30000000000000004,0.30000000000000004
502,10,CLF_UNION,27,1,49,43,56,15,5,5,10,6,0.30000000000000004,0.30000000000000004
503,10,ORD-UNION,0,0,0,43,7,15,5,5,10,6,0.30000000000000004,0.30000000000000004
504,10,CARD,23,5,33,43,55,15,5,5,10,6,0.30000000000000004,0.30000000000000004
505,10,CLF_UNION,29,7,53,43,55,15,5,5,10,6,0.30000000000000004,0.30000000000000004
506,10,ORD-UNION,1,0,2,43,4,15,5,5,10,6,0.30000000000000004,0.30000000000000004
507,10,CARD,31,4,38,43,52,15,5,5,10,6,0.30000000000000004,0.30000000000000004
508,10,CLF_UNION,38,0,55,43,55,15,5,5,10,6,0.30000000000000004,0.30000000000000004
509,10,ORD-UNION,3,0,3,43,3,15,5,5,10,6,0.30000000000000004,0.30000000000000004
510,11,CARD,24,5,36,51,49,15,5,5,10,6,0.30000000000000004,0.30000000000000004
511,11,CLF_UNION,24,6,51,51,56,15,5,5,10,6,0.30000000000000004,0.30000000000000004
512,11,ORD-UNION,3,1,4,51,9,15,5,5,10,6,0.30000000000000004,0.30000000000000004
513,11,CARD,24,1,33,51,54,15,5,5,10,6,0.30000000000000004,0.30000000000000004
514,11,CLF_UNION,29,2,53,51,56,15,5,5,10,6,0.30000000000000004,0.30000000000000004
515,11,ORD-UNION,6,1,7,51,10,15,5,5,10,6,0.30000000000000004,0.30000000000000004
516,11,CARD,29,1,36,51,49,15,5,5,10,6,0.30000000000000004,0.30000000000000004
517,11,CLF_UNION,32,1,51,51,56,15,5,5,10,6,0.30000000000000004,0.30000000000000004
518,11,ORD-UNION,0,0,0,51,5,15,5,5,10,6,0.30000000000000004,0.30000000000000004
519,11,CARD,26,5,38,51,50,15,5,5,10,6,0.30000000000000004,0.30000000000000004
520,11,CLF_UNION,29,5,53,51,55,15,5,5,10,6,0.30000000000000004,0.30000000000000004
521,11,ORD-UNION,4,0,5,51,7,15,5,5,10,6,0.30000000000000004,0.30000000000000004
522,11,CARD,25,4,34,51,50,15,5,5,10,6,0.30000000000000004,0.30000000000000004
523,11,CLF_UNION,27,3,49,51,55,15,5,5,10,6,0.30000000000000004,0.30000000000000004
524,11,ORD-UNION,2,0,2,51,8,15,5,5,10,6,0.30000000000000004,0.30000000000000004
525,12,CARD,28,2,37,59,48,15,5,5,10,6,0.30000000000000004,0.30000000000000004
526,12,CLF_UNION,27,6,52,59,57,15,5,5,10,6,0.30000000000000004,0.30000000000000004
527,12,ORD-UNION,0,0,0,59,5,15,5,5,10,6,0.30000000000000004,0.30000000000000004
528,12,CARD,24,1,28,59,58,15,5,5,10,6,0.30000000000000004,0.30000000000000004
529,12,CLF_UNION,28,3,52,59,56,15,5,5,10,6,0.30000000000000004,0.30000000000000004
530,12,ORD-UNION,5,0,5,59,9,15,5,5,10,6,0.30000000000000004,0.30000000000000004
531,12,CARD,26,7,38,59,48,15,5,5,10,6,0.30000000000000004,0.30000000000000004
532,12,CLF_UNION,28,7,52,59,56,15,5,5,10,6,0.30000000000000004,0.30000000000000004
533,12,ORD-UNION,5,1,7,59,11,15,5,5,10,6,0.30000000000000004,0.30000000000000004
534,12,CARD,25,0,29,59,57,15,5,5,10,6,0.30000000000000004,0.30000000000000004
535,12,CLF_UNION,31,0,52,59,56,15,5,5,10,6,0.30000000000000004,0.30000000000000004
536,12,ORD-UNION,5,0,5,59,9,15,5,5,10,6,0.30000000000000004,0.30000000000000004
537,12,CARD,25,6,39,59,50,15,5,5,10,6,0.30000000000000004,0.30000000000000004
538,12,CLF_UNION,32,4,54,59,55,15,5,5,10,6,0.30000000000000004,0.30000000000000004
539,12,ORD-UNION,2,0,3,59,4,15,5,5,10,6,0.30000000000000004,0.30000000000000004
540,13,CARD,21,0,27,72,52,15,5,5,10,6,0.30000000000000004,0.30000000000000004
541,13,CLF_UNION,23,1,44,72,55,15,5,5,10,6,0.30000000000000004,0.30000000000000004
542,13,ORD-UNION,9,0,13,72,24,15,5,5,10,6,0.30000000000000004,0.30000000000000004
543,13,CARD,23,7,31,72,55,15,5,5,10,6,0.30000000000000004,0.30000000000000004
544,13,CLF_UNION,25,5,51,72,55,15,5,5,10,6,0.30000000000000004,0.30000000000000004
545,13,ORD-UNION,3,2,5,72,9,15,5,5,10,6,0.30000000000000004,0.30000000000000004
546,13,CARD,21,1,25,72,54,15,5,5,10,6,0.30000000000000004,0.30000000000000004
547,13,CLF_UNION,26,1,44,72,55,15,5,5,10,6,0.30000000000000004,0.30000000000000004
548,13,ORD-UNION,3,0,3,72,14,15,5,5,10,6,0.30000000000000004,0.30000000000000004
549,13,CARD,28,2,37,72,48,15,5,5,10,6,0.30000000000000004,0.30000000000000004
550,13,CLF_UNION,30,2,50,72,55,15,5,5,10,6,0.30000000000000004,0.30000000000000004
551,13,ORD-UNION,12,0,15,72,20,15,5,5,10,6,0.30000000000000004,0.30000000000000004
552,13,CARD,18,1,25,72,61,15,5,5,10,6,0.30000000000000004,0.30000000000000004
553,13,CLF_UNION,25,0,51,72,55,15,5,5,10,6,0.30000000000000004,0.30000000000000004
554,13,ORD-UNION,7,0,11,72,15,15,5,5,10,6,0.30000000000000004,0.30000000000000004
555,14,CARD,26,4,37,82,48,15,5,5,10,6,0.30000000000000004,0.30000000000000004
556,14,CLF_UNION,28,4,50,82,55,15,5,5,10,6,0.30000000000000004,0.30000000000000004
557,14,ORD-UNION,4,0,5,82,10,15,5,5,10,6,0.30000000000000004,0.30000000000000004
558,14,CARD,28,1,35,82,52,15,5,5,10,6,0.30000000000000004,0.30000000000000004
559,14,CLF_UNION,32,3,52,82,55,15,5,5,10,6,0.30000000000000004,0.30000000000000004
560,14,ORD-UNION,12,1,16,82,19,15,5,5,10,6,0.30000000000000004,0.30000000000000004
561,14,CARD,9,3,17,82,57,15,5,5,10,6,0.30000000000000004,0.30000000000000004
562,14,CLF_UNION,19,0,40,82,56,15,5,5,10,6,0.30000000000000004,0.30000000000000004
563,14,ORD-UNION,2,0,3,82,19,15,5,5,10,6,0.30000000000000004,0.30000000000000004
564,14,CARD,19,3,30,82,54,15,5,5,10,6,0.30000000000000004,0.30000000000000004
565,14,CLF_UNION,22,5,49,82,55,15,5,5,10,6,0.30000000000000004,0.30000000000000004
566,14,ORD-UNION,4,0,8,82,14,15,5,5,10,6,0.30000000000000004,0.30000000000000004
567,14,CARD,24,6,32,82,56,15,5,5,10,6,0.30000000000000004,0.30000000000000004
568,14,CLF_UNION,35,2,53,82,55,15,5,5,10,6,0.30000000000000004,0.30000000000000004
569,14,ORD-UNION,7,0,7,82,9,15,5,5,10,6,0.30000000000000004,0.30000000000000004
