,budget,model,correct,wrong,total,n_pref_input,n_pref_output,theta_size,theta_additivity,n_items,n_test_subsets,n_tiers,alpha,p
0,1,CARD,12,12,25,1,65,15,4,5,10,15,0.30000000000000004,0.30000000000000004
1,1,CLF_UNION,40,13,64,1,64,15,4,5,10,15,0.30000000000000004,0.30000000000000004
2,1,ORD-UNION,0,0,0,1,0,15,4,5,10,15,0.30000000000000004,0.30000000000000004
3,1,CARD,16,7,25,1,65,15,4,5,10,15,0.30000000000000004,0.30000000000000004
4,1,CLF_UNION,40,10,62,1,62,15,4,5,10,15,0.30000000000000004,0.30000000000000004
5,1,ORD-UNION,0,0,0,1,0,15,4,5,10,15,0.30000000000000004,0.30000000000000004
6,1,CARD,11,9,21,1,69,15,4,5,10,15,0.30000000000000004,0.30000000000000004
7,1,CLF_UNION,42,21,77,1,77,15,4,5,10,15,0.30000000000000004,0.30000000000000004
8,1,ORD-UNION,0,0,0,1,0,15,4,5,10,15,0.30000000000000004,0.30000000000000004
9,1,CARD,11,7,21,1,69,15,4,5,10,15,0.30000000000000004,0.30000000000000004
10,1,CLF_UNION,41,8,65,1,65,15,4,5,10,15,0.30000000000000004,0.30000000000000004
11,1,ORD-UNION,0,0,0,1,0,15,4,5,10,15,0.30000000000000004,0.30000000000000004
12,1,CARD,21,4,25,1,65,15,4,5,10,15,0.30000000000000004,0.30000000000000004
13,1,CLF_UNION,39,10,66,1,66,15,4,5,10,15,0.30000000000000004,0.30000000000000004
14,1,ORD-UNION,0,0,0,1,0,15,4,5,10,15,0.30000000000000004,0.30000000000000004
15,2,CARD,26,8,36,3,54,15,4,5,10,15,0.30000000000000004,0.30000000000000004
16,2,CLF_UNION,38,10,60,3,60,15,4,5,10,15,0.30000000000000004,0.30000000000000004
17,2,ORD-UNION,1,0,1,3,1,15,4,5,10,15,0.30000000000000004,0.30000000000000004
18,2,CARD,28,9,37,3,53,15,4,5,10,15,0.30000000000000004,0.30000000000000004
19,2,CLF_UNION,34,13,59,3,59,15,4,5,10,15,0.30000000000000004,0.30000000000000004
20,2,ORD-UNION,1,0,1,3,1,15,4,5,10,15,0.30000000000000004,0.30000000000000004
21,2,CARD,20,12,35,3,55,15,4,5,10,15,0.30000000000000004,0.30000000000000004
22,2,CLF_UNION,37,9,59,3,59,15,4,5,10,15,0.30000000000000004,0.30000000000000004
23,2,ORD-UNION,0,0,0,3,0,15,4,5,10,15,0.30000000000000004,0.30000000000000004
24,2,CARD,27,5,34,3,55,15,4,5,10,15,0.30000000000000004,0.30000000000000004
25,2,CLF_UNION,32,11,58,3,59,15,4,5,10,15,0.30000000000000004,0.30000000000000004
26,2,ORD-UNION,0,0,0,3,1,15,4,5,10,15,0.30000000000000004,0.30000000000000004
27,2,CARD,24,9,37,3,53,15,4,5,10,15,0.30000000000000004,0.30000000000000004
28,2,CLF_UNION,32,12,60,3,60,15,4,5,10,15,0.30000000000000004,0.30000000000000004
29,2,ORD-UNION,1,0,1,3,1,15,4,5,10,15,0.30000000000000004,0.30000000000000004
30,3,CARD,25,8,38,6,51,15,4,5,10,15,0.30000000000000004,0.30000000000000004
31,3,CLF_UNION,34,11,61,6,62,15,4,5,10,15,0.30000000000000004,0.30000000000000004
32,3,ORD-UNION,1,0,1,6,2,15,4,5,10,15,0.30000000000000004,0.30000000000000004
33,3,CARD,33,5,39,6,51,15,4,5,10,15,0.30000000000000004,0.30000000000000004
34,3,CLF_UNION,37,10,59,6,59,15,4,5,10,15,0.30000000000000004,0.30000000000000004
35,3,ORD-UNION,0,0,0,6,0,15,4,5,10,15,0.30000000000000004,0.30000000000000004
36,3,CARD,25,12,40,6,50,15,4,5,10,15,0.30000000000000004,0.30000000000000004
37,3,CLF_UNION,33,17,64,6,64,15,4,5,10,15,0.30000000000000004,0.30000000000000004
38,3,ORD-UNION,0,0,0,6,0,15,4,5,10,15,0.30000000000000004,0.30000000000000004
39,3,CARD,24,12,37,6,53,15,4,5,10,15,0.30000000000000004,0.30000000000000004
40,3,CLF_UNION,35,15,62,6,62,15,4,5,10,15,0.30000000000000004,0.30000000000000004
41,3,ORD-UNION,0,0,0,6,0,15,4,5,10,15,0.30000000000000004,0.30000000000000004
42,3,CARD,19,12,37,6,53,15,4,5,10,15,0.30000000000000004,0.30000000000000004
43,3,CLF_UNION,31,12,60,6,60,15,4,5,10,15,0.30000000000000004,0.30000000000000004
44,3,ORD-UNION,0,0,0,6,0,15,4,5,10,15,0.30000000000000004,0.30000000000000004
45,4,CARD,26,11,40,10,50,15,4,5,10,15,0.30000000000000004,0.30000000000000004
46,4,CLF_UNION,38,7,58,10,58,15,4,5,10,15,0.30000000000000004,0.30000000000000004
47,4,ORD-UNION,1,0,1,10,1,15,4,5,10,15,0.30000000000000004,0.30000000000000004
48,4,CARD,31,11,43,10,47,15,4,5,10,15,0.30000000000000004,0.30000000000000004
49,4,CLF_UNION,41,5,57,10,57,15,4,5,10,15,0.30000000000000004,0.30000000000000004
50,4,ORD-UNION,1,0,1,10,1,15,4,5,10,15,0.30000000000000004,0.30000000000000004
51,4,CARD,20,20,42,10,48,15,4,5,10,15,0.30000000000000004,0.30000000000000004
52,4,CLF_UNION,38,11,61,10,61,15,4,5,10,15,0.30000000000000004,0.30000000000000004
53,4,ORD-UNION,0,0,0,10,0,15,4,5,10,15,0.30000000000000004,0.30000000000000004
54,4,CARD,30,9,40,10,49,15,4,5,10,15,0.30000000000000004,0.30000000000000004
55,4,CLF_UNION,39,6,56,10,57,15,4,5,10,15,0.30000000000000004,0.30000000000000004
56,4,ORD-UNION,0,0,0,10,1,15,4,5,10,15,0.30000000000000004,0.30000000000000004
57,4,CARD,29,9,41,10,48,15,4,5,10,15,0.30000000000000004,0.30000000000000004
58,4,CLF_UNION,36,5,54,10,55,15,4,5,10,15,0.30000000000000004,0.30000000000000004
59,4,ORD-UNION,0,0,0,10,1,15,4,5,10,15,0.30000000000000004,0.30000000000000004
60,5,CARD,30,10,42,15,47,15,4,5,10,15,0.30000000000000004,0.30000000000000004
61,5,CLF_UNION,36,7,55,15,56,15,4,5,10,15,0.30000000000000004,0.30000000000000004
62,5,ORD-UNION,2,0,2,15,3,15,4,5,10,15,0.30000000000000004,0.30000000000000004
63,5,CARD,25,13,42,15,47,15,4,5,10,15,0.30000000000000004,0.30000000000000004
64,5,CLF_UNION,33,7,54,15,55,15,4,5,10,15,0.30000000000000004,0.30000000000000004
65,5,ORD-UNION,1,0,1,15,2,15,4,5,10,15,0.30000000000000004,0.30000000000000004
66,5,CARD,21,11,41,15,48,15,4,5,10,15,0.30000000000000004,0.30000000000000004
67,5,CLF_UNION,30,6,55,15,56,15,4,5,10,15,0.30000000000000004,0.30000000000000004
68,5,ORD-UNION,0,0,0,15,1,15,4,5,10,15,0.30000000000000004,0.30000000000000004
69,5,CARD,32,8,44,15,46,15,4,5,10,15,0.30000000000000004,0.30000000000000004
70,5,CLF_UNION,38,3,55,15,55,15,4,5,10,15,0.30000000000000004,0.30000000000000004
71,5,ORD-UNION,0,0,0,15,0,15,4,5,10,15,0.30000000000000004,0.30000000000000004
72,5,CARD,28,8,38,15,46,15,4,5,10,15,0.30000000000000004,0.30000000000000004
73,5,CLF_UNION,29,8,49,15,55,15,4,5,10,15,0.30000000000000004,0.30000000000000004
74,5,ORD-UNION,0,0,0,15,6,15,4,5,10,15,0.30000000000000004,0.30000000000000004
75,6,CARD,37,5,44,21,45,15,4,5,10,15,0.30000000000000004,0.30000000000000004
76,6,CLF_UNION,39,3,54,21,55,15,4,5,10,15,0.30000000000000004,0.30000000000000004
77,6,ORD-UNION,0,0,0,21,1,15,4,5,10,15,0.30000000000000004,0.30000000000000004
78,6,CARD,33,5,40,21,47,15,4,5,10,15,0.30000000000000004,0.30000000000000004
79,6,CLF_UNION,35,4,52,21,55,15,4,5,10,15,0.30000000000000004,0.30000000000000004
80,6,ORD-UNION,2,0,2,21,5,15,4,5,10,15,0.30000000000000004,0.30000000000000004
81,6,CARD,32,10,44,21,45,15,4,5,10,15,0.30000000000000004,0.30000000000000004
82,6,CLF_UNION,40,2,54,21,55,15,4,5,10,15,0.30000000000000004,0.30000000000000004
83,6,ORD-UNION,2,0,2,21,3,15,4,5,10,15,0.30000000000000004,0.30000000000000004
84,6,CARD,30,9,42,21,48,15,4,5,10,15,0.30000000000000004,0.30000000000000004
85,6,CLF_UNION,35,6,55,21,55,15,4,5,10,15,0.30000000000000004,0.30000000000000004
86,6,ORD-UNION,0,0,0,21,0,15,4,5,10,15,0.30000000000000004,0.30000000000000004
87,6,CARD,31,5,38,21,46,15,4,5,10,15,0.30000000000000004,0.30000000000000004
88,6,CLF_UNION,33,4,49,21,55,15,4,5,10,15,0.30000000000000004,0.30000000000000004
89,6,ORD-UNION,2,0,2,21,8,15,4,5,10,15,0.30000000000000004,0.30000000000000004
90,7,CARD,27,1,35,27,52,15,4,5,10,15,0.30000000000000004,0.30000000000000004
91,7,CLF_UNION,33,1,53,27,56,15,4,5,10,15,0.30000000000000004,0.30000000000000004
92,7,ORD-UNION,0,0,0,27,3,15,4,5,10,15,0.30000000000000004,0.30000000000000004
93,7,CARD,35,3,39,27,50,15,4,5,10,15,0.30000000000000004,0.30000000000000004
94,7,CLF_UNION,41,2,54,27,55,15,4,5,10,15,0.30000000000000004,0.30000000000000004
95,7,ORD-UNION,0,0,0,27,1,15,4,5,10,15,0.30000000000000004,0.30000000000000004
96,7,CARD,40,0,42,27,47,15,4,5,10,15,0.30000000000000004,0.30000000000000004
97,7,CLF_UNION,42,0,54,27,55,15,4,5,10,15,0.30000000000000004,0.30000000000000004
98,7,ORD-UNION,2,0,2,27,3,15,4,5,10,15,0.30000000000000004,0.30000000000000004
99,7,CARD,40,1,42,27,47,15,4,5,10,15,0.30000000000000004,0.30000000000000004
100,7,CLF_UNION,39,3,54,27,55,15,4,5,10,15,0.30000000000000004,0.30000000000000004
101,7,ORD-UNION,2,0,2,27,3,15,4,5,10,15,0.30000000000000004,0.30000000000000004
102,7,CARD,32,5,40,27,49,15,4,5,10,15,0.30000000000000004,0.30000000000000004
103,7,CLF_UNION,34,6,54,27,55,15,4,5,10,15,0.30000000000000004,0.30000000000000004
104,7,ORD-UNION,2,0,2,27,3,15,4,5,10,15,0.30000000000000004,0.30000000000000004
105,8,CARD,37,2,40,34,47,15,4,5,10,15,0.30000000000000004,0.30000000000000004
106,8,CLF_UNION,38,3,52,34,55,15,4,5,10,15,0.30000000000000004,0.30000000000000004
107,8,ORD-UNION,0,0,0,34,3,15,4,5,10,15,0.30000000000000004,0.30000000000000004
108,8,CARD,35,3,41,34,49,15,4,5,10,15,0.30000000000000004,0.30000000000000004
109,8,CLF_UNION,40,2,55,34,55,15,4,5,10,15,0.30000000000000004,0.30000000000000004
110,8,ORD-UNION,0,0,0,34,0,15,4,5,10,15,0.30000000000000004,0.30000000000000004
111,8,CARD,32,0,32,34,50,15,4,5,10,15,0.30000000000000004,0.30000000000000004
112,8,CLF_UNION,32,3,47,34,55,15,4,5,10,15,0.30000000000000004,0.30000000000000004
113,8,ORD-UNION,0,0,0,34,8,15,4,5,10,15,0.30000000000000004,0.30000000000000004
114,8,CARD,34,6,41,34,48,15,4,5,10,15,0.30000000000000004,0.30000000000000004
115,8,CLF_UNION,39,3,54,34,55,15,4,5,10,15,0.30000000000000004,0.30000000000000004
116,8,ORD-UNION,1,0,1,34,2,15,4,5,10,15,0.30000000000000004,0.30000000000000004
117,8,CARD,36,2,42,34,47,15,4,5,10,15,0.30000000000000004,0.30000000000000004
118,8,CLF_UNION,39,1,54,34,55,15,4,5,10,15,0.30000000000000004,0.30000000000000004
119,8,ORD-UNION,1,0,1,34,2,15,4,5,10,15,0.30000000000000004,0.30000000000000004
120,9,CARD,31,3,37,42,47,15,4,5,10,15,0.30000000000000004,0.30000000000000004
121,9,CLF_UNION,32,4,49,42,55,15,4,5,10,15,0.30000000000000004,0.30000000000000004
122,9,ORD-UNION,0,0,0,42,6,15,4,5,10,15,0.30000000000000004,0.30000000000000004
123,9,CARD,38,1,40,42,47,15,4,5,10,15,0.30000000000000004,0.30000000000000004
124,9,CLF_UNION,38,3,52,42,55,15,4,5,10,15,0.30000000000000004,0.30000000000000004
125,9,ORD-UNION,0,0,0,42,3,15,4,5,10,15,0.30000000000000004,0.30000000000000004
126,9,CARD,35,4,42,42,47,15,4,5,10,15,0.30000000000000004,0.30000000000000004
127,9,CLF_UNION,37,3,54,42,55,15,4,5,10,15,0.30000000000000004,0.30000000000000004
128,9,ORD-UNION,2,0,2,42,3,15,4,5,10,15,0.30000000000000004,0.30000000000000004
129,9,CARD,37,4,43,42,47,15,4,5,10,15,0.30000000000000004,0.30000000000000004
130,9,CLF_UNION,41,2,55,42,55,15,4,5,10,15,0.30000000000000004,0.30000000000000004
131,9,ORD-UNION,0,0,0,42,0,15,4,5,10,15,0.30000000000000004,0.30000000000000004
132,9,CARD,31,0,33,42,48,15,4,5,10,15,0.30000000000000004,0.30000000000000004
133,9,CLF_UNION,31,2,46,42,55,15,4,5,10,15,0.30000000000000004,0.30000000000000004
134,9,ORD-UNION,0,0,0,42,9,15,4,5,10,15,0.30000000000000004,0.30000000000000004
135,10,CARD,35,2,38,51,49,15,4,5,10,15,0.30000000000000004,0.30000000000000004
136,10,CLF_UNION,37,3,52,51,55,15,4,5,10,15,0.30000000000000004,0.30000000000000004
137,10,ORD-UNION,1,0,1,51,4,15,4,5,10,15,0.30000000000000004,0.30000000000000004
138,10,CARD,29,2,33,51,52,15,4,5,10,15,0.30000000000000004,0.30000000000000004
139,10,CLF_UNION,35,2,50,51,55,15,4,5,10,15,0.30000000000000004,0.30000000000000004
140,10,ORD-UNION,1,0,1,51,6,15,4,5,10,15,0.30000000000000004,0.30000000000000004
141,10,CARD,35,2,39,51,48,15,4,5,10,15,0.30000000000000004,0.30000000000000004
142,10,CLF_UNION,39,1,52,51,55,15,4,5,10,15,0.30000000000000004,0.30000000000000004
143,10,ORD-UNION,0,0,0,51,3,15,4,5,10,15,0.30000000000000004,0.30000000000000004
144,10,CARD,33,4,39,51,48,15,4,5,10,15,0.30000000000000004,0.30000000000000004
145,10,CLF_UNION,37,3,52,51,55,15,4,5,10,15,0.30000000000000004,0.30000000000000004
146,10,ORD-UNION,1,0,1,51,4,15,4,5,10,15,0.30000000000000004,0.30000000000000004
147,10,CARD,33,3,39,51,48,15,4,5,10,15,0.30000000000000004,0.30000000000000004
148,10,CLF_UNION,37,2,52,51,55,15,4,5,10,15,0.30000000000000004,0.30000000000000004
149,10,ORD-UNION,1,0,1,51,4,15,4,5,10,15,0.30000000000000004,0.30000000000000004
150,11,CARD,35,5,42,60,47,15,4,5,10,15,0.30000000000000004,0.30000000000000004
151,11,CLF_UNION,40,1,54,60,55,15,4,5,10,15,0.30000000000000004,0.30000000000000004
152,11,ORD-UNION,1,0,1,60,2,15,4,5,10,15,0.30000000000000004,0.30000000000000004
153,11,CARD,38,2,41,60,46,15,4,5,10,15,0.30000000000000004,0.30000000000000004
154,11,CLF_UNION,40,1,52,60,55,15,4,5,10,15,0.30000000000000004,0.30000000000000004
155,11,ORD-UNION,1,0,1,60,4,15,4,5,10,15,0.30000000000000004,0.30000000000000004
156,11,CARD,29,2,33,60,48,15,4,5,10,15,0.30000000000000004,0.30000000000000004
157,11,CLF_UNION,32,0,46,60,55,15,4,5,10,15,0.30000000000000004,0.30000000000000004
158,11,ORD-UNION,2,0,2,60,11,15,4,5,10,15,0.30000000000000004,0.30000000000000004
159,11,CARD,28,7,38,60,46,15,4,5,10,15,0.30000000000000004,0.30000000000000004
160,11,CLF_UNION,36,0,49,60,55,15,4,5,10,15,0.30000000000000004,0.30000000000000004
161,11,ORD-UNION,3,0,3,60,9,15,4,5,10,15,0.30000000000000004,0.30000000000000004
162,11,CARD,31,8,40,60,47,15,4,5,10,15,0.30000000000000004,0.30000000000000004
163,11,CLF_UNION,37,2,52,60,55,15,4,5,10,15,0.30000000000000004,0.30000000000000004
164,11,ORD-UNION,1,0,1,60,4,15,4,5,10,15,0.30000000000000004,0.30000000000000004
165,12,CARD,39,2,42,72,47,15,4,5,10,15,0.30000000000000004,0.30000000000000004
166,12,CLF_UNION,38,4,54,72,55,15,4,5,10,15,0.30000000000000004,0.30000000000000004
167,12,ORD-UNION,0,0,0,72,1,15,4,5,10,15,0.30000000000000004,0.30000000000000004
168,12,CARD,25,4,32,72,49,15,4,5,10,15,0.30000000000000004,0.30000000000000004
169,12,CLF_UNION,27,4,46,72,55,15,4,5,10,15,0.30000000000000004,0.30000000000000004
170,12,ORD-UNION,5,0,5,72,14,15,4,5,10,15,0.30000000000000004,0.30000000000000004
171,12,CARD,38,2,40,72,47,15,4,5,10,15,0.30000000000000004,0.30000000000000004
172,12,CLF_UNION,37,5,52,72,55,15,4,5,10,15,0.30000000000000004,0.30000000000000004
173,12,ORD-UNION,1,0,1,72,4,15,4,5,10,15,0.30000000000000004,0.30000000000000004
174,12,CARD,25,3,28,72,47,15,4,5,10,15,0.30000000000000004,0.30000000000000004
175,12,CLF_UNION,26,4,40,72,55,15,4,5,10,15,0.30000000000000004,0.30000000000000004
176,12,ORD-UNION,3,0,3,72,18,15,4,5,10,15,0.30000000000000004,0.30000000000000004
177,12,CARD,32,2,37,72,48,15,4,5,10,15,0.30000000000000004,0.30000000000000004
178,12,CLF_UNION,34,3,51,72,56,15,4,5,10,15,0.30000000000000004,0.30000000000000004
179,12,ORD-UNION,4,0,4,72,9,15,4,5,10,15,0.30000000000000004,0.30000000000000004
180,13,CARD,39,2,41,84,46,15,4,5,10,15,0.30000000000000004,0.30000000000000004
181,13,CLF_UNION,40,1,52,84,55,15,4,5,10,15,0.30000000000000004,0.30000000000000004
182,13,ORD-UNION,3,0,3,84,6,15,4,5,10,15,0.30000000000000004,0.30000000000000004
183,13,CARD,23,1,24,84,47,15,4,5,10,15,0.30000000000000004,0.30000000000000004
184,13,CLF_UNION,23,1,36,84,55,15,4,5,10,15,0.30000000000000004,0.30000000000000004
185,13,ORD-UNION,0,0,0,84,19,15,4,5,10,15,0.30000000000000004,0.30000000000000004
186,13,CARD,27,0,29,84,47,15,4,5,10,15,0.30000000000000004,0.30000000000000004
187,13,CLF_UNION,27,1,41,84,55,15,4,5,10,15,0.30000000000000004,0.30000000000000004
188,13,ORD-UNION,0,0,0,84,14,15,4,5,10,15,0.30000000000000004,0.30000000000000004
189,13,CARD,34,0,37,84,47,15,4,5,10,15,0.30000000000000004,0.30000000000000004
190,13,CLF_UNION,35,1,49,84,55,15,4,5,10,15,0.30000000000000004,0.30000000000000004
191,13,ORD-UNION,2,0,2,84,8,15,4,5,10,15,0.30000000000000004,0.30000000000000004
192,13,CARD,35,1,37,84,47,15,4,5,10,15,0.30000000000000004,0.30000000000000004
193,13,CLF_UNION,36,2,49,84,55,15,4,5,10,15,0.30000000000000004,0.30000000000000004
194,13,ORD-UNION,1,0,1,84,7,15,4,5,10,15,0.30000000000000004,0.30000000000000004
195,14,CARD,36,1,38,98,47,15,4,5,10,15,0.30000000000000004,0.30000000000000004
196,14,CLF_UNION,35,3,50,98,55,15,4,5,10,15,0.30000000000000004,0.30000000000000004
197,14,ORD-UNION,1,0,1,98,6,15,4,5,10,15,0.30000000000000004,0.30000000000000004
198,14,CARD,27,0,30,98,46,15,4,5,10,15,0.30000000000000004,0.30000000000000004
199,14,CLF_UNION,26,2,41,98,55,15,4,5,10,15,0.30000000000000004,0.30000000000000004
200,14,ORD-UNION,7,0,7,98,21,15,4,5,10,15,0.30000000000000004,0.30000000000000004
201,14,CARD,26,1,30,98,46,15,4,5,10,15,0.30000000000000004,0.30000000000000004
202,14,CLF_UNION,27,0,41,98,55,15,4,5,10,15,0.30000000000000004,0.30000000000000004
203,14,ORD-UNION,1,0,1,98,15,15,4,5,10,15,0.30000000000000004,0.30000000000000004
204,14,CARD,27,1,31,98,47,15,4,5,10,15,0.30000000000000004,0.30000000000000004
205,14,CLF_UNION,25,3,43,98,55,15,4,5,10,15,0.30000000000000004,0.30000000000000004
206,14,ORD-UNION,0,0,0,98,12,15,4,5,10,15,0.30000000000000004,0.30000000000000004
207,14,CARD,27,0,27,98,50,15,4,5,10,15,0.30000000000000004,0.30000000000000004
208,14,CLF_UNION,26,3,42,98,55,15,4,5,10,15,0.30000000000000004,0.30000000000000004
209,14,ORD-UNION,0,0,0,98,13,15,4,5,10,15,0.30000000000000004,0.30000000000000004
210,15,CARD,16,0,16,111,48,15,4,5,10,15,0.30000000000000004,0.30000000000000004
211,15,CLF_UNION,17,0,29,111,55,15,4,5,10,15,0.30000000000000004,0.30000000000000004
212,15,ORD-UNION,7,0,7,111,33,15,4,5,10,15,0.30000000000000004,0.30000000000000004
213,15,CARD,32,0,34,111,46,15,4,5,10,15,0.30000000000000004,0.30000000000000004
214,15,CLF_UNION,32,1,45,111,55,15,4,5,10,15,0.30000000000000004,0.30000000000000004
215,15,ORD-UNION,5,0,5,111,15,15,4,5,10,15,0.30000000000000004,0.30000000000000004
216,15,CARD,21,0,21,111,49,15,4,5,10,15,0.30000000000000004,0.30000000000000004
217,15,CLF_UNION,23,1,35,111,55,15,4,5,10,15,0.30000000000000004,0.30000000000000004
218,15,ORD-UNION,6,0,6,111,26,15,4,5,10,15,0.30000000000000004,0.30000000000000004
219,15,CARD,23,0,24,111,47,15,4,5,10,15,0.30000000000000004,0.30000000000000004
220,15,CLF_UNION,23,0,36,111,55,15,4,5,10,15,0.30000000000000004,0.30000000000000004
221,15,ORD-UNION,4,0,4,111,23,15,4,5,10,15,0.30000000000000004,0.30000000000000004
222,15,CARD,14,0,17,111,47,15,4,5,10,15,0.30000000000000004,0.30000000000000004
223,15,CLF_UNION,14,1,31,111,57,15,4,5,10,15,0.30000000000000004,0.30000000000000004
224,15,ORD-UNION,3,0,3,111,29,15,4,5,10,15,0.30000000000000004,0.30000000000000004
225,16,CARD,15,1,16,127,47,15,4,5,10,15,0.30000000000000004,0.30000000000000004
226,16,CLF_UNION,16,1,28,127,55,15,4,5,10,15,0.30000000000000004,0.30000000000000004
227,16,ORD-UNION,0,0,0,127,27,15,4,5,10,15,0.30000000000000004,0.30000000000000004
228,16,CARD,33,0,33,127,48,15,4,5,10,15,0.30000000000000004,0.30000000000000004
229,16,CLF_UNION,33,2,47,127,56,15,4,5,10,15,0.30000000000000004,0.30000000000000004
230,16,ORD-UNION,12,0,12,127,21,15,4,5,10,15,0.30000000000000004,0.30000000000000004
231,16,CARD,27,0,28,127,47,15,4,5,10,15,0.30000000000000004,0.30000000000000004
232,16,CLF_UNION,27,1,40,127,55,15,4,5,10,15,0.30000000000000004,0.30000000000000004
233,16,ORD-UNION,9,0,10,127,25,15,4,5,10,15,0.30000000000000004,0.30000000000000004
234,16,CARD,32,0,34,127,47,15,4,5,10,15,0.30000000000000004,0.30000000000000004
235,16,CLF_UNION,31,3,47,127,56,15,4,5,10,15,0.30000000000000004,0.30000000000000004
236,16,ORD-UNION,8,0,8,127,17,15,4,5,10,15,0.30000000000000004,0.30000000000000004
237,16,CARD,26,1,29,127,47,15,4,5,10,15,0.30000000000000004,0.30000000000000004
238,16,CLF_UNION,25,3,41,127,55,15,4,5,10,15,0.30000000000000004,0.30000000000000004
239,16,ORD-UNION,6,0,6,127,20,15,4,5,10,15,0.30000000000000004,0.30000000000000004
240,17,CARD,33,3,38,143,46,15,4,5,10,15,0.30000000000000004,0.30000000000000004
241,17,CLF_UNION,36,1,49,143,55,15,4,5,10,15,0.30000000000000004,0.30000000000000004
242,17,ORD-UNION,4,0,4,143,10,15,4,5,10,15,0.30000000000000004,0.30000000000000004
243,17,CARD,30,1,34,143,46,15,4,5,10,15,0.30000000000000004,0.30000000000000004
244,17,CLF_UNION,31,1,45,143,55,15,4,5,10,15,0.30000000000000004,0.30000000000000004
245,17,ORD-UNION,8,0,9,143,19,15,4,5,10,15,0.30000000000000004,0.30000000000000004
246,17,CARD,27,4,37,143,48,15,4,5,10,15,0.30000000000000004,0.30000000000000004
247,17,CLF_UNION,33,0,51,143,56,15,4,5,10,15,0.30000000000000004,0.30000000000000004
248,17,ORD-UNION,6,0,6,143,11,15,4,5,10,15,0.30000000000000004,0.30000000000000004
249,17,CARD,19,3,23,143,47,15,4,5,10,15,0.30000000000000004,0.30000000000000004
250,17,CLF_UNION,23,0,37,143,57,15,4,5,10,15,0.30000000000000004,0.30000000000000004
251,17,ORD-UNION,11,0,11,143,31,15,4,5,10,15,0.30000000000000004,0.30000000000000004
252,17,CARD,25,6,34,143,46,15,4,5,10,15,0.30000000000000004,0.30000000000000004
253,17,CLF_UNION,31,1,46,143,56,15,4,5,10,15,0.30000000000000004,0.30000000000000004
254,17,ORD-UNION,7,0,7,143,17,15,4,5,10,15,0.30000000000000004,0.30000000000000004
255,18,CARD,16,0,18,161,47,15,4,5,10,15,0.30000000000000004,0.30000000000000004
256,18,CLF_UNION,17,0,30,161,55,15,4,5,10,15,0.30000000000000004,0.30000000000000004
257,18,ORD-UNION,7,0,7,161,32,15,4,5,10,15,0.30000000000000004,0.30000000000000004
258,18,CARD,19,4,24,161,47,15,4,5,10,15,0.30000000000000004,0.30000000000000004
259,18,CLF_UNION,23,0,37,161,56,15,4,5,10,15,0.30000000000000004,0.30000000000000004
260,18,ORD-UNION,14,0,14,161,33,15,4,5,10,15,0.30000000000000004,0.30000000000000004
261,18,CARD,23,0,24,161,46,15,4,5,10,15,0.30000000000000004,0.30000000000000004
262,18,CLF_UNION,23,0,35,161,55,15,4,5,10,15,0.30000000000000004,0.30000000000000004
263,18,ORD-UNION,9,0,9,161,29,15,4,5,10,15,0.30000000000000004,0.30000000000000004
264,18,CARD,25,5,32,161,48,15,4,5,10,15,0.30000000000000004,0.30000000000000004
265,18,CLF_UNION,33,0,45,161,55,15,4,5,10,15,0.30000000000000004,0.30000000000000004
266,18,ORD-UNION,6,0,6,161,16,15,4,5,10,15,0.30000000000000004,0.30000000000000004
267,18,CARD,16,6,30,161,46,15,4,5,10,15,0.30000000000000004,0.30000000000000004
268,18,CLF_UNION,23,0,42,161,56,15,4,5,10,15,0.30000000000000004,0.30000000000000004
269,18,ORD-UNION,4,0,4,161,18,15,4,5,10,15,0.30000000000000004,0.30000000000000004
270,19,CARD,20,2,23,178,48,15,4,5,10,15,0.30000000000000004,0.30000000000000004
271,19,CLF_UNION,23,2,37,178,56,15,4,5,10,15,0.30000000000000004,0.30000000000000004
272,19,ORD-UNION,14,0,14,178,33,15,4,5,10,15,0.30000000000000004,0.30000000000000004
273,19,CARD,21,1,28,178,47,15,4,5,10,15,0.30000000000000004,0.30000000000000004
274,19,CLF_UNION,24,0,40,178,55,15,4,5,10,15,0.30000000000000004,0.30000000000000004
275,19,ORD-UNION,9,0,9,178,24,15,4,5,10,15,0.30000000000000004,0.30000000000000004
276,19,CARD,22,1,23,178,48,15,4,5,10,15,0.30000000000000004,0.30000000000000004
277,19,CLF_UNION,22,2,38,178,57,15,4,5,10,15,0.30000000000000004,0.30000000000000004
278,19,ORD-UNION,10,0,10,178,29,15,4,5,10,15,0.30000000000000004,0.30000000000000004
279,19,CARD,6,2,9,178,46,15,4,5,10,15,0.30000000000000004,0.30000000000000004
280,19,CLF_UNION,8,0,21,178,56,15,4,5,10,15,0.30000000000000004,0.30000000000000004
281,19,ORD-UNION,5,0,5,178,40,15,4,5,10,15,0.30000000000000004,0.30000000000000004
282,19,CARD,27,6,34,178,46,15,4,5,10,15,0.30000000000000004,0.30000000000000004
283,19,CLF_UNION,33,2,46,178,56,15,4,5,10,15,0.30000000000000004,0.30000000000000004
284,19,ORD-UNION,13,0,13,178,23,15,4,5,10,15,0.30000000000000004,0.30000000000000004
285,20,CARD,14,3,18,198,46,15,4,5,10,15,0.30000000000000004,0.30000000000000004
286,20,CLF_UNION,17,0,29,198,55,15,4,5,10,15,0.30000000000000004,0.30000000000000004
287,20,ORD-UNION,7,0,7,198,33,15,4,5,10,15,0.30000000000000004,0.30000000000000004
288,20,CARD,8,0,10,198,47,15,4,5,10,15,0.30000000000000004,0.30000000000000004
289,20,CLF_UNION,8,0,22,198,55,15,4,5,10,15,0.30000000000000004,0.30000000000000004
290,20,ORD-UNION,3,0,3,198,36,15,4,5,10,15,0.30000000000000004,0.30000000000000004
291,20,CARD,20,2,23,198,46,15,4,5,10,15,0.30000000000000004,0.30000000000000004
292,20,CLF_UNION,22,0,34,198,55,15,4,5,10,15,0.30000000000000004,0.30000000000000004
293,20,ORD-UNION,12,0,12,198,33,15,4,5,10,15,0.30000000000000004,0.30000000000000004
294,20,CARD,29,1,31,198,46,15,4,5,10,15,0.30000000000000004,0.30000000000000004
295,20,CLF_UNION,30,1,43,198,56,15,4,5,10,15,0.30000000000000004,0.30000000000000004
296,20,ORD-UNION,21,0,21,198,34,15,4,5,10,15,0.30000000000000004,0.30000000000000004
297,20,CARD,27,2,30,198,45,15,4,5,10,15,0.30000000000000004,0.30000000000000004
298,20,CLF_UNION,29,0,40,198,55,15,4,5,10,15,0.30000000000000004,0.30000000000000004
299,20,ORD-UNION,18,0,18,198,33,15,4,5,10,15,0.30000000000000004,0.30000000000000004
300,21,CARD,23,0,23,216,47,15,4,5,10,15,0.30000000000000004,0.30000000000000004
301,21,CLF_UNION,23,0,35,216,55,15,4,5,10,15,0.30000000000000004,0.30000000000000004
302,21,ORD-UNION,18,0,18,216,38,15,4,5,10,15,0.30000000000000004,0.30000000000000004
303,21,CARD,14,0,16,216,47,15,4,5,10,15,0.30000000000000004,0.30000000000000004
304,21,CLF_UNION,14,0,29,216,56,15,4,5,10,15,0.30000000000000004,0.30000000000000004
305,21,ORD-UNION,11,0,11,216,38,15,4,5,10,15,0.30000000000000004,0.30000000000000004
306,21,CARD,23,0,23,216,47,15,4,5,10,15,0.30000000000000004,0.30000000000000004
307,21,CLF_UNION,23,1,36,216,56,15,4,5,10,15,0.30000000000000004,0.30000000000000004
308,21,ORD-UNION,17,0,17,216,37,15,4,5,10,15,0.30000000000000004,0.30000000000000004
309,21,CARD,19,2,25,216,47,15,4,5,10,15,0.30000000000000004,0.30000000000000004
310,21,CLF_UNION,21,0,38,216,56,15,4,5,10,15,0.30000000000000004,0.30000000000000004
311,21,ORD-UNION,15,0,15,216,33,15,4,5,10,15,0.30000000000000004,0.30000000000000004
312,21,CARD,24,0,24,216,48,15,4,5,10,15,0.30000000000000004,0.30000000000000004
313,21,CLF_UNION,24,0,38,216,56,15,4,5,10,15,0.30000000000000004,0.30000000000000004
314,21,ORD-UNION,13,0,13,216,31,15,4,5,10,15,0.30000000000000004,0.30000000000000004
315,22,CARD,20,1,25,237,45,15,4,5,10,15,0.30000000000000004,0.30000000000000004
316,22,CLF_UNION,21,0,36,237,56,15,4,5,10,15,0.30000000000000004,0.30000000000000004
317,22,ORD-UNION,11,0,11,237,31,15,4,5,10,15,0.30000000000000004,0.30000000000000004
318,22,CARD,8,0,9,237,45,15,4,5,10,15,0.30000000000000004,0.30000000000000004
319,22,CLF_UNION,8,0,19,237,55,15,4,5,10,15,0.30000000000000004,0.30000000000000004
320,22,ORD-UNION,6,0,6,237,42,15,4,5,10,15,0.30000000000000004,0.30000000000000004
321,22,CARD,15,0,16,237,47,15,4,5,10,15,0.30000000000000004,0.30000000000000004
322,22,CLF_UNION,15,0,28,237,55,15,4,5,10,15,0.30000000000000004,0.30000000000000004
323,22,ORD-UNION,12,0,12,237,39,15,4,5,10,15,0.30000000000000004,0.30000000000000004
324,22,CARD,27,2,31,237,45,15,4,5,10,15,0.30000000000000004,0.30000000000000004
325,22,CLF_UNION,29,0,41,237,55,15,4,5,10,15,0.30000000000000004,0.30000000000000004
326,22,ORD-UNION,24,0,26,237,40,15,4,5,10,15,0.30000000000000004,0.30000000000000004
327,22,CARD,29,1,30,237,45,15,4,5,10,15,0.30000000000000004,0.30000000000000004
328,22,CLF_UNION,30,0,40,237,55,15,4,5,10,15,0.30000000000000004,0.30000000000000004
329,22,ORD-UNION,20,0,20,237,35,15,4,5,10,15,0.30000000000000004,0.30000000000000004
330,23,CARD,8,0,8,259,46,15,4,5,10,15,0.30000000000000004,0.30000000000000004
331,23,CLF_UNION,8,0,19,259,55,15,4,5,10,15,0.30000000000000004,0.30000000000000004
332,23,ORD-UNION,5,0,5,259,41,15,4,5,10,15,0.30000000000000004,0.30000000000000004
333,23,CARD,26,2,30,259,45,15,4,5,10,15,0.30000000000000004,0.30000000000000004
334,23,CLF_UNION,28,0,40,259,55,15,4,5,10,15,0.30000000000000004,0.30000000000000004
335,23,ORD-UNION,22,0,23,259,38,15,4,5,10,15,0.30000000000000004,0.30000000000000004
336,23,CARD,9,0,10,259,47,15,4,5,10,15,0.30000000000000004,0.30000000000000004
337,23,CLF_UNION,9,0,22,259,55,15,4,5,10,15,0.30000000000000004,0.30000000000000004
338,23,ORD-UNION,7,0,7,259,40,15,4,5,10,15,0.30000000000000004,0.30000000000000004
339,23,CARD,21,1,24,259,46,15,4,5,10,15,0.30000000000000004,0.30000000000000004
340,23,CLF_UNION,22,0,35,259,55,15,4,5,10,15,0.30000000000000004,0.30000000000000004
341,23,ORD-UNION,14,0,14,259,34,15,4,5,10,15,0.30000000000000004,0.30000000000000004
342,23,CARD,19,3,23,259,46,15,4,5,10,15,0.30000000000000004,0.30000000000000004
343,23,CLF_UNION,22,0,34,259,55,15,4,5,10,15,0.30000000000000004,0.30000000000000004
344,23,ORD-UNION,16,0,16,259,37,15,4,5,10,15,0.30000000000000004,0.30000000000000004
345,24,CARD,13,2,17,283,46,15,4,5,10,15,0.30000000000000004,0.30000000000000004
346,24,CLF_UNION,15,0,29,283,56,15,4,5,10,15,0.30000000000000004,0.30000000000000004
347,24,ORD-UNION,11,0,11,283,38,15,4,5,10,15,0.30000000000000004,0.30000000000000004
348,24,CARD,16,0,17,283,47,15,4,5,10,15,0.30000000000000004,0.30000000000000004
349,24,CLF_UNION,16,0,30,283,56,15,4,5,10,15,0.30000000000000004,0.30000000000000004
350,24,ORD-UNION,15,0,16,283,42,15,4,5,10,15,0.30000000000000004,0.30000000000000004
351,24,CARD,16,0,17,283,46,15,4,5,10,15,0.30000000000000004,0.30000000000000004
352,24,CLF_UNION,16,0,28,283,55,15,4,5,10,15,0.30000000000000004,0.30000000000000004
353,24,ORD-UNION,13,0,13,283,40,15,4,5,10,15,0.30000000000000004,0.30000000000000004
354,24,CARD,15,0,17,283,46,15,4,5,10,15,0.30000000000000004,0.30000000000000004
355,24,CLF_UNION,15,0,28,283,55,15,4,5,10,15,0.30000000000000004,0.30000000000000004
356,24,ORD-UNION,14,0,15,283,42,15,4,5,10,15,0.30000000000000004,0.30000000000000004
357,24,CARD,22,2,24,283,45,15,4,5,10,15,0.30000000000000004,0.30000000000000004
358,24,CLF_UNION,24,0,34,283,55,15,4,5,10,15,0.30000000000000004,0.30000000000000004
359,24,ORD-UNION,21,0,21,283,42,15,4,5,10,15,0.30000000000000004,0.30000000000000004
360,1,CARD,21,2,25,1,65,15,5,5,10,15,0.30000000000000004,0.30000000000000004
361,1,CLF_UNION,34,23,72,1,72,15,5,5,10,15,0.30000000000000004,0.30000000000000004
362,1,ORD-UNION,0,0,0,1,0,15,5,5,10,15,0.30000000000000004,0.30000000000000004
363,1,CARD,21,4,25,1,65,15,5,5,10,15,0.30000000000000004,0.30000000000000004
364,1,CLF_UNION,37,23,72,1,72,15,5,5,10,15,0.30000000000000004,0.30000000000000004
365,1,ORD-UNION,0,0,0,1,0,15,5,5,10,15,0.30000000000000004,0.30000000000000004
366,1,CARD,19,2,25,1,65,15,5,5,10,15,0.30000000000000004,0.30000000000000004
367,1,CLF_UNION,30,30,77,1,77,15,5,5,10,15,0.30000000000000004,0.30000000000000004
368,1,ORD-UNION,0,0,0,1,0,15,5,5,10,15,0.30000000000000004,0.30000000000000004
369,1,CARD,15,5,25,1,65,15,5,5,10,15,0.30000000000000004,0.30000000000000004
370,1,CLF_UNION,28,23,68,1,68,15,5,5,10,15,0.30000000000000004,0.30000000000000004
371,1,ORD-UNION,0,0,0,1,0,15,5,5,10,15,0.30000000000000004,0.30000000000000004
372,1,CARD,14,10,25,1,65,15,5,5,10,15,0.30000000000000004,0.30000000000000004
373,1,CLF_UNION,24,32,68,1,68,15,5,5,10,15,0.30000000000000004,0.30000000000000004
374,1,ORD-UNION,0,0,0,1,0,15,5,5,10,15,0.30000000000000004,0.30000000000000004
375,2,CARD,16,17,35,3,55,15,5,5,10,15,0.30000000000000004,0.30000000000000004
376,2,CLF_UNION,26,18,56,3,56,15,5,5,10,15,0.30000000000000004,0.30000000000000004
377,2,ORD-UNION,0,0,0,3,0,15,5,5,10,15,0.30000000000000004,0.30000000000000004
378,2,CARD,15,19,37,3,53,15,5,5,10,15,0.30000000000000004,0.30000000000000004
379,2,CLF_UNION,22,22,57,3,57,15,5,5,10,15,0.30000000000000004,0.30000000000000004
380,2,ORD-UNION,0,0,0,3,0,15,5,5,10,15,0.30000000000000004,0.30000000000000004
381,2,CARD,16,18,37,3,53,15,5,5,10,15,0.30000000000000004,0.30000000000000004
382,2,CLF_UNION,26,21,60,3,60,15,5,5,10,15,0.30000000000000004,0.30000000000000004
383,2,ORD-UNION,0,0,0,3,0,15,5,5,10,15,0.30000000000000004,0.30000000000000004
384,2,CARD,18,13,36,3,54,15,5,5,10,15,0.30000000000000004,0.30000000000000004
385,2,CLF_UNION,32,9,56,3,56,15,5,5,10,15,0.30000000000000004,0.30000000000000004
386,2,ORD-UNION,0,0,0,3,0,15,5,5,10,15,0.30000000000000004,0.30000000000000004
387,2,CARD,21,13,37,3,53,15,5,5,10,15,0.30000000000000004,0.30000000000000004
388,2,CLF_UNION,33,13,59,3,59,15,5,5,10,15,0.30000000000000004,0.30000000000000004
389,2,ORD-UNION,0,0,0,3,0,15,5,5,10,15,0.30000000000000004,0.30000000000000004
390,3,CARD,18,14,37,6,53,15,5,5,10,15,0.30000000000000004,0.30000000000000004
391,3,CLF_UNION,27,16,60,6,60,15,5,5,10,15,0.30000000000000004,0.30000000000000004
392,3,ORD-UNION,0,0,0,6,0,15,5,5,10,15,0.30000000000000004,0.30000000000000004
393,3,CARD,24,4,32,6,57,15,5,5,10,15,0.30000000000000004,0.30000000000000004
394,3,CLF_UNION,34,9,61,6,62,15,5,5,10,15,0.30000000000000004,0.30000000000000004
395,3,ORD-UNION,0,0,0,6,1,15,5,5,10,15,0.30000000000000004,0.30000000000000004
396,3,CARD,19,13,34,6,55,15,5,5,10,15,0.30000000000000004,0.30000000000000004
397,3,CLF_UNION,29,15,60,6,61,15,5,5,10,15,0.30000000000000004,0.30000000000000004
398,3,ORD-UNION,0,0,0,6,1,15,5,5,10,15,0.30000000000000004,0.30000000000000004
399,3,CARD,17,15,35,6,54,15,5,5,10,15,0.30000000000000004,0.30000000000000004
400,3,CLF_UNION,30,18,61,6,62,15,5,5,10,15,0.30000000000000004,0.30000000000000004
401,3,ORD-UNION,0,0,0,6,1,15,5,5,10,15,0.30000000000000004,0.30000000000000004
402,3,CARD,13,21,37,6,53,15,5,5,10,15,0.30000000000000004,0.30000000000000004
403,3,CLF_UNION,22,25,60,6,60,15,5,5,10,15,0.30000000000000004,0.30000000000000004
404,3,ORD-UNION,0,0,0,6,0,15,5,5,10,15,0.30000000000000004,0.30000000000000004
405,4,CARD,35,2,40,10,50,15,5,5,10,15,0.30000000000000004,0.30000000000000004
406,4,CLF_UNION,40,9,69,10,69,15,5,5,10,15,0.30000000000000004,0.30000000000000004
407,4,ORD-UNION,1,0,1,10,1,15,5,5,10,15,0.30000000000000004,0.30000000000000004
408,4,CARD,26,8,35,10,52,15,5,5,10,15,0.30000000000000004,0.30000000000000004
409,4,CLF_UNION,33,18,64,10,67,15,5,5,10,15,0.30000000000000004,0.30000000000000004
410,4,ORD-UNION,0,0,0,10,3,15,5,5,10,15,0.30000000000000004,0.30000000000000004
411,4,CARD,31,3,37,10,52,15,5,5,10,15,0.30000000000000004,0.30000000000000004
412,4,CLF_UNION,38,14,72,10,73,15,5,5,10,15,0.30000000000000004,0.30000000000000004
413,4,ORD-UNION,0,0,0,10,1,15,5,5,10,15,0.30000000000000004,0.30000000000000004
414,4,CARD,31,4,38,10,52,15,5,5,10,15,0.30000000000000004,0.30000000000000004
415,4,CLF_UNION,40,17,71,10,71,15,5,5,10,15,0.30000000000000004,0.30000000000000004
416,4,ORD-UNION,0,0,0,10,0,15,5,5,10,15,0.30000000000000004,0.30000000000000004
417,4,CARD,30,6,37,10,53,15,5,5,10,15,0.30000000000000004,0.30000000000000004
418,4,CLF_UNION,34,24,72,10,72,15,5,5,10,15,0.30000000000000004,0.30000000000000004
419,4,ORD-UNION,1,0,1,10,1,15,5,5,10,15,0.30000000000000004,0.30000000000000004
420,5,CARD,31,7,41,14,49,15,5,5,10,15,0.30000000000000004,0.30000000000000004
421,5,CLF_UNION,37,5,55,14,55,15,5,5,10,15,0.30000000000000004,0.30000000000000004
422,5,ORD-UNION,1,0,1,14,1,15,5,5,10,15,0.30000000000000004,0.30000000000000004
423,5,CARD,13,24,42,14,48,15,5,5,10,15,0.30000000000000004,0.30000000000000004
424,5,CLF_UNION,19,20,55,14,55,15,5,5,10,15,0.30000000000000004,0.30000000000000004
425,5,ORD-UNION,0,0,0,14,0,15,5,5,10,15,0.30000000000000004,0.30000000000000004
426,5,CARD,25,15,42,14,47,15,5,5,10,15,0.30000000000000004,0.30000000000000004
427,5,CLF_UNION,28,15,55,14,56,15,5,5,10,15,0.30000000000000004,0.30000000000000004
428,5,ORD-UNION,1,0,1,14,2,15,5,5,10,15,0.30000000000000004,0.30000000000000004
429,5,CARD,31,7,40,14,50,15,5,5,10,15,0.30000000000000004,0.30000000000000004
430,5,CLF_UNION,34,9,55,14,55,15,5,5,10,15,0.30000000000000004,0.30000000000000004
431,5,ORD-UNION,0,0,0,14,0,15,5,5,10,15,0.30000000000000004,0.30000000000000004
432,5,CARD,30,11,44,14,46,15,5,5,10,15,0.30000000000000004,0.30000000000000004
433,5,CLF_UNION,34,8,56,14,56,15,5,5,10,15,0.30000000000000004,0.30000000000000004
434,5,ORD-UNION,1,0,1,14,1,15,5,5,10,15,0.30000000000000004,0.30000000000000004
435,6,CARD,26,5,38,19,49,15,5,5,10,15,0.30000000000000004,0.30000000000000004
436,6,CLF_UNION,25,10,53,19,56,15,5,5,10,15,0.30000000000000004,0.30000000000000004
437,6,ORD-UNION,0,0,0,19,3,15,5,5,10,15,0.30000000000000004,0.30000000000000004
438,6,CARD,28,5,38,19,49,15,5,5,10,15,0.30000000000000004,0.30000000000000004
439,6,CLF_UNION,20,17,53,19,56,15,5,5,10,15,0.30000000000000004,0.30000000000000004
440,6,ORD-UNION,0,0,0,19,3,15,5,5,10,15,0.30000000000000004,0.30000000000000004
441,6,CARD,34,7,44,19,46,15,5,5,10,15,0.30000000000000004,0.30000000000000004
442,6,CLF_UNION,30,14,57,19,57,15,5,5,10,15,0.30000000000000004,0.30000000000000004
443,6,ORD-UNION,0,0,0,19,0,15,5,5,10,15,0.30000000000000004,0.30000000000000004
444,6,CARD,30,8,42,19,47,15,5,5,10,15,0.30000000000000004,0.30000000000000004
445,6,CLF_UNION,17,23,54,19,55,15,5,5,10,15,0.30000000000000004,0.30000000000000004
446,6,ORD-UNION,0,0,0,19,1,15,5,5,10,15,0.30000000000000004,0.30000000000000004
447,6,CARD,31,7,41,19,49,15,5,5,10,15,0.30000000000000004,0.30000000000000004
448,6,CLF_UNION,22,22,57,19,57,15,5,5,10,15,0.30000000000000004,0.30000000000000004
449,6,ORD-UNION,1,0,1,19,1,15,5,5,10,15,0.30000000000000004,0.30000000000000004
450,7,CARD,34,5,41,25,48,15,5,5,10,15,0.30000000000000004,0.30000000000000004
451,7,CLF_UNION,28,13,54,25,55,15,5,5,10,15,0.30000000000000004,0.30000000000000004
452,7,ORD-UNION,1,0,1,25,2,15,5,5,10,15,0.30000000000000004,0.30000000000000004
453,7,CARD,31,4,38,25,52,15,5,5,10,15,0.30000000000000004,0.30000000000000004
454,7,CLF_UNION,23,18,56,25,56,15,5,5,10,15,0.30000000000000004,0.30000000000000004
455,7,ORD-UNION,2,0,2,25,2,15,5,5,10,15,0.30000000000000004,0.30000000000000004
456,7,CARD,32,2,38,25,52,15,5,5,10,15,0.30000000000000004,0.30000000000000004
457,7,CLF_UNION,24,17,56,25,56,15,5,5,10,15,0.30000000000000004,0.30000000000000004
458,7,ORD-UNION,0,0,0,25,0,15,5,5,10,15,0.30000000000000004,0.30000000000000004
459,7,CARD,32,6,39,25,49,15,5,5,10,15,0.30000000000000004,0.30000000000000004
460,7,CLF_UNION,26,15,54,25,56,15,5,5,10,15,0.30000000000000004,0.30000000000000004
461,7,ORD-UNION,4,0,4,25,6,15,5,5,10,15,0.30000000000000004,0.30000000000000004
462,7,CARD,34,0,37,25,48,15,5,5,10,15,0.30000000000000004,0.30000000000000004
463,7,CLF_UNION,18,19,52,25,57,15,5,5,10,15,0.30000000000000004,0.30000000000000004
464,7,ORD-UNION,0,0,0,25,5,15,5,5,10,15,0.30000000000000004,0.30000000000000004
465,8,CARD,25,9,38,33,46,15,5,5,10,15,0.30000000000000004,0.30000000000000004
466,8,CLF_UNION,29,6,49,33,55,15,5,5,10,15,0.30000000000000004,0.30000000000000004
467,8,ORD-UNION,3,0,3,33,9,15,5,5,10,15,0.30000000000000004,0.30000000000000004
468,8,CARD,34,3,38,33,49,15,5,5,10,15,0.30000000000000004,0.30000000000000004
469,8,CLF_UNION,35,2,52,33,55,15,5,5,10,15,0.30000000000000004,0.30000000000000004
470,8,ORD-UNION,3,0,3,33,6,15,5,5,10,15,0.30000000000000004,0.30000000000000004
471,8,CARD,29,8,39,33,46,15,5,5,10,15,0.30000000000000004,0.30000000000000004
472,8,CLF_UNION,32,5,51,33,56,15,5,5,10,15,0.30000000000000004,0.30000000000000004
473,8,ORD-UNION,1,0,1,33,6,15,5,5,10,15,0.30000000000000004,0.30000000000000004
474,8,CARD,19,18,40,33,47,15,5,5,10,15,0.30000000000000004,0.30000000000000004
475,8,CLF_UNION,27,12,52,33,55,15,5,5,10,15,0.30000000000000004,0.30000000000000004
476,8,ORD-UNION,0,0,0,33,3,15,5,5,10,15,0.30000000000000004,0.30000000000000004
477,8,CARD,26,5,35,33,50,15,5,5,10,15,0.30000000000000004,0.30000000000000004
478,8,CLF_UNION,27,7,51,33,56,15,5,5,10,15,0.30000000000000004,0.30000000000000004
479,8,ORD-UNION,1,0,2,33,7,15,5,5,10,15,0.30000000000000004,0.30000000000000004
480,9,CARD,19,15,40,40,48,15,5,5,10,15,0.30000000000000004,0.30000000000000004
481,9,CLF_UNION,24,12,53,40,55,15,5,5,10,15,0.30000000000000004,0.30000000000000004
482,9,ORD-UNION,0,0,0,40,2,15,5,5,10,15,0.30000000000000004,0.30000000000000004
483,9,CARD,24,6,33,40,47,15,5,5,10,15,0.30000000000000004,0.30000000000000004
484,9,CLF_UNION,27,5,45,40,55,15,5,5,10,15,0.30000000000000004,0.30000000000000004
485,9,ORD-UNION,1,0,1,40,11,15,5,5,10,15,0.30000000000000004,0.30000000000000004
486,9,CARD,26,14,42,40,47,15,5,5,10,15,0.30000000000000004,0.30000000000000004
487,9,CLF_UNION,25,17,54,40,55,15,5,5,10,15,0.30000000000000004,0.30000000000000004
488,9,ORD-UNION,1,0,1,40,2,15,5,5,10,15,0.30000000000000004,0.30000000000000004
489,9,CARD,27,12,42,40,45,15,5,5,10,15,0.30000000000000004,0.30000000000000004
490,9,CLF_UNION,28,11,52,40,55,15,5,5,10,15,0.30000000000000004,0.30000000000000004
491,9,ORD-UNION,1,0,1,40,4,15,5,5,10,15,0.30000000000000004,0.30000000000000004
492,9,CARD,24,12,39,40,47,15,5,5,10,15,0.30000000000000004,0.30000000000000004
493,9,CLF_UNION,27,9,51,40,55,15,5,5,10,15,0.30000000000000004,0.30000000000000004
494,9,ORD-UNION,2,0,3,40,7,15,5,5,10,15,0.30000000000000004,0.30000000000000004
495,10,CARD,26,9,38,50,47,15,5,5,10,15,0.30000000000000004,0.30000000000000004
496,10,CLF_UNION,25,10,50,50,55,15,5,5,10,15,0.30000000000000004,0.30000000000000004
497,10,ORD-UNION,0,0,0,50,5,15,5,5,10,15,0.30000000000000004,0.30000000000000004
498,10,CARD,25,9,39,50,48,15,5,5,10,15,0.30000000000000004,0.30000000000000004
499,10,CLF_UNION,23,11,52,50,55,15,5,5,10,15,0.30000000000000004,0.30000000000000004
500,10,ORD-UNION,1,0,1,50,4,15,5,5,10,15,0.30000000000000004,0.30000000000000004
501,10,CARD,28,6,35,50,46,15,5,5,10,15,0.30000000000000004,0.30000000000000004
502,10,CLF_UNION,26,8,46,50,55,15,5,5,10,15,0.30000000000000004,0.30000000000000004
503,10,ORD-UNION,0,0,0,50,9,15,5,5,10,15,0.30000000000000004,0.30000000000000004
504,10,CARD,29,6,38,50,49,15,5,5,10,15,0.30000000000000004,0.30000000000000004
505,10,CLF_UNION,29,9,52,50,55,15,5,5,10,15,0.30000000000000004,0.30000000000000004
506,10,ORD-UNION,0,0,0,50,3,15,5,5,10,15,0.30000000000000004,0.30000000000000004
507,10,CARD,32,10,45,50,45,15,5,5,10,15,0.30000000000000004,0.30000000000000004
508,10,CLF_UNION,33,9,55,50,55,15,5,5,10,15,0.30000000000000004,0.30000000000000004
509,10,ORD-UNION,1,0,1,50,1,15,5,5,10,15,0.30000000000000004,0.30000000000000004
510,11,CARD,32,3,36,60,48,15,5,5,10,15,0.30000000000000004,0.30000000000000004
511,11,CLF_UNION,33,6,50,60,56,15,5,5,10,15,0.30000000000000004,0.30000000000000004
512,11,ORD-UNION,0,0,0,60,6,15,5,5,10,15,0.30000000000000004,0.30000000000000004
513,11,CARD,32,5,40,60,48,15,5,5,10,15,0.30000000000000004,0.30000000000000004
514,11,CLF_UNION,26,13,54,60,56,15,5,5,10,15,0.30000000000000004,0.30000000000000004
515,11,ORD-UNION,2,0,2,60,4,15,5,5,10,15,0.30000000000000004,0.30000000000000004
516,11,CARD,29,2,36,60,48,15,5,5,10,15,0.30000000000000004,0.30000000000000004
517,11,CLF_UNION,30,3,49,60,55,15,5,5,10,15,0.30000000000000004,0.30000000000000004
518,11,ORD-UNION,0,0,0,60,6,15,5,5,10,15,0.30000000000000004,0.30000000000000004
519,11,CARD,31,5,36,60,52,15,5,5,10,15,0.30000000000000004,0.30000000000000004
520,11,CLF_UNION,32,9,53,60,55,15,5,5,10,15,0.30000000000000004,0.30000000000000004
521,11,ORD-UNION,0,0,0,60,2,15,5,5,10,15,0.30000000000000004,0.30000000000000004
522,11,CARD,21,6,32,60,50,15,5,5,10,15,0.30000000000000004,0.30000000000000004
523,11,CLF_UNION,26,4,48,60,56,15,5,5,10,15,0.30000000000000004,0.30000000000000004
524,11,ORD-UNION,4,1,5,60,13,15,5,5,10,15,0.30000000000000004,0.30000000000000004
525,12,CARD,22,13,38,70,46,15,5,5,10,15,0.30000000000000004,0.30000000000000004
526,12,CLF_UNION,23,13,49,70,55,15,5,5,10,15,0.30000000000000004,0.30000000000000004
527,12,ORD-UNION,0,0,0,70,6,15,5,5,10,15,0.30000000000000004,0.30000000000000004
528,12,CARD,28,4,37,70,47,15,5,5,10,15,0.30000000000000004,0.30000000000000004
529,12,CLF_UNION,29,6,50,70,56,15,5,5,10,15,0.30000000000000004,0.30000000000000004
530,12,ORD-UNION,3,0,3,70,9,15,5,5,10,15,0.30000000000000004,0.30000000000000004
531,12,CARD,23,11,36,70,49,15,5,5,10,15,0.30000000000000004,0.30000000000000004
532,12,CLF_UNION,28,9,51,70,56,15,5,5,10,15,0.30000000000000004,0.30000000000000004
533,12,ORD-UNION,2,1,3,70,8,15,5,5,10,15,0.30000000000000004,0.30000000000000004
534,12,CARD,31,3,37,70,47,15,5,5,10,15,0.30000000000000004,0.30000000000000004
535,12,CLF_UNION,26,10,51,70,57,15,5,5,10,15,0.30000000000000004,0.30000000000000004
536,12,ORD-UNION,1,0,1,70,7,15,5,5,10,15,0.30000000000000004,0.30000000000000004
537,12,CARD,22,14,38,70,51,15,5,5,10,15,0.30000000000000004,0.30000000000000004
538,12,CLF_UNION,26,16,54,70,55,15,5,5,10,15,0.30000000000000004,0.30000000000000004
539,12,ORD-UNION,1,1,2,70,3,15,5,5,10,15,0.30000000000000004,0.30000000000000004
540,13,CARD,25,4,30,83,46,15,5,5,10,15,0.30000000000000004,0.30000000000000004
541,13,CLF_UNION,20,10,42,83,56,15,5,5,10,15,0.30000000000000004,0.30000000000000004
542,13,ORD-UNION,5,1,6,83,20,15,5,5,10,15,0.30000000000000004,0.30000000000000004
543,13,CARD,33,1,35,83,48,15,5,5,10,15,0.30000000000000004,0.30000000000000004
544,13,CLF_UNION,30,4,49,83,56,15,5,5,10,15,0.30000000000000004,0.30000000000000004
545,13,ORD-UNION,0,1,1,83,8,15,5,5,10,15,0.30000000000000004,0.30000000000000004
546,13,CARD,22,3,27,83,52,15,5,5,10,15,0.30000000000000004,0.30000000000000004
547,13,CLF_UNION,23,5,45,83,56,15,5,5,10,15,0.30000000000000004,0.30000000000000004
548,13,ORD-UNION,0,0,0,83,11,15,5,5,10,15,0.30000000000000004,0.30000000000000004
549,13,CARD,28,6,36,83,48,15,5,5,10,15,0.30000000000000004,0.30000000000000004
550,13,CLF_UNION,28,6,50,83,56,15,5,5,10,15,0.30000000000000004,0.30000000000000004
551,13,ORD-UNION,6,0,6,83,12,15,5,5,10,15,0.30000000000000004,0.30000000000000004
552,13,CARD,29,1,33,83,49,15,5,5,10,15,0.30000000000000004,0.30000000000000004
553,13,CLF_UNION,30,0,48,83,56,15,5,5,10,15,0.30000000000000004,0.30000000000000004
554,13,ORD-UNION,6,0,6,83,14,15,5,5,10,15,0.30000000000000004,0.30000000000000004
555,14,CARD,30,4,35,96,50,15,5,5,10,15,0.30000000000000004,0.30000000000000004
556,14,CLF_UNION,33,4,50,96,55,15,5,5,10,15,0.30000000000000004,0.30000000000000004
557,14,ORD-UNION,3,1,4,96,9,15,5,5,10,15,0.30000000000000004,0.30000000000000004
558,14,CARD,35,2,39,96,48,15,5,5,10,15,0.30000000000000004,0.30000000000000004
559,14,CLF_UNION,28,11,53,96,56,15,5,5,10,15,0.30000000000000004,0.30000000000000004
560,14,ORD-UNION,4,0,4,96,7,15,5,5,10,15,0.30000000000000004,0.30000000000000004
561,14,CARD,22,0,22,96,49,15,5,5,10,15,0.30000000000000004,0.30000000000000004
562,14,CLF_UNION,19,5,38,96,57,15,5,5,10,15,0.30000000000000004,0.30000000000000004
563,14,ORD-UNION,0,0,0,96,19,15,5,5,10,15,0.30000000000000004,0.30000000000000004
564,14,CARD,28,3,32,96,49,15,5,5,10,15,0.30000000000000004,0.30000000000000004
565,14,CLF_UNION,31,4,50,96,59,15,5,5,10,15,0.30000000000000004,0.30000000000000004
566,14,ORD-UNION,10,0,10,96,19,15,5,5,10,15,0.30000000000000004,0.30000000000000004
567,14,CARD,35,3,38,96,49,15,5,5,10,15,0.30000000000000004,0.30000000000000004
568,14,CLF_UNION,34,7,53,96,56,15,5,5,10,15,0.30000000000000004,0.30000000000000004
569,14,ORD-UNION,4,0,4,96,7,15,5,5,10,15,0.30000000000000004,0.30000000000000004
570,15,CARD,20,5,27,110,49,15,5,5,10,15,0.30000000000000004,0.30000000000000004
571,15,CLF_UNION,27,1,42,110,56,15,5,5,10,15,0.30000000000000004,0.30000000000000004
572,15,ORD-UNION,9,1,11,110,25,15,5,5,10,15,0.30000000000000004,0.30000000000000004
573,15,CARD,25,8,37,110,48,15,5,5,10,15,0.30000000000000004,0.30000000000000004
574,15,CLF_UNION,33,2,50,110,55,15,5,5,10,15,0.30000000000000004,0.30000000000000004
575,15,ORD-UNION,8,0,10,110,15,15,5,5,10,15,0.30000000000000004,0.30000000000000004
576,15,CARD,5,4,9,110,47,15,5,5,10,15,0.30000000000000004,0.30000000000000004
577,15,CLF_UNION,8,1,22,110,56,15,5,5,10,15,0.30000000000000004,0.30000000000000004
578,15,ORD-UNION,0,0,0,110,34,15,5,5,10,15,0.30000000000000004,0.30000000000000004
579,15,CARD,21,7,29,110,47,15,5,5,10,15,0.30000000000000004,0.30000000000000004
580,15,CLF_UNION,23,6,41,110,55,15,5,5,10,15,0.30000000000000004,0.30000000000000004
581,15,ORD-UNION,3,0,3,110,17,15,5,5,10,15,0.30000000000000004,0.30000000000000004
582,15,CARD,17,9,29,110,47,15,5,5,10,15,0.30000000000000004,0.30000000000000004
583,15,CLF_UNION,22,5,42,110,56,15,5,5,10,15,0.30000000000000004,0.30000000000000004
584,15,ORD-UNION,6,0,7,110,21,15,5,5,10,15,0.30000000000000004,0.30000000000000004
585,16,CARD,22,5,29,123,46,15,5,5,10,15,0.30000000000000004,0.30000000000000004
586,16,CLF_UNION,21,6,40,123,55,15,5,5,10,15,0.30000000000000004,0.30000000000000004
587,16,ORD-UNION,5,0,5,123,20,15,5,5,10,15,0.30000000000000004,0.30000000000000004
588,16,CARD,22,0,25,123,46,15,5,5,10,15,0.30000000000000004,0.30000000000000004
589,16,CLF_UNION,18,4,36,123,55,15,5,5,10,15,0.30000000000000004,0.30000000000000004
590,16,ORD-UNION,11,0,11,123,30,15,5,5,10,15,0.30000000000000004,0.30000000000000004
591,16,CARD,24,0,29,123,47,15,5,5,10,15,0.30000000000000004,0.30000000000000004
592,16,CLF_UNION,19,5,41,123,55,15,5,5,10,15,0.30000000000000004,0.30000000000000004
593,16,ORD-UNION,7,0,8,123,22,15,5,5,10,15,0.30000000000000004,0.30000000000000004
594,16,CARD,20,2,24,123,47,15,5,5,10,15,0.30000000000000004,0.30000000000000004
595,16,CLF_UNION,17,6,37,123,55,15,5,5,10,15,0.30000000000000004,0.30000000000000004
596,16,ORD-UNION,0,0,0,123,19,15,5,5,10,15,0.30000000000000004,0.30000000000000004
597,16,CARD,28,1,32,123,46,15,5,5,10,15,0.30000000000000004,0.30000000000000004
598,16,CLF_UNION,27,2,44,123,56,15,5,5,10,15,0.30000000000000004,0.30000000000000004
599,16,ORD-UNION,10,1,12,123,24,15,5,5,10,15,0.30000000000000004,0.30000000000000004
600,17,CARD,6,1,11,139,46,15,5,5,10,15,0.30000000000000004,0.30000000000000004
601,17,CLF_UNION,5,2,22,139,55,15,5,5,10,15,0.30000000000000004,0.30000000000000004
602,17,ORD-UNION,5,1,8,139,41,15,5,5,10,15,0.30000000000000004,0.30000000000000004
603,17,CARD,22,1,29,139,47,15,5,5,10,15,0.30000000000000004,0.30000000000000004
604,17,CLF_UNION,22,2,42,139,56,15,5,5,10,15,0.30000000000000004,0.30000000000000004
605,17,ORD-UNION,12,0,12,139,26,15,5,5,10,15,0.30000000000000004,0.30000000000000004
606,17,CARD,30,2,35,139,45,15,5,5,10,15,0.30000000000000004,0.30000000000000004
607,17,CLF_UNION,31,2,46,139,56,15,5,5,10,15,0.30000000000000004,0.30000000000000004
608,17,ORD-UNION,11,0,11,139,21,15,5,5,10,15,0.30000000000000004,0.30000000000000004
609,17,CARD,23,2,31,139,46,15,5,5,10,15,0.30000000000000004,0.30000000000000004
610,17,CLF_UNION,22,3,42,139,55,15,5,5,10,15,0.30000000000000004,0.30000000000000004
611,17,ORD-UNION,8,1,9,139,22,15,5,5,10,15,0.30000000000000004,0.30000000000000004
612,17,CARD,29,0,30,139,46,15,5,5,10,15,0.30000000000000004,0.30000000000000004
613,17,CLF_UNION,28,2,42,139,56,15,5,5,10,15,0.30000000000000004,0.30000000000000004
614,17,ORD-UNION,12,0,12,139,26,15,5,5,10,15,0.30000000000000004,0.30000000000000004
615,18,CARD,23,4,30,157,46,15,5,5,10,15,0.30000000000000004,0.30000000000000004
616,18,CLF_UNION,24,3,42,157,56,15,5,5,10,15,0.30000000000000004,0.30000000000000004
617,18,ORD-UNION,14,2,16,157,30,15,5,5,10,15,0.30000000000000004,0.30000000000000004
618,18,CARD,24,2,30,157,46,15,5,5,10,15,0.30000000000000004,0.30000000000000004
619,18,CLF_UNION,25,1,41,157,55,15,5,5,10,15,0.30000000000000004,0.30000000000000004
620,18,ORD-UNION,11,0,12,157,26,15,5,5,10,15,0.30000000000000004,0.30000000000000004
621,18,CARD,22,7,31,157,45,15,5,5,10,15,0.30000000000000004,0.30000000000000004
622,18,CLF_UNION,26,3,41,157,55,15,5,5,10,15,0.30000000000000004,0.30000000000000004
623,18,ORD-UNION,12,0,12,157,26,15,5,5,10,15,0.30000000000000004,0.30000000000000004
624,18,CARD,14,2,18,157,46,15,5,5,10,15,0.30000000000000004,0.30000000000000004
625,18,CLF_UNION,13,4,30,157,56,15,5,5,10,15,0.30000000000000004,0.30000000000000004
626,18,ORD-UNION,4,1,6,157,32,15,5,5,10,15,0.30000000000000004,0.30000000000000004
627,18,CARD,20,3,24,157,46,15,5,5,10,15,0.30000000000000004,0.30000000000000004
628,18,CLF_UNION,20,3,35,157,55,15,5,5,10,15,0.30000000000000004,0.30000000000000004
629,18,ORD-UNION,2,0,2,157,22,15,5,5,10,15,0.30000000000000004,0.30000000000000004
630,19,CARD,21,5,27,174,49,15,5,5,10,15,0.30000000000000004,0.30000000000000004
631,19,CLF_UNION,26,4,42,174,56,15,5,5,10,15,0.30000000000000004,0.30000000000000004
632,19,ORD-UNION,13,1,15,174,29,15,5,5,10,15,0.30000000000000004,0.30000000000000004
633,19,CARD,10,6,17,174,47,15,5,5,10,15,0.30000000000000004,0.30000000000000004
634,19,CLF_UNION,12,5,31,174,57,15,5,5,10,15,0.30000000000000004,0.30000000000000004
635,19,ORD-UNION,3,0,3,174,29,15,5,5,10,15,0.30000000000000004,0.30000000000000004
636,19,CARD,17,6,24,174,46,15,5,5,10,15,0.30000000000000004,0.30000000000000004
637,19,CLF_UNION,20,3,35,174,55,15,5,5,10,15,0.30000000000000004,0.30000000000000004
638,19,ORD-UNION,10,1,11,174,31,15,5,5,10,15,0.30000000000000004,0.30000000000000004
639,19,CARD,18,1,24,174,48,15,5,5,10,15,0.30000000000000004,0.30000000000000004
640,19,CLF_UNION,13,7,39,174,57,15,5,5,10,15,0.30000000000000004,0.30000000000000004
641,19,ORD-UNION,6,0,7,174,25,15,5,5,10,15,0.30000000000000004,0.30000000000000004
642,19,CARD,17,2,24,174,47,15,5,5,10,15,0.30000000000000004,0.30000000000000004
643,19,CLF_UNION,19,1,36,174,55,15,5,5,10,15,0.30000000000000004,0.30000000000000004
644,19,ORD-UNION,9,1,11,174,30,15,5,5,10,15,0.30000000000000004,0.30000000000000004
