,budget,model,correct,wrong,total,n_pref_input,n_pref_output,theta_size,theta_additivity,n_items,n_test_subsets,n_tiers,alpha,p
0,1,CARD,17,6,25,1,65,9,3,5,10,18,0.1,0.30000000000000004
1,1,CLF_UNION,36,15,65,1,65,9,3,5,10,18,0.1,0.30000000000000004
2,1,ORD-UNION,0,0,0,1,0,9,3,5,10,18,0.1,0.30000000000000004
3,1,CARD,21,2,24,1,66,9,3,5,10,18,0.1,0.30000000000000004
4,1,CLF_UNION,37,8,61,1,61,9,3,5,10,18,0.1,0.30000000000000004
5,1,ORD-UNION,1,0,1,1,1,9,3,5,10,18,0.1,0.30000000000000004
6,1,CARD,17,3,21,1,69,9,3,5,10,18,0.1,0.30000000000000004
7,1,CLF_UNION,37,15,64,1,64,9,3,5,10,18,0.1,0.30000000000000004
8,1,ORD-UNION,0,0,0,1,0,9,3,5,10,18,0.1,0.30000000000000004
9,1,CARD,20,4,24,1,66,9,3,5,10,18,0.1,0.30000000000000004
10,1,CLF_UNION,40,18,68,1,68,9,3,5,10,18,0.1,0.30000000000000004
11,1,ORD-UNION,0,0,0,1,0,9,3,5,10,18,0.1,0.30000000000000004
12,1,CARD,24,0,24,1,66,9,3,5,10,18,0.1,0.30000000000000004
13,1,CLF_UNION,34,22,68,1,68,9,3,5,10,18,0.1,0.30000000000000004
14,1,ORD-UNION,0,0,0,1,0,9,3,5,10,18,0.1,0.30000000000000004
15,2,CARD,24,10,36,3,53,9,3,5,10,18,0.1,0.30000000000000004
16,2,CLF_UNION,33,14,59,3,60,9,3,5,10,18,0.1,0.30000000000000004
17,2,ORD-UNION,0,0,0,3,1,9,3,5,10,18,0.1,0.30000000000000004
18,2,CARD,25,6,33,3,57,9,3,5,10,18,0.1,0.30000000000000004
19,2,CLF_UNION,37,10,60,3,60,9,3,5,10,18,0.1,0.30000000000000004
20,2,ORD-UNION,1,0,1,3,1,9,3,5,10,18,0.1,0.30000000000000004
21,2,CARD,28,8,37,3,53,9,3,5,10,18,0.1,0.30000000000000004
22,2,CLF_UNION,37,11,59,3,59,9,3,5,10,18,0.1,0.30000000000000004
23,2,ORD-UNION,1,0,1,3,1,9,3,5,10,18,0.1,0.30000000000000004
24,2,CARD,25,12,37,3,53,9,3,5,10,18,0.1,0.30000000000000004
25,2,CLF_UNION,39,9,60,3,60,9,3,5,10,18,0.1,0.30000000000000004
26,2,ORD-UNION,4,0,4,3,4,9,3,5,10,18,0.1,0.30000000000000004
27,2,CARD,26,10,37,3,53,9,3,5,10,18,0.1,0.30000000000000004
28,2,CLF_UNION,38,10,59,3,59,9,3,5,10,18,0.1,0.30000000000000004
29,2,ORD-UNION,2,0,2,3,2,9,3,5,10,18,0.1,0.30000000000000004
30,3,CARD,27,11,40,6,50,9,3,5,10,18,0.1,0.30000000000000004
31,3,CLF_UNION,39,8,59,6,59,9,3,5,10,18,0.1,0.30000000000000004
32,3,ORD-UNION,4,0,4,6,4,9,3,5,10,18,0.1,0.30000000000000004
33,3,CARD,39,1,42,6,48,9,3,5,10,18,0.1,0.30000000000000004
34,3,CLF_UNION,40,5,57,6,57,9,3,5,10,18,0.1,0.30000000000000004
35,3,ORD-UNION,2,0,2,6,2,9,3,5,10,18,0.1,0.30000000000000004
36,3,CARD,33,5,40,6,49,9,3,5,10,18,0.1,0.30000000000000004
37,3,CLF_UNION,36,10,58,6,59,9,3,5,10,18,0.1,0.30000000000000004
38,3,ORD-UNION,1,0,1,6,2,9,3,5,10,18,0.1,0.30000000000000004
39,3,CARD,14,19,35,6,54,9,3,5,10,18,0.1,0.30000000000000004
40,3,CLF_UNION,37,10,59,6,60,9,3,5,10,18,0.1,0.30000000000000004
41,3,ORD-UNION,1,0,1,6,2,9,3,5,10,18,0.1,0.30000000000000004
42,3,CARD,26,11,40,6,50,9,3,5,10,18,0.1,0.30000000000000004
43,3,CLF_UNION,36,7,56,6,56,9,3,5,10,18,0.1,0.30000000000000004
44,3,ORD-UNION,1,0,1,6,1,9,3,5,10,18,0.1,0.30000000000000004
45,4,CARD,23,13,38,10,51,9,3,5,10,18,0.1,0.30000000000000004
46,4,CLF_UNION,37,7,56,10,57,9,3,5,10,18,0.1,0.30000000000000004
47,4,ORD-UNION,2,0,2,10,3,9,3,5,10,18,0.1,0.30000000000000004
48,4,CARD,30,5,38,10,52,9,3,5,10,18,0.1,0.30000000000000004
49,4,CLF_UNION,38,4,56,10,56,9,3,5,10,18,0.1,0.30000000000000004
50,4,ORD-UNION,5,0,5,10,5,9,3,5,10,18,0.1,0.30000000000000004
51,4,CARD,32,7,40,10,50,9,3,5,10,18,0.1,0.30000000000000004
52,4,CLF_UNION,40,6,57,10,57,9,3,5,10,18,0.1,0.30000000000000004
53,4,ORD-UNION,2,0,2,10,2,9,3,5,10,18,0.1,0.30000000000000004
54,4,CARD,30,9,42,10,48,9,3,5,10,18,0.1,0.30000000000000004
55,4,CLF_UNION,38,6,57,10,57,9,3,5,10,18,0.1,0.30000000000000004
56,4,ORD-UNION,7,0,7,10,7,9,3,5,10,18,0.1,0.30000000000000004
57,4,CARD,31,6,38,10,51,9,3,5,10,18,0.1,0.30000000000000004
58,4,CLF_UNION,40,6,57,10,58,9,3,5,10,18,0.1,0.30000000000000004
59,4,ORD-UNION,2,0,2,10,3,9,3,5,10,18,0.1,0.30000000000000004
60,5,CARD,40,3,45,14,45,9,3,5,10,18,0.1,0.30000000000000004
61,5,CLF_UNION,41,2,55,14,55,9,3,5,10,18,0.1,0.30000000000000004
62,5,ORD-UNION,4,0,5,14,5,9,3,5,10,18,0.1,0.30000000000000004
63,5,CARD,29,10,40,14,49,9,3,5,10,18,0.1,0.30000000000000004
64,5,CLF_UNION,41,3,55,14,56,9,3,5,10,18,0.1,0.30000000000000004
65,5,ORD-UNION,2,0,2,14,3,9,3,5,10,18,0.1,0.30000000000000004
66,5,CARD,36,3,41,14,48,9,3,5,10,18,0.1,0.30000000000000004
67,5,CLF_UNION,41,1,54,14,55,9,3,5,10,18,0.1,0.30000000000000004
68,5,ORD-UNION,4,0,4,14,5,9,3,5,10,18,0.1,0.30000000000000004
69,5,CARD,34,4,40,14,47,9,3,5,10,18,0.1,0.30000000000000004
70,5,CLF_UNION,39,1,52,14,55,9,3,5,10,18,0.1,0.30000000000000004
71,5,ORD-UNION,2,0,2,14,5,9,3,5,10,18,0.1,0.30000000000000004
72,5,CARD,34,3,38,14,51,9,3,5,10,18,0.1,0.30000000000000004
73,5,CLF_UNION,43,1,55,14,56,9,3,5,10,18,0.1,0.30000000000000004
74,5,ORD-UNION,4,0,4,14,5,9,3,5,10,18,0.1,0.30000000000000004
75,6,CARD,32,9,42,20,48,9,3,5,10,18,0.1,0.30000000000000004
76,6,CLF_UNION,38,8,58,20,58,9,3,5,10,18,0.1,0.30000000000000004
77,6,ORD-UNION,3,0,3,20,3,9,3,5,10,18,0.1,0.30000000000000004
78,6,CARD,31,11,44,20,46,9,3,5,10,18,0.1,0.30000000000000004
79,6,CLF_UNION,36,9,57,20,57,9,3,5,10,18,0.1,0.30000000000000004
80,6,ORD-UNION,8,0,8,20,8,9,3,5,10,18,0.1,0.30000000000000004
81,6,CARD,35,5,43,20,46,9,3,5,10,18,0.1,0.30000000000000004
82,6,CLF_UNION,39,4,56,20,57,9,3,5,10,18,0.1,0.30000000000000004
83,6,ORD-UNION,3,0,3,20,4,9,3,5,10,18,0.1,0.30000000000000004
84,6,CARD,30,13,44,20,46,9,3,5,10,18,0.1,0.30000000000000004
85,6,CLF_UNION,40,7,58,20,58,9,3,5,10,18,0.1,0.30000000000000004
86,6,ORD-UNION,6,0,6,20,6,9,3,5,10,18,0.1,0.30000000000000004
87,6,CARD,34,8,44,20,45,9,3,5,10,18,0.1,0.30000000000000004
88,6,CLF_UNION,42,3,58,20,59,9,3,5,10,18,0.1,0.30000000000000004
89,6,ORD-UNION,5,0,5,20,6,9,3,5,10,18,0.1,0.30000000000000004
90,7,CARD,27,11,41,27,46,9,3,5,10,18,0.1,0.30000000000000004
91,7,CLF_UNION,35,5,53,27,56,9,3,5,10,18,0.1,0.30000000000000004
92,7,ORD-UNION,6,0,7,27,10,9,3,5,10,18,0.1,0.30000000000000004
93,7,CARD,24,16,42,27,47,9,3,5,10,18,0.1,0.30000000000000004
94,7,CLF_UNION,41,2,55,27,56,9,3,5,10,18,0.1,0.30000000000000004
95,7,ORD-UNION,5,0,5,27,6,9,3,5,10,18,0.1,0.30000000000000004
96,7,CARD,38,6,44,27,45,9,3,5,10,18,0.1,0.30000000000000004
97,7,CLF_UNION,41,5,56,27,57,9,3,5,10,18,0.1,0.30000000000000004
98,7,ORD-UNION,7,0,7,27,8,9,3,5,10,18,0.1,0.30000000000000004
99,7,CARD,26,14,41,27,46,9,3,5,10,18,0.1,0.30000000000000004
100,7,CLF_UNION,37,5,53,27,56,9,3,5,10,18,0.1,0.30000000000000004
101,7,ORD-UNION,7,0,7,27,10,9,3,5,10,18,0.1,0.30000000000000004
102,7,CARD,33,8,44,27,46,9,3,5,10,18,0.1,0.30000000000000004
103,7,CLF_UNION,39,4,56,27,56,9,3,5,10,18,0.1,0.30000000000000004
104,7,ORD-UNION,13,0,13,27,13,9,3,5,10,18,0.1,0.30000000000000004
105,8,CARD,35,2,40,34,47,9,3,5,10,18,0.1,0.30000000000000004
106,8,CLF_UNION,39,0,52,34,55,9,3,5,10,18,0.1,0.30000000000000004
107,8,ORD-UNION,8,0,9,34,12,9,3,5,10,18,0.1,0.30000000000000004
108,8,CARD,32,7,41,34,46,9,3,5,10,18,0.1,0.30000000000000004
109,8,CLF_UNION,37,3,52,34,55,9,3,5,10,18,0.1,0.30000000000000004
110,8,ORD-UNION,12,0,12,34,15,9,3,5,10,18,0.1,0.30000000000000004
111,8,CARD,28,12,41,34,46,9,3,5,10,18,0.1,0.30000000000000004
112,8,CLF_UNION,36,5,52,34,55,9,3,5,10,18,0.1,0.30000000000000004
113,8,ORD-UNION,7,0,7,34,10,9,3,5,10,18,0.1,0.30000000000000004
114,8,CARD,36,6,43,34,46,9,3,5,10,18,0.1,0.30000000000000004
115,8,CLF_UNION,37,6,54,34,55,9,3,5,10,18,0.1,0.30000000000000004
116,8,ORD-UNION,9,0,9,34,10,9,3,5,10,18,0.1,0.30000000000000004
117,8,CARD,35,6,43,34,46,9,3,5,10,18,0.1,0.30000000000000004
118,8,CLF_UNION,38,3,54,34,55,9,3,5,10,18,0.1,0.30000000000000004
119,8,ORD-UNION,7,0,7,34,8,9,3,5,10,18,0.1,0.30000000000000004
120,9,CARD,36,8,44,43,46,9,3,5,10,18,0.1,0.30000000000000004
121,9,CLF_UNION,37,8,55,43,55,9,3,5,10,18,0.1,0.30000000000000004
122,9,ORD-UNION,7,0,7,43,7,9,3,5,10,18,0.1,0.30000000000000004
123,9,CARD,34,8,44,43,45,9,3,5,10,18,0.1,0.30000000000000004
124,9,CLF_UNION,39,3,54,43,55,9,3,5,10,18,0.1,0.30000000000000004
125,9,ORD-UNION,10,0,10,43,11,9,3,5,10,18,0.1,0.30000000000000004
126,9,CARD,34,3,40,43,47,9,3,5,10,18,0.1,0.30000000000000004
127,9,CLF_UNION,36,2,54,43,57,9,3,5,10,18,0.1,0.30000000000000004
128,9,ORD-UNION,13,0,13,43,16,9,3,5,10,18,0.1,0.30000000000000004
129,9,CARD,29,4,36,43,49,9,3,5,10,18,0.1,0.30000000000000004
130,9,CLF_UNION,36,2,53,43,58,9,3,5,10,18,0.1,0.30000000000000004
131,9,ORD-UNION,11,0,11,43,16,9,3,5,10,18,0.1,0.30000000000000004
132,9,CARD,34,5,41,43,46,9,3,5,10,18,0.1,0.30000000000000004
133,9,CLF_UNION,36,6,54,43,57,9,3,5,10,18,0.1,0.30000000000000004
134,9,ORD-UNION,14,0,14,43,17,9,3,5,10,18,0.1,0.30000000000000004
135,10,CARD,35,3,39,53,45,9,3,5,10,18,0.1,0.30000000000000004
136,10,CLF_UNION,36,2,49,53,55,9,3,5,10,18,0.1,0.30000000000000004
137,10,ORD-UNION,18,0,18,53,24,9,3,5,10,18,0.1,0.30000000000000004
138,10,CARD,35,3,39,53,45,9,3,5,10,18,0.1,0.30000000000000004
139,10,CLF_UNION,37,2,50,53,56,9,3,5,10,18,0.1,0.30000000000000004
140,10,ORD-UNION,8,0,8,53,14,9,3,5,10,18,0.1,0.30000000000000004
141,10,CARD,28,5,35,53,45,9,3,5,10,18,0.1,0.30000000000000004
142,10,CLF_UNION,32,1,45,53,55,9,3,5,10,18,0.1,0.30000000000000004
143,10,ORD-UNION,20,0,20,53,30,9,3,5,10,18,0.1,0.30000000000000004
144,10,CARD,36,4,44,53,45,9,3,5,10,18,0.1,0.30000000000000004
145,10,CLF_UNION,36,4,54,53,55,9,3,5,10,18,0.1,0.30000000000000004
146,10,ORD-UNION,5,0,5,53,6,9,3,5,10,18,0.1,0.30000000000000004
147,10,CARD,36,5,44,53,45,9,3,5,10,18,0.1,0.30000000000000004
148,10,CLF_UNION,38,3,54,53,55,9,3,5,10,18,0.1,0.30000000000000004
149,10,ORD-UNION,10,0,10,53,11,9,3,5,10,18,0.1,0.30000000000000004
150,11,CARD,39,0,41,62,46,9,3,5,10,18,0.1,0.30000000000000004
151,11,CLF_UNION,40,0,52,62,55,9,3,5,10,18,0.1,0.30000000000000004
152,11,ORD-UNION,18,0,18,62,21,9,3,5,10,18,0.1,0.30000000000000004
153,11,CARD,38,4,44,62,46,9,3,5,10,18,0.1,0.30000000000000004
154,11,CLF_UNION,42,1,55,62,55,9,3,5,10,18,0.1,0.30000000000000004
155,11,ORD-UNION,11,0,11,62,11,9,3,5,10,18,0.1,0.30000000000000004
156,11,CARD,32,1,34,62,46,9,3,5,10,18,0.1,0.30000000000000004
157,11,CLF_UNION,33,1,47,62,57,9,3,5,10,18,0.1,0.30000000000000004
158,11,ORD-UNION,22,0,22,62,32,9,3,5,10,18,0.1,0.30000000000000004
159,11,CARD,37,1,39,62,46,9,3,5,10,18,0.1,0.30000000000000004
160,11,CLF_UNION,38,0,52,62,57,9,3,5,10,18,0.1,0.30000000000000004
161,11,ORD-UNION,25,0,25,62,30,9,3,5,10,18,0.1,0.30000000000000004
162,11,CARD,37,2,41,62,46,9,3,5,10,18,0.1,0.30000000000000004
163,11,CLF_UNION,38,2,53,62,56,9,3,5,10,18,0.1,0.30000000000000004
164,11,ORD-UNION,18,0,18,62,21,9,3,5,10,18,0.1,0.30000000000000004
165,12,CARD,37,1,38,73,49,9,3,5,10,18,0.1,0.30000000000000004
166,12,CLF_UNION,41,0,52,73,55,9,3,5,10,18,0.1,0.30000000000000004
167,12,ORD-UNION,33,0,33,73,36,9,3,5,10,18,0.1,0.30000000000000004
168,12,CARD,33,2,38,73,50,9,3,5,10,18,0.1,0.30000000000000004
169,12,CLF_UNION,39,0,54,73,56,9,3,5,10,18,0.1,0.30000000000000004
170,12,ORD-UNION,9,0,10,73,12,9,3,5,10,18,0.1,0.30000000000000004
171,12,CARD,36,0,37,73,47,9,3,5,10,18,0.1,0.30000000000000004
172,12,CLF_UNION,38,0,49,73,55,9,3,5,10,18,0.1,0.30000000000000004
173,12,ORD-UNION,20,0,20,73,26,9,3,5,10,18,0.1,0.30000000000000004
174,12,CARD,34,0,37,73,48,9,3,5,10,18,0.1,0.30000000000000004
175,12,CLF_UNION,36,0,52,73,57,9,3,5,10,18,0.1,0.30000000000000004
176,12,ORD-UNION,21,0,22,73,27,9,3,5,10,18,0.1,0.30000000000000004
177,12,CARD,36,0,37,73,47,9,3,5,10,18,0.1,0.30000000000000004
178,12,CLF_UNION,37,0,49,73,55,9,3,5,10,18,0.1,0.30000000000000004
179,12,ORD-UNION,21,0,21,73,27,9,3,5,10,18,0.1,0.30000000000000004
180,13,CARD,33,2,36,85,48,9,3,5,10,18,0.1,0.30000000000000004
181,13,CLF_UNION,37,0,49,85,55,9,3,5,10,18,0.1,0.30000000000000004
182,13,ORD-UNION,25,0,25,85,31,9,3,5,10,18,0.1,0.30000000000000004
183,13,CARD,34,1,37,85,47,9,3,5,10,18,0.1,0.30000000000000004
184,13,CLF_UNION,37,0,50,85,56,9,3,5,10,18,0.1,0.30000000000000004
185,13,ORD-UNION,27,0,27,85,33,9,3,5,10,18,0.1,0.30000000000000004
186,13,CARD,37,3,41,85,46,9,3,5,10,18,0.1,0.30000000000000004
187,13,CLF_UNION,41,0,52,85,55,9,3,5,10,18,0.1,0.30000000000000004
188,13,ORD-UNION,29,0,29,85,32,9,3,5,10,18,0.1,0.30000000000000004
189,13,CARD,28,0,30,85,47,9,3,5,10,18,0.1,0.30000000000000004
190,13,CLF_UNION,30,0,43,85,56,9,3,5,10,18,0.1,0.30000000000000004
191,13,ORD-UNION,27,0,27,85,40,9,3,5,10,18,0.1,0.30000000000000004
192,13,CARD,32,4,38,85,46,9,3,5,10,18,0.1,0.30000000000000004
193,13,CLF_UNION,37,0,49,85,55,9,3,5,10,18,0.1,0.30000000000000004
194,13,ORD-UNION,25,0,25,85,31,9,3,5,10,18,0.1,0.30000000000000004
195,14,CARD,35,1,37,99,47,9,3,5,10,18,0.1,0.30000000000000004
196,14,CLF_UNION,38,0,49,99,55,9,3,5,10,18,0.1,0.30000000000000004
197,14,ORD-UNION,27,0,27,99,33,9,3,5,10,18,0.1,0.30000000000000004
198,14,CARD,36,3,40,99,45,9,3,5,10,18,0.1,0.30000000000000004
199,14,CLF_UNION,39,0,50,99,55,9,3,5,10,18,0.1,0.30000000000000004
200,14,ORD-UNION,32,0,32,99,37,9,3,5,10,18,0.1,0.30000000000000004
201,14,CARD,31,1,33,99,47,9,3,5,10,18,0.1,0.30000000000000004
202,14,CLF_UNION,34,0,45,99,55,9,3,5,10,18,0.1,0.30000000000000004
203,14,ORD-UNION,29,0,29,99,39,9,3,5,10,18,0.1,0.30000000000000004
204,14,CARD,30,3,34,99,46,9,3,5,10,18,0.1,0.30000000000000004
205,14,CLF_UNION,34,0,45,99,55,9,3,5,10,18,0.1,0.30000000000000004
206,14,ORD-UNION,24,0,24,99,34,9,3,5,10,18,0.1,0.30000000000000004
207,14,CARD,33,1,35,99,45,9,3,5,10,18,0.1,0.30000000000000004
208,14,CLF_UNION,34,0,46,99,56,9,3,5,10,18,0.1,0.30000000000000004
209,14,ORD-UNION,28,0,28,99,38,9,3,5,10,18,0.1,0.30000000000000004
210,15,CARD,30,3,35,112,45,9,3,5,10,18,0.1,0.30000000000000004
211,15,CLF_UNION,33,0,45,112,55,9,3,5,10,18,0.1,0.30000000000000004
212,15,ORD-UNION,28,0,29,112,39,9,3,5,10,18,0.1,0.30000000000000004
213,15,CARD,38,0,39,112,46,9,3,5,10,18,0.1,0.30000000000000004
214,15,CLF_UNION,39,0,50,112,55,9,3,5,10,18,0.1,0.30000000000000004
215,15,ORD-UNION,29,0,29,112,34,9,3,5,10,18,0.1,0.30000000000000004
216,15,CARD,27,0,29,112,47,9,3,5,10,18,0.1,0.30000000000000004
217,15,CLF_UNION,29,0,41,112,55,9,3,5,10,18,0.1,0.30000000000000004
218,15,ORD-UNION,24,0,24,112,38,9,3,5,10,18,0.1,0.30000000000000004
219,15,CARD,38,0,39,112,48,9,3,5,10,18,0.1,0.30000000000000004
220,15,CLF_UNION,41,0,52,112,55,9,3,5,10,18,0.1,0.30000000000000004
221,15,ORD-UNION,35,0,35,112,38,9,3,5,10,18,0.1,0.30000000000000004
222,15,CARD,35,2,40,112,47,9,3,5,10,18,0.1,0.30000000000000004
223,15,CLF_UNION,39,0,52,112,55,9,3,5,10,18,0.1,0.30000000000000004
224,15,ORD-UNION,28,0,29,112,32,9,3,5,10,18,0.1,0.30000000000000004
225,16,CARD,22,1,25,127,46,9,3,5,10,18,0.1,0.30000000000000004
226,16,CLF_UNION,24,2,39,127,58,9,3,5,10,18,0.1,0.30000000000000004
227,16,ORD-UNION,19,0,19,127,38,9,3,5,10,18,0.1,0.30000000000000004
228,16,CARD,28,0,29,127,47,9,3,5,10,18,0.1,0.30000000000000004
229,16,CLF_UNION,29,2,44,127,58,9,3,5,10,18,0.1,0.30000000000000004
230,16,ORD-UNION,20,0,20,127,34,9,3,5,10,18,0.1,0.30000000000000004
231,16,CARD,27,0,28,127,48,9,3,5,10,18,0.1,0.30000000000000004
232,16,CLF_UNION,28,2,45,127,59,9,3,5,10,18,0.1,0.30000000000000004
233,16,ORD-UNION,15,0,15,127,29,9,3,5,10,18,0.1,0.30000000000000004
234,16,CARD,16,0,16,127,47,9,3,5,10,18,0.1,0.30000000000000004
235,16,CLF_UNION,17,0,28,127,55,9,3,5,10,18,0.1,0.30000000000000004
236,16,ORD-UNION,14,0,14,127,41,9,3,5,10,18,0.1,0.30000000000000004
237,16,CARD,29,1,32,127,45,9,3,5,10,18,0.1,0.30000000000000004
238,16,CLF_UNION,30,1,43,127,56,9,3,5,10,18,0.1,0.30000000000000004
239,16,ORD-UNION,25,0,25,127,38,9,3,5,10,18,0.1,0.30000000000000004
240,17,CARD,32,2,35,142,46,9,3,5,10,18,0.1,0.30000000000000004
241,17,CLF_UNION,35,1,47,142,56,9,3,5,10,18,0.1,0.30000000000000004
242,17,ORD-UNION,27,0,27,142,36,9,3,5,10,18,0.1,0.30000000000000004
243,17,CARD,26,1,29,142,47,9,3,5,10,18,0.1,0.30000000000000004
244,17,CLF_UNION,29,2,44,142,58,9,3,5,10,18,0.1,0.30000000000000004
245,17,ORD-UNION,19,0,19,142,33,9,3,5,10,18,0.1,0.30000000000000004
246,17,CARD,29,0,31,142,48,9,3,5,10,18,0.1,0.30000000000000004
247,17,CLF_UNION,30,3,50,142,61,9,3,5,10,18,0.1,0.30000000000000004
248,17,ORD-UNION,24,0,24,142,35,9,3,5,10,18,0.1,0.30000000000000004
249,17,CARD,31,3,35,142,46,9,3,5,10,18,0.1,0.30000000000000004
250,17,CLF_UNION,35,1,47,142,56,9,3,5,10,18,0.1,0.30000000000000004
251,17,ORD-UNION,26,0,26,142,35,9,3,5,10,18,0.1,0.30000000000000004
252,17,CARD,33,1,34,142,46,9,3,5,10,18,0.1,0.30000000000000004
253,17,CLF_UNION,35,1,46,142,56,9,3,5,10,18,0.1,0.30000000000000004
254,17,ORD-UNION,29,0,29,142,39,9,3,5,10,18,0.1,0.30000000000000004
255,18,CARD,16,0,17,160,47,9,3,5,10,18,0.1,0.30000000000000004
256,18,CLF_UNION,17,0,30,160,56,9,3,5,10,18,0.1,0.30000000000000004
257,18,ORD-UNION,16,0,16,160,42,9,3,5,10,18,0.1,0.30000000000000004
258,18,CARD,16,0,18,160,47,9,3,5,10,18,0.1,0.30000000000000004
259,18,CLF_UNION,17,0,30,160,55,9,3,5,10,18,0.1,0.30000000000000004
260,18,ORD-UNION,15,0,15,160,40,9,3,5,10,18,0.1,0.30000000000000004
261,18,CARD,15,1,17,160,47,9,3,5,10,18,0.1,0.30000000000000004
262,18,CLF_UNION,16,0,31,160,57,9,3,5,10,18,0.1,0.30000000000000004
263,18,ORD-UNION,11,0,12,160,38,9,3,5,10,18,0.1,0.30000000000000004
264,18,CARD,16,0,21,160,46,9,3,5,10,18,0.1,0.30000000000000004
265,18,CLF_UNION,16,0,33,160,56,9,3,5,10,18,0.1,0.30000000000000004
266,18,ORD-UNION,16,0,18,160,41,9,3,5,10,18,0.1,0.30000000000000004
267,18,CARD,28,1,31,160,45,9,3,5,10,18,0.1,0.30000000000000004
268,18,CLF_UNION,29,0,41,160,55,9,3,5,10,18,0.1,0.30000000000000004
269,18,ORD-UNION,28,0,29,160,43,9,3,5,10,18,0.1,0.30000000000000004
270,19,CARD,20,3,25,179,45,9,3,5,10,18,0.1,0.30000000000000004
271,19,CLF_UNION,23,1,37,179,57,9,3,5,10,18,0.1,0.30000000000000004
272,19,ORD-UNION,19,0,20,179,40,9,3,5,10,18,0.1,0.30000000000000004
273,19,CARD,16,1,17,179,46,9,3,5,10,18,0.1,0.30000000000000004
274,19,CLF_UNION,17,0,28,179,55,9,3,5,10,18,0.1,0.30000000000000004
275,19,ORD-UNION,16,0,16,179,43,9,3,5,10,18,0.1,0.30000000000000004
276,19,CARD,27,2,31,179,45,9,3,5,10,18,0.1,0.30000000000000004
277,19,CLF_UNION,29,0,42,179,56,9,3,5,10,18,0.1,0.30000000000000004
278,19,ORD-UNION,26,0,27,179,41,9,3,5,10,18,0.1,0.30000000000000004
279,19,CARD,15,1,18,179,45,9,3,5,10,18,0.1,0.30000000000000004
280,19,CLF_UNION,16,1,29,179,56,9,3,5,10,18,0.1,0.30000000000000004
281,19,ORD-UNION,15,0,16,179,43,9,3,5,10,18,0.1,0.30000000000000004
282,19,CARD,26,1,31,179,45,9,3,5,10,18,0.1,0.30000000000000004
283,19,CLF_UNION,27,0,42,179,56,9,3,5,10,18,0.1,0.30000000000000004
284,19,ORD-UNION,24,0,26,179,40,9,3,5,10,18,0.1,0.30000000000000004
285,20,CARD,33,1,35,199,45,9,3,5,10,18,0.1,0.30000000000000004
286,20,CLF_UNION,34,0,45,199,55,9,3,5,10,18,0.1,0.30000000000000004
287,20,ORD-UNION,30,0,30,199,40,9,3,5,10,18,0.1,0.30000000000000004
288,20,CARD,21,1,23,199,47,9,3,5,10,18,0.1,0.30000000000000004
289,20,CLF_UNION,23,0,35,199,55,9,3,5,10,18,0.1,0.30000000000000004
290,20,ORD-UNION,21,0,22,199,42,9,3,5,10,18,0.1,0.30000000000000004
291,20,CARD,28,0,29,199,46,9,3,5,10,18,0.1,0.30000000000000004
292,20,CLF_UNION,28,1,41,199,55,9,3,5,10,18,0.1,0.30000000000000004
293,20,ORD-UNION,25,0,26,199,41,9,3,5,10,18,0.1,0.30000000000000004
294,20,CARD,23,0,25,199,45,9,3,5,10,18,0.1,0.30000000000000004
295,20,CLF_UNION,23,1,36,199,56,9,3,5,10,18,0.1,0.30000000000000004
296,20,ORD-UNION,22,0,23,199,43,9,3,5,10,18,0.1,0.30000000000000004
297,20,CARD,24,0,24,199,46,9,3,5,10,18,0.1,0.30000000000000004
298,20,CLF_UNION,24,0,35,199,55,9,3,5,10,18,0.1,0.30000000000000004
299,20,ORD-UNION,23,0,23,199,43,9,3,5,10,18,0.1,0.30000000000000004
300,21,CARD,0,0,3,217,46,9,3,5,10,18,0.1,0.30000000000000004
301,21,CLF_UNION,0,0,14,217,55,9,3,5,10,18,0.1,0.30000000000000004
302,21,ORD-UNION,0,0,2,217,43,9,3,5,10,18,0.1,0.30000000000000004
303,21,CARD,29,1,30,217,45,9,3,5,10,18,0.1,0.30000000000000004
304,21,CLF_UNION,30,0,40,217,55,9,3,5,10,18,0.1,0.30000000000000004
305,21,ORD-UNION,29,0,29,217,44,9,3,5,10,18,0.1,0.30000000000000004
306,21,CARD,23,0,23,217,47,9,3,5,10,18,0.1,0.30000000000000004
307,21,CLF_UNION,24,0,35,217,55,9,3,5,10,18,0.1,0.30000000000000004
308,21,ORD-UNION,22,0,22,217,42,9,3,5,10,18,0.1,0.30000000000000004
309,21,CARD,16,0,17,217,45,9,3,5,10,18,0.1,0.30000000000000004
310,21,CLF_UNION,16,1,28,217,55,9,3,5,10,18,0.1,0.30000000000000004
311,21,ORD-UNION,16,0,17,217,45,9,3,5,10,18,0.1,0.30000000000000004
312,21,CARD,17,0,19,217,46,9,3,5,10,18,0.1,0.30000000000000004
313,21,CLF_UNION,17,0,31,217,56,9,3,5,10,18,0.1,0.30000000000000004
314,21,ORD-UNION,16,0,16,217,41,9,3,5,10,18,0.1,0.30000000000000004
315,22,CARD,16,0,17,239,45,9,3,5,10,18,0.1,0.30000000000000004
316,22,CLF_UNION,16,0,27,239,55,9,3,5,10,18,0.1,0.30000000000000004
317,22,ORD-UNION,16,0,17,239,45,9,3,5,10,18,0.1,0.30000000000000004
318,22,CARD,24,0,24,239,47,9,3,5,10,18,0.1,0.30000000000000004
319,22,CLF_UNION,24,1,37,239,56,9,3,5,10,18,0.1,0.30000000000000004
320,22,ORD-UNION,22,0,22,239,41,9,3,5,10,18,0.1,0.30000000000000004
321,22,CARD,16,0,17,239,47,9,3,5,10,18,0.1,0.30000000000000004
322,22,CLF_UNION,17,0,29,239,55,9,3,5,10,18,0.1,0.30000000000000004
323,22,ORD-UNION,15,0,16,239,42,9,3,5,10,18,0.1,0.30000000000000004
324,22,CARD,30,0,31,239,45,9,3,5,10,18,0.1,0.30000000000000004
325,22,CLF_UNION,30,0,41,239,55,9,3,5,10,18,0.1,0.30000000000000004
326,22,ORD-UNION,29,0,30,239,44,9,3,5,10,18,0.1,0.30000000000000004
327,22,CARD,29,0,30,239,45,9,3,5,10,18,0.1,0.30000000000000004
328,22,CLF_UNION,29,0,40,239,55,9,3,5,10,18,0.1,0.30000000000000004
329,22,ORD-UNION,27,0,28,239,43,9,3,5,10,18,0.1,0.30000000000000004
330,23,CARD,23,0,23,262,47,9,3,5,10,18,0.1,0.30000000000000004
331,23,CLF_UNION,23,0,35,262,55,9,3,5,10,18,0.1,0.30000000000000004
332,23,ORD-UNION,23,0,23,262,43,9,3,5,10,18,0.1,0.30000000000000004
333,23,CARD,17,0,17,262,46,9,3,5,10,18,0.1,0.30000000000000004
334,23,CLF_UNION,16,1,28,262,55,9,3,5,10,18,0.1,0.30000000000000004
335,23,ORD-UNION,16,0,16,262,43,9,3,5,10,18,0.1,0.30000000000000004
336,23,CARD,9,0,9,262,45,9,3,5,10,18,0.1,0.30000000000000004
337,23,CLF_UNION,9,0,19,262,55,9,3,5,10,18,0.1,0.30000000000000004
338,23,ORD-UNION,8,0,8,262,44,9,3,5,10,18,0.1,0.30000000000000004
339,23,CARD,8,0,12,262,45,9,3,5,10,18,0.1,0.30000000000000004
340,23,CLF_UNION,8,0,24,262,57,9,3,5,10,18,0.1,0.30000000000000004
341,23,ORD-UNION,8,0,9,262,42,9,3,5,10,18,0.1,0.30000000000000004
342,23,CARD,33,0,34,262,46,9,3,5,10,18,0.1,0.30000000000000004
343,23,CLF_UNION,34,1,46,262,56,9,3,5,10,18,0.1,0.30000000000000004
344,23,ORD-UNION,32,0,33,262,43,9,3,5,10,18,0.1,0.30000000000000004
345,24,CARD,16,0,16,285,47,9,3,5,10,18,0.1,0.30000000000000004
346,24,CLF_UNION,16,0,28,285,55,9,3,5,10,18,0.1,0.30000000000000004
347,24,ORD-UNION,14,0,14,285,41,9,3,5,10,18,0.1,0.30000000000000004
348,24,CARD,24,0,24,285,45,9,3,5,10,18,0.1,0.30000000000000004
349,24,CLF_UNION,24,0,34,285,55,9,3,5,10,18,0.1,0.30000000000000004
350,24,ORD-UNION,24,0,24,285,45,9,3,5,10,18,0.1,0.30000000000000004
351,24,CARD,8,0,9,285,47,9,3,5,10,18,0.1,0.30000000000000004
352,24,CLF_UNION,9,0,22,285,56,9,3,5,10,18,0.1,0.30000000000000004
353,24,ORD-UNION,8,0,8,285,42,9,3,5,10,18,0.1,0.30000000000000004
354,24,CARD,7,0,11,285,47,9,3,5,10,18,0.1,0.30000000000000004
355,24,CLF_UNION,7,0,24,285,56,9,3,5,10,18,0.1,0.30000000000000004
356,24,ORD-UNION,7,0,9,285,41,9,3,5,10,18,0.1,0.30000000000000004
357,24,CARD,14,0,16,285,46,9,3,5,10,18,0.1,0.30000000000000004
358,24,CLF_UNION,14,0,27,285,55,9,3,5,10,18,0.1,0.30000000000000004
359,24,ORD-UNION,13,0,15,285,43,9,3,5,10,18,0.1,0.30000000000000004
360,1,CARD,12,8,21,1,69,9,3,5,10,18,0.1,0.30000000000000004
361,1,CLF_UNION,22,36,71,1,71,9,3,5,10,18,0.1,0.30000000000000004
362,1,ORD-UNION,0,0,0,1,0,9,3,5,10,18,0.1,0.30000000000000004
363,1,CARD,14,10,25,1,65,9,3,5,10,18,0.1,0.30000000000000004
364,1,CLF_UNION,26,35,73,1,73,9,3,5,10,18,0.1,0.30000000000000004
365,1,ORD-UNION,0,0,0,1,0,9,3,5,10,18,0.1,0.30000000000000004
366,1,CARD,18,2,21,1,69,9,3,5,10,18,0.1,0.30000000000000004
367,1,CLF_UNION,36,31,79,1,79,9,3,5,10,18,0.1,0.30000000000000004
368,1,ORD-UNION,0,0,0,1,0,9,3,5,10,18,0.1,0.30000000000000004
369,1,CARD,16,7,25,1,65,9,3,5,10,18,0.1,0.30000000000000004
370,1,CLF_UNION,28,30,72,1,72,9,3,5,10,18,0.1,0.30000000000000004
371,1,ORD-UNION,0,0,0,1,0,9,3,5,10,18,0.1,0.30000000000000004
372,1,CARD,15,8,24,1,66,9,3,5,10,18,0.1,0.30000000000000004
373,1,CLF_UNION,24,33,69,1,69,9,3,5,10,18,0.1,0.30000000000000004
374,1,ORD-UNION,0,0,0,1,0,9,3,5,10,18,0.1,0.30000000000000004
375,2,CARD,20,6,27,3,63,9,3,5,10,18,0.1,0.30000000000000004
376,2,CLF_UNION,24,23,58,3,58,9,3,5,10,18,0.1,0.30000000000000004
377,2,ORD-UNION,0,0,0,3,0,9,3,5,10,18,0.1,0.30000000000000004
378,2,CARD,26,8,35,3,55,9,3,5,10,18,0.1,0.30000000000000004
379,2,CLF_UNION,28,17,59,3,59,9,3,5,10,18,0.1,0.30000000000000004
380,2,ORD-UNION,0,0,0,3,0,9,3,5,10,18,0.1,0.30000000000000004
381,2,CARD,23,9,35,3,55,9,3,5,10,18,0.1,0.30000000000000004
382,2,CLF_UNION,20,25,59,3,59,9,3,5,10,18,0.1,0.30000000000000004
383,2,ORD-UNION,0,0,0,3,0,9,3,5,10,18,0.1,0.30000000000000004
384,2,CARD,28,8,36,3,54,9,3,5,10,18,0.1,0.30000000000000004
385,2,CLF_UNION,24,22,57,3,57,9,3,5,10,18,0.1,0.30000000000000004
386,2,ORD-UNION,1,0,1,3,1,9,3,5,10,18,0.1,0.30000000000000004
387,2,CARD,25,10,36,3,54,9,3,5,10,18,0.1,0.30000000000000004
388,2,CLF_UNION,25,22,58,3,58,9,3,5,10,18,0.1,0.30000000000000004
389,2,ORD-UNION,0,0,0,3,0,9,3,5,10,18,0.1,0.30000000000000004
390,3,CARD,22,16,40,6,50,9,3,5,10,18,0.1,0.30000000000000004
391,3,CLF_UNION,23,21,56,6,56,9,3,5,10,18,0.1,0.30000000000000004
392,3,ORD-UNION,3,1,4,6,4,9,3,5,10,18,0.1,0.30000000000000004
393,3,CARD,18,19,43,6,47,9,3,5,10,18,0.1,0.30000000000000004
394,3,CLF_UNION,15,23,55,6,55,9,3,5,10,18,0.1,0.30000000000000004
395,3,ORD-UNION,0,1,1,6,1,9,3,5,10,18,0.1,0.30000000000000004
396,3,CARD,21,16,40,6,49,9,3,5,10,18,0.1,0.30000000000000004
397,3,CLF_UNION,19,24,56,6,57,9,3,5,10,18,0.1,0.30000000000000004
398,3,ORD-UNION,0,1,1,6,2,9,3,5,10,18,0.1,0.30000000000000004
399,3,CARD,21,17,40,6,50,9,3,5,10,18,0.1,0.30000000000000004
400,3,CLF_UNION,19,26,57,6,57,9,3,5,10,18,0.1,0.30000000000000004
401,3,ORD-UNION,0,0,0,6,0,9,3,5,10,18,0.1,0.30000000000000004
402,3,CARD,27,10,39,6,48,9,3,5,10,18,0.1,0.30000000000000004
403,3,CLF_UNION,23,16,52,6,55,9,3,5,10,18,0.1,0.30000000000000004
404,3,ORD-UNION,0,0,0,6,3,9,3,5,10,18,0.1,0.30000000000000004
405,4,CARD,13,24,40,10,47,9,3,5,10,18,0.1,0.30000000000000004
406,4,CLF_UNION,19,24,56,10,59,9,3,5,10,18,0.1,0.30000000000000004
407,4,ORD-UNION,0,1,1,10,4,9,3,5,10,18,0.1,0.30000000000000004
408,4,CARD,17,20,42,10,47,9,3,5,10,18,0.1,0.30000000000000004
409,4,CLF_UNION,23,17,55,10,56,9,3,5,10,18,0.1,0.30000000000000004
410,4,ORD-UNION,1,0,1,10,2,9,3,5,10,18,0.1,0.30000000000000004
411,4,CARD,14,25,43,10,47,9,3,5,10,18,0.1,0.30000000000000004
412,4,CLF_UNION,18,25,57,10,57,9,3,5,10,18,0.1,0.30000000000000004
413,4,ORD-UNION,1,0,1,10,1,9,3,5,10,18,0.1,0.30000000000000004
414,4,CARD,17,25,44,10,46,9,3,5,10,18,0.1,0.30000000000000004
415,4,CLF_UNION,18,26,56,10,56,9,3,5,10,18,0.1,0.30000000000000004
416,4,ORD-UNION,3,1,4,10,4,9,3,5,10,18,0.1,0.30000000000000004
417,4,CARD,18,23,43,10,47,9,3,5,10,18,0.1,0.30000000000000004
418,4,CLF_UNION,18,27,57,10,57,9,3,5,10,18,0.1,0.30000000000000004
419,4,ORD-UNION,1,0,1,10,1,9,3,5,10,18,0.1,0.30000000000000004
420,5,CARD,17,23,44,14,46,9,3,5,10,18,0.1,0.30000000000000004
421,5,CLF_UNION,25,16,55,14,55,9,3,5,10,18,0.1,0.30000000000000004
422,5,ORD-UNION,2,2,4,14,4,9,3,5,10,18,0.1,0.30000000000000004
423,5,CARD,20,20,42,14,45,9,3,5,10,18,0.1,0.30000000000000004
424,5,CLF_UNION,16,24,52,14,55,9,3,5,10,18,0.1,0.30000000000000004
425,5,ORD-UNION,1,0,1,14,4,9,3,5,10,18,0.1,0.30000000000000004
426,5,CARD,23,18,44,14,45,9,3,5,10,18,0.1,0.30000000000000004
427,5,CLF_UNION,25,16,54,14,55,9,3,5,10,18,0.1,0.30000000000000004
428,5,ORD-UNION,2,0,2,14,3,9,3,5,10,18,0.1,0.30000000000000004
429,5,CARD,25,18,43,14,46,9,3,5,10,18,0.1,0.30000000000000004
430,5,CLF_UNION,29,16,55,14,56,9,3,5,10,18,0.1,0.30000000000000004
431,5,ORD-UNION,3,3,6,14,7,9,3,5,10,18,0.1,0.30000000000000004
432,5,CARD,21,19,43,14,46,9,3,5,10,18,0.1,0.30000000000000004
433,5,CLF_UNION,25,16,54,14,55,9,3,5,10,18,0.1,0.30000000000000004
434,5,ORD-UNION,2,1,3,14,4,9,3,5,10,18,0.1,0.30000000000000004
435,6,CARD,7,30,40,20,47,9,3,5,10,18,0.1,0.30000000000000004
436,6,CLF_UNION,14,29,57,20,60,9,3,5,10,18,0.1,0.30000000000000004
437,6,ORD-UNION,2,1,4,20,7,9,3,5,10,18,0.1,0.30000000000000004
438,6,CARD,8,28,41,20,49,9,3,5,10,18,0.1,0.30000000000000004
439,6,CLF_UNION,13,27,56,20,56,9,3,5,10,18,0.1,0.30000000000000004
440,6,ORD-UNION,0,1,1,20,1,9,3,5,10,18,0.1,0.30000000000000004
441,6,CARD,11,30,43,20,47,9,3,5,10,18,0.1,0.30000000000000004
442,6,CLF_UNION,13,31,56,20,56,9,3,5,10,18,0.1,0.30000000000000004
443,6,ORD-UNION,0,0,1,20,1,9,3,5,10,18,0.1,0.30000000000000004
444,6,CARD,15,23,42,20,47,9,3,5,10,18,0.1,0.30000000000000004
445,6,CLF_UNION,22,20,56,20,57,9,3,5,10,18,0.1,0.30000000000000004
446,6,ORD-UNION,1,1,2,20,3,9,3,5,10,18,0.1,0.30000000000000004
447,6,CARD,6,33,40,20,50,9,3,5,10,18,0.1,0.30000000000000004
448,6,CLF_UNION,14,34,60,20,60,9,3,5,10,18,0.1,0.30000000000000004
449,6,ORD-UNION,0,0,1,20,1,9,3,5,10,18,0.1,0.30000000000000004
450,7,CARD,19,15,36,26,54,9,3,5,10,18,0.1,0.30000000000000004
451,7,CLF_UNION,15,30,57,26,57,9,3,5,10,18,0.1,0.30000000000000004
452,7,ORD-UNION,3,1,4,26,4,9,3,5,10,18,0.1,0.30000000000000004
453,7,CARD,31,8,40,26,50,9,3,5,10,18,0.1,0.30000000000000004
454,7,CLF_UNION,28,18,57,26,57,9,3,5,10,18,0.1,0.30000000000000004
455,7,ORD-UNION,8,2,10,26,10,9,3,5,10,18,0.1,0.30000000000000004
456,7,CARD,18,16,36,26,48,9,3,5,10,18,0.1,0.30000000000000004
457,7,CLF_UNION,19,21,52,26,58,9,3,5,10,18,0.1,0.30000000000000004
458,7,ORD-UNION,3,2,6,26,12,9,3,5,10,18,0.1,0.30000000000000004
459,7,CARD,17,11,38,26,50,9,3,5,10,18,0.1,0.30000000000000004
460,7,CLF_UNION,13,24,60,26,62,9,3,5,10,18,0.1,0.30000000000000004
461,7,ORD-UNION,2,0,2,26,4,9,3,5,10,18,0.1,0.30000000000000004
462,7,CARD,17,17,37,26,48,9,3,5,10,18,0.1,0.30000000000000004
463,7,CLF_UNION,17,22,53,26,58,9,3,5,10,18,0.1,0.30000000000000004
464,7,ORD-UNION,0,4,4,26,9,9,3,5,10,18,0.1,0.30000000000000004
465,8,CARD,36,3,42,32,45,9,3,5,10,18,0.1,0.30000000000000004
466,8,CLF_UNION,15,24,52,32,55,9,3,5,10,18,0.1,0.30000000000000004
467,8,ORD-UNION,2,0,2,32,5,9,3,5,10,18,0.1,0.30000000000000004
468,8,CARD,37,4,44,32,45,9,3,5,10,18,0.1,0.30000000000000004
469,8,CLF_UNION,18,23,54,32,55,9,3,5,10,18,0.1,0.30000000000000004
470,8,ORD-UNION,3,0,4,32,5,9,3,5,10,18,0.1,0.30000000000000004
471,8,CARD,24,15,43,32,46,9,3,5,10,18,0.1,0.30000000000000004
472,8,CLF_UNION,19,21,55,32,56,9,3,5,10,18,0.1,0.30000000000000004
473,8,ORD-UNION,2,3,5,32,6,9,3,5,10,18,0.1,0.30000000000000004
474,8,CARD,34,9,44,32,46,9,3,5,10,18,0.1,0.30000000000000004
475,8,CLF_UNION,21,23,55,32,55,9,3,5,10,18,0.1,0.30000000000000004
476,8,ORD-UNION,2,0,2,32,2,9,3,5,10,18,0.1,0.30000000000000004
477,8,CARD,29,14,44,32,46,9,3,5,10,18,0.1,0.30000000000000004
478,8,CLF_UNION,20,24,55,32,55,9,3,5,10,18,0.1,0.30000000000000004
479,8,ORD-UNION,1,2,4,32,4,9,3,5,10,18,0.1,0.30000000000000004
480,9,CARD,28,13,43,41,46,9,3,5,10,18,0.1,0.30000000000000004
481,9,CLF_UNION,20,22,55,41,56,9,3,5,10,18,0.1,0.30000000000000004
482,9,ORD-UNION,9,2,12,41,13,9,3,5,10,18,0.1,0.30000000000000004
483,9,CARD,28,12,41,41,46,9,3,5,10,18,0.1,0.30000000000000004
484,9,CLF_UNION,26,16,53,41,56,9,3,5,10,18,0.1,0.30000000000000004
485,9,ORD-UNION,7,1,8,41,11,9,3,5,10,18,0.1,0.30000000000000004
486,9,CARD,20,18,41,41,46,9,3,5,10,18,0.1,0.30000000000000004
487,9,CLF_UNION,15,24,52,41,55,9,3,5,10,18,0.1,0.30000000000000004
488,9,ORD-UNION,7,2,11,41,14,9,3,5,10,18,0.1,0.30000000000000004
489,9,CARD,26,16,43,41,46,9,3,5,10,18,0.1,0.30000000000000004
490,9,CLF_UNION,21,22,55,41,56,9,3,5,10,18,0.1,0.30000000000000004
491,9,ORD-UNION,8,3,12,41,13,9,3,5,10,18,0.1,0.30000000000000004
492,9,CARD,21,19,42,41,47,9,3,5,10,18,0.1,0.30000000000000004
493,9,CLF_UNION,14,29,55,41,56,9,3,5,10,18,0.1,0.30000000000000004
494,9,ORD-UNION,5,2,8,41,9,9,3,5,10,18,0.1,0.30000000000000004
495,10,CARD,29,9,41,49,46,9,3,5,10,18,0.1,0.30000000000000004
496,10,CLF_UNION,30,8,53,49,56,9,3,5,10,18,0.1,0.30000000000000004
497,10,ORD-UNION,7,0,7,49,10,9,3,5,10,18,0.1,0.30000000000000004
498,10,CARD,20,7,31,49,46,9,3,5,10,18,0.1,0.30000000000000004
499,10,CLF_UNION,22,6,44,49,57,9,3,5,10,18,0.1,0.30000000000000004
500,10,ORD-UNION,15,7,24,49,37,9,3,5,10,18,0.1,0.30000000000000004
501,10,CARD,22,15,38,49,46,9,3,5,10,18,0.1,0.30000000000000004
502,10,CLF_UNION,22,16,49,49,55,9,3,5,10,18,0.1,0.30000000000000004
503,10,ORD-UNION,11,3,15,49,21,9,3,5,10,18,0.1,0.30000000000000004
504,10,CARD,19,7,29,49,48,9,3,5,10,18,0.1,0.30000000000000004
505,10,CLF_UNION,17,10,43,49,56,9,3,5,10,18,0.1,0.30000000000000004
506,10,ORD-UNION,7,4,11,49,24,9,3,5,10,18,0.1,0.30000000000000004
507,10,CARD,28,6,38,49,47,9,3,5,10,18,0.1,0.30000000000000004
508,10,CLF_UNION,20,16,50,49,55,9,3,5,10,18,0.1,0.30000000000000004
509,10,ORD-UNION,6,4,12,49,17,9,3,5,10,18,0.1,0.30000000000000004
510,11,CARD,20,11,36,60,47,9,3,5,10,18,0.1,0.30000000000000004
511,11,CLF_UNION,17,16,51,60,58,9,3,5,10,18,0.1,0.30000000000000004
512,11,ORD-UNION,9,5,15,60,22,9,3,5,10,18,0.1,0.30000000000000004
513,11,CARD,26,5,35,60,46,9,3,5,10,18,0.1,0.30000000000000004
514,11,CLF_UNION,26,7,48,60,57,9,3,5,10,18,0.1,0.30000000000000004
515,11,ORD-UNION,23,0,24,60,33,9,3,5,10,18,0.1,0.30000000000000004
516,11,CARD,27,12,41,60,46,9,3,5,10,18,0.1,0.30000000000000004
517,11,CLF_UNION,28,13,53,60,56,9,3,5,10,18,0.1,0.30000000000000004
518,11,ORD-UNION,20,4,25,60,28,9,3,5,10,18,0.1,0.30000000000000004
519,11,CARD,17,14,35,60,46,9,3,5,10,18,0.1,0.30000000000000004
520,11,CLF_UNION,22,9,48,60,57,9,3,5,10,18,0.1,0.30000000000000004
521,11,ORD-UNION,7,11,19,60,28,9,3,5,10,18,0.1,0.30000000000000004
522,11,CARD,20,18,38,60,47,9,3,5,10,18,0.1,0.30000000000000004
523,11,CLF_UNION,24,16,51,60,56,9,3,5,10,18,0.1,0.30000000000000004
524,11,ORD-UNION,14,10,24,60,29,9,3,5,10,18,0.1,0.30000000000000004
525,12,CARD,33,0,34,72,47,9,3,5,10,18,0.1,0.30000000000000004
526,12,CLF_UNION,35,1,48,72,57,9,3,5,10,18,0.1,0.30000000000000004
527,12,ORD-UNION,30,0,30,72,39,9,3,5,10,18,0.1,0.30000000000000004
528,12,CARD,18,15,34,72,47,9,3,5,10,18,0.1,0.30000000000000004
529,12,CLF_UNION,22,12,46,72,55,9,3,5,10,18,0.1,0.30000000000000004
530,12,ORD-UNION,15,12,27,72,36,9,3,5,10,18,0.1,0.30000000000000004
531,12,CARD,20,6,30,72,46,9,3,5,10,18,0.1,0.30000000000000004
532,12,CLF_UNION,24,5,43,72,57,9,3,5,10,18,0.1,0.30000000000000004
533,12,ORD-UNION,15,3,20,72,34,9,3,5,10,18,0.1,0.30000000000000004
534,12,CARD,27,6,40,72,47,9,3,5,10,18,0.1,0.30000000000000004
535,12,CLF_UNION,30,5,53,72,56,9,3,5,10,18,0.1,0.30000000000000004
536,12,ORD-UNION,24,5,33,72,36,9,3,5,10,18,0.1,0.30000000000000004
537,12,CARD,26,10,38,72,46,9,3,5,10,18,0.1,0.30000000000000004
538,12,CLF_UNION,30,7,49,72,55,9,3,5,10,18,0.1,0.30000000000000004
539,12,ORD-UNION,17,5,23,72,29,9,3,5,10,18,0.1,0.30000000000000004
