,budget,model,correct,wrong,total,n_pref_input,n_pref_output,theta_size,theta_additivity,n_items,n_test_subsets,n_tiers,alpha,p
0,1,CARD,8,11,25,1,65,28,5,5,10,12,0.7000000000000001,0.30000000000000004
1,1,CLF_UNION,35,17,73,1,73,28,5,5,10,12,0.7000000000000001,0.30000000000000004
2,1,ORD-UNION,0,0,0,1,0,28,5,5,10,12,0.7000000000000001,0.30000000000000004
3,1,CARD,13,8,24,1,66,28,5,5,10,12,0.7000000000000001,0.30000000000000004
4,1,CLF_UNION,37,13,65,1,65,28,5,5,10,12,0.7000000000000001,0.30000000000000004
5,1,ORD-UNION,0,0,0,1,0,28,5,5,10,12,0.7000000000000001,0.30000000000000004
6,1,CARD,3,16,21,1,69,28,5,5,10,12,0.7000000000000001,0.30000000000000004
7,1,CLF_UNION,30,20,67,1,67,28,5,5,10,12,0.7000000000000001,0.30000000000000004
8,1,ORD-UNION,0,0,0,1,0,28,5,5,10,12,0.7000000000000001,0.30000000000000004
9,1,CARD,17,2,25,1,65,28,5,5,10,12,0.7000000000000001,0.30000000000000004
10,1,CLF_UNION,27,22,73,1,73,28,5,5,10,12,0.7000000000000001,0.30000000000000004
11,1,ORD-UNION,0,0,0,1,0,28,5,5,10,12,0.7000000000000001,0.30000000000000004
12,1,CARD,12,10,25,1,65,28,5,5,10,12,0.7000000000000001,0.30000000000000004
13,1,CLF_UNION,32,16,65,1,65,28,5,5,10,12,0.7000000000000001,0.30000000000000004
14,1,ORD-UNION,0,0,0,1,0,28,5,5,10,12,0.7000000000000001,0.30000000000000004
15,2,CARD,26,7,35,3,55,28,5,5,10,12,0.7000000000000001,0.30000000000000004
16,2,CLF_UNION,38,12,62,3,62,28,5,5,10,12,0.7000000000000001,0.30000000000000004
17,2,ORD-UNION,0,0,0,3,0,28,5,5,10,12,0.7000000000000001,0.30000000000000004
18,2,CARD,27,8,37,3,53,28,5,5,10,12,0.7000000000000001,0.30000000000000004
19,2,CLF_UNION,34,13,60,3,60,28,5,5,10,12,0.7000000000000001,0.30000000000000004
20,2,ORD-UNION,0,0,0,3,0,28,5,5,10,12,0.7000000000000001,0.30000000000000004
21,2,CARD,26,8,36,3,54,28,5,5,10,12,0.7000000000000001,0.30000000000000004
22,2,CLF_UNION,36,10,60,3,60,28,5,5,10,12,0.7000000000000001,0.30000000000000004
23,2,ORD-UNION,0,0,0,3,0,28,5,5,10,12,0.7000000000000001,0.30000000000000004
24,2,CARD,24,5,33,3,57,28,5,5,10,12,0.7000000000000001,0.30000000000000004
25,2,CLF_UNION,34,8,59,3,59,28,5,5,10,12,0.7000000000000001,0.30000000000000004
26,2,ORD-UNION,0,0,0,3,0,28,5,5,10,12,0.7000000000000001,0.30000000000000004
27,2,CARD,18,12,35,3,55,28,5,5,10,12,0.7000000000000001,0.30000000000000004
28,2,CLF_UNION,33,8,58,3,58,28,5,5,10,12,0.7000000000000001,0.30000000000000004
29,2,ORD-UNION,0,0,0,3,0,28,5,5,10,12,0.7000000000000001,0.30000000000000004
30,3,CARD,28,1,34,6,56,28,5,5,10,12,0.7000000000000001,0.30000000000000004
31,3,CLF_UNION,37,3,56,6,56,28,5,5,10,12,0.7000000000000001,0.30000000000000004
32,3,ORD-UNION,0,0,0,6,0,28,5,5,10,12,0.7000000000000001,0.30000000000000004
33,3,CARD,27,5,38,6,52,28,5,5,10,12,0.7000000000000001,0.30000000000000004
34,3,CLF_UNION,31,8,57,6,57,28,5,5,10,12,0.7000000000000001,0.30000000000000004
35,3,ORD-UNION,0,0,0,6,0,28,5,5,10,12,0.7000000000000001,0.30000000000000004
36,3,CARD,30,0,39,6,51,28,5,5,10,12,0.7000000000000001,0.30000000000000004
37,3,CLF_UNION,32,3,56,6,56,28,5,5,10,12,0.7000000000000001,0.30000000000000004
38,3,ORD-UNION,0,0,0,6,0,28,5,5,10,12,0.7000000000000001,0.30000000000000004
39,3,CARD,29,7,40,6,50,28,5,5,10,12,0.7000000000000001,0.30000000000000004
40,3,CLF_UNION,32,8,56,6,56,28,5,5,10,12,0.7000000000000001,0.30000000000000004
41,3,ORD-UNION,0,0,0,6,0,28,5,5,10,12,0.7000000000000001,0.30000000000000004
42,3,CARD,20,13,37,6,53,28,5,5,10,12,0.7000000000000001,0.30000000000000004
43,3,CLF_UNION,30,11,57,6,57,28,5,5,10,12,0.7000000000000001,0.30000000000000004
44,3,ORD-UNION,0,0,0,6,0,28,5,5,10,12,0.7000000000000001,0.30000000000000004
45,4,CARD,27,6,41,9,49,28,5,5,10,12,0.7000000000000001,0.30000000000000004
46,4,CLF_UNION,26,10,56,9,56,28,5,5,10,12,0.7000000000000001,0.30000000000000004
47,4,ORD-UNION,0,0,0,9,0,28,5,5,10,12,0.7000000000000001,0.30000000000000004
48,4,CARD,32,7,41,9,46,28,5,5,10,12,0.7000000000000001,0.30000000000000004
49,4,CLF_UNION,34,6,52,9,55,28,5,5,10,12,0.7000000000000001,0.30000000000000004
50,4,ORD-UNION,0,0,0,9,3,28,5,5,10,12,0.7000000000000001,0.30000000000000004
51,4,CARD,28,9,41,9,49,28,5,5,10,12,0.7000000000000001,0.30000000000000004
52,4,CLF_UNION,36,4,55,9,55,28,5,5,10,12,0.7000000000000001,0.30000000000000004
53,4,ORD-UNION,0,0,0,9,0,28,5,5,10,12,0.7000000000000001,0.30000000000000004
54,4,CARD,24,8,41,9,49,28,5,5,10,12,0.7000000000000001,0.30000000000000004
55,4,CLF_UNION,30,6,55,9,55,28,5,5,10,12,0.7000000000000001,0.30000000000000004
56,4,ORD-UNION,0,0,0,9,0,28,5,5,10,12,0.7000000000000001,0.30000000000000004
57,4,CARD,30,7,43,9,47,28,5,5,10,12,0.7000000000000001,0.30000000000000004
58,4,CLF_UNION,33,6,55,9,55,28,5,5,10,12,0.7000000000000001,0.30000000000000004
59,4,ORD-UNION,0,0,0,9,0,28,5,5,10,12,0.7000000000000001,0.30000000000000004
60,5,CARD,21,13,44,13,46,28,5,5,10,12,0.7000000000000001,0.30000000000000004
61,5,CLF_UNION,28,7,55,13,55,28,5,5,10,12,0.7000000000000001,0.30000000000000004
62,5,ORD-UNION,0,0,0,13,0,28,5,5,10,12,0.7000000000000001,0.30000000000000004
63,5,CARD,26,11,40,13,47,28,5,5,10,12,0.7000000000000001,0.30000000000000004
64,5,CLF_UNION,34,5,52,13,55,28,5,5,10,12,0.7000000000000001,0.30000000000000004
65,5,ORD-UNION,0,0,0,13,3,28,5,5,10,12,0.7000000000000001,0.30000000000000004
66,5,CARD,23,18,43,13,47,28,5,5,10,12,0.7000000000000001,0.30000000000000004
67,5,CLF_UNION,36,6,55,13,55,28,5,5,10,12,0.7000000000000001,0.30000000000000004
68,5,ORD-UNION,0,0,0,13,0,28,5,5,10,12,0.7000000000000001,0.30000000000000004
69,5,CARD,21,16,40,13,48,28,5,5,10,12,0.7000000000000001,0.30000000000000004
70,5,CLF_UNION,36,3,53,13,55,28,5,5,10,12,0.7000000000000001,0.30000000000000004
71,5,ORD-UNION,0,0,0,13,2,28,5,5,10,12,0.7000000000000001,0.30000000000000004
72,5,CARD,23,16,42,13,47,28,5,5,10,12,0.7000000000000001,0.30000000000000004
73,5,CLF_UNION,35,5,54,13,55,28,5,5,10,12,0.7000000000000001,0.30000000000000004
74,5,ORD-UNION,0,0,0,13,1,28,5,5,10,12,0.7000000000000001,0.30000000000000004
75,6,CARD,26,8,40,19,49,28,5,5,10,12,0.7000000000000001,0.30000000000000004
76,6,CLF_UNION,34,4,54,19,55,28,5,5,10,12,0.7000000000000001,0.30000000000000004
77,6,ORD-UNION,0,0,0,19,1,28,5,5,10,12,0.7000000000000001,0.30000000000000004
78,6,CARD,31,6,42,19,48,28,5,5,10,12,0.7000000000000001,0.30000000000000004
79,6,CLF_UNION,36,4,55,19,55,28,5,5,10,12,0.7000000000000001,0.30000000000000004
80,6,ORD-UNION,0,0,0,19,0,28,5,5,10,12,0.7000000000000001,0.30000000000000004
81,6,CARD,33,4,39,19,48,28,5,5,10,12,0.7000000000000001,0.30000000000000004
82,6,CLF_UNION,38,1,52,19,55,28,5,5,10,12,0.7000000000000001,0.30000000000000004
83,6,ORD-UNION,0,0,0,19,3,28,5,5,10,12,0.7000000000000001,0.30000000000000004
84,6,CARD,32,7,42,19,48,28,5,5,10,12,0.7000000000000001,0.30000000000000004
85,6,CLF_UNION,41,1,55,19,55,28,5,5,10,12,0.7000000000000001,0.30000000000000004
86,6,ORD-UNION,0,0,0,19,0,28,5,5,10,12,0.7000000000000001,0.30000000000000004
87,6,CARD,31,5,45,19,45,28,5,5,10,12,0.7000000000000001,0.30000000000000004
88,6,CLF_UNION,36,0,55,19,55,28,5,5,10,12,0.7000000000000001,0.30000000000000004
89,6,ORD-UNION,0,0,0,19,0,28,5,5,10,12,0.7000000000000001,0.30000000000000004
90,7,CARD,27,7,37,24,52,28,5,5,10,12,0.7000000000000001,0.30000000000000004
91,7,CLF_UNION,38,3,54,24,55,28,5,5,10,12,0.7000000000000001,0.30000000000000004
92,7,ORD-UNION,0,0,0,24,1,28,5,5,10,12,0.7000000000000001,0.30000000000000004
93,7,CARD,23,10,37,24,52,28,5,5,10,12,0.7000000000000001,0.30000000000000004
94,7,CLF_UNION,37,3,54,24,55,28,5,5,10,12,0.7000000000000001,0.30000000000000004
95,7,ORD-UNION,0,0,0,24,1,28,5,5,10,12,0.7000000000000001,0.30000000000000004
96,7,CARD,24,9,37,24,48,28,5,5,10,12,0.7000000000000001,0.30000000000000004
97,7,CLF_UNION,33,2,51,24,56,28,5,5,10,12,0.7000000000000001,0.30000000000000004
98,7,ORD-UNION,0,0,0,24,5,28,5,5,10,12,0.7000000000000001,0.30000000000000004
99,7,CARD,15,11,32,24,55,28,5,5,10,12,0.7000000000000001,0.30000000000000004
100,7,CLF_UNION,30,3,55,24,58,28,5,5,10,12,0.7000000000000001,0.30000000000000004
101,7,ORD-UNION,0,0,0,24,3,28,5,5,10,12,0.7000000000000001,0.30000000000000004
102,7,CARD,24,11,39,24,50,28,5,5,10,12,0.7000000000000001,0.30000000000000004
103,7,CLF_UNION,36,4,54,24,55,28,5,5,10,12,0.7000000000000001,0.30000000000000004
104,7,ORD-UNION,0,0,0,24,1,28,5,5,10,12,0.7000000000000001,0.30000000000000004
105,8,CARD,23,2,31,32,50,28,5,5,10,12,0.7000000000000001,0.30000000000000004
106,8,CLF_UNION,29,0,46,32,55,28,5,5,10,12,0.7000000000000001,0.30000000000000004
107,8,ORD-UNION,0,0,0,32,9,28,5,5,10,12,0.7000000000000001,0.30000000000000004
108,8,CARD,24,7,37,32,48,28,5,5,10,12,0.7000000000000001,0.30000000000000004
109,8,CLF_UNION,30,3,50,32,55,28,5,5,10,12,0.7000000000000001,0.30000000000000004
110,8,ORD-UNION,0,0,0,32,5,28,5,5,10,12,0.7000000000000001,0.30000000000000004
111,8,CARD,23,15,41,32,49,28,5,5,10,12,0.7000000000000001,0.30000000000000004
112,8,CLF_UNION,37,5,55,32,55,28,5,5,10,12,0.7000000000000001,0.30000000000000004
113,8,ORD-UNION,0,0,0,32,0,28,5,5,10,12,0.7000000000000001,0.30000000000000004
114,8,CARD,20,9,33,32,48,28,5,5,10,12,0.7000000000000001,0.30000000000000004
115,8,CLF_UNION,28,3,46,32,55,28,5,5,10,12,0.7000000000000001,0.30000000000000004
116,8,ORD-UNION,0,0,0,32,9,28,5,5,10,12,0.7000000000000001,0.30000000000000004
117,8,CARD,24,12,39,32,51,28,5,5,10,12,0.7000000000000001,0.30000000000000004
118,8,CLF_UNION,38,1,56,32,56,28,5,5,10,12,0.7000000000000001,0.30000000000000004
119,8,ORD-UNION,0,0,0,32,0,28,5,5,10,12,0.7000000000000001,0.30000000000000004
120,9,CARD,22,3,36,39,50,28,5,5,10,12,0.7000000000000001,0.30000000000000004
121,9,CLF_UNION,26,2,53,39,57,28,5,5,10,12,0.7000000000000001,0.30000000000000004
122,9,ORD-UNION,0,0,0,39,4,28,5,5,10,12,0.7000000000000001,0.30000000000000004
123,9,CARD,33,5,40,39,49,28,5,5,10,12,0.7000000000000001,0.30000000000000004
124,9,CLF_UNION,35,4,54,39,55,28,5,5,10,12,0.7000000000000001,0.30000000000000004
125,9,ORD-UNION,0,0,0,39,1,28,5,5,10,12,0.7000000000000001,0.30000000000000004
126,9,CARD,28,2,32,39,52,28,5,5,10,12,0.7000000000000001,0.30000000000000004
127,9,CLF_UNION,33,0,52,39,58,28,5,5,10,12,0.7000000000000001,0.30000000000000004
128,9,ORD-UNION,0,0,0,39,6,28,5,5,10,12,0.7000000000000001,0.30000000000000004
129,9,CARD,20,0,28,39,55,28,5,5,10,12,0.7000000000000001,0.30000000000000004
130,9,CLF_UNION,25,1,50,39,57,28,5,5,10,12,0.7000000000000001,0.30000000000000004
131,9,ORD-UNION,0,0,0,39,7,28,5,5,10,12,0.7000000000000001,0.30000000000000004
132,9,CARD,24,5,34,39,50,28,5,5,10,12,0.7000000000000001,0.30000000000000004
133,9,CLF_UNION,33,0,49,39,55,28,5,5,10,12,0.7000000000000001,0.30000000000000004
134,9,ORD-UNION,0,0,0,39,6,28,5,5,10,12,0.7000000000000001,0.30000000000000004
135,10,CARD,28,7,39,49,48,28,5,5,10,12,0.7000000000000001,0.30000000000000004
136,10,CLF_UNION,32,5,52,49,55,28,5,5,10,12,0.7000000000000001,0.30000000000000004
137,10,ORD-UNION,0,0,0,49,3,28,5,5,10,12,0.7000000000000001,0.30000000000000004
138,10,CARD,26,5,36,49,49,28,5,5,10,12,0.7000000000000001,0.30000000000000004
139,10,CLF_UNION,34,0,50,49,55,28,5,5,10,12,0.7000000000000001,0.30000000000000004
140,10,ORD-UNION,0,0,0,49,5,28,5,5,10,12,0.7000000000000001,0.30000000000000004
141,10,CARD,33,7,42,49,47,28,5,5,10,12,0.7000000000000001,0.30000000000000004
142,10,CLF_UNION,41,1,54,49,55,28,5,5,10,12,0.7000000000000001,0.30000000000000004
143,10,ORD-UNION,0,0,0,49,1,28,5,5,10,12,0.7000000000000001,0.30000000000000004
144,10,CARD,25,6,34,49,47,28,5,5,10,12,0.7000000000000001,0.30000000000000004
145,10,CLF_UNION,30,2,46,49,55,28,5,5,10,12,0.7000000000000001,0.30000000000000004
146,10,ORD-UNION,0,0,0,49,9,28,5,5,10,12,0.7000000000000001,0.30000000000000004
147,10,CARD,27,11,38,49,47,28,5,5,10,12,0.7000000000000001,0.30000000000000004
148,10,CLF_UNION,38,0,50,49,55,28,5,5,10,12,0.7000000000000001,0.30000000000000004
149,10,ORD-UNION,0,0,0,49,5,28,5,5,10,12,0.7000000000000001,0.30000000000000004
150,11,CARD,27,7,35,59,46,28,5,5,10,12,0.7000000000000001,0.30000000000000004
151,11,CLF_UNION,33,1,47,59,56,28,5,5,10,12,0.7000000000000001,0.30000000000000004
152,11,ORD-UNION,0,0,0,59,9,28,5,5,10,12,0.7000000000000001,0.30000000000000004
153,11,CARD,27,6,38,59,46,28,5,5,10,12,0.7000000000000001,0.30000000000000004
154,11,CLF_UNION,31,3,49,59,55,28,5,5,10,12,0.7000000000000001,0.30000000000000004
155,11,ORD-UNION,0,0,0,59,6,28,5,5,10,12,0.7000000000000001,0.30000000000000004
156,11,CARD,28,4,35,59,50,28,5,5,10,12,0.7000000000000001,0.30000000000000004
157,11,CLF_UNION,35,0,51,59,56,28,5,5,10,12,0.7000000000000001,0.30000000000000004
158,11,ORD-UNION,0,0,0,59,5,28,5,5,10,12,0.7000000000000001,0.30000000000000004
159,11,CARD,25,4,30,59,48,28,5,5,10,12,0.7000000000000001,0.30000000000000004
160,11,CLF_UNION,29,0,46,59,58,28,5,5,10,12,0.7000000000000001,0.30000000000000004
161,11,ORD-UNION,0,0,0,59,12,28,5,5,10,12,0.7000000000000001,0.30000000000000004
162,11,CARD,28,3,36,59,49,28,5,5,10,12,0.7000000000000001,0.30000000000000004
163,11,CLF_UNION,31,3,52,59,57,28,5,5,10,12,0.7000000000000001,0.30000000000000004
164,11,ORD-UNION,0,0,0,59,5,28,5,5,10,12,0.7000000000000001,0.30000000000000004
165,12,CARD,19,7,30,70,46,28,5,5,10,12,0.7000000000000001,0.30000000000000004
166,12,CLF_UNION,25,1,41,70,55,28,5,5,10,12,0.7000000000000001,0.30000000000000004
167,12,ORD-UNION,0,0,0,70,14,28,5,5,10,12,0.7000000000000001,0.30000000000000004
168,12,CARD,30,7,38,70,46,28,5,5,10,12,0.7000000000000001,0.30000000000000004
169,12,CLF_UNION,36,2,49,70,55,28,5,5,10,12,0.7000000000000001,0.30000000000000004
170,12,ORD-UNION,0,0,0,70,6,28,5,5,10,12,0.7000000000000001,0.30000000000000004
171,12,CARD,26,10,40,70,47,28,5,5,10,12,0.7000000000000001,0.30000000000000004
172,12,CLF_UNION,36,1,52,70,55,28,5,5,10,12,0.7000000000000001,0.30000000000000004
173,12,ORD-UNION,0,0,0,70,3,28,5,5,10,12,0.7000000000000001,0.30000000000000004
174,12,CARD,19,8,28,70,51,28,5,5,10,12,0.7000000000000001,0.30000000000000004
175,12,CLF_UNION,27,2,46,70,57,28,5,5,10,12,0.7000000000000001,0.30000000000000004
176,12,ORD-UNION,0,0,0,70,11,28,5,5,10,12,0.7000000000000001,0.30000000000000004
177,12,CARD,31,7,41,70,46,28,5,5,10,12,0.7000000000000001,0.30000000000000004
178,12,CLF_UNION,39,0,52,70,55,28,5,5,10,12,0.7000000000000001,0.30000000000000004
179,12,ORD-UNION,0,0,0,70,3,28,5,5,10,12,0.7000000000000001,0.30000000000000004
180,13,CARD,27,0,31,80,52,28,5,5,10,12,0.7000000000000001,0.30000000000000004
181,13,CLF_UNION,31,0,50,80,57,28,5,5,10,12,0.7000000000000001,0.30000000000000004
182,13,ORD-UNION,0,0,0,80,7,28,5,5,10,12,0.7000000000000001,0.30000000000000004
183,13,CARD,28,4,34,80,47,28,5,5,10,12,0.7000000000000001,0.30000000000000004
184,13,CLF_UNION,31,1,46,80,55,28,5,5,10,12,0.7000000000000001,0.30000000000000004
185,13,ORD-UNION,0,0,0,80,9,28,5,5,10,12,0.7000000000000001,0.30000000000000004
186,13,CARD,21,12,40,80,48,28,5,5,10,12,0.7000000000000001,0.30000000000000004
187,13,CLF_UNION,30,5,54,80,56,28,5,5,10,12,0.7000000000000001,0.30000000000000004
188,13,ORD-UNION,0,0,0,80,2,28,5,5,10,12,0.7000000000000001,0.30000000000000004
189,13,CARD,31,7,43,80,47,28,5,5,10,12,0.7000000000000001,0.30000000000000004
190,13,CLF_UNION,38,1,56,80,56,28,5,5,10,12,0.7000000000000001,0.30000000000000004
191,13,ORD-UNION,0,0,0,80,0,28,5,5,10,12,0.7000000000000001,0.30000000000000004
192,13,CARD,20,10,36,80,49,28,5,5,10,12,0.7000000000000001,0.30000000000000004
193,13,CLF_UNION,28,4,51,80,56,28,5,5,10,12,0.7000000000000001,0.30000000000000004
194,13,ORD-UNION,0,0,0,80,5,28,5,5,10,12,0.7000000000000001,0.30000000000000004
195,14,CARD,25,1,28,94,48,28,5,5,10,12,0.7000000000000001,0.30000000000000004
196,14,CLF_UNION,24,4,42,94,56,28,5,5,10,12,0.7000000000000001,0.30000000000000004
197,14,ORD-UNION,0,0,0,94,14,28,5,5,10,12,0.7000000000000001,0.30000000000000004
198,14,CARD,20,2,23,94,48,28,5,5,10,12,0.7000000000000001,0.30000000000000004
199,14,CLF_UNION,21,1,37,94,56,28,5,5,10,12,0.7000000000000001,0.30000000000000004
200,14,ORD-UNION,0,0,0,94,19,28,5,5,10,12,0.7000000000000001,0.30000000000000004
201,14,CARD,23,8,39,94,48,28,5,5,10,12,0.7000000000000001,0.30000000000000004
202,14,CLF_UNION,24,7,55,94,58,28,5,5,10,12,0.7000000000000001,0.30000000000000004
203,14,ORD-UNION,0,0,0,94,3,28,5,5,10,12,0.7000000000000001,0.30000000000000004
204,14,CARD,31,8,43,94,46,28,5,5,10,12,0.7000000000000001,0.30000000000000004
205,14,CLF_UNION,37,3,54,94,55,28,5,5,10,12,0.7000000000000001,0.30000000000000004
206,14,ORD-UNION,0,0,0,94,1,28,5,5,10,12,0.7000000000000001,0.30000000000000004
207,14,CARD,24,7,34,94,47,28,5,5,10,12,0.7000000000000001,0.30000000000000004
208,14,CLF_UNION,30,1,47,94,56,28,5,5,10,12,0.7000000000000001,0.30000000000000004
209,14,ORD-UNION,0,0,0,94,9,28,5,5,10,12,0.7000000000000001,0.30000000000000004
210,15,CARD,21,5,29,109,47,28,5,5,10,12,0.7000000000000001,0.30000000000000004
211,15,CLF_UNION,27,0,41,109,55,28,5,5,10,12,0.7000000000000001,0.30000000000000004
212,15,ORD-UNION,0,0,0,109,14,28,5,5,10,12,0.7000000000000001,0.30000000000000004
213,15,CARD,36,2,42,109,47,28,5,5,10,12,0.7000000000000001,0.30000000000000004
214,15,CLF_UNION,39,1,54,109,55,28,5,5,10,12,0.7000000000000001,0.30000000000000004
215,15,ORD-UNION,0,0,0,109,1,28,5,5,10,12,0.7000000000000001,0.30000000000000004
216,15,CARD,28,6,38,109,47,28,5,5,10,12,0.7000000000000001,0.30000000000000004
217,15,CLF_UNION,34,0,50,109,55,28,5,5,10,12,0.7000000000000001,0.30000000000000004
218,15,ORD-UNION,0,0,0,109,5,28,5,5,10,12,0.7000000000000001,0.30000000000000004
219,15,CARD,32,2,35,109,48,28,5,5,10,12,0.7000000000000001,0.30000000000000004
220,15,CLF_UNION,33,1,49,109,56,28,5,5,10,12,0.7000000000000001,0.30000000000000004
221,15,ORD-UNION,0,0,0,109,7,28,5,5,10,12,0.7000000000000001,0.30000000000000004
222,15,CARD,29,7,39,109,48,28,5,5,10,12,0.7000000000000001,0.30000000000000004
223,15,CLF_UNION,37,2,52,109,55,28,5,5,10,12,0.7000000000000001,0.30000000000000004
224,15,ORD-UNION,0,0,0,109,3,28,5,5,10,12,0.7000000000000001,0.30000000000000004
225,16,CARD,29,6,37,123,47,28,5,5,10,12,0.7000000000000001,0.30000000000000004
226,16,CLF_UNION,37,0,49,123,55,28,5,5,10,12,0.7000000000000001,0.30000000000000004
227,16,ORD-UNION,0,0,0,123,6,28,5,5,10,12,0.7000000000000001,0.30000000000000004
228,16,CARD,25,6,37,123,47,28,5,5,10,12,0.7000000000000001,0.30000000000000004
229,16,CLF_UNION,32,0,49,123,55,28,5,5,10,12,0.7000000000000001,0.30000000000000004
230,16,ORD-UNION,0,0,0,123,6,28,5,5,10,12,0.7000000000000001,0.30000000000000004
231,16,CARD,19,0,23,123,48,28,5,5,10,12,0.7000000000000001,0.30000000000000004
232,16,CLF_UNION,20,0,36,123,55,28,5,5,10,12,0.7000000000000001,0.30000000000000004
233,16,ORD-UNION,0,0,0,123,19,28,5,5,10,12,0.7000000000000001,0.30000000000000004
234,16,CARD,21,8,32,123,49,28,5,5,10,12,0.7000000000000001,0.30000000000000004
235,16,CLF_UNION,31,0,46,123,55,28,5,5,10,12,0.7000000000000001,0.30000000000000004
236,16,ORD-UNION,0,0,0,123,9,28,5,5,10,12,0.7000000000000001,0.30000000000000004
237,16,CARD,23,8,35,123,52,28,5,5,10,12,0.7000000000000001,0.30000000000000004
238,16,CLF_UNION,31,4,52,123,55,28,5,5,10,12,0.7000000000000001,0.30000000000000004
239,16,ORD-UNION,0,0,0,123,3,28,5,5,10,12,0.7000000000000001,0.30000000000000004
240,17,CARD,22,3,28,140,48,28,5,5,10,12,0.7000000000000001,0.30000000000000004
241,17,CLF_UNION,25,2,41,140,55,28,5,5,10,12,0.7000000000000001,0.30000000000000004
242,17,ORD-UNION,0,0,0,140,14,28,5,5,10,12,0.7000000000000001,0.30000000000000004
243,17,CARD,28,0,33,140,50,28,5,5,10,12,0.7000000000000001,0.30000000000000004
244,17,CLF_UNION,29,0,49,140,56,28,5,5,10,12,0.7000000000000001,0.30000000000000004
245,17,ORD-UNION,0,0,0,140,7,28,5,5,10,12,0.7000000000000001,0.30000000000000004
246,17,CARD,32,0,36,140,48,28,5,5,10,12,0.7000000000000001,0.30000000000000004
247,17,CLF_UNION,34,0,49,140,55,28,5,5,10,12,0.7000000000000001,0.30000000000000004
248,17,ORD-UNION,0,0,0,140,6,28,5,5,10,12,0.7000000000000001,0.30000000000000004
249,17,CARD,13,0,13,140,55,28,5,5,10,12,0.7000000000000001,0.30000000000000004
250,17,CLF_UNION,13,0,34,140,56,28,5,5,10,12,0.7000000000000001,0.30000000000000004
251,17,ORD-UNION,0,0,0,140,22,28,5,5,10,12,0.7000000000000001,0.30000000000000004
252,17,CARD,20,0,21,140,50,28,5,5,10,12,0.7000000000000001,0.30000000000000004
253,17,CLF_UNION,23,0,36,140,55,28,5,5,10,12,0.7000000000000001,0.30000000000000004
254,17,ORD-UNION,0,0,0,140,19,28,5,5,10,12,0.7000000000000001,0.30000000000000004
255,18,CARD,6,0,6,157,52,28,5,5,10,12,0.7000000000000001,0.30000000000000004
256,18,CLF_UNION,9,0,23,157,55,28,5,5,10,12,0.7000000000000001,0.30000000000000004
257,18,ORD-UNION,0,0,0,157,32,28,5,5,10,12,0.7000000000000001,0.30000000000000004
258,18,CARD,25,1,32,157,51,28,5,5,10,12,0.7000000000000001,0.30000000000000004
259,18,CLF_UNION,29,0,48,157,55,28,5,5,10,12,0.7000000000000001,0.30000000000000004
260,18,ORD-UNION,0,0,0,157,7,28,5,5,10,12,0.7000000000000001,0.30000000000000004
261,18,CARD,22,5,29,157,46,28,5,5,10,12,0.7000000000000001,0.30000000000000004
262,18,CLF_UNION,26,2,40,157,55,28,5,5,10,12,0.7000000000000001,0.30000000000000004
263,18,ORD-UNION,0,0,0,157,15,28,5,5,10,12,0.7000000000000001,0.30000000000000004
264,18,CARD,21,4,33,157,49,28,5,5,10,12,0.7000000000000001,0.30000000000000004
265,18,CLF_UNION,27,0,47,157,55,28,5,5,10,12,0.7000000000000001,0.30000000000000004
266,18,ORD-UNION,0,0,0,157,8,28,5,5,10,12,0.7000000000000001,0.30000000000000004
267,18,CARD,26,5,40,157,49,28,5,5,10,12,0.7000000000000001,0.30000000000000004
268,18,CLF_UNION,35,0,54,157,55,28,5,5,10,12,0.7000000000000001,0.30000000000000004
269,18,ORD-UNION,0,0,0,157,1,28,5,5,10,12,0.7000000000000001,0.30000000000000004
270,19,CARD,12,2,17,175,47,28,5,5,10,12,0.7000000000000001,0.30000000000000004
271,19,CLF_UNION,14,0,30,175,56,28,5,5,10,12,0.7000000000000001,0.30000000000000004
272,19,ORD-UNION,0,0,0,175,26,28,5,5,10,12,0.7000000000000001,0.30000000000000004
273,19,CARD,20,8,35,175,45,28,5,5,10,12,0.7000000000000001,0.30000000000000004
274,19,CLF_UNION,27,1,45,175,55,28,5,5,10,12,0.7000000000000001,0.30000000000000004
275,19,ORD-UNION,0,0,0,175,10,28,5,5,10,12,0.7000000000000001,0.30000000000000004
276,19,CARD,12,5,17,175,50,28,5,5,10,12,0.7000000000000001,0.30000000000000004
277,19,CLF_UNION,17,0,32,175,55,28,5,5,10,12,0.7000000000000001,0.30000000000000004
278,19,ORD-UNION,0,0,0,175,23,28,5,5,10,12,0.7000000000000001,0.30000000000000004
279,19,CARD,13,8,24,175,46,28,5,5,10,12,0.7000000000000001,0.30000000000000004
280,19,CLF_UNION,21,0,35,175,55,28,5,5,10,12,0.7000000000000001,0.30000000000000004
281,19,ORD-UNION,0,0,0,175,20,28,5,5,10,12,0.7000000000000001,0.30000000000000004
282,19,CARD,10,3,17,175,47,28,5,5,10,12,0.7000000000000001,0.30000000000000004
283,19,CLF_UNION,12,1,29,175,55,28,5,5,10,12,0.7000000000000001,0.30000000000000004
284,19,ORD-UNION,0,0,0,175,26,28,5,5,10,12,0.7000000000000001,0.30000000000000004
285,20,CARD,17,2,24,191,47,28,5,5,10,12,0.7000000000000001,0.30000000000000004
286,20,CLF_UNION,18,1,36,191,55,28,5,5,10,12,0.7000000000000001,0.30000000000000004
287,20,ORD-UNION,0,0,0,191,19,28,5,5,10,12,0.7000000000000001,0.30000000000000004
288,20,CARD,23,8,35,191,46,28,5,5,10,12,0.7000000000000001,0.30000000000000004
289,20,CLF_UNION,31,0,46,191,55,28,5,5,10,12,0.7000000000000001,0.30000000000000004
290,20,ORD-UNION,0,0,0,191,9,28,5,5,10,12,0.7000000000000001,0.30000000000000004
291,20,CARD,20,9,33,191,48,28,5,5,10,12,0.7000000000000001,0.30000000000000004
292,20,CLF_UNION,28,2,46,191,55,28,5,5,10,12,0.7000000000000001,0.30000000000000004
293,20,ORD-UNION,0,0,0,191,9,28,5,5,10,12,0.7000000000000001,0.30000000000000004
294,20,CARD,16,8,27,191,49,28,5,5,10,12,0.7000000000000001,0.30000000000000004
295,20,CLF_UNION,25,1,42,191,56,28,5,5,10,12,0.7000000000000001,0.30000000000000004
296,20,ORD-UNION,0,0,0,191,14,28,5,5,10,12,0.7000000000000001,0.30000000000000004
297,20,CARD,5,4,9,191,49,28,5,5,10,12,0.7000000000000001,0.30000000000000004
298,20,CLF_UNION,5,4,23,191,55,28,5,5,10,12,0.7000000000000001,0.30000000000000004
299,20,ORD-UNION,0,0,0,191,32,28,5,5,10,12,0.7000000000000001,0.30000000000000004
300,21,CARD,14,5,23,211,49,28,5,5,10,12,0.7000000000000001,0.30000000000000004
301,21,CLF_UNION,17,3,40,211,58,28,5,5,10,12,0.7000000000000001,0.30000000000000004
302,21,ORD-UNION,0,0,0,211,18,28,5,5,10,12,0.7000000000000001,0.30000000000000004
303,21,CARD,15,6,24,211,46,28,5,5,10,12,0.7000000000000001,0.30000000000000004
304,21,CLF_UNION,20,1,35,211,55,28,5,5,10,12,0.7000000000000001,0.30000000000000004
305,21,ORD-UNION,0,0,0,211,20,28,5,5,10,12,0.7000000000000001,0.30000000000000004
306,21,CARD,6,0,9,211,49,28,5,5,10,12,0.7000000000000001,0.30000000000000004
307,21,CLF_UNION,6,0,27,211,59,28,5,5,10,12,0.7000000000000001,0.30000000000000004
308,21,ORD-UNION,0,0,0,211,32,28,5,5,10,12,0.7000000000000001,0.30000000000000004
309,21,CARD,15,8,24,211,46,28,5,5,10,12,0.7000000000000001,0.30000000000000004
310,21,CLF_UNION,21,2,35,211,55,28,5,5,10,12,0.7000000000000001,0.30000000000000004
311,21,ORD-UNION,0,0,0,211,20,28,5,5,10,12,0.7000000000000001,0.30000000000000004
312,21,CARD,11,3,16,211,47,28,5,5,10,12,0.7000000000000001,0.30000000000000004
313,21,CLF_UNION,13,2,28,211,55,28,5,5,10,12,0.7000000000000001,0.30000000000000004
314,21,ORD-UNION,0,0,0,211,27,28,5,5,10,12,0.7000000000000001,0.30000000000000004
315,22,CARD,22,3,29,232,48,28,5,5,10,12,0.7000000000000001,0.30000000000000004
316,22,CLF_UNION,26,0,43,232,56,28,5,5,10,12,0.7000000000000001,0.30000000000000004
317,22,ORD-UNION,0,0,0,232,13,28,5,5,10,12,0.7000000000000001,0.30000000000000004
318,22,CARD,11,4,16,232,47,28,5,5,10,12,0.7000000000000001,0.30000000000000004
319,22,CLF_UNION,12,4,29,232,56,28,5,5,10,12,0.7000000000000001,0.30000000000000004
320,22,ORD-UNION,0,0,0,232,27,28,5,5,10,12,0.7000000000000001,0.30000000000000004
321,22,CARD,8,5,15,232,49,28,5,5,10,12,0.7000000000000001,0.30000000000000004
322,22,CLF_UNION,14,1,31,232,57,28,5,5,10,12,0.7000000000000001,0.30000000000000004
323,22,ORD-UNION,0,0,0,232,26,28,5,5,10,12,0.7000000000000001,0.30000000000000004
324,22,CARD,25,2,29,232,47,28,5,5,10,12,0.7000000000000001,0.30000000000000004
325,22,CLF_UNION,26,2,42,232,56,28,5,5,10,12,0.7000000000000001,0.30000000000000004
326,22,ORD-UNION,0,0,0,232,14,28,5,5,10,12,0.7000000000000001,0.30000000000000004
327,22,CARD,15,3,21,232,50,28,5,5,10,12,0.7000000000000001,0.30000000000000004
328,22,CLF_UNION,17,4,38,232,57,28,5,5,10,12,0.7000000000000001,0.30000000000000004
329,22,ORD-UNION,0,0,0,232,19,28,5,5,10,12,0.7000000000000001,0.30000000000000004
330,23,CARD,13,12,29,252,47,28,5,5,10,12,0.7000000000000001,0.30000000000000004
331,23,CLF_UNION,24,1,41,252,55,28,5,5,10,12,0.7000000000000001,0.30000000000000004
332,23,ORD-UNION,0,0,0,252,14,28,5,5,10,12,0.7000000000000001,0.30000000000000004
333,23,CARD,11,14,28,252,49,28,5,5,10,12,0.7000000000000001,0.30000000000000004
334,23,CLF_UNION,24,3,43,252,56,28,5,5,10,12,0.7000000000000001,0.30000000000000004
335,23,ORD-UNION,0,0,0,252,13,28,5,5,10,12,0.7000000000000001,0.30000000000000004
336,23,CARD,0,0,0,252,48,28,5,5,10,12,0.7000000000000001,0.30000000000000004
337,23,CLF_UNION,0,0,13,252,55,28,5,5,10,12,0.7000000000000001,0.30000000000000004
338,23,ORD-UNION,0,0,0,252,42,28,5,5,10,12,0.7000000000000001,0.30000000000000004
339,23,CARD,10,6,17,252,48,28,5,5,10,12,0.7000000000000001,0.30000000000000004
340,23,CLF_UNION,16,0,30,252,55,28,5,5,10,12,0.7000000000000001,0.30000000000000004
341,23,ORD-UNION,0,0,0,252,25,28,5,5,10,12,0.7000000000000001,0.30000000000000004
342,23,CARD,8,5,17,252,48,28,5,5,10,12,0.7000000000000001,0.30000000000000004
343,23,CLF_UNION,12,1,31,252,56,28,5,5,10,12,0.7000000000000001,0.30000000000000004
344,23,ORD-UNION,0,0,0,252,25,28,5,5,10,12,0.7000000000000001,0.30000000000000004
345,24,CARD,7,0,9,276,47,28,5,5,10,12,0.7000000000000001,0.30000000000000004
346,24,CLF_UNION,7,0,22,276,56,28,5,5,10,12,0.7000000000000001,0.30000000000000004
347,24,ORD-UNION,0,0,0,276,34,28,5,5,10,12,0.7000000000000001,0.30000000000000004
348,24,CARD,6,1,9,276,48,28,5,5,10,12,0.7000000000000001,0.30000000000000004
349,24,CLF_UNION,7,0,23,276,56,28,5,5,10,12,0.7000000000000001,0.30000000000000004
350,24,ORD-UNION,0,0,0,276,33,28,5,5,10,12,0.7000000000000001,0.30000000000000004
351,24,CARD,5,1,7,276,49,28,5,5,10,12,0.7000000000000001,0.30000000000000004
352,24,CLF_UNION,8,0,22,276,56,28,5,5,10,12,0.7000000000000001,0.30000000000000004
353,24,ORD-UNION,0,0,0,276,34,28,5,5,10,12,0.7000000000000001,0.30000000000000004
354,24,CARD,11,5,17,276,48,28,5,5,10,12,0.7000000000000001,0.30000000000000004
355,24,CLF_UNION,16,0,32,276,57,28,5,5,10,12,0.7000000000000001,0.30000000000000004
356,24,ORD-UNION,0,0,0,276,25,28,5,5,10,12,0.7000000000000001,0.30000000000000004
357,24,CARD,16,2,24,276,46,28,5,5,10,12,0.7000000000000001,0.30000000000000004
358,24,CLF_UNION,17,1,36,276,56,28,5,5,10,12,0.7000000000000001,0.30000000000000004
359,24,ORD-UNION,0,0,0,276,20,28,5,5,10,12,0.7000000000000001,0.30000000000000004
360,1,CARD,10,11,24,1,66,28,5,5,10,12,0.7000000000000001,0.30000000000000004
361,1,CLF_UNION,26,25,65,1,65,28,5,5,10,12,0.7000000000000001,0.30000000000000004
362,1,ORD-UNION,0,0,0,1,0,28,5,5,10,12,0.7000000000000001,0.30000000000000004
363,1,CARD,6,15,21,1,69,28,5,5,10,12,0.7000000000000001,0.30000000000000004
364,1,CLF_UNION,23,32,67,1,67,28,5,5,10,12,0.7000000000000001,0.30000000000000004
365,1,ORD-UNION,0,0,0,1,0,28,5,5,10,12,0.7000000000000001,0.30000000000000004
366,1,CARD,18,2,24,1,66,28,5,5,10,12,0.7000000000000001,0.30000000000000004
367,1,CLF_UNION,33,14,64,1,64,28,5,5,10,12,0.7000000000000001,0.30000000000000004
368,1,ORD-UNION,0,0,0,1,0,28,5,5,10,12,0.7000000000000001,0.30000000000000004
369,1,CARD,8,11,21,1,69,28,5,5,10,12,0.7000000000000001,0.30000000000000004
370,1,CLF_UNION,28,30,71,1,71,28,5,5,10,12,0.7000000000000001,0.30000000000000004
371,1,ORD-UNION,0,0,0,1,0,28,5,5,10,12,0.7000000000000001,0.30000000000000004
372,1,CARD,17,5,25,1,65,28,5,5,10,12,0.7000000000000001,0.30000000000000004
373,1,CLF_UNION,26,23,64,1,64,28,5,5,10,12,0.7000000000000001,0.30000000000000004
374,1,ORD-UNION,0,0,0,1,0,28,5,5,10,12,0.7000000000000001,0.30000000000000004
375,2,CARD,16,17,36,3,54,28,5,5,10,12,0.7000000000000001,0.30000000000000004
376,2,CLF_UNION,27,22,64,3,64,28,5,5,10,12,0.7000000000000001,0.30000000000000004
377,2,ORD-UNION,0,0,0,3,0,28,5,5,10,12,0.7000000000000001,0.30000000000000004
378,2,CARD,18,12,35,3,55,28,5,5,10,12,0.7000000000000001,0.30000000000000004
379,2,CLF_UNION,24,21,60,3,60,28,5,5,10,12,0.7000000000000001,0.30000000000000004
380,2,ORD-UNION,0,0,0,3,0,28,5,5,10,12,0.7000000000000001,0.30000000000000004
381,2,CARD,24,8,34,3,55,28,5,5,10,12,0.7000000000000001,0.30000000000000004
382,2,CLF_UNION,25,21,58,3,59,28,5,5,10,12,0.7000000000000001,0.30000000000000004
383,2,ORD-UNION,0,0,0,3,1,28,5,5,10,12,0.7000000000000001,0.30000000000000004
384,2,CARD,11,20,35,3,55,28,5,5,10,12,0.7000000000000001,0.30000000000000004
385,2,CLF_UNION,23,24,62,3,62,28,5,5,10,12,0.7000000000000001,0.30000000000000004
386,2,ORD-UNION,0,0,0,3,0,28,5,5,10,12,0.7000000000000001,0.30000000000000004
387,2,CARD,10,20,35,3,55,28,5,5,10,12,0.7000000000000001,0.30000000000000004
388,2,CLF_UNION,19,27,61,3,61,28,5,5,10,12,0.7000000000000001,0.30000000000000004
389,2,ORD-UNION,0,0,0,3,0,28,5,5,10,12,0.7000000000000001,0.30000000000000004
390,3,CARD,13,17,32,6,58,28,5,5,10,12,0.7000000000000001,0.30000000000000004
391,3,CLF_UNION,18,26,59,6,59,28,5,5,10,12,0.7000000000000001,0.30000000000000004
392,3,ORD-UNION,0,0,0,6,0,28,5,5,10,12,0.7000000000000001,0.30000000000000004
393,3,CARD,15,18,37,6,53,28,5,5,10,12,0.7000000000000001,0.30000000000000004
394,3,CLF_UNION,22,21,57,6,57,28,5,5,10,12,0.7000000000000001,0.30000000000000004
395,3,ORD-UNION,0,0,0,6,0,28,5,5,10,12,0.7000000000000001,0.30000000000000004
396,3,CARD,15,16,37,6,52,28,5,5,10,12,0.7000000000000001,0.30000000000000004
397,3,CLF_UNION,19,20,55,6,56,28,5,5,10,12,0.7000000000000001,0.30000000000000004
398,3,ORD-UNION,0,0,0,6,1,28,5,5,10,12,0.7000000000000001,0.30000000000000004
399,3,CARD,17,15,39,6,51,28,5,5,10,12,0.7000000000000001,0.30000000000000004
400,3,CLF_UNION,16,26,59,6,59,28,5,5,10,12,0.7000000000000001,0.30000000000000004
401,3,ORD-UNION,0,0,0,6,0,28,5,5,10,12,0.7000000000000001,0.30000000000000004
402,3,CARD,21,9,33,6,56,28,5,5,10,12,0.7000000000000001,0.30000000000000004
403,3,CLF_UNION,16,26,55,6,56,28,5,5,10,12,0.7000000000000001,0.30000000000000004
404,3,ORD-UNION,0,0,0,6,1,28,5,5,10,12,0.7000000000000001,0.30000000000000004
405,4,CARD,13,14,35,10,54,28,5,5,10,12,0.7000000000000001,0.30000000000000004
406,4,CLF_UNION,13,22,55,10,56,28,5,5,10,12,0.7000000000000001,0.30000000000000004
407,4,ORD-UNION,0,0,0,10,1,28,5,5,10,12,0.7000000000000001,0.30000000000000004
408,4,CARD,30,7,40,10,50,28,5,5,10,12,0.7000000000000001,0.30000000000000004
409,4,CLF_UNION,30,11,55,10,55,28,5,5,10,12,0.7000000000000001,0.30000000000000004
410,4,ORD-UNION,0,0,0,10,0,28,5,5,10,12,0.7000000000000001,0.30000000000000004
411,4,CARD,24,10,39,10,48,28,5,5,10,12,0.7000000000000001,0.30000000000000004
412,4,CLF_UNION,25,12,52,10,55,28,5,5,10,12,0.7000000000000001,0.30000000000000004
413,4,ORD-UNION,0,0,0,10,3,28,5,5,10,12,0.7000000000000001,0.30000000000000004
414,4,CARD,21,13,40,10,50,28,5,5,10,12,0.7000000000000001,0.30000000000000004
415,4,CLF_UNION,24,18,59,10,59,28,5,5,10,12,0.7000000000000001,0.30000000000000004
416,4,ORD-UNION,0,0,0,10,0,28,5,5,10,12,0.7000000000000001,0.30000000000000004
417,4,CARD,17,19,39,10,50,28,5,5,10,12,0.7000000000000001,0.30000000000000004
418,4,CLF_UNION,17,23,54,10,55,28,5,5,10,12,0.7000000000000001,0.30000000000000004
419,4,ORD-UNION,0,0,0,10,1,28,5,5,10,12,0.7000000000000001,0.30000000000000004
420,5,CARD,22,11,36,14,48,28,5,5,10,12,0.7000000000000001,0.30000000000000004
421,5,CLF_UNION,22,14,49,14,55,28,5,5,10,12,0.7000000000000001,0.30000000000000004
422,5,ORD-UNION,0,0,0,14,6,28,5,5,10,12,0.7000000000000001,0.30000000000000004
423,5,CARD,16,19,40,14,49,28,5,5,10,12,0.7000000000000001,0.30000000000000004
424,5,CLF_UNION,18,21,54,14,55,28,5,5,10,12,0.7000000000000001,0.30000000000000004
425,5,ORD-UNION,0,0,0,14,1,28,5,5,10,12,0.7000000000000001,0.30000000000000004
426,5,CARD,15,19,35,14,52,28,5,5,10,12,0.7000000000000001,0.30000000000000004
427,5,CLF_UNION,18,24,53,14,56,28,5,5,10,12,0.7000000000000001,0.30000000000000004
428,5,ORD-UNION,0,0,0,14,3,28,5,5,10,12,0.7000000000000001,0.30000000000000004
429,5,CARD,16,22,38,14,52,28,5,5,10,12,0.7000000000000001,0.30000000000000004
430,5,CLF_UNION,22,24,56,14,56,28,5,5,10,12,0.7000000000000001,0.30000000000000004
431,5,ORD-UNION,0,0,0,14,0,28,5,5,10,12,0.7000000000000001,0.30000000000000004
432,5,CARD,11,16,35,14,50,28,5,5,10,12,0.7000000000000001,0.30000000000000004
433,5,CLF_UNION,14,15,51,14,56,28,5,5,10,12,0.7000000000000001,0.30000000000000004
434,5,ORD-UNION,0,0,0,14,5,28,5,5,10,12,0.7000000000000001,0.30000000000000004
435,6,CARD,17,20,38,18,50,28,5,5,10,12,0.7000000000000001,0.30000000000000004
436,6,CLF_UNION,25,16,53,18,55,28,5,5,10,12,0.7000000000000001,0.30000000000000004
437,6,ORD-UNION,0,0,0,18,2,28,5,5,10,12,0.7000000000000001,0.30000000000000004
438,6,CARD,11,24,39,18,51,28,5,5,10,12,0.7000000000000001,0.30000000000000004
439,6,CLF_UNION,14,26,55,18,55,28,5,5,10,12,0.7000000000000001,0.30000000000000004
440,6,ORD-UNION,0,0,0,18,0,28,5,5,10,12,0.7000000000000001,0.30000000000000004
441,6,CARD,18,9,32,18,56,28,5,5,10,12,0.7000000000000001,0.30000000000000004
442,6,CLF_UNION,17,20,54,18,56,28,5,5,10,12,0.7000000000000001,0.30000000000000004
443,6,ORD-UNION,0,0,0,18,2,28,5,5,10,12,0.7000000000000001,0.30000000000000004
444,6,CARD,25,12,40,18,49,28,5,5,10,12,0.7000000000000001,0.30000000000000004
445,6,CLF_UNION,24,16,54,18,55,28,5,5,10,12,0.7000000000000001,0.30000000000000004
446,6,ORD-UNION,0,0,0,18,1,28,5,5,10,12,0.7000000000000001,0.30000000000000004
447,6,CARD,21,9,32,18,53,28,5,5,10,12,0.7000000000000001,0.30000000000000004
448,6,CLF_UNION,22,15,50,18,55,28,5,5,10,12,0.7000000000000001,0.30000000000000004
449,6,ORD-UNION,0,0,0,18,5,28,5,5,10,12,0.7000000000000001,0.30000000000000004
450,7,CARD,19,10,39,24,51,28,5,5,10,12,0.7000000000000001,0.30000000000000004
451,7,CLF_UNION,19,16,55,24,55,28,5,5,10,12,0.7000000000000001,0.30000000000000004
452,7,ORD-UNION,0,0,0,24,0,28,5,5,10,12,0.7000000000000001,0.30000000000000004
453,7,CARD,28,11,42,24,48,28,5,5,10,12,0.7000000000000001,0.30000000000000004
454,7,CLF_UNION,19,23,55,24,55,28,5,5,10,12,0.7000000000000001,0.30000000000000004
455,7,ORD-UNION,0,0,0,24,0,28,5,5,10,12,0.7000000000000001,0.30000000000000004
456,7,CARD,12,18,40,24,50,28,5,5,10,12,0.7000000000000001,0.30000000000000004
457,7,CLF_UNION,11,23,55,24,55,28,5,5,10,12,0.7000000000000001,0.30000000000000004
458,7,ORD-UNION,0,0,0,24,0,28,5,5,10,12,0.7000000000000001,0.30000000000000004
459,7,CARD,17,16,38,24,51,28,5,5,10,12,0.7000000000000001,0.30000000000000004
460,7,CLF_UNION,14,25,55,24,56,28,5,5,10,12,0.7000000000000001,0.30000000000000004
461,7,ORD-UNION,0,0,0,24,1,28,5,5,10,12,0.7000000000000001,0.30000000000000004
462,7,CARD,22,13,37,24,50,28,5,5,10,12,0.7000000000000001,0.30000000000000004
463,7,CLF_UNION,20,20,53,24,56,28,5,5,10,12,0.7000000000000001,0.30000000000000004
464,7,ORD-UNION,0,0,0,24,3,28,5,5,10,12,0.7000000000000001,0.30000000000000004
465,8,CARD,11,20,32,29,57,28,5,5,10,12,0.7000000000000001,0.30000000000000004
466,8,CLF_UNION,15,27,54,29,55,28,5,5,10,12,0.7000000000000001,0.30000000000000004
467,8,ORD-UNION,0,0,0,29,1,28,5,5,10,12,0.7000000000000001,0.30000000000000004
468,8,CARD,25,7,35,29,52,28,5,5,10,12,0.7000000000000001,0.30000000000000004
469,8,CLF_UNION,25,14,52,29,55,28,5,5,10,12,0.7000000000000001,0.30000000000000004
470,8,ORD-UNION,0,0,0,29,3,28,5,5,10,12,0.7000000000000001,0.30000000000000004
471,8,CARD,19,5,30,29,55,28,5,5,10,12,0.7000000000000001,0.30000000000000004
472,8,CLF_UNION,24,9,50,29,55,28,5,5,10,12,0.7000000000000001,0.30000000000000004
473,8,ORD-UNION,0,0,0,29,5,28,5,5,10,12,0.7000000000000001,0.30000000000000004
474,8,CARD,27,7,36,29,49,28,5,5,10,12,0.7000000000000001,0.30000000000000004
475,8,CLF_UNION,26,11,50,29,55,28,5,5,10,12,0.7000000000000001,0.30000000000000004
476,8,ORD-UNION,0,0,0,29,5,28,5,5,10,12,0.7000000000000001,0.30000000000000004
477,8,CARD,22,15,40,29,47,28,5,5,10,12,0.7000000000000001,0.30000000000000004
478,8,CLF_UNION,27,12,52,29,55,28,5,5,10,12,0.7000000000000001,0.30000000000000004
479,8,ORD-UNION,0,0,0,29,3,28,5,5,10,12,0.7000000000000001,0.30000000000000004
480,9,CARD,17,12,38,38,47,28,5,5,10,12,0.7000000000000001,0.30000000000000004
481,9,CLF_UNION,21,9,51,38,56,28,5,5,10,12,0.7000000000000001,0.30000000000000004
482,9,ORD-UNION,0,0,0,38,5,28,5,5,10,12,0.7000000000000001,0.30000000000000004
483,9,CARD,15,22,41,38,49,28,5,5,10,12,0.7000000000000001,0.30000000000000004
484,9,CLF_UNION,15,26,55,38,55,28,5,5,10,12,0.7000000000000001,0.30000000000000004
485,9,ORD-UNION,0,0,0,38,0,28,5,5,10,12,0.7000000000000001,0.30000000000000004
486,9,CARD,22,11,36,38,48,28,5,5,10,12,0.7000000000000001,0.30000000000000004
487,9,CLF_UNION,27,9,49,38,55,28,5,5,10,12,0.7000000000000001,0.30000000000000004
488,9,ORD-UNION,0,0,0,38,6,28,5,5,10,12,0.7000000000000001,0.30000000000000004
489,9,CARD,17,12,34,38,47,28,5,5,10,12,0.7000000000000001,0.30000000000000004
490,9,CLF_UNION,15,15,46,38,55,28,5,5,10,12,0.7000000000000001,0.30000000000000004
491,9,ORD-UNION,0,0,0,38,9,28,5,5,10,12,0.7000000000000001,0.30000000000000004
492,9,CARD,15,20,38,38,47,28,5,5,10,12,0.7000000000000001,0.30000000000000004
493,9,CLF_UNION,21,15,50,38,55,28,5,5,10,12,0.7000000000000001,0.30000000000000004
494,9,ORD-UNION,0,0,0,38,5,28,5,5,10,12,0.7000000000000001,0.30000000000000004
495,10,CARD,26,3,33,48,51,28,5,5,10,12,0.7000000000000001,0.30000000000000004
496,10,CLF_UNION,25,10,49,48,55,28,5,5,10,12,0.7000000000000001,0.30000000000000004
497,10,ORD-UNION,0,0,0,48,6,28,5,5,10,12,0.7000000000000001,0.30000000000000004
498,10,CARD,16,12,33,48,48,28,5,5,10,12,0.7000000000000001,0.30000000000000004
499,10,CLF_UNION,16,14,47,48,56,28,5,5,10,12,0.7000000000000001,0.30000000000000004
500,10,ORD-UNION,0,0,0,48,9,28,5,5,10,12,0.7000000000000001,0.30000000000000004
501,10,CARD,19,4,35,48,50,28,5,5,10,12,0.7000000000000001,0.30000000000000004
502,10,CLF_UNION,20,7,50,48,55,28,5,5,10,12,0.7000000000000001,0.30000000000000004
503,10,ORD-UNION,0,0,0,48,5,28,5,5,10,12,0.7000000000000001,0.30000000000000004
504,10,CARD,19,12,40,48,50,28,5,5,10,12,0.7000000000000001,0.30000000000000004
505,10,CLF_UNION,20,16,55,48,55,28,5,5,10,12,0.7000000000000001,0.30000000000000004
506,10,ORD-UNION,0,0,0,48,0,28,5,5,10,12,0.7000000000000001,0.30000000000000004
507,10,CARD,16,7,26,48,52,28,5,5,10,12,0.7000000000000001,0.30000000000000004
508,10,CLF_UNION,19,8,43,48,55,28,5,5,10,12,0.7000000000000001,0.30000000000000004
509,10,ORD-UNION,0,0,0,48,12,28,5,5,10,12,0.7000000000000001,0.30000000000000004
510,11,CARD,11,16,30,59,50,28,5,5,10,12,0.7000000000000001,0.30000000000000004
511,11,CLF_UNION,20,12,45,59,55,28,5,5,10,12,0.7000000000000001,0.30000000000000004
512,11,ORD-UNION,0,0,0,59,10,28,5,5,10,12,0.7000000000000001,0.30000000000000004
513,11,CARD,13,16,29,59,56,28,5,5,10,12,0.7000000000000001,0.30000000000000004
514,11,CLF_UNION,19,20,51,59,56,28,5,5,10,12,0.7000000000000001,0.30000000000000004
515,11,ORD-UNION,0,0,0,59,5,28,5,5,10,12,0.7000000000000001,0.30000000000000004
516,11,CARD,17,16,35,59,52,28,5,5,10,12,0.7000000000000001,0.30000000000000004
517,11,CLF_UNION,27,13,52,59,55,28,5,5,10,12,0.7000000000000001,0.30000000000000004
518,11,ORD-UNION,0,0,0,59,3,28,5,5,10,12,0.7000000000000001,0.30000000000000004
519,11,CARD,12,21,37,59,47,28,5,5,10,12,0.7000000000000001,0.30000000000000004
520,11,CLF_UNION,27,8,49,59,55,28,5,5,10,12,0.7000000000000001,0.30000000000000004
521,11,ORD-UNION,0,0,0,59,6,28,5,5,10,12,0.7000000000000001,0.30000000000000004
522,11,CARD,18,18,39,59,48,28,5,5,10,12,0.7000000000000001,0.30000000000000004
523,11,CLF_UNION,24,15,52,59,55,28,5,5,10,12,0.7000000000000001,0.30000000000000004
524,11,ORD-UNION,0,0,0,59,3,28,5,5,10,12,0.7000000000000001,0.30000000000000004
525,12,CARD,18,17,38,70,51,28,5,5,10,12,0.7000000000000001,0.30000000000000004
526,12,CLF_UNION,27,15,55,70,56,28,5,5,10,12,0.7000000000000001,0.30000000000000004
527,12,ORD-UNION,0,0,0,70,1,28,5,5,10,12,0.7000000000000001,0.30000000000000004
528,12,CARD,25,10,38,70,46,28,5,5,10,12,0.7000000000000001,0.30000000000000004
529,12,CLF_UNION,26,9,49,70,55,28,5,5,10,12,0.7000000000000001,0.30000000000000004
530,12,ORD-UNION,0,0,0,70,6,28,5,5,10,12,0.7000000000000001,0.30000000000000004
531,12,CARD,19,15,37,70,47,28,5,5,10,12,0.7000000000000001,0.30000000000000004
532,12,CLF_UNION,27,9,49,70,55,28,5,5,10,12,0.7000000000000001,0.30000000000000004
533,12,ORD-UNION,0,0,0,70,6,28,5,5,10,12,0.7000000000000001,0.30000000000000004
534,12,CARD,23,12,39,70,48,28,5,5,10,12,0.7000000000000001,0.30000000000000004
535,12,CLF_UNION,24,14,53,70,56,28,5,5,10,12,0.7000000000000001,0.30000000000000004
536,12,ORD-UNION,0,0,0,70,3,28,5,5,10,12,0.7000000000000001,0.30000000000000004
537,12,CARD,21,14,36,70,48,28,5,5,10,12,0.7000000000000001,0.30000000000000004
538,12,CLF_UNION,28,10,49,70,55,28,5,5,10,12,0.7000000000000001,0.30000000000000004
539,12,ORD-UNION,0,0,0,70,6,28,5,5,10,12,0.7000000000000001,0.30000000000000004
540,13,CARD,21,7,33,83,47,28,5,5,10,12,0.7000000000000001,0.30000000000000004
541,13,CLF_UNION,25,5,45,83,55,28,5,5,10,12,0.7000000000000001,0.30000000000000004
542,13,ORD-UNION,0,0,0,83,10,28,5,5,10,12,0.7000000000000001,0.30000000000000004
543,13,CARD,24,2,28,83,48,28,5,5,10,12,0.7000000000000001,0.30000000000000004
544,13,CLF_UNION,25,3,41,83,55,28,5,5,10,12,0.7000000000000001,0.30000000000000004
545,13,ORD-UNION,0,0,0,83,14,28,5,5,10,12,0.7000000000000001,0.30000000000000004
546,13,CARD,15,12,28,83,48,28,5,5,10,12,0.7000000000000001,0.30000000000000004
547,13,CLF_UNION,19,10,41,83,55,28,5,5,10,12,0.7000000000000001,0.30000000000000004
548,13,ORD-UNION,0,0,0,83,14,28,5,5,10,12,0.7000000000000001,0.30000000000000004
549,13,CARD,12,9,24,83,46,28,5,5,10,12,0.7000000000000001,0.30000000000000004
550,13,CLF_UNION,19,2,35,83,55,28,5,5,10,12,0.7000000000000001,0.30000000000000004
551,13,ORD-UNION,0,0,0,83,20,28,5,5,10,12,0.7000000000000001,0.30000000000000004
552,13,CARD,22,7,38,83,49,28,5,5,10,12,0.7000000000000001,0.30000000000000004
553,13,CLF_UNION,26,4,52,83,55,28,5,5,10,12,0.7000000000000001,0.30000000000000004
554,13,ORD-UNION,0,0,0,83,3,28,5,5,10,12,0.7000000000000001,0.30000000000000004
555,14,CARD,19,18,41,96,48,28,5,5,10,12,0.7000000000000001,0.30000000000000004
556,14,CLF_UNION,27,12,54,96,55,28,5,5,10,12,0.7000000000000001,0.30000000000000004
557,14,ORD-UNION,0,0,0,96,1,28,5,5,10,12,0.7000000000000001,0.30000000000000004
558,14,CARD,26,7,34,96,47,28,5,5,10,12,0.7000000000000001,0.30000000000000004
559,14,CLF_UNION,29,5,46,96,55,28,5,5,10,12,0.7000000000000001,0.30000000000000004
560,14,ORD-UNION,0,0,0,96,9,28,5,5,10,12,0.7000000000000001,0.30000000000000004
561,14,CARD,16,8,25,96,54,28,5,5,10,12,0.7000000000000001,0.30000000000000004
562,14,CLF_UNION,19,10,44,96,55,28,5,5,10,12,0.7000000000000001,0.30000000000000004
563,14,ORD-UNION,0,0,0,96,11,28,5,5,10,12,0.7000000000000001,0.30000000000000004
564,14,CARD,25,6,34,96,46,28,5,5,10,12,0.7000000000000001,0.30000000000000004
565,14,CLF_UNION,28,4,45,96,55,28,5,5,10,12,0.7000000000000001,0.30000000000000004
566,14,ORD-UNION,0,0,0,96,10,28,5,5,10,12,0.7000000000000001,0.30000000000000004
567,14,CARD,23,11,38,96,49,28,5,5,10,12,0.7000000000000001,0.30000000000000004
568,14,CLF_UNION,26,11,52,96,55,28,5,5,10,12,0.7000000000000001,0.30000000000000004
569,14,ORD-UNION,0,0,0,96,3,28,5,5,10,12,0.7000000000000001,0.30000000000000004
570,15,CARD,18,13,35,109,46,28,5,5,10,12,0.7000000000000001,0.30000000000000004
571,15,CLF_UNION,24,7,46,109,55,28,5,5,10,12,0.7000000000000001,0.30000000000000004
572,15,ORD-UNION,0,0,0,109,9,28,5,5,10,12,0.7000000000000001,0.30000000000000004
573,15,CARD,13,10,25,109,45,28,5,5,10,12,0.7000000000000001,0.30000000000000004
574,15,CLF_UNION,18,5,35,109,55,28,5,5,10,12,0.7000000000000001,0.30000000000000004
575,15,ORD-UNION,0,0,0,109,20,28,5,5,10,12,0.7000000000000001,0.30000000000000004
576,15,CARD,10,11,25,109,45,28,5,5,10,12,0.7000000000000001,0.30000000000000004
577,15,CLF_UNION,15,6,35,109,55,28,5,5,10,12,0.7000000000000001,0.30000000000000004
578,15,ORD-UNION,0,0,0,109,20,28,5,5,10,12,0.7000000000000001,0.30000000000000004
579,15,CARD,11,10,25,109,48,28,5,5,10,12,0.7000000000000001,0.30000000000000004
580,15,CLF_UNION,16,5,38,109,55,28,5,5,10,12,0.7000000000000001,0.30000000000000004
581,15,ORD-UNION,0,0,0,109,17,28,5,5,10,12,0.7000000000000001,0.30000000000000004
582,15,CARD,8,6,18,109,45,28,5,5,10,12,0.7000000000000001,0.30000000000000004
583,15,CLF_UNION,9,5,28,109,55,28,5,5,10,12,0.7000000000000001,0.30000000000000004
584,15,ORD-UNION,0,0,0,109,27,28,5,5,10,12,0.7000000000000001,0.30000000000000004
585,16,CARD,16,5,23,124,47,28,5,5,10,12,0.7000000000000001,0.30000000000000004
586,16,CLF_UNION,15,7,35,124,55,28,5,5,10,12,0.7000000000000001,0.30000000000000004
587,16,ORD-UNION,0,0,0,124,20,28,5,5,10,12,0.7000000000000001,0.30000000000000004
588,16,CARD,19,7,29,124,47,28,5,5,10,12,0.7000000000000001,0.30000000000000004
589,16,CLF_UNION,19,8,41,124,55,28,5,5,10,12,0.7000000000000001,0.30000000000000004
590,16,ORD-UNION,0,0,0,124,14,28,5,5,10,12,0.7000000000000001,0.30000000000000004
591,16,CARD,11,10,24,124,45,28,5,5,10,12,0.7000000000000001,0.30000000000000004
592,16,CLF_UNION,17,4,34,124,55,28,5,5,10,12,0.7000000000000001,0.30000000000000004
593,16,ORD-UNION,0,0,0,124,21,28,5,5,10,12,0.7000000000000001,0.30000000000000004
594,16,CARD,25,10,41,124,47,28,5,5,10,12,0.7000000000000001,0.30000000000000004
595,16,CLF_UNION,25,11,53,124,55,28,5,5,10,12,0.7000000000000001,0.30000000000000004
596,16,ORD-UNION,0,0,0,124,2,28,5,5,10,12,0.7000000000000001,0.30000000000000004
597,16,CARD,27,7,38,124,47,28,5,5,10,12,0.7000000000000001,0.30000000000000004
598,16,CLF_UNION,27,8,50,124,55,28,5,5,10,12,0.7000000000000001,0.30000000000000004
599,16,ORD-UNION,0,0,0,124,5,28,5,5,10,12,0.7000000000000001,0.30000000000000004
600,17,CARD,16,5,24,140,47,28,5,5,10,12,0.7000000000000001,0.30000000000000004
601,17,CLF_UNION,20,1,36,140,55,28,5,5,10,12,0.7000000000000001,0.30000000000000004
602,17,ORD-UNION,0,0,0,140,19,28,5,5,10,12,0.7000000000000001,0.30000000000000004
603,17,CARD,17,9,30,140,46,28,5,5,10,12,0.7000000000000001,0.30000000000000004
604,17,CLF_UNION,18,8,41,140,55,28,5,5,10,12,0.7000000000000001,0.30000000000000004
605,17,ORD-UNION,0,0,0,140,14,28,5,5,10,12,0.7000000000000001,0.30000000000000004
606,17,CARD,22,9,34,140,49,28,5,5,10,12,0.7000000000000001,0.30000000000000004
607,17,CLF_UNION,26,6,48,140,55,28,5,5,10,12,0.7000000000000001,0.30000000000000004
608,17,ORD-UNION,0,0,0,140,7,28,5,5,10,12,0.7000000000000001,0.30000000000000004
609,17,CARD,21,11,34,140,46,28,5,5,10,12,0.7000000000000001,0.30000000000000004
610,17,CLF_UNION,21,12,45,140,55,28,5,5,10,12,0.7000000000000001,0.30000000000000004
611,17,ORD-UNION,0,0,0,140,10,28,5,5,10,12,0.7000000000000001,0.30000000000000004
612,17,CARD,17,6,24,140,48,28,5,5,10,12,0.7000000000000001,0.30000000000000004
613,17,CLF_UNION,17,6,37,140,55,28,5,5,10,12,0.7000000000000001,0.30000000000000004
614,17,ORD-UNION,0,0,0,140,18,28,5,5,10,12,0.7000000000000001,0.30000000000000004
615,18,CARD,22,5,29,158,47,28,5,5,10,12,0.7000000000000001,0.30000000000000004
616,18,CLF_UNION,20,8,41,158,55,28,5,5,10,12,0.7000000000000001,0.30000000000000004
617,18,ORD-UNION,0,0,0,158,14,28,5,5,10,12,0.7000000000000001,0.30000000000000004
618,18,CARD,20,9,33,158,47,28,5,5,10,12,0.7000000000000001,0.30000000000000004
619,18,CLF_UNION,25,6,45,158,55,28,5,5,10,12,0.7000000000000001,0.30000000000000004
620,18,ORD-UNION,0,0,0,158,10,28,5,5,10,12,0.7000000000000001,0.30000000000000004
621,18,CARD,13,12,30,158,46,28,5,5,10,12,0.7000000000000001,0.30000000000000004
622,18,CLF_UNION,16,9,41,158,55,28,5,5,10,12,0.7000000000000001,0.30000000000000004
623,18,ORD-UNION,0,0,0,158,14,28,5,5,10,12,0.7000000000000001,0.30000000000000004
624,18,CARD,23,3,29,158,47,28,5,5,10,12,0.7000000000000001,0.30000000000000004
625,18,CLF_UNION,24,3,41,158,55,28,5,5,10,12,0.7000000000000001,0.30000000000000004
626,18,ORD-UNION,1,0,1,158,15,28,5,5,10,12,0.7000000000000001,0.30000000000000004
627,18,CARD,18,5,30,158,46,28,5,5,10,12,0.7000000000000001,0.30000000000000004
628,18,CLF_UNION,14,9,41,158,55,28,5,5,10,12,0.7000000000000001,0.30000000000000004
629,18,ORD-UNION,0,0,0,158,14,28,5,5,10,12,0.7000000000000001,0.30000000000000004
630,19,CARD,21,7,30,176,46,28,5,5,10,12,0.7000000000000001,0.30000000000000004
631,19,CLF_UNION,24,4,41,176,55,28,5,5,10,12,0.7000000000000001,0.30000000000000004
632,19,ORD-UNION,0,0,0,176,14,28,5,5,10,12,0.7000000000000001,0.30000000000000004
633,19,CARD,24,9,35,176,46,28,5,5,10,12,0.7000000000000001,0.30000000000000004
634,19,CLF_UNION,28,5,46,176,55,28,5,5,10,12,0.7000000000000001,0.30000000000000004
635,19,ORD-UNION,0,0,0,176,9,28,5,5,10,12,0.7000000000000001,0.30000000000000004
636,19,CARD,19,9,30,176,46,28,5,5,10,12,0.7000000000000001,0.30000000000000004
637,19,CLF_UNION,17,11,41,176,55,28,5,5,10,12,0.7000000000000001,0.30000000000000004
638,19,ORD-UNION,0,0,0,176,14,28,5,5,10,12,0.7000000000000001,0.30000000000000004
639,19,CARD,14,20,38,176,46,28,5,5,10,12,0.7000000000000001,0.30000000000000004
640,19,CLF_UNION,22,13,49,176,55,28,5,5,10,12,0.7000000000000001,0.30000000000000004
641,19,ORD-UNION,0,0,0,176,6,28,5,5,10,12,0.7000000000000001,0.30000000000000004
642,19,CARD,9,4,16,176,48,28,5,5,10,12,0.7000000000000001,0.30000000000000004
643,19,CLF_UNION,14,0,29,176,55,28,5,5,10,12,0.7000000000000001,0.30000000000000004
644,19,ORD-UNION,0,0,0,176,26,28,5,5,10,12,0.7000000000000001,0.30000000000000004
645,20,CARD,15,13,29,196,47,28,5,5,10,12,0.7000000000000001,0.30000000000000004
646,20,CLF_UNION,22,7,42,196,56,28,5,5,10,12,0.7000000000000001,0.30000000000000004
647,20,ORD-UNION,0,0,0,196,14,28,5,5,10,12,0.7000000000000001,0.30000000000000004
648,20,CARD,16,14,34,196,46,28,5,5,10,12,0.7000000000000001,0.30000000000000004
649,20,CLF_UNION,27,4,45,196,55,28,5,5,10,12,0.7000000000000001,0.30000000000000004
650,20,ORD-UNION,0,0,0,196,10,28,5,5,10,12,0.7000000000000001,0.30000000000000004
651,20,CARD,14,6,23,196,47,28,5,5,10,12,0.7000000000000001,0.30000000000000004
652,20,CLF_UNION,21,0,35,196,55,28,5,5,10,12,0.7000000000000001,0.30000000000000004
653,20,ORD-UNION,0,0,0,196,20,28,5,5,10,12,0.7000000000000001,0.30000000000000004
654,20,CARD,5,2,9,196,47,28,5,5,10,12,0.7000000000000001,0.30000000000000004
655,20,CLF_UNION,7,0,21,196,55,28,5,5,10,12,0.7000000000000001,0.30000000000000004
656,20,ORD-UNION,0,0,0,196,34,28,5,5,10,12,0.7000000000000001,0.30000000000000004
657,20,CARD,10,4,17,196,45,28,5,5,10,12,0.7000000000000001,0.30000000000000004
658,20,CLF_UNION,12,2,27,196,55,28,5,5,10,12,0.7000000000000001,0.30000000000000004
659,20,ORD-UNION,0,0,0,196,28,28,5,5,10,12,0.7000000000000001,0.30000000000000004
660,21,CARD,21,7,29,215,46,28,5,5,10,12,0.7000000000000001,0.30000000000000004
661,21,CLF_UNION,24,4,40,215,55,28,5,5,10,12,0.7000000000000001,0.30000000000000004
662,21,ORD-UNION,0,0,0,215,15,28,5,5,10,12,0.7000000000000001,0.30000000000000004
663,21,CARD,19,8,30,215,46,28,5,5,10,12,0.7000000000000001,0.30000000000000004
664,21,CLF_UNION,24,3,41,215,55,28,5,5,10,12,0.7000000000000001,0.30000000000000004
665,21,ORD-UNION,0,0,0,215,14,28,5,5,10,12,0.7000000000000001,0.30000000000000004
666,21,CARD,15,4,24,215,47,28,5,5,10,12,0.7000000000000001,0.30000000000000004
667,21,CLF_UNION,18,1,36,215,55,28,5,5,10,12,0.7000000000000001,0.30000000000000004
668,21,ORD-UNION,2,0,3,215,22,28,5,5,10,12,0.7000000000000001,0.30000000000000004
669,21,CARD,7,2,9,215,46,28,5,5,10,12,0.7000000000000001,0.30000000000000004
670,21,CLF_UNION,8,1,20,215,55,28,5,5,10,12,0.7000000000000001,0.30000000000000004
671,21,ORD-UNION,0,0,0,215,35,28,5,5,10,12,0.7000000000000001,0.30000000000000004
672,21,CARD,14,3,17,215,46,28,5,5,10,12,0.7000000000000001,0.30000000000000004
673,21,CLF_UNION,14,3,28,215,55,28,5,5,10,12,0.7000000000000001,0.30000000000000004
674,21,ORD-UNION,0,0,0,215,27,28,5,5,10,12,0.7000000000000001,0.30000000000000004
675,22,CARD,12,2,16,233,47,28,5,5,10,12,0.7000000000000001,0.30000000000000004
676,22,CLF_UNION,12,3,28,233,55,28,5,5,10,12,0.7000000000000001,0.30000000000000004
677,22,ORD-UNION,0,0,0,233,27,28,5,5,10,12,0.7000000000000001,0.30000000000000004
678,22,CARD,10,2,17,233,46,28,5,5,10,12,0.7000000000000001,0.30000000000000004
679,22,CLF_UNION,11,1,28,233,55,28,5,5,10,12,0.7000000000000001,0.30000000000000004
680,22,ORD-UNION,5,0,5,233,32,28,5,5,10,12,0.7000000000000001,0.30000000000000004
681,22,CARD,12,9,23,233,48,28,5,5,10,12,0.7000000000000001,0.30000000000000004
682,22,CLF_UNION,16,6,36,233,55,28,5,5,10,12,0.7000000000000001,0.30000000000000004
683,22,ORD-UNION,0,0,0,233,19,28,5,5,10,12,0.7000000000000001,0.30000000000000004
684,22,CARD,12,4,17,233,46,28,5,5,10,12,0.7000000000000001,0.30000000000000004
685,22,CLF_UNION,16,0,29,233,56,28,5,5,10,12,0.7000000000000001,0.30000000000000004
686,22,ORD-UNION,6,0,6,233,33,28,5,5,10,12,0.7000000000000001,0.30000000000000004
687,22,CARD,9,4,17,233,49,28,5,5,10,12,0.7000000000000001,0.30000000000000004
688,22,CLF_UNION,12,1,32,233,56,28,5,5,10,12,0.7000000000000001,0.30000000000000004
689,22,ORD-UNION,2,0,2,233,26,28,5,5,10,12,0.7000000000000001,0.30000000000000004
690,23,CARD,5,1,9,253,51,28,5,5,10,12,0.7000000000000001,0.30000000000000004
691,23,CLF_UNION,5,1,25,253,55,28,5,5,10,12,0.7000000000000001,0.30000000000000004
692,23,ORD-UNION,0,0,0,253,30,28,5,5,10,12,0.7000000000000001,0.30000000000000004
693,23,CARD,10,2,16,253,49,28,5,5,10,12,0.7000000000000001,0.30000000000000004
694,23,CLF_UNION,12,1,30,253,55,28,5,5,10,12,0.7000000000000001,0.30000000000000004
695,23,ORD-UNION,4,0,5,253,30,28,5,5,10,12,0.7000000000000001,0.30000000000000004
696,23,CARD,7,8,17,253,47,28,5,5,10,12,0.7000000000000001,0.30000000000000004
697,23,CLF_UNION,9,6,29,253,55,28,5,5,10,12,0.7000000000000001,0.30000000000000004
698,23,ORD-UNION,0,0,0,253,26,28,5,5,10,12,0.7000000000000001,0.30000000000000004
699,23,CARD,8,6,16,253,48,28,5,5,10,12,0.7000000000000001,0.30000000000000004
700,23,CLF_UNION,13,2,29,253,55,28,5,5,10,12,0.7000000000000001,0.30000000000000004
701,23,ORD-UNION,0,0,0,253,26,28,5,5,10,12,0.7000000000000001,0.30000000000000004
702,23,CARD,5,11,17,253,47,28,5,5,10,12,0.7000000000000001,0.30000000000000004
703,23,CLF_UNION,13,3,29,253,55,28,5,5,10,12,0.7000000000000001,0.30000000000000004
704,23,ORD-UNION,0,0,0,253,26,28,5,5,10,12,0.7000000000000001,0.30000000000000004
705,24,CARD,10,3,18,272,48,28,5,5,10,12,0.7000000000000001,0.30000000000000004
706,24,CLF_UNION,11,3,31,272,55,28,5,5,10,12,0.7000000000000001,0.30000000000000004
707,24,ORD-UNION,0,0,0,272,24,28,5,5,10,12,0.7000000000000001,0.30000000000000004
708,24,CARD,14,7,23,272,47,28,5,5,10,12,0.7000000000000001,0.30000000000000004
709,24,CLF_UNION,17,5,35,272,55,28,5,5,10,12,0.7000000000000001,0.30000000000000004
710,24,ORD-UNION,0,0,0,272,20,28,5,5,10,12,0.7000000000000001,0.30000000000000004
711,24,CARD,0,0,3,272,49,28,5,5,10,12,0.7000000000000001,0.30000000000000004
712,24,CLF_UNION,0,0,18,272,56,28,5,5,10,12,0.7000000000000001,0.30000000000000004
713,24,ORD-UNION,0,0,2,272,40,28,5,5,10,12,0.7000000000000001,0.30000000000000004
714,24,CARD,0,0,2,272,47,28,5,5,10,12,0.7000000000000001,0.30000000000000004
715,24,CLF_UNION,0,0,14,272,55,28,5,5,10,12,0.7000000000000001,0.30000000000000004
716,24,ORD-UNION,0,0,0,272,41,28,5,5,10,12,0.7000000000000001,0.30000000000000004
717,24,CARD,14,7,24,272,47,28,5,5,10,12,0.7000000000000001,0.30000000000000004
718,24,CLF_UNION,16,6,36,272,55,28,5,5,10,12,0.7000000000000001,0.30000000000000004
719,24,ORD-UNION,0,0,0,272,19,28,5,5,10,12,0.7000000000000001,0.30000000000000004
720,1,CARD,22,1,24,1,66,28,5,5,10,12,0.7000000000000001,0.30000000000000004
721,1,CLF_UNION,40,20,73,1,73,28,5,5,10,12,0.7000000000000001,0.30000000000000004
722,1,ORD-UNION,0,0,0,1,0,28,5,5,10,12,0.7000000000000001,0.30000000000000004
723,1,CARD,19,3,24,1,66,28,5,5,10,12,0.7000000000000001,0.30000000000000004
724,1,CLF_UNION,29,23,69,1,69,28,5,5,10,12,0.7000000000000001,0.30000000000000004
725,1,ORD-UNION,0,0,0,1,0,28,5,5,10,12,0.7000000000000001,0.30000000000000004
726,1,CARD,23,1,24,1,66,28,5,5,10,12,0.7000000000000001,0.30000000000000004
727,1,CLF_UNION,34,26,77,1,77,28,5,5,10,12,0.7000000000000001,0.30000000000000004
728,1,ORD-UNION,0,0,0,1,0,28,5,5,10,12,0.7000000000000001,0.30000000000000004
729,1,CARD,22,1,25,1,65,28,5,5,10,12,0.7000000000000001,0.30000000000000004
730,1,CLF_UNION,37,24,77,1,77,28,5,5,10,12,0.7000000000000001,0.30000000000000004
731,1,ORD-UNION,0,0,0,1,0,28,5,5,10,12,0.7000000000000001,0.30000000000000004
732,1,CARD,15,9,25,1,65,28,5,5,10,12,0.7000000000000001,0.30000000000000004
733,1,CLF_UNION,29,22,67,1,67,28,5,5,10,12,0.7000000000000001,0.30000000000000004
734,1,ORD-UNION,0,0,0,1,0,28,5,5,10,12,0.7000000000000001,0.30000000000000004
735,2,CARD,25,6,35,3,55,28,5,5,10,12,0.7000000000000001,0.30000000000000004
736,2,CLF_UNION,28,23,65,3,65,28,5,5,10,12,0.7000000000000001,0.30000000000000004
737,2,ORD-UNION,0,0,0,3,0,28,5,5,10,12,0.7000000000000001,0.30000000000000004
738,2,CARD,18,13,33,3,57,28,5,5,10,12,0.7000000000000001,0.30000000000000004
739,2,CLF_UNION,19,34,67,3,67,28,5,5,10,12,0.7000000000000001,0.30000000000000004
740,2,ORD-UNION,0,0,0,3,0,28,5,5,10,12,0.7000000000000001,0.30000000000000004
741,2,CARD,23,11,37,3,53,28,5,5,10,12,0.7000000000000001,0.30000000000000004
742,2,CLF_UNION,25,21,63,3,63,28,5,5,10,12,0.7000000000000001,0.30000000000000004
743,2,ORD-UNION,0,0,0,3,0,28,5,5,10,12,0.7000000000000001,0.30000000000000004
744,2,CARD,22,13,37,3,53,28,5,5,10,12,0.7000000000000001,0.30000000000000004
745,2,CLF_UNION,26,25,63,3,63,28,5,5,10,12,0.7000000000000001,0.30000000000000004
746,2,ORD-UNION,0,0,0,3,0,28,5,5,10,12,0.7000000000000001,0.30000000000000004
747,2,CARD,23,8,35,3,55,28,5,5,10,12,0.7000000000000001,0.30000000000000004
748,2,CLF_UNION,31,20,65,3,65,28,5,5,10,12,0.7000000000000001,0.30000000000000004
749,2,ORD-UNION,0,0,0,3,0,28,5,5,10,12,0.7000000000000001,0.30000000000000004
750,3,CARD,33,3,39,6,50,28,5,5,10,12,0.7000000000000001,0.30000000000000004
751,3,CLF_UNION,30,16,59,6,60,28,5,5,10,12,0.7000000000000001,0.30000000000000004
752,3,ORD-UNION,0,0,0,6,1,28,5,5,10,12,0.7000000000000001,0.30000000000000004
753,3,CARD,28,9,41,6,48,28,5,5,10,12,0.7000000000000001,0.30000000000000004
754,3,CLF_UNION,19,26,61,6,62,28,5,5,10,12,0.7000000000000001,0.30000000000000004
755,3,ORD-UNION,0,0,0,6,1,28,5,5,10,12,0.7000000000000001,0.30000000000000004
756,3,CARD,34,7,43,6,47,28,5,5,10,12,0.7000000000000001,0.30000000000000004
757,3,CLF_UNION,26,22,60,6,60,28,5,5,10,12,0.7000000000000001,0.30000000000000004
758,3,ORD-UNION,0,0,0,6,0,28,5,5,10,12,0.7000000000000001,0.30000000000000004
759,3,CARD,22,13,40,6,49,28,5,5,10,12,0.7000000000000001,0.30000000000000004
760,3,CLF_UNION,20,21,60,6,61,28,5,5,10,12,0.7000000000000001,0.30000000000000004
761,3,ORD-UNION,0,0,0,6,1,28,5,5,10,12,0.7000000000000001,0.30000000000000004
762,3,CARD,33,4,39,6,51,28,5,5,10,12,0.7000000000000001,0.30000000000000004
763,3,CLF_UNION,32,21,65,6,65,28,5,5,10,12,0.7000000000000001,0.30000000000000004
764,3,ORD-UNION,0,0,0,6,0,28,5,5,10,12,0.7000000000000001,0.30000000000000004
765,4,CARD,30,10,42,10,48,28,5,5,10,12,0.7000000000000001,0.30000000000000004
766,4,CLF_UNION,26,19,57,10,57,28,5,5,10,12,0.7000000000000001,0.30000000000000004
767,4,ORD-UNION,0,0,0,10,0,28,5,5,10,12,0.7000000000000001,0.30000000000000004
768,4,CARD,23,13,39,10,50,28,5,5,10,12,0.7000000000000001,0.30000000000000004
769,4,CLF_UNION,18,25,57,10,58,28,5,5,10,12,0.7000000000000001,0.30000000000000004
770,4,ORD-UNION,0,0,0,10,1,28,5,5,10,12,0.7000000000000001,0.30000000000000004
771,4,CARD,33,8,42,10,48,28,5,5,10,12,0.7000000000000001,0.30000000000000004
772,4,CLF_UNION,29,17,57,10,57,28,5,5,10,12,0.7000000000000001,0.30000000000000004
773,4,ORD-UNION,0,0,0,10,0,28,5,5,10,12,0.7000000000000001,0.30000000000000004
774,4,CARD,19,15,40,10,49,28,5,5,10,12,0.7000000000000001,0.30000000000000004
775,4,CLF_UNION,18,20,55,10,56,28,5,5,10,12,0.7000000000000001,0.30000000000000004
776,4,ORD-UNION,0,0,0,10,1,28,5,5,10,12,0.7000000000000001,0.30000000000000004
777,4,CARD,23,11,39,10,50,28,5,5,10,12,0.7000000000000001,0.30000000000000004
778,4,CLF_UNION,24,17,56,10,57,28,5,5,10,12,0.7000000000000001,0.30000000000000004
779,4,ORD-UNION,0,0,0,10,1,28,5,5,10,12,0.7000000000000001,0.30000000000000004
780,5,CARD,28,13,43,15,47,28,5,5,10,12,0.7000000000000001,0.30000000000000004
781,5,CLF_UNION,28,14,55,15,55,28,5,5,10,12,0.7000000000000001,0.30000000000000004
782,5,ORD-UNION,0,0,0,15,0,28,5,5,10,12,0.7000000000000001,0.30000000000000004
783,5,CARD,23,7,40,15,47,28,5,5,10,12,0.7000000000000001,0.30000000000000004
784,5,CLF_UNION,26,10,57,15,60,28,5,5,10,12,0.7000000000000001,0.30000000000000004
785,5,ORD-UNION,0,0,0,15,3,28,5,5,10,12,0.7000000000000001,0.30000000000000004
786,5,CARD,24,13,40,15,47,28,5,5,10,12,0.7000000000000001,0.30000000000000004
787,5,CLF_UNION,24,17,54,15,57,28,5,5,10,12,0.7000000000000001,0.30000000000000004
788,5,ORD-UNION,0,0,0,15,3,28,5,5,10,12,0.7000000000000001,0.30000000000000004
789,5,CARD,36,3,41,15,49,28,5,5,10,12,0.7000000000000001,0.30000000000000004
790,5,CLF_UNION,41,8,61,15,61,28,5,5,10,12,0.7000000000000001,0.30000000000000004
791,5,ORD-UNION,0,0,0,15,0,28,5,5,10,12,0.7000000000000001,0.30000000000000004
792,5,CARD,32,8,42,15,48,28,5,5,10,12,0.7000000000000001,0.30000000000000004
793,5,CLF_UNION,36,9,59,15,59,28,5,5,10,12,0.7000000000000001,0.30000000000000004
794,5,ORD-UNION,0,0,0,15,0,28,5,5,10,12,0.7000000000000001,0.30000000000000004
795,6,CARD,29,10,42,20,48,28,5,5,10,12,0.7000000000000001,0.30000000000000004
796,6,CLF_UNION,29,14,56,20,56,28,5,5,10,12,0.7000000000000001,0.30000000000000004
797,6,ORD-UNION,0,0,0,20,0,28,5,5,10,12,0.7000000000000001,0.30000000000000004
798,6,CARD,28,12,43,20,47,28,5,5,10,12,0.7000000000000001,0.30000000000000004
799,6,CLF_UNION,31,11,56,20,56,28,5,5,10,12,0.7000000000000001,0.30000000000000004
800,6,ORD-UNION,0,0,0,20,0,28,5,5,10,12,0.7000000000000001,0.30000000000000004
801,6,CARD,21,16,40,20,50,28,5,5,10,12,0.7000000000000001,0.30000000000000004
802,6,CLF_UNION,25,17,55,20,55,28,5,5,10,12,0.7000000000000001,0.30000000000000004
803,6,ORD-UNION,0,0,0,20,0,28,5,5,10,12,0.7000000000000001,0.30000000000000004
804,6,CARD,19,16,37,20,50,28,5,5,10,12,0.7000000000000001,0.30000000000000004
805,6,CLF_UNION,21,20,53,20,56,28,5,5,10,12,0.7000000000000001,0.30000000000000004
806,6,ORD-UNION,0,0,0,20,3,28,5,5,10,12,0.7000000000000001,0.30000000000000004
807,6,CARD,28,11,42,20,48,28,5,5,10,12,0.7000000000000001,0.30000000000000004
808,6,CLF_UNION,27,14,55,20,55,28,5,5,10,12,0.7000000000000001,0.30000000000000004
809,6,ORD-UNION,0,0,0,20,0,28,5,5,10,12,0.7000000000000001,0.30000000000000004
810,7,CARD,19,13,40,26,49,28,5,5,10,12,0.7000000000000001,0.30000000000000004
811,7,CLF_UNION,23,15,56,26,57,28,5,5,10,12,0.7000000000000001,0.30000000000000004
812,7,ORD-UNION,0,0,0,26,1,28,5,5,10,12,0.7000000000000001,0.30000000000000004
813,7,CARD,29,8,40,26,48,28,5,5,10,12,0.7000000000000001,0.30000000000000004
814,7,CLF_UNION,29,10,53,26,55,28,5,5,10,12,0.7000000000000001,0.30000000000000004
815,7,ORD-UNION,0,0,0,26,2,28,5,5,10,12,0.7000000000000001,0.30000000000000004
816,7,CARD,23,13,40,26,49,28,5,5,10,12,0.7000000000000001,0.30000000000000004
817,7,CLF_UNION,27,14,55,26,56,28,5,5,10,12,0.7000000000000001,0.30000000000000004
818,7,ORD-UNION,0,0,0,26,1,28,5,5,10,12,0.7000000000000001,0.30000000000000004
819,7,CARD,26,13,41,26,49,28,5,5,10,12,0.7000000000000001,0.30000000000000004
820,7,CLF_UNION,29,16,57,26,57,28,5,5,10,12,0.7000000000000001,0.30000000000000004
821,7,ORD-UNION,0,0,0,26,0,28,5,5,10,12,0.7000000000000001,0.30000000000000004
822,7,CARD,24,14,43,26,47,28,5,5,10,12,0.7000000000000001,0.30000000000000004
823,7,CLF_UNION,25,16,56,26,56,28,5,5,10,12,0.7000000000000001,0.30000000000000004
824,7,ORD-UNION,0,0,0,26,0,28,5,5,10,12,0.7000000000000001,0.30000000000000004
825,8,CARD,26,13,40,33,47,28,5,5,10,12,0.7000000000000001,0.30000000000000004
826,8,CLF_UNION,28,13,52,33,55,28,5,5,10,12,0.7000000000000001,0.30000000000000004
827,8,ORD-UNION,0,0,0,33,3,28,5,5,10,12,0.7000000000000001,0.30000000000000004
828,8,CARD,17,17,36,33,52,28,5,5,10,12,0.7000000000000001,0.30000000000000004
829,8,CLF_UNION,25,15,53,33,55,28,5,5,10,12,0.7000000000000001,0.30000000000000004
830,8,ORD-UNION,0,0,0,33,2,28,5,5,10,12,0.7000000000000001,0.30000000000000004
831,8,CARD,15,17,35,33,49,28,5,5,10,12,0.7000000000000001,0.30000000000000004
832,8,CLF_UNION,20,16,49,33,55,28,5,5,10,12,0.7000000000000001,0.30000000000000004
833,8,ORD-UNION,0,0,0,33,6,28,5,5,10,12,0.7000000000000001,0.30000000000000004
834,8,CARD,26,13,44,33,46,28,5,5,10,12,0.7000000000000001,0.30000000000000004
835,8,CLF_UNION,28,12,55,33,55,28,5,5,10,12,0.7000000000000001,0.30000000000000004
836,8,ORD-UNION,0,0,0,33,0,28,5,5,10,12,0.7000000000000001,0.30000000000000004
837,8,CARD,27,9,38,33,46,28,5,5,10,12,0.7000000000000001,0.30000000000000004
838,8,CLF_UNION,29,8,49,33,55,28,5,5,10,12,0.7000000000000001,0.30000000000000004
839,8,ORD-UNION,0,0,0,33,6,28,5,5,10,12,0.7000000000000001,0.30000000000000004
840,9,CARD,30,6,40,40,47,28,5,5,10,12,0.7000000000000001,0.30000000000000004
841,9,CLF_UNION,33,5,52,40,55,28,5,5,10,12,0.7000000000000001,0.30000000000000004
842,9,ORD-UNION,0,0,0,40,3,28,5,5,10,12,0.7000000000000001,0.30000000000000004
843,9,CARD,33,7,40,40,48,28,5,5,10,12,0.7000000000000001,0.30000000000000004
844,9,CLF_UNION,34,8,53,40,55,28,5,5,10,12,0.7000000000000001,0.30000000000000004
845,9,ORD-UNION,0,0,0,40,2,28,5,5,10,12,0.7000000000000001,0.30000000000000004
846,9,CARD,29,6,37,40,47,28,5,5,10,12,0.7000000000000001,0.30000000000000004
847,9,CLF_UNION,35,2,49,40,55,28,5,5,10,12,0.7000000000000001,0.30000000000000004
848,9,ORD-UNION,0,0,0,40,6,28,5,5,10,12,0.7000000000000001,0.30000000000000004
849,9,CARD,26,13,42,40,47,28,5,5,10,12,0.7000000000000001,0.30000000000000004
850,9,CLF_UNION,35,6,54,40,55,28,5,5,10,12,0.7000000000000001,0.30000000000000004
851,9,ORD-UNION,0,0,0,40,1,28,5,5,10,12,0.7000000000000001,0.30000000000000004
852,9,CARD,32,10,44,40,46,28,5,5,10,12,0.7000000000000001,0.30000000000000004
853,9,CLF_UNION,29,13,55,40,55,28,5,5,10,12,0.7000000000000001,0.30000000000000004
854,9,ORD-UNION,0,0,0,40,0,28,5,5,10,12,0.7000000000000001,0.30000000000000004
855,10,CARD,26,8,37,50,52,28,5,5,10,12,0.7000000000000001,0.30000000000000004
856,10,CLF_UNION,31,10,54,50,55,28,5,5,10,12,0.7000000000000001,0.30000000000000004
857,10,ORD-UNION,0,0,0,50,1,28,5,5,10,12,0.7000000000000001,0.30000000000000004
858,10,CARD,27,9,38,50,49,28,5,5,10,12,0.7000000000000001,0.30000000000000004
859,10,CLF_UNION,33,8,53,50,55,28,5,5,10,12,0.7000000000000001,0.30000000000000004
860,10,ORD-UNION,0,0,0,50,3,28,5,5,10,12,0.7000000000000001,0.30000000000000004
861,10,CARD,26,7,34,50,54,28,5,5,10,12,0.7000000000000001,0.30000000000000004
862,10,CLF_UNION,37,4,54,50,56,28,5,5,10,12,0.7000000000000001,0.30000000000000004
863,10,ORD-UNION,0,0,0,50,2,28,5,5,10,12,0.7000000000000001,0.30000000000000004
864,10,CARD,29,12,42,50,47,28,5,5,10,12,0.7000000000000001,0.30000000000000004
865,10,CLF_UNION,35,8,54,50,55,28,5,5,10,12,0.7000000000000001,0.30000000000000004
866,10,ORD-UNION,0,0,0,50,1,28,5,5,10,12,0.7000000000000001,0.30000000000000004
867,10,CARD,27,6,35,50,52,28,5,5,10,12,0.7000000000000001,0.30000000000000004
868,10,CLF_UNION,36,3,52,50,55,28,5,5,10,12,0.7000000000000001,0.30000000000000004
869,10,ORD-UNION,0,0,0,50,3,28,5,5,10,12,0.7000000000000001,0.30000000000000004
870,11,CARD,29,9,38,59,47,28,5,5,10,12,0.7000000000000001,0.30000000000000004
871,11,CLF_UNION,38,1,50,59,55,28,5,5,10,12,0.7000000000000001,0.30000000000000004
872,11,ORD-UNION,0,0,0,59,5,28,5,5,10,12,0.7000000000000001,0.30000000000000004
873,11,CARD,18,21,41,59,49,28,5,5,10,12,0.7000000000000001,0.30000000000000004
874,11,CLF_UNION,41,1,55,59,55,28,5,5,10,12,0.7000000000000001,0.30000000000000004
875,11,ORD-UNION,0,0,0,59,0,28,5,5,10,12,0.7000000000000001,0.30000000000000004
876,11,CARD,29,11,42,59,47,28,5,5,10,12,0.7000000000000001,0.30000000000000004
877,11,CLF_UNION,36,6,54,59,55,28,5,5,10,12,0.7000000000000001,0.30000000000000004
878,11,ORD-UNION,0,0,0,59,1,28,5,5,10,12,0.7000000000000001,0.30000000000000004
879,11,CARD,24,9,34,59,49,28,5,5,10,12,0.7000000000000001,0.30000000000000004
880,11,CLF_UNION,31,3,49,59,56,28,5,5,10,12,0.7000000000000001,0.30000000000000004
881,11,ORD-UNION,0,0,0,59,7,28,5,5,10,12,0.7000000000000001,0.30000000000000004
882,11,CARD,26,10,38,59,49,28,5,5,10,12,0.7000000000000001,0.30000000000000004
883,11,CLF_UNION,37,3,52,59,55,28,5,5,10,12,0.7000000000000001,0.30000000000000004
884,11,ORD-UNION,0,0,0,59,3,28,5,5,10,12,0.7000000000000001,0.30000000000000004
885,12,CARD,28,5,37,68,48,28,5,5,10,12,0.7000000000000001,0.30000000000000004
886,12,CLF_UNION,32,3,50,68,55,28,5,5,10,12,0.7000000000000001,0.30000000000000004
887,12,ORD-UNION,0,0,0,68,5,28,5,5,10,12,0.7000000000000001,0.30000000000000004
888,12,CARD,26,7,34,68,47,28,5,5,10,12,0.7000000000000001,0.30000000000000004
889,12,CLF_UNION,31,3,46,68,55,28,5,5,10,12,0.7000000000000001,0.30000000000000004
890,12,ORD-UNION,0,0,0,68,9,28,5,5,10,12,0.7000000000000001,0.30000000000000004
891,12,CARD,27,2,32,68,51,28,5,5,10,12,0.7000000000000001,0.30000000000000004
892,12,CLF_UNION,28,4,48,68,55,28,5,5,10,12,0.7000000000000001,0.30000000000000004
893,12,ORD-UNION,0,0,0,68,7,28,5,5,10,12,0.7000000000000001,0.30000000000000004
894,12,CARD,23,8,35,68,52,28,5,5,10,12,0.7000000000000001,0.30000000000000004
895,12,CLF_UNION,28,7,52,68,55,28,5,5,10,12,0.7000000000000001,0.30000000000000004
896,12,ORD-UNION,0,0,0,68,3,28,5,5,10,12,0.7000000000000001,0.30000000000000004
897,12,CARD,29,5,36,68,51,28,5,5,10,12,0.7000000000000001,0.30000000000000004
898,12,CLF_UNION,30,4,52,68,55,28,5,5,10,12,0.7000000000000001,0.30000000000000004
899,12,ORD-UNION,0,0,0,68,3,28,5,5,10,12,0.7000000000000001,0.30000000000000004
900,13,CARD,19,2,29,78,49,28,5,5,10,12,0.7000000000000001,0.30000000000000004
901,13,CLF_UNION,22,0,43,78,55,28,5,5,10,12,0.7000000000000001,0.30000000000000004
902,13,ORD-UNION,0,0,0,78,12,28,5,5,10,12,0.7000000000000001,0.30000000000000004
903,13,CARD,30,4,36,78,52,28,5,5,10,12,0.7000000000000001,0.30000000000000004
904,13,CLF_UNION,37,2,53,78,55,28,5,5,10,12,0.7000000000000001,0.30000000000000004
905,13,ORD-UNION,0,0,0,78,2,28,5,5,10,12,0.7000000000000001,0.30000000000000004
906,13,CARD,31,0,32,78,48,28,5,5,10,12,0.7000000000000001,0.30000000000000004
907,13,CLF_UNION,30,3,45,78,55,28,5,5,10,12,0.7000000000000001,0.30000000000000004
908,13,ORD-UNION,0,0,0,78,10,28,5,5,10,12,0.7000000000000001,0.30000000000000004
909,13,CARD,32,3,38,78,47,28,5,5,10,12,0.7000000000000001,0.30000000000000004
910,13,CLF_UNION,30,5,50,78,55,28,5,5,10,12,0.7000000000000001,0.30000000000000004
911,13,ORD-UNION,0,0,0,78,5,28,5,5,10,12,0.7000000000000001,0.30000000000000004
912,13,CARD,28,3,33,78,49,28,5,5,10,12,0.7000000000000001,0.30000000000000004
913,13,CLF_UNION,30,3,47,78,55,28,5,5,10,12,0.7000000000000001,0.30000000000000004
914,13,ORD-UNION,0,0,0,78,8,28,5,5,10,12,0.7000000000000001,0.30000000000000004
915,14,CARD,26,6,34,92,47,28,5,5,10,12,0.7000000000000001,0.30000000000000004
916,14,CLF_UNION,31,2,46,92,55,28,5,5,10,12,0.7000000000000001,0.30000000000000004
917,14,ORD-UNION,0,0,0,92,9,28,5,5,10,12,0.7000000000000001,0.30000000000000004
918,14,CARD,23,10,40,92,47,28,5,5,10,12,0.7000000000000001,0.30000000000000004
919,14,CLF_UNION,32,3,52,92,55,28,5,5,10,12,0.7000000000000001,0.30000000000000004
920,14,ORD-UNION,0,0,0,92,3,28,5,5,10,12,0.7000000000000001,0.30000000000000004
921,14,CARD,8,9,17,92,50,28,5,5,10,12,0.7000000000000001,0.30000000000000004
922,14,CLF_UNION,15,2,32,92,55,28,5,5,10,12,0.7000000000000001,0.30000000000000004
923,14,ORD-UNION,0,0,0,92,23,28,5,5,10,12,0.7000000000000001,0.30000000000000004
924,14,CARD,25,7,36,92,49,28,5,5,10,12,0.7000000000000001,0.30000000000000004
925,14,CLF_UNION,32,2,50,92,55,28,5,5,10,12,0.7000000000000001,0.30000000000000004
926,14,ORD-UNION,0,0,0,92,5,28,5,5,10,12,0.7000000000000001,0.30000000000000004
927,14,CARD,19,10,34,92,47,28,5,5,10,12,0.7000000000000001,0.30000000000000004
928,14,CLF_UNION,27,3,46,92,55,28,5,5,10,12,0.7000000000000001,0.30000000000000004
929,14,ORD-UNION,0,0,0,92,9,28,5,5,10,12,0.7000000000000001,0.30000000000000004
930,15,CARD,18,8,29,107,47,28,5,5,10,12,0.7000000000000001,0.30000000000000004
931,15,CLF_UNION,23,5,42,107,55,28,5,5,10,12,0.7000000000000001,0.30000000000000004
932,15,ORD-UNION,0,0,0,107,14,28,5,5,10,12,0.7000000000000001,0.30000000000000004
933,15,CARD,26,8,35,107,46,28,5,5,10,12,0.7000000000000001,0.30000000000000004
934,15,CLF_UNION,33,2,48,107,56,28,5,5,10,12,0.7000000000000001,0.30000000000000004
935,15,ORD-UNION,0,0,0,107,9,28,5,5,10,12,0.7000000000000001,0.30000000000000004
936,15,CARD,20,7,28,107,53,28,5,5,10,12,0.7000000000000001,0.30000000000000004
937,15,CLF_UNION,28,5,46,107,55,28,5,5,10,12,0.7000000000000001,0.30000000000000004
938,15,ORD-UNION,0,0,0,107,9,28,5,5,10,12,0.7000000000000001,0.30000000000000004
939,15,CARD,20,8,30,107,46,28,5,5,10,12,0.7000000000000001,0.30000000000000004
940,15,CLF_UNION,25,4,42,107,55,28,5,5,10,12,0.7000000000000001,0.30000000000000004
941,15,ORD-UNION,0,0,0,107,14,28,5,5,10,12,0.7000000000000001,0.30000000000000004
942,15,CARD,24,1,27,107,49,28,5,5,10,12,0.7000000000000001,0.30000000000000004
943,15,CLF_UNION,25,3,42,107,56,28,5,5,10,12,0.7000000000000001,0.30000000000000004
944,15,ORD-UNION,0,0,0,107,14,28,5,5,10,12,0.7000000000000001,0.30000000000000004
945,16,CARD,20,6,28,122,48,28,5,5,10,12,0.7000000000000001,0.30000000000000004
946,16,CLF_UNION,26,3,42,122,55,28,5,5,10,12,0.7000000000000001,0.30000000000000004
947,16,ORD-UNION,0,0,0,122,14,28,5,5,10,12,0.7000000000000001,0.30000000000000004
948,16,CARD,13,8,21,122,52,28,5,5,10,12,0.7000000000000001,0.30000000000000004
949,16,CLF_UNION,19,5,41,122,58,28,5,5,10,12,0.7000000000000001,0.30000000000000004
950,16,ORD-UNION,0,0,0,122,17,28,5,5,10,12,0.7000000000000001,0.30000000000000004
951,16,CARD,20,3,24,122,46,28,5,5,10,12,0.7000000000000001,0.30000000000000004
952,16,CLF_UNION,22,1,35,122,55,28,5,5,10,12,0.7000000000000001,0.30000000000000004
953,16,ORD-UNION,0,0,0,122,20,28,5,5,10,12,0.7000000000000001,0.30000000000000004
954,16,CARD,23,10,33,122,52,28,5,5,10,12,0.7000000000000001,0.30000000000000004
955,16,CLF_UNION,32,4,51,122,56,28,5,5,10,12,0.7000000000000001,0.30000000000000004
956,16,ORD-UNION,0,0,0,122,5,28,5,5,10,12,0.7000000000000001,0.30000000000000004
957,16,CARD,27,7,36,122,49,28,5,5,10,12,0.7000000000000001,0.30000000000000004
958,16,CLF_UNION,33,5,52,122,56,28,5,5,10,12,0.7000000000000001,0.30000000000000004
959,16,ORD-UNION,0,0,0,122,5,28,5,5,10,12,0.7000000000000001,0.30000000000000004
960,17,CARD,12,9,23,137,47,28,5,5,10,12,0.7000000000000001,0.30000000000000004
961,17,CLF_UNION,22,2,38,137,56,28,5,5,10,12,0.7000000000000001,0.30000000000000004
962,17,ORD-UNION,0,0,0,137,20,28,5,5,10,12,0.7000000000000001,0.30000000000000004
963,17,CARD,17,13,30,137,48,28,5,5,10,12,0.7000000000000001,0.30000000000000004
964,17,CLF_UNION,26,4,44,137,56,28,5,5,10,12,0.7000000000000001,0.30000000000000004
965,17,ORD-UNION,0,0,0,137,12,28,5,5,10,12,0.7000000000000001,0.30000000000000004
966,17,CARD,22,10,34,137,46,28,5,5,10,12,0.7000000000000001,0.30000000000000004
967,17,CLF_UNION,29,6,47,137,55,28,5,5,10,12,0.7000000000000001,0.30000000000000004
968,17,ORD-UNION,0,0,0,137,10,28,5,5,10,12,0.7000000000000001,0.30000000000000004
969,17,CARD,24,8,34,137,47,28,5,5,10,12,0.7000000000000001,0.30000000000000004
970,17,CLF_UNION,31,2,47,137,56,28,5,5,10,12,0.7000000000000001,0.30000000000000004
971,17,ORD-UNION,0,0,0,137,9,28,5,5,10,12,0.7000000000000001,0.30000000000000004
972,17,CARD,9,7,17,137,48,28,5,5,10,12,0.7000000000000001,0.30000000000000004
973,17,CLF_UNION,16,1,33,137,57,28,5,5,10,12,0.7000000000000001,0.30000000000000004
974,17,ORD-UNION,0,0,0,137,25,28,5,5,10,12,0.7000000000000001,0.30000000000000004
975,18,CARD,16,5,22,154,49,28,5,5,10,12,0.7000000000000001,0.30000000000000004
976,18,CLF_UNION,22,2,38,154,56,28,5,5,10,12,0.7000000000000001,0.30000000000000004
977,18,ORD-UNION,0,0,0,154,19,28,5,5,10,12,0.7000000000000001,0.30000000000000004
978,18,CARD,26,10,38,154,47,28,5,5,10,12,0.7000000000000001,0.30000000000000004
979,18,CLF_UNION,33,4,51,154,56,28,5,5,10,12,0.7000000000000001,0.30000000000000004
980,18,ORD-UNION,0,0,0,154,5,28,5,5,10,12,0.7000000000000001,0.30000000000000004
981,18,CARD,21,6,29,154,48,28,5,5,10,12,0.7000000000000001,0.30000000000000004
982,18,CLF_UNION,27,1,43,154,56,28,5,5,10,12,0.7000000000000001,0.30000000000000004
983,18,ORD-UNION,0,0,0,154,13,28,5,5,10,12,0.7000000000000001,0.30000000000000004
984,18,CARD,20,10,34,154,47,28,5,5,10,12,0.7000000000000001,0.30000000000000004
985,18,CLF_UNION,29,2,46,154,55,28,5,5,10,12,0.7000000000000001,0.30000000000000004
986,18,ORD-UNION,0,0,0,154,9,28,5,5,10,12,0.7000000000000001,0.30000000000000004
987,18,CARD,13,4,17,154,47,28,5,5,10,12,0.7000000000000001,0.30000000000000004
988,18,CLF_UNION,16,2,30,154,55,28,5,5,10,12,0.7000000000000001,0.30000000000000004
989,18,ORD-UNION,0,0,0,154,26,28,5,5,10,12,0.7000000000000001,0.30000000000000004
990,19,CARD,13,4,17,171,47,28,5,5,10,12,0.7000000000000001,0.30000000000000004
991,19,CLF_UNION,16,2,30,171,55,28,5,5,10,12,0.7000000000000001,0.30000000000000004
992,19,ORD-UNION,0,0,0,171,26,28,5,5,10,12,0.7000000000000001,0.30000000000000004
993,19,CARD,15,1,17,171,49,28,5,5,10,12,0.7000000000000001,0.30000000000000004
994,19,CLF_UNION,15,1,31,171,55,28,5,5,10,12,0.7000000000000001,0.30000000000000004
995,19,ORD-UNION,0,0,0,171,24,28,5,5,10,12,0.7000000000000001,0.30000000000000004
996,19,CARD,17,1,21,171,49,28,5,5,10,12,0.7000000000000001,0.30000000000000004
997,19,CLF_UNION,20,1,35,171,55,28,5,5,10,12,0.7000000000000001,0.30000000000000004
998,19,ORD-UNION,0,0,0,171,20,28,5,5,10,12,0.7000000000000001,0.30000000000000004
999,19,CARD,9,3,14,171,49,28,5,5,10,12,0.7000000000000001,0.30000000000000004
1000,19,CLF_UNION,13,2,28,171,55,28,5,5,10,12,0.7000000000000001,0.30000000000000004
1001,19,ORD-UNION,0,0,0,171,27,28,5,5,10,12,0.7000000000000001,0.30000000000000004
1002,19,CARD,23,1,24,171,49,28,5,5,10,12,0.7000000000000001,0.30000000000000004
1003,19,CLF_UNION,24,0,38,171,55,28,5,5,10,12,0.7000000000000001,0.30000000000000004
1004,19,ORD-UNION,0,0,0,171,17,28,5,5,10,12,0.7000000000000001,0.30000000000000004
1005,20,CARD,17,9,30,187,46,28,5,5,10,12,0.7000000000000001,0.30000000000000004
1006,20,CLF_UNION,24,2,41,187,55,28,5,5,10,12,0.7000000000000001,0.30000000000000004
1007,20,ORD-UNION,0,0,0,187,14,28,5,5,10,12,0.7000000000000001,0.30000000000000004
1008,20,CARD,19,10,30,187,47,28,5,5,10,12,0.7000000000000001,0.30000000000000004
1009,20,CLF_UNION,25,6,44,187,55,28,5,5,10,12,0.7000000000000001,0.30000000000000004
1010,20,ORD-UNION,0,0,0,187,13,28,5,5,10,12,0.7000000000000001,0.30000000000000004
1011,20,CARD,23,10,35,187,46,28,5,5,10,12,0.7000000000000001,0.30000000000000004
1012,20,CLF_UNION,27,6,47,187,56,28,5,5,10,12,0.7000000000000001,0.30000000000000004
1013,20,ORD-UNION,0,0,0,187,9,28,5,5,10,12,0.7000000000000001,0.30000000000000004
1014,20,CARD,14,2,17,187,49,28,5,5,10,12,0.7000000000000001,0.30000000000000004
1015,20,CLF_UNION,15,1,33,187,57,28,5,5,10,12,0.7000000000000001,0.30000000000000004
1016,20,ORD-UNION,0,0,0,187,24,28,5,5,10,12,0.7000000000000001,0.30000000000000004
1017,20,CARD,12,9,24,187,47,28,5,5,10,12,0.7000000000000001,0.30000000000000004
1018,20,CLF_UNION,18,4,37,187,55,28,5,5,10,12,0.7000000000000001,0.30000000000000004
1019,20,ORD-UNION,0,0,0,187,19,28,5,5,10,12,0.7000000000000001,0.30000000000000004
1020,21,CARD,19,1,22,208,49,28,5,5,10,12,0.7000000000000001,0.30000000000000004
1021,21,CLF_UNION,19,3,36,208,55,28,5,5,10,12,0.7000000000000001,0.30000000000000004
1022,21,ORD-UNION,0,0,0,208,19,28,5,5,10,12,0.7000000000000001,0.30000000000000004
1023,21,CARD,9,0,9,208,48,28,5,5,10,12,0.7000000000000001,0.30000000000000004
1024,21,CLF_UNION,9,0,22,208,55,28,5,5,10,12,0.7000000000000001,0.30000000000000004
1025,21,ORD-UNION,0,0,0,208,33,28,5,5,10,12,0.7000000000000001,0.30000000000000004
1026,21,CARD,0,0,0,208,50,28,5,5,10,12,0.7000000000000001,0.30000000000000004
1027,21,CLF_UNION,0,1,19,208,58,28,5,5,10,12,0.7000000000000001,0.30000000000000004
1028,21,ORD-UNION,0,0,0,208,40,28,5,5,10,12,0.7000000000000001,0.30000000000000004
1029,21,CARD,20,9,30,208,46,28,5,5,10,12,0.7000000000000001,0.30000000000000004
1030,21,CLF_UNION,24,5,41,208,55,28,5,5,10,12,0.7000000000000001,0.30000000000000004
1031,21,ORD-UNION,0,0,0,208,14,28,5,5,10,12,0.7000000000000001,0.30000000000000004
1032,21,CARD,20,2,23,208,48,28,5,5,10,12,0.7000000000000001,0.30000000000000004
1033,21,CLF_UNION,22,1,37,208,56,28,5,5,10,12,0.7000000000000001,0.30000000000000004
1034,21,ORD-UNION,0,0,0,208,19,28,5,5,10,12,0.7000000000000001,0.30000000000000004
1035,22,CARD,9,7,17,229,48,28,5,5,10,12,0.7000000000000001,0.30000000000000004
1036,22,CLF_UNION,14,2,31,229,56,28,5,5,10,12,0.7000000000000001,0.30000000000000004
1037,22,ORD-UNION,0,0,0,229,25,28,5,5,10,12,0.7000000000000001,0.30000000000000004
1038,22,CARD,14,8,24,229,49,28,5,5,10,12,0.7000000000000001,0.30000000000000004
1039,22,CLF_UNION,17,5,39,229,56,28,5,5,10,12,0.7000000000000001,0.30000000000000004
1040,22,ORD-UNION,0,0,0,229,17,28,5,5,10,12,0.7000000000000001,0.30000000000000004
1041,22,CARD,16,11,30,229,45,28,5,5,10,12,0.7000000000000001,0.30000000000000004
1042,22,CLF_UNION,25,2,40,229,55,28,5,5,10,12,0.7000000000000001,0.30000000000000004
1043,22,ORD-UNION,0,0,0,229,15,28,5,5,10,12,0.7000000000000001,0.30000000000000004
1044,22,CARD,16,5,24,229,48,28,5,5,10,12,0.7000000000000001,0.30000000000000004
1045,22,CLF_UNION,20,2,39,229,56,28,5,5,10,12,0.7000000000000001,0.30000000000000004
1046,22,ORD-UNION,0,0,0,229,18,28,5,5,10,12,0.7000000000000001,0.30000000000000004
1047,22,CARD,0,0,0,229,50,28,5,5,10,12,0.7000000000000001,0.30000000000000004
1048,22,CLF_UNION,0,0,16,229,56,28,5,5,10,12,0.7000000000000001,0.30000000000000004
1049,22,ORD-UNION,0,0,0,229,40,28,5,5,10,12,0.7000000000000001,0.30000000000000004
1050,23,CARD,13,7,22,250,49,28,5,5,10,12,0.7000000000000001,0.30000000000000004
1051,23,CLF_UNION,19,4,39,250,57,28,5,5,10,12,0.7000000000000001,0.30000000000000004
1052,23,ORD-UNION,0,0,0,250,19,28,5,5,10,12,0.7000000000000001,0.30000000000000004
1053,23,CARD,20,7,29,250,47,28,5,5,10,12,0.7000000000000001,0.30000000000000004
1054,23,CLF_UNION,24,4,42,250,56,28,5,5,10,12,0.7000000000000001,0.30000000000000004
1055,23,ORD-UNION,0,0,0,250,14,28,5,5,10,12,0.7000000000000001,0.30000000000000004
1056,23,CARD,16,5,23,250,47,28,5,5,10,12,0.7000000000000001,0.30000000000000004
1057,23,CLF_UNION,19,3,36,250,56,28,5,5,10,12,0.7000000000000001,0.30000000000000004
1058,23,ORD-UNION,0,0,0,250,20,28,5,5,10,12,0.7000000000000001,0.30000000000000004
1059,23,CARD,11,3,15,250,50,28,5,5,10,12,0.7000000000000001,0.30000000000000004
1060,23,CLF_UNION,15,3,32,250,55,28,5,5,10,12,0.7000000000000001,0.30000000000000004
1061,23,ORD-UNION,0,0,0,250,25,28,5,5,10,12,0.7000000000000001,0.30000000000000004
1062,23,CARD,0,6,9,250,49,28,5,5,10,12,0.7000000000000001,0.30000000000000004
1063,23,CLF_UNION,4,3,26,250,57,28,5,5,10,12,0.7000000000000001,0.30000000000000004
1064,23,ORD-UNION,0,0,0,250,32,28,5,5,10,12,0.7000000000000001,0.30000000000000004
1065,24,CARD,1,6,9,274,47,28,5,5,10,12,0.7000000000000001,0.30000000000000004
1066,24,CLF_UNION,7,1,22,274,55,28,5,5,10,12,0.7000000000000001,0.30000000000000004
1067,24,ORD-UNION,0,0,0,274,34,28,5,5,10,12,0.7000000000000001,0.30000000000000004
1068,24,CARD,3,13,17,274,47,28,5,5,10,12,0.7000000000000001,0.30000000000000004
1069,24,CLF_UNION,14,2,31,274,57,28,5,5,10,12,0.7000000000000001,0.30000000000000004
1070,24,ORD-UNION,0,0,0,274,26,28,5,5,10,12,0.7000000000000001,0.30000000000000004
1071,24,CARD,0,0,0,274,48,28,5,5,10,12,0.7000000000000001,0.30000000000000004
1072,24,CLF_UNION,0,1,15,274,57,28,5,5,10,12,0.7000000000000001,0.30000000000000004
1073,24,ORD-UNION,0,0,0,274,42,28,5,5,10,12,0.7000000000000001,0.30000000000000004
1074,24,CARD,9,6,17,274,45,28,5,5,10,12,0.7000000000000001,0.30000000000000004
1075,24,CLF_UNION,14,2,28,274,55,28,5,5,10,12,0.7000000000000001,0.30000000000000004
1076,24,ORD-UNION,0,0,0,274,28,28,5,5,10,12,0.7000000000000001,0.30000000000000004
1077,24,CARD,0,0,1,274,47,28,5,5,10,12,0.7000000000000001,0.30000000000000004
1078,24,CLF_UNION,0,2,16,274,58,28,5,5,10,12,0.7000000000000001,0.30000000000000004
1079,24,ORD-UNION,0,0,0,274,42,28,5,5,10,12,0.7000000000000001,0.30000000000000004
