,budget,model,correct,wrong,total,n_pref_input,n_pref_output,theta_size,theta_additivity,n_items,n_test_subsets,n_tiers,alpha,p
0,1,CARD,9,8,25,1,65,15,5,5,10,6,0.30000000000000004,0.7000000000000001
1,1,CLF_UNION,27,11,62,1,62,15,5,5,10,6,0.30000000000000004,0.7000000000000001
2,1,ORD-UNION,0,0,0,1,0,15,5,5,10,6,0.30000000000000004,0.7000000000000001
3,1,CARD,11,10,25,1,65,15,5,5,10,6,0.30000000000000004,0.7000000000000001
4,1,CLF_UNION,29,15,62,1,62,15,5,5,10,6,0.30000000000000004,0.7000000000000001
5,1,ORD-UNION,0,0,0,1,0,15,5,5,10,6,0.30000000000000004,0.7000000000000001
6,1,CARD,11,8,21,1,69,15,5,5,10,6,0.30000000000000004,0.7000000000000001
7,1,CLF_UNION,37,18,76,1,76,15,5,5,10,6,0.30000000000000004,0.7000000000000001
8,1,ORD-UNION,0,0,0,1,0,15,5,5,10,6,0.30000000000000004,0.7000000000000001
9,1,CARD,6,9,21,1,69,15,5,5,10,6,0.30000000000000004,0.7000000000000001
10,1,CLF_UNION,29,10,65,1,65,15,5,5,10,6,0.30000000000000004,0.7000000000000001
11,1,ORD-UNION,0,0,0,1,0,15,5,5,10,6,0.30000000000000004,0.7000000000000001
12,1,CARD,20,1,25,1,65,15,5,5,10,6,0.30000000000000004,0.7000000000000001
13,1,CLF_UNION,35,10,68,1,68,15,5,5,10,6,0.30000000000000004,0.7000000000000001
14,1,ORD-UNION,0,0,0,1,0,15,5,5,10,6,0.30000000000000004,0.7000000000000001
15,2,CARD,24,7,36,3,54,15,5,5,10,6,0.30000000000000004,0.7000000000000001
16,2,CLF_UNION,34,11,61,3,61,15,5,5,10,6,0.30000000000000004,0.7000000000000001
17,2,ORD-UNION,1,0,1,3,1,15,5,5,10,6,0.30000000000000004,0.7000000000000001
18,2,CARD,24,7,37,3,53,15,5,5,10,6,0.30000000000000004,0.7000000000000001
19,2,CLF_UNION,31,9,59,3,59,15,5,5,10,6,0.30000000000000004,0.7000000000000001
20,2,ORD-UNION,1,0,1,3,1,15,5,5,10,6,0.30000000000000004,0.7000000000000001
21,2,CARD,17,12,35,3,55,15,5,5,10,6,0.30000000000000004,0.7000000000000001
22,2,CLF_UNION,33,8,59,3,59,15,5,5,10,6,0.30000000000000004,0.7000000000000001
23,2,ORD-UNION,0,0,0,3,0,15,5,5,10,6,0.30000000000000004,0.7000000000000001
24,2,CARD,25,3,34,3,55,15,5,5,10,6,0.30000000000000004,0.7000000000000001
25,2,CLF_UNION,29,14,60,3,61,15,5,5,10,6,0.30000000000000004,0.7000000000000001
26,2,ORD-UNION,0,0,0,3,1,15,5,5,10,6,0.30000000000000004,0.7000000000000001
27,2,CARD,19,11,37,3,53,15,5,5,10,6,0.30000000000000004,0.7000000000000001
28,2,CLF_UNION,28,12,60,3,60,15,5,5,10,6,0.30000000000000004,0.7000000000000001
29,2,ORD-UNION,0,0,0,3,0,15,5,5,10,6,0.30000000000000004,0.7000000000000001
30,3,CARD,25,7,38,6,51,15,5,5,10,6,0.30000000000000004,0.7000000000000001
31,3,CLF_UNION,31,12,60,6,61,15,5,5,10,6,0.30000000000000004,0.7000000000000001
32,3,ORD-UNION,4,0,4,6,5,15,5,5,10,6,0.30000000000000004,0.7000000000000001
33,3,CARD,32,3,39,6,51,15,5,5,10,6,0.30000000000000004,0.7000000000000001
34,3,CLF_UNION,37,11,63,6,63,15,5,5,10,6,0.30000000000000004,0.7000000000000001
35,3,ORD-UNION,2,0,2,6,2,15,5,5,10,6,0.30000000000000004,0.7000000000000001
36,3,CARD,23,9,40,6,50,15,5,5,10,6,0.30000000000000004,0.7000000000000001
37,3,CLF_UNION,29,16,64,6,64,15,5,5,10,6,0.30000000000000004,0.7000000000000001
38,3,ORD-UNION,1,0,2,6,2,15,5,5,10,6,0.30000000000000004,0.7000000000000001
39,3,CARD,23,9,37,6,53,15,5,5,10,6,0.30000000000000004,0.7000000000000001
40,3,CLF_UNION,29,15,63,6,63,15,5,5,10,6,0.30000000000000004,0.7000000000000001
41,3,ORD-UNION,0,0,1,6,1,15,5,5,10,6,0.30000000000000004,0.7000000000000001
42,3,CARD,19,11,37,6,53,15,5,5,10,6,0.30000000000000004,0.7000000000000001
43,3,CLF_UNION,26,16,60,6,60,15,5,5,10,6,0.30000000000000004,0.7000000000000001
44,3,ORD-UNION,2,0,2,6,2,15,5,5,10,6,0.30000000000000004,0.7000000000000001
45,4,CARD,31,3,40,10,50,15,5,5,10,6,0.30000000000000004,0.7000000000000001
46,4,CLF_UNION,35,3,57,10,57,15,5,5,10,6,0.30000000000000004,0.7000000000000001
47,4,ORD-UNION,1,0,1,10,1,15,5,5,10,6,0.30000000000000004,0.7000000000000001
48,4,CARD,25,7,42,10,48,15,5,5,10,6,0.30000000000000004,0.7000000000000001
49,4,CLF_UNION,32,6,58,10,58,15,5,5,10,6,0.30000000000000004,0.7000000000000001
50,4,ORD-UNION,1,0,1,10,1,15,5,5,10,6,0.30000000000000004,0.7000000000000001
51,4,CARD,17,11,35,10,55,15,5,5,10,6,0.30000000000000004,0.7000000000000001
52,4,CLF_UNION,30,8,57,10,57,15,5,5,10,6,0.30000000000000004,0.7000000000000001
53,4,ORD-UNION,1,0,1,10,1,15,5,5,10,6,0.30000000000000004,0.7000000000000001
54,4,CARD,29,4,37,10,52,15,5,5,10,6,0.30000000000000004,0.7000000000000001
55,4,CLF_UNION,35,5,56,10,57,15,5,5,10,6,0.30000000000000004,0.7000000000000001
56,4,ORD-UNION,0,0,1,10,2,15,5,5,10,6,0.30000000000000004,0.7000000000000001
57,4,CARD,29,6,40,10,49,15,5,5,10,6,0.30000000000000004,0.7000000000000001
58,4,CLF_UNION,37,3,55,10,56,15,5,5,10,6,0.30000000000000004,0.7000000000000001
59,4,ORD-UNION,3,0,3,10,4,15,5,5,10,6,0.30000000000000004,0.7000000000000001
60,5,CARD,27,7,42,14,47,15,5,5,10,6,0.30000000000000004,0.7000000000000001
61,5,CLF_UNION,27,9,54,14,55,15,5,5,10,6,0.30000000000000004,0.7000000000000001
62,5,ORD-UNION,1,0,2,14,3,15,5,5,10,6,0.30000000000000004,0.7000000000000001
63,5,CARD,26,7,41,14,48,15,5,5,10,6,0.30000000000000004,0.7000000000000001
64,5,CLF_UNION,24,12,54,14,55,15,5,5,10,6,0.30000000000000004,0.7000000000000001
65,5,ORD-UNION,0,0,1,14,2,15,5,5,10,6,0.30000000000000004,0.7000000000000001
66,5,CARD,20,12,40,14,50,15,5,5,10,6,0.30000000000000004,0.7000000000000001
67,5,CLF_UNION,29,7,56,14,56,15,5,5,10,6,0.30000000000000004,0.7000000000000001
68,5,ORD-UNION,1,0,1,14,1,15,5,5,10,6,0.30000000000000004,0.7000000000000001
69,5,CARD,29,7,44,14,46,15,5,5,10,6,0.30000000000000004,0.7000000000000001
70,5,CLF_UNION,35,1,55,14,55,15,5,5,10,6,0.30000000000000004,0.7000000000000001
71,5,ORD-UNION,0,0,0,14,0,15,5,5,10,6,0.30000000000000004,0.7000000000000001
72,5,CARD,27,3,37,14,48,15,5,5,10,6,0.30000000000000004,0.7000000000000001
73,5,CLF_UNION,24,8,51,14,56,15,5,5,10,6,0.30000000000000004,0.7000000000000001
74,5,ORD-UNION,0,0,0,14,5,15,5,5,10,6,0.30000000000000004,0.7000000000000001
75,6,CARD,35,3,42,19,47,15,5,5,10,6,0.30000000000000004,0.7000000000000001
76,6,CLF_UNION,38,2,54,19,55,15,5,5,10,6,0.30000000000000004,0.7000000000000001
77,6,ORD-UNION,0,0,0,19,1,15,5,5,10,6,0.30000000000000004,0.7000000000000001
78,6,CARD,25,0,40,19,47,15,5,5,10,6,0.30000000000000004,0.7000000000000001
79,6,CLF_UNION,24,2,52,19,55,15,5,5,10,6,0.30000000000000004,0.7000000000000001
80,6,ORD-UNION,1,0,2,19,5,15,5,5,10,6,0.30000000000000004,0.7000000000000001
81,6,CARD,34,0,43,19,46,15,5,5,10,6,0.30000000000000004,0.7000000000000001
82,6,CLF_UNION,34,1,54,19,55,15,5,5,10,6,0.30000000000000004,0.7000000000000001
83,6,ORD-UNION,2,0,3,19,4,15,5,5,10,6,0.30000000000000004,0.7000000000000001
84,6,CARD,31,3,43,19,47,15,5,5,10,6,0.30000000000000004,0.7000000000000001
85,6,CLF_UNION,34,2,55,19,55,15,5,5,10,6,0.30000000000000004,0.7000000000000001
86,6,ORD-UNION,1,0,1,19,1,15,5,5,10,6,0.30000000000000004,0.7000000000000001
87,6,CARD,29,1,38,19,46,15,5,5,10,6,0.30000000000000004,0.7000000000000001
88,6,CLF_UNION,27,4,50,19,56,15,5,5,10,6,0.30000000000000004,0.7000000000000001
89,6,ORD-UNION,1,0,2,19,8,15,5,5,10,6,0.30000000000000004,0.7000000000000001
90,7,CARD,26,2,39,25,48,15,5,5,10,6,0.30000000000000004,0.7000000000000001
91,7,CLF_UNION,23,7,52,25,55,15,5,5,10,6,0.30000000000000004,0.7000000000000001
92,7,ORD-UNION,1,0,1,25,4,15,5,5,10,6,0.30000000000000004,0.7000000000000001
93,7,CARD,32,7,44,25,45,15,5,5,10,6,0.30000000000000004,0.7000000000000001
94,7,CLF_UNION,34,5,54,25,55,15,5,5,10,6,0.30000000000000004,0.7000000000000001
95,7,ORD-UNION,1,0,1,25,2,15,5,5,10,6,0.30000000000000004,0.7000000000000001
96,7,CARD,34,4,44,25,45,15,5,5,10,6,0.30000000000000004,0.7000000000000001
97,7,CLF_UNION,31,7,54,25,55,15,5,5,10,6,0.30000000000000004,0.7000000000000001
98,7,ORD-UNION,1,0,2,25,3,15,5,5,10,6,0.30000000000000004,0.7000000000000001
99,7,CARD,33,3,41,25,48,15,5,5,10,6,0.30000000000000004,0.7000000000000001
100,7,CLF_UNION,36,3,54,25,55,15,5,5,10,6,0.30000000000000004,0.7000000000000001
101,7,ORD-UNION,1,0,2,25,3,15,5,5,10,6,0.30000000000000004,0.7000000000000001
102,7,CARD,31,3,42,25,47,15,5,5,10,6,0.30000000000000004,0.7000000000000001
103,7,CLF_UNION,29,7,54,25,55,15,5,5,10,6,0.30000000000000004,0.7000000000000001
104,7,ORD-UNION,1,0,1,25,2,15,5,5,10,6,0.30000000000000004,0.7000000000000001
105,8,CARD,30,1,35,32,52,15,5,5,10,6,0.30000000000000004,0.7000000000000001
106,8,CLF_UNION,30,6,52,32,55,15,5,5,10,6,0.30000000000000004,0.7000000000000001
107,8,ORD-UNION,0,0,1,32,4,15,5,5,10,6,0.30000000000000004,0.7000000000000001
108,8,CARD,30,6,42,32,48,15,5,5,10,6,0.30000000000000004,0.7000000000000001
109,8,CLF_UNION,30,7,55,32,55,15,5,5,10,6,0.30000000000000004,0.7000000000000001
110,8,ORD-UNION,0,0,0,32,0,15,5,5,10,6,0.30000000000000004,0.7000000000000001
111,8,CARD,26,3,34,32,47,15,5,5,10,6,0.30000000000000004,0.7000000000000001
112,8,CLF_UNION,24,6,46,32,55,15,5,5,10,6,0.30000000000000004,0.7000000000000001
113,8,ORD-UNION,3,0,4,32,13,15,5,5,10,6,0.30000000000000004,0.7000000000000001
114,8,CARD,27,5,41,32,48,15,5,5,10,6,0.30000000000000004,0.7000000000000001
115,8,CLF_UNION,32,3,54,32,55,15,5,5,10,6,0.30000000000000004,0.7000000000000001
116,8,ORD-UNION,5,0,6,32,7,15,5,5,10,6,0.30000000000000004,0.7000000000000001
117,8,CARD,32,2,41,32,48,15,5,5,10,6,0.30000000000000004,0.7000000000000001
118,8,CLF_UNION,29,6,54,32,55,15,5,5,10,6,0.30000000000000004,0.7000000000000001
119,8,ORD-UNION,3,0,4,32,5,15,5,5,10,6,0.30000000000000004,0.7000000000000001
120,9,CARD,29,2,38,41,47,15,5,5,10,6,0.30000000000000004,0.7000000000000001
121,9,CLF_UNION,28,4,50,41,55,15,5,5,10,6,0.30000000000000004,0.7000000000000001
122,9,ORD-UNION,1,0,2,41,7,15,5,5,10,6,0.30000000000000004,0.7000000000000001
123,9,CARD,34,2,41,41,46,15,5,5,10,6,0.30000000000000004,0.7000000000000001
124,9,CLF_UNION,36,1,52,41,55,15,5,5,10,6,0.30000000000000004,0.7000000000000001
125,9,ORD-UNION,3,0,4,41,7,15,5,5,10,6,0.30000000000000004,0.7000000000000001
126,9,CARD,27,1,43,41,46,15,5,5,10,6,0.30000000000000004,0.7000000000000001
127,9,CLF_UNION,28,1,54,41,55,15,5,5,10,6,0.30000000000000004,0.7000000000000001
128,9,ORD-UNION,7,0,8,41,9,15,5,5,10,6,0.30000000000000004,0.7000000000000001
129,9,CARD,36,2,44,41,46,15,5,5,10,6,0.30000000000000004,0.7000000000000001
130,9,CLF_UNION,36,3,55,41,55,15,5,5,10,6,0.30000000000000004,0.7000000000000001
131,9,ORD-UNION,2,0,3,41,3,15,5,5,10,6,0.30000000000000004,0.7000000000000001
132,9,CARD,23,1,31,41,49,15,5,5,10,6,0.30000000000000004,0.7000000000000001
133,9,CLF_UNION,25,3,46,41,56,15,5,5,10,6,0.30000000000000004,0.7000000000000001
134,9,ORD-UNION,3,0,3,41,13,15,5,5,10,6,0.30000000000000004,0.7000000000000001
135,10,CARD,31,2,39,50,49,15,5,5,10,6,0.30000000000000004,0.7000000000000001
136,10,CLF_UNION,36,0,54,50,56,15,5,5,10,6,0.30000000000000004,0.7000000000000001
137,10,ORD-UNION,7,0,7,50,9,15,5,5,10,6,0.30000000000000004,0.7000000000000001
138,10,CARD,31,0,35,50,50,15,5,5,10,6,0.30000000000000004,0.7000000000000001
139,10,CLF_UNION,34,0,51,50,56,15,5,5,10,6,0.30000000000000004,0.7000000000000001
140,10,ORD-UNION,10,0,10,50,15,15,5,5,10,6,0.30000000000000004,0.7000000000000001
141,10,CARD,33,0,38,50,49,15,5,5,10,6,0.30000000000000004,0.7000000000000001
142,10,CLF_UNION,36,0,52,50,55,15,5,5,10,6,0.30000000000000004,0.7000000000000001
143,10,ORD-UNION,3,0,4,50,7,15,5,5,10,6,0.30000000000000004,0.7000000000000001
144,10,CARD,31,0,40,50,48,15,5,5,10,6,0.30000000000000004,0.7000000000000001
145,10,CLF_UNION,31,0,53,50,55,15,5,5,10,6,0.30000000000000004,0.7000000000000001
146,10,ORD-UNION,7,0,7,50,9,15,5,5,10,6,0.30000000000000004,0.7000000000000001
147,10,CARD,29,0,40,50,47,15,5,5,10,6,0.30000000000000004,0.7000000000000001
148,10,CLF_UNION,27,2,52,50,55,15,5,5,10,6,0.30000000000000004,0.7000000000000001
149,10,ORD-UNION,4,0,5,50,8,15,5,5,10,6,0.30000000000000004,0.7000000000000001
150,11,CARD,31,3,40,59,49,15,5,5,10,6,0.30000000000000004,0.7000000000000001
151,11,CLF_UNION,37,0,54,59,55,15,5,5,10,6,0.30000000000000004,0.7000000000000001
152,11,ORD-UNION,9,0,9,59,10,15,5,5,10,6,0.30000000000000004,0.7000000000000001
153,11,CARD,32,1,38,59,50,15,5,5,10,6,0.30000000000000004,0.7000000000000001
154,11,CLF_UNION,35,1,53,59,55,15,5,5,10,6,0.30000000000000004,0.7000000000000001
155,11,ORD-UNION,9,0,9,59,11,15,5,5,10,6,0.30000000000000004,0.7000000000000001
156,11,CARD,27,0,32,59,50,15,5,5,10,6,0.30000000000000004,0.7000000000000001
157,11,CLF_UNION,28,1,47,59,55,15,5,5,10,6,0.30000000000000004,0.7000000000000001
158,11,ORD-UNION,8,0,8,59,16,15,5,5,10,6,0.30000000000000004,0.7000000000000001
159,11,CARD,25,4,36,59,48,15,5,5,10,6,0.30000000000000004,0.7000000000000001
160,11,CLF_UNION,28,3,49,59,55,15,5,5,10,6,0.30000000000000004,0.7000000000000001
161,11,ORD-UNION,4,0,5,59,11,15,5,5,10,6,0.30000000000000004,0.7000000000000001
162,11,CARD,30,1,37,59,50,15,5,5,10,6,0.30000000000000004,0.7000000000000001
163,11,CLF_UNION,35,0,52,59,55,15,5,5,10,6,0.30000000000000004,0.7000000000000001
164,11,ORD-UNION,13,0,14,59,17,15,5,5,10,6,0.30000000000000004,0.7000000000000001
165,12,CARD,34,3,42,69,47,15,5,5,10,6,0.30000000000000004,0.7000000000000001
166,12,CLF_UNION,39,0,54,69,55,15,5,5,10,6,0.30000000000000004,0.7000000000000001
167,12,ORD-UNION,6,0,6,69,7,15,5,5,10,6,0.30000000000000004,0.7000000000000001
168,12,CARD,23,0,33,69,47,15,5,5,10,6,0.30000000000000004,0.7000000000000001
169,12,CLF_UNION,24,0,45,69,55,15,5,5,10,6,0.30000000000000004,0.7000000000000001
170,12,ORD-UNION,9,0,10,69,20,15,5,5,10,6,0.30000000000000004,0.7000000000000001
171,12,CARD,30,2,39,69,48,15,5,5,10,6,0.30000000000000004,0.7000000000000001
172,12,CLF_UNION,32,2,52,69,55,15,5,5,10,6,0.30000000000000004,0.7000000000000001
173,12,ORD-UNION,4,0,4,69,7,15,5,5,10,6,0.30000000000000004,0.7000000000000001
174,12,CARD,26,0,29,69,50,15,5,5,10,6,0.30000000000000004,0.7000000000000001
175,12,CLF_UNION,26,0,44,69,55,15,5,5,10,6,0.30000000000000004,0.7000000000000001
176,12,ORD-UNION,8,0,9,69,20,15,5,5,10,6,0.30000000000000004,0.7000000000000001
177,12,CARD,31,1,37,69,47,15,5,5,10,6,0.30000000000000004,0.7000000000000001
178,12,CLF_UNION,31,1,49,69,55,15,5,5,10,6,0.30000000000000004,0.7000000000000001
179,12,ORD-UNION,6,0,6,69,12,15,5,5,10,6,0.30000000000000004,0.7000000000000001
180,13,CARD,32,0,40,79,47,15,5,5,10,6,0.30000000000000004,0.7000000000000001
181,13,CLF_UNION,32,0,52,79,55,15,5,5,10,6,0.30000000000000004,0.7000000000000001
182,13,ORD-UNION,9,0,11,79,14,15,5,5,10,6,0.30000000000000004,0.7000000000000001
183,13,CARD,21,0,25,79,49,15,5,5,10,6,0.30000000000000004,0.7000000000000001
184,13,CLF_UNION,22,0,40,79,56,15,5,5,10,6,0.30000000000000004,0.7000000000000001
185,13,ORD-UNION,3,0,5,79,21,15,5,5,10,6,0.30000000000000004,0.7000000000000001
186,13,CARD,23,1,30,79,46,15,5,5,10,6,0.30000000000000004,0.7000000000000001
187,13,CLF_UNION,24,1,41,79,55,15,5,5,10,6,0.30000000000000004,0.7000000000000001
188,13,ORD-UNION,0,0,1,79,15,15,5,5,10,6,0.30000000000000004,0.7000000000000001
189,13,CARD,34,1,38,79,47,15,5,5,10,6,0.30000000000000004,0.7000000000000001
190,13,CLF_UNION,34,1,50,79,55,15,5,5,10,6,0.30000000000000004,0.7000000000000001
191,13,ORD-UNION,10,0,10,79,15,15,5,5,10,6,0.30000000000000004,0.7000000000000001
192,13,CARD,34,1,37,79,48,15,5,5,10,6,0.30000000000000004,0.7000000000000001
193,13,CLF_UNION,34,1,50,79,55,15,5,5,10,6,0.30000000000000004,0.7000000000000001
194,13,ORD-UNION,10,0,11,79,16,15,5,5,10,6,0.30000000000000004,0.7000000000000001
195,14,CARD,32,1,35,91,51,15,5,5,10,6,0.30000000000000004,0.7000000000000001
196,14,CLF_UNION,35,0,52,91,56,15,5,5,10,6,0.30000000000000004,0.7000000000000001
197,14,ORD-UNION,2,0,2,91,6,15,5,5,10,6,0.30000000000000004,0.7000000000000001
198,14,CARD,22,0,29,91,48,15,5,5,10,6,0.30000000000000004,0.7000000000000001
199,14,CLF_UNION,22,0,42,91,55,15,5,5,10,6,0.30000000000000004,0.7000000000000001
200,14,ORD-UNION,11,0,12,91,25,15,5,5,10,6,0.30000000000000004,0.7000000000000001
201,14,CARD,24,1,30,91,46,15,5,5,10,6,0.30000000000000004,0.7000000000000001
202,14,CLF_UNION,25,0,41,91,55,15,5,5,10,6,0.30000000000000004,0.7000000000000001
203,14,ORD-UNION,12,0,12,91,26,15,5,5,10,6,0.30000000000000004,0.7000000000000001
204,14,CARD,23,2,30,91,48,15,5,5,10,6,0.30000000000000004,0.7000000000000001
205,14,CLF_UNION,25,0,44,91,56,15,5,5,10,6,0.30000000000000004,0.7000000000000001
206,14,ORD-UNION,2,0,2,91,14,15,5,5,10,6,0.30000000000000004,0.7000000000000001
207,14,CARD,25,0,29,91,47,15,5,5,10,6,0.30000000000000004,0.7000000000000001
208,14,CLF_UNION,25,0,42,91,56,15,5,5,10,6,0.30000000000000004,0.7000000000000001
209,14,ORD-UNION,4,0,4,91,18,15,5,5,10,6,0.30000000000000004,0.7000000000000001
210,15,CARD,13,0,17,104,48,15,5,5,10,6,0.30000000000000004,0.7000000000000001
211,15,CLF_UNION,14,0,30,104,55,15,5,5,10,6,0.30000000000000004,0.7000000000000001
212,15,ORD-UNION,7,0,8,104,33,15,5,5,10,6,0.30000000000000004,0.7000000000000001
213,15,CARD,23,4,35,104,48,15,5,5,10,6,0.30000000000000004,0.7000000000000001
214,15,CLF_UNION,27,0,49,104,56,15,5,5,10,6,0.30000000000000004,0.7000000000000001
215,15,ORD-UNION,6,0,6,104,13,15,5,5,10,6,0.30000000000000004,0.7000000000000001
216,15,CARD,18,1,24,104,48,15,5,5,10,6,0.30000000000000004,0.7000000000000001
217,15,CLF_UNION,20,0,37,104,55,15,5,5,10,6,0.30000000000000004,0.7000000000000001
218,15,ORD-UNION,4,0,6,104,24,15,5,5,10,6,0.30000000000000004,0.7000000000000001
219,15,CARD,17,0,24,104,47,15,5,5,10,6,0.30000000000000004,0.7000000000000001
220,15,CLF_UNION,18,0,36,104,55,15,5,5,10,6,0.30000000000000004,0.7000000000000001
221,15,ORD-UNION,8,0,10,104,29,15,5,5,10,6,0.30000000000000004,0.7000000000000001
222,15,CARD,15,0,17,104,49,15,5,5,10,6,0.30000000000000004,0.7000000000000001
223,15,CLF_UNION,15,0,32,104,56,15,5,5,10,6,0.30000000000000004,0.7000000000000001
224,15,ORD-UNION,4,0,4,104,28,15,5,5,10,6,0.30000000000000004,0.7000000000000001
225,16,CARD,12,2,18,120,49,15,5,5,10,6,0.30000000000000004,0.7000000000000001
226,16,CLF_UNION,15,0,32,120,55,15,5,5,10,6,0.30000000000000004,0.7000000000000001
227,16,ORD-UNION,9,0,11,120,34,15,5,5,10,6,0.30000000000000004,0.7000000000000001
228,16,CARD,27,1,34,120,46,15,5,5,10,6,0.30000000000000004,0.7000000000000001
229,16,CLF_UNION,28,0,45,120,55,15,5,5,10,6,0.30000000000000004,0.7000000000000001
230,16,ORD-UNION,11,0,11,120,21,15,5,5,10,6,0.30000000000000004,0.7000000000000001
231,16,CARD,24,0,30,120,47,15,5,5,10,6,0.30000000000000004,0.7000000000000001
232,16,CLF_UNION,24,0,42,120,55,15,5,5,10,6,0.30000000000000004,0.7000000000000001
233,16,ORD-UNION,9,0,10,120,23,15,5,5,10,6,0.30000000000000004,0.7000000000000001
234,16,CARD,27,0,32,120,49,15,5,5,10,6,0.30000000000000004,0.7000000000000001
235,16,CLF_UNION,27,0,46,120,55,15,5,5,10,6,0.30000000000000004,0.7000000000000001
236,16,ORD-UNION,14,0,14,120,23,15,5,5,10,6,0.30000000000000004,0.7000000000000001
237,16,CARD,23,0,27,120,49,15,5,5,10,6,0.30000000000000004,0.7000000000000001
238,16,CLF_UNION,24,0,41,120,55,15,5,5,10,6,0.30000000000000004,0.7000000000000001
239,16,ORD-UNION,12,0,13,120,27,15,5,5,10,6,0.30000000000000004,0.7000000000000001
240,17,CARD,32,1,39,133,46,15,5,5,10,6,0.30000000000000004,0.7000000000000001
241,17,CLF_UNION,33,0,50,133,55,15,5,5,10,6,0.30000000000000004,0.7000000000000001
242,17,ORD-UNION,13,0,14,133,19,15,5,5,10,6,0.30000000000000004,0.7000000000000001
243,17,CARD,24,0,34,133,48,15,5,5,10,6,0.30000000000000004,0.7000000000000001
244,17,CLF_UNION,24,0,48,133,56,15,5,5,10,6,0.30000000000000004,0.7000000000000001
245,17,ORD-UNION,10,0,11,133,19,15,5,5,10,6,0.30000000000000004,0.7000000000000001
246,17,CARD,25,5,37,133,47,15,5,5,10,6,0.30000000000000004,0.7000000000000001
247,17,CLF_UNION,31,0,49,133,55,15,5,5,10,6,0.30000000000000004,0.7000000000000001
248,17,ORD-UNION,9,0,9,133,15,15,5,5,10,6,0.30000000000000004,0.7000000000000001
249,17,CARD,20,1,24,133,47,15,5,5,10,6,0.30000000000000004,0.7000000000000001
250,17,CLF_UNION,21,0,37,133,56,15,5,5,10,6,0.30000000000000004,0.7000000000000001
251,17,ORD-UNION,6,0,6,133,25,15,5,5,10,6,0.30000000000000004,0.7000000000000001
252,17,CARD,26,3,34,133,47,15,5,5,10,6,0.30000000000000004,0.7000000000000001
253,17,CLF_UNION,29,0,46,133,55,15,5,5,10,6,0.30000000000000004,0.7000000000000001
254,17,ORD-UNION,15,0,16,133,25,15,5,5,10,6,0.30000000000000004,0.7000000000000001
255,18,CARD,13,0,17,146,48,15,5,5,10,6,0.30000000000000004,0.7000000000000001
256,18,CLF_UNION,14,0,30,146,55,15,5,5,10,6,0.30000000000000004,0.7000000000000001
257,18,ORD-UNION,4,0,5,146,30,15,5,5,10,6,0.30000000000000004,0.7000000000000001
258,18,CARD,17,1,24,146,48,15,5,5,10,6,0.30000000000000004,0.7000000000000001
259,18,CLF_UNION,20,0,38,146,56,15,5,5,10,6,0.30000000000000004,0.7000000000000001
260,18,ORD-UNION,12,0,14,146,32,15,5,5,10,6,0.30000000000000004,0.7000000000000001
261,18,CARD,18,0,22,146,50,15,5,5,10,6,0.30000000000000004,0.7000000000000001
262,18,CLF_UNION,20,0,38,146,56,15,5,5,10,6,0.30000000000000004,0.7000000000000001
263,18,ORD-UNION,5,0,5,146,23,15,5,5,10,6,0.30000000000000004,0.7000000000000001
264,18,CARD,23,5,35,146,46,15,5,5,10,6,0.30000000000000004,0.7000000000000001
265,18,CLF_UNION,28,0,46,146,55,15,5,5,10,6,0.30000000000000004,0.7000000000000001
266,18,ORD-UNION,8,0,8,146,17,15,5,5,10,6,0.30000000000000004,0.7000000000000001
267,18,CARD,21,0,30,146,48,15,5,5,10,6,0.30000000000000004,0.7000000000000001
268,18,CLF_UNION,21,0,44,146,56,15,5,5,10,6,0.30000000000000004,0.7000000000000001
269,18,ORD-UNION,7,0,8,146,20,15,5,5,10,6,0.30000000000000004,0.7000000000000001
270,19,CARD,13,4,25,162,47,15,5,5,10,6,0.30000000000000004,0.7000000000000001
271,19,CLF_UNION,17,0,38,162,56,15,5,5,10,6,0.30000000000000004,0.7000000000000001
272,19,ORD-UNION,8,0,9,162,27,15,5,5,10,6,0.30000000000000004,0.7000000000000001
273,19,CARD,18,5,30,162,47,15,5,5,10,6,0.30000000000000004,0.7000000000000001
274,19,CLF_UNION,23,0,42,162,55,15,5,5,10,6,0.30000000000000004,0.7000000000000001
275,19,ORD-UNION,11,0,11,162,24,15,5,5,10,6,0.30000000000000004,0.7000000000000001
276,19,CARD,19,1,26,162,47,15,5,5,10,6,0.30000000000000004,0.7000000000000001
277,19,CLF_UNION,20,0,38,162,55,15,5,5,10,6,0.30000000000000004,0.7000000000000001
278,19,ORD-UNION,6,0,7,162,24,15,5,5,10,6,0.30000000000000004,0.7000000000000001
279,19,CARD,6,0,11,162,48,15,5,5,10,6,0.30000000000000004,0.7000000000000001
280,19,CLF_UNION,7,0,25,162,56,15,5,5,10,6,0.30000000000000004,0.7000000000000001
281,19,ORD-UNION,6,0,8,162,39,15,5,5,10,6,0.30000000000000004,0.7000000000000001
282,19,CARD,24,0,34,162,48,15,5,5,10,6,0.30000000000000004,0.7000000000000001
283,19,CLF_UNION,25,0,47,162,55,15,5,5,10,6,0.30000000000000004,0.7000000000000001
284,19,ORD-UNION,10,0,11,162,19,15,5,5,10,6,0.30000000000000004,0.7000000000000001
285,20,CARD,11,2,19,178,47,15,5,5,10,6,0.30000000000000004,0.7000000000000001
286,20,CLF_UNION,13,0,31,178,55,15,5,5,10,6,0.30000000000000004,0.7000000000000001
287,20,ORD-UNION,7,0,8,178,32,15,5,5,10,6,0.30000000000000004,0.7000000000000001
288,20,CARD,7,0,11,178,47,15,5,5,10,6,0.30000000000000004,0.7000000000000001
289,20,CLF_UNION,7,0,23,178,55,15,5,5,10,6,0.30000000000000004,0.7000000000000001
290,20,ORD-UNION,4,0,6,178,38,15,5,5,10,6,0.30000000000000004,0.7000000000000001
291,20,CARD,15,4,25,178,46,15,5,5,10,6,0.30000000000000004,0.7000000000000001
292,20,CLF_UNION,19,0,37,178,56,15,5,5,10,6,0.30000000000000004,0.7000000000000001
293,20,ORD-UNION,7,0,7,178,26,15,5,5,10,6,0.30000000000000004,0.7000000000000001
294,20,CARD,24,2,32,178,46,15,5,5,10,6,0.30000000000000004,0.7000000000000001
295,20,CLF_UNION,26,0,45,178,57,15,5,5,10,6,0.30000000000000004,0.7000000000000001
296,20,ORD-UNION,8,0,10,178,22,15,5,5,10,6,0.30000000000000004,0.7000000000000001
297,20,CARD,23,1,31,178,47,15,5,5,10,6,0.30000000000000004,0.7000000000000001
298,20,CLF_UNION,25,0,45,178,57,15,5,5,10,6,0.30000000000000004,0.7000000000000001
299,20,ORD-UNION,14,0,15,178,27,15,5,5,10,6,0.30000000000000004,0.7000000000000001
300,21,CARD,19,2,25,194,46,15,5,5,10,6,0.30000000000000004,0.7000000000000001
301,21,CLF_UNION,21,0,36,194,55,15,5,5,10,6,0.30000000000000004,0.7000000000000001
302,21,ORD-UNION,13,0,13,194,32,15,5,5,10,6,0.30000000000000004,0.7000000000000001
303,21,CARD,9,7,28,194,49,15,5,5,10,6,0.30000000000000004,0.7000000000000001
304,21,CLF_UNION,16,0,42,194,55,15,5,5,10,6,0.30000000000000004,0.7000000000000001
305,21,ORD-UNION,7,0,7,194,20,15,5,5,10,6,0.30000000000000004,0.7000000000000001
306,21,CARD,18,1,28,194,47,15,5,5,10,6,0.30000000000000004,0.7000000000000001
307,21,CLF_UNION,19,0,40,194,55,15,5,5,10,6,0.30000000000000004,0.7000000000000001
308,21,ORD-UNION,4,0,6,194,21,15,5,5,10,6,0.30000000000000004,0.7000000000000001
309,21,CARD,16,3,29,194,47,15,5,5,10,6,0.30000000000000004,0.7000000000000001
310,21,CLF_UNION,19,0,41,194,55,15,5,5,10,6,0.30000000000000004,0.7000000000000001
311,21,ORD-UNION,11,0,11,194,25,15,5,5,10,6,0.30000000000000004,0.7000000000000001
312,21,CARD,18,3,29,194,47,15,5,5,10,6,0.30000000000000004,0.7000000000000001
313,21,CLF_UNION,21,0,41,194,55,15,5,5,10,6,0.30000000000000004,0.7000000000000001
314,21,ORD-UNION,5,0,6,194,20,15,5,5,10,6,0.30000000000000004,0.7000000000000001
315,22,CARD,15,3,24,210,47,15,5,5,10,6,0.30000000000000004,0.7000000000000001
316,22,CLF_UNION,18,0,36,210,55,15,5,5,10,6,0.30000000000000004,0.7000000000000001
317,22,ORD-UNION,8,0,8,210,27,15,5,5,10,6,0.30000000000000004,0.7000000000000001
318,22,CARD,7,2,14,210,48,15,5,5,10,6,0.30000000000000004,0.7000000000000001
319,22,CLF_UNION,9,0,27,210,55,15,5,5,10,6,0.30000000000000004,0.7000000000000001
320,22,ORD-UNION,6,0,7,210,35,15,5,5,10,6,0.30000000000000004,0.7000000000000001
321,22,CARD,12,0,20,210,47,15,5,5,10,6,0.30000000000000004,0.7000000000000001
322,22,CLF_UNION,12,0,32,210,55,15,5,5,10,6,0.30000000000000004,0.7000000000000001
323,22,ORD-UNION,10,0,11,210,34,15,5,5,10,6,0.30000000000000004,0.7000000000000001
324,22,CARD,25,0,30,210,49,15,5,5,10,6,0.30000000000000004,0.7000000000000001
325,22,CLF_UNION,27,0,44,210,55,15,5,5,10,6,0.30000000000000004,0.7000000000000001
326,22,ORD-UNION,17,0,20,210,31,15,5,5,10,6,0.30000000000000004,0.7000000000000001
327,22,CARD,21,2,30,210,47,15,5,5,10,6,0.30000000000000004,0.7000000000000001
328,22,CLF_UNION,23,0,42,210,55,15,5,5,10,6,0.30000000000000004,0.7000000000000001
329,22,ORD-UNION,7,0,7,210,20,15,5,5,10,6,0.30000000000000004,0.7000000000000001
330,23,CARD,8,0,12,230,49,15,5,5,10,6,0.30000000000000004,0.7000000000000001
331,23,CLF_UNION,8,0,26,230,55,15,5,5,10,6,0.30000000000000004,0.7000000000000001
332,23,ORD-UNION,7,0,7,230,36,15,5,5,10,6,0.30000000000000004,0.7000000000000001
333,23,CARD,22,0,30,230,47,15,5,5,10,6,0.30000000000000004,0.7000000000000001
334,23,CLF_UNION,23,0,42,230,55,15,5,5,10,6,0.30000000000000004,0.7000000000000001
335,23,ORD-UNION,19,0,20,230,33,15,5,5,10,6,0.30000000000000004,0.7000000000000001
336,23,CARD,5,3,22,230,47,15,5,5,10,6,0.30000000000000004,0.7000000000000001
337,23,CLF_UNION,8,0,34,230,55,15,5,5,10,6,0.30000000000000004,0.7000000000000001
338,23,ORD-UNION,1,0,3,230,24,15,5,5,10,6,0.30000000000000004,0.7000000000000001
339,23,CARD,17,3,24,230,49,15,5,5,10,6,0.30000000000000004,0.7000000000000001
340,23,CLF_UNION,20,0,38,230,55,15,5,5,10,6,0.30000000000000004,0.7000000000000001
341,23,ORD-UNION,7,0,8,230,25,15,5,5,10,6,0.30000000000000004,0.7000000000000001
342,23,CARD,16,5,23,230,48,15,5,5,10,6,0.30000000000000004,0.7000000000000001
343,23,CLF_UNION,22,0,36,230,55,15,5,5,10,6,0.30000000000000004,0.7000000000000001
344,23,ORD-UNION,8,0,9,230,28,15,5,5,10,6,0.30000000000000004,0.7000000000000001
345,24,CARD,12,0,17,248,48,15,5,5,10,6,0.30000000000000004,0.7000000000000001
346,24,CLF_UNION,14,0,30,248,55,15,5,5,10,6,0.30000000000000004,0.7000000000000001
347,24,ORD-UNION,12,0,13,248,38,15,5,5,10,6,0.30000000000000004,0.7000000000000001
348,24,CARD,12,0,19,248,48,15,5,5,10,6,0.30000000000000004,0.7000000000000001
349,24,CLF_UNION,13,0,32,248,55,15,5,5,10,6,0.30000000000000004,0.7000000000000001
350,24,ORD-UNION,4,0,6,248,29,15,5,5,10,6,0.30000000000000004,0.7000000000000001
351,24,CARD,13,0,17,248,49,15,5,5,10,6,0.30000000000000004,0.7000000000000001
352,24,CLF_UNION,13,0,31,248,55,15,5,5,10,6,0.30000000000000004,0.7000000000000001
353,24,ORD-UNION,5,0,5,248,29,15,5,5,10,6,0.30000000000000004,0.7000000000000001
354,24,CARD,14,0,19,248,48,15,5,5,10,6,0.30000000000000004,0.7000000000000001
355,24,CLF_UNION,14,0,32,248,55,15,5,5,10,6,0.30000000000000004,0.7000000000000001
356,24,ORD-UNION,4,0,5,248,28,15,5,5,10,6,0.30000000000000004,0.7000000000000001
357,24,CARD,21,2,27,248,46,15,5,5,10,6,0.30000000000000004,0.7000000000000001
358,24,CLF_UNION,23,0,38,248,55,15,5,5,10,6,0.30000000000000004,0.7000000000000001
359,24,ORD-UNION,12,0,14,248,31,15,5,5,10,6,0.30000000000000004,0.7000000000000001
360,1,CARD,9,10,25,1,65,15,5,5,10,6,0.30000000000000004,0.7000000000000001
361,1,CLF_UNION,32,20,72,1,72,15,5,5,10,6,0.30000000000000004,0.7000000000000001
362,1,ORD-UNION,0,0,0,1,0,15,5,5,10,6,0.30000000000000004,0.7000000000000001
363,1,CARD,16,5,25,1,65,15,5,5,10,6,0.30000000000000004,0.7000000000000001
364,1,CLF_UNION,35,18,72,1,72,15,5,5,10,6,0.30000000000000004,0.7000000000000001
365,1,ORD-UNION,0,0,0,1,0,15,5,5,10,6,0.30000000000000004,0.7000000000000001
366,1,CARD,5,15,25,1,65,15,5,5,10,6,0.30000000000000004,0.7000000000000001
367,1,CLF_UNION,29,27,77,1,77,15,5,5,10,6,0.30000000000000004,0.7000000000000001
368,1,ORD-UNION,0,0,0,1,0,15,5,5,10,6,0.30000000000000004,0.7000000000000001
369,1,CARD,15,4,25,1,65,15,5,5,10,6,0.30000000000000004,0.7000000000000001
370,1,CLF_UNION,27,17,68,1,68,15,5,5,10,6,0.30000000000000004,0.7000000000000001
371,1,ORD-UNION,0,0,0,1,0,15,5,5,10,6,0.30000000000000004,0.7000000000000001
372,1,CARD,11,5,25,1,65,15,5,5,10,6,0.30000000000000004,0.7000000000000001
373,1,CLF_UNION,22,20,68,1,68,15,5,5,10,6,0.30000000000000004,0.7000000000000001
374,1,ORD-UNION,0,0,0,1,0,15,5,5,10,6,0.30000000000000004,0.7000000000000001
375,2,CARD,16,10,35,3,55,15,5,5,10,6,0.30000000000000004,0.7000000000000001
376,2,CLF_UNION,27,11,57,3,57,15,5,5,10,6,0.30000000000000004,0.7000000000000001
377,2,ORD-UNION,0,0,0,3,0,15,5,5,10,6,0.30000000000000004,0.7000000000000001
378,2,CARD,15,11,37,3,53,15,5,5,10,6,0.30000000000000004,0.7000000000000001
379,2,CLF_UNION,24,11,57,3,57,15,5,5,10,6,0.30000000000000004,0.7000000000000001
380,2,ORD-UNION,0,0,0,3,0,15,5,5,10,6,0.30000000000000004,0.7000000000000001
381,2,CARD,21,10,37,3,53,15,5,5,10,6,0.30000000000000004,0.7000000000000001
382,2,CLF_UNION,31,16,65,3,65,15,5,5,10,6,0.30000000000000004,0.7000000000000001
383,2,ORD-UNION,0,0,0,3,0,15,5,5,10,6,0.30000000000000004,0.7000000000000001
384,2,CARD,20,8,36,3,54,15,5,5,10,6,0.30000000000000004,0.7000000000000001
385,2,CLF_UNION,30,6,56,3,56,15,5,5,10,6,0.30000000000000004,0.7000000000000001
386,2,ORD-UNION,0,0,0,3,0,15,5,5,10,6,0.30000000000000004,0.7000000000000001
387,2,CARD,22,5,37,3,53,15,5,5,10,6,0.30000000000000004,0.7000000000000001
388,2,CLF_UNION,27,8,59,3,59,15,5,5,10,6,0.30000000000000004,0.7000000000000001
389,2,ORD-UNION,0,0,0,3,0,15,5,5,10,6,0.30000000000000004,0.7000000000000001
390,3,CARD,26,4,37,5,53,15,5,5,10,6,0.30000000000000004,0.7000000000000001
391,3,CLF_UNION,25,11,56,5,56,15,5,5,10,6,0.30000000000000004,0.7000000000000001
392,3,ORD-UNION,0,0,0,5,0,15,5,5,10,6,0.30000000000000004,0.7000000000000001
393,3,CARD,17,2,33,5,57,15,5,5,10,6,0.30000000000000004,0.7000000000000001
394,3,CLF_UNION,23,2,57,5,57,15,5,5,10,6,0.30000000000000004,0.7000000000000001
395,3,ORD-UNION,0,0,1,5,1,15,5,5,10,6,0.30000000000000004,0.7000000000000001
396,3,CARD,21,10,34,5,55,15,5,5,10,6,0.30000000000000004,0.7000000000000001
397,3,CLF_UNION,28,13,57,5,58,15,5,5,10,6,0.30000000000000004,0.7000000000000001
398,3,ORD-UNION,0,0,0,5,1,15,5,5,10,6,0.30000000000000004,0.7000000000000001
399,3,CARD,13,15,36,5,54,15,5,5,10,6,0.30000000000000004,0.7000000000000001
400,3,CLF_UNION,21,16,59,5,59,15,5,5,10,6,0.30000000000000004,0.7000000000000001
401,3,ORD-UNION,0,0,0,5,0,15,5,5,10,6,0.30000000000000004,0.7000000000000001
402,3,CARD,15,13,37,5,53,15,5,5,10,6,0.30000000000000004,0.7000000000000001
403,3,CLF_UNION,16,19,56,5,56,15,5,5,10,6,0.30000000000000004,0.7000000000000001
404,3,ORD-UNION,0,0,0,5,0,15,5,5,10,6,0.30000000000000004,0.7000000000000001
405,4,CARD,24,6,35,9,55,15,5,5,10,6,0.30000000000000004,0.7000000000000001
406,4,CLF_UNION,26,12,56,9,56,15,5,5,10,6,0.30000000000000004,0.7000000000000001
407,4,ORD-UNION,1,0,1,9,1,15,5,5,10,6,0.30000000000000004,0.7000000000000001
408,4,CARD,22,2,30,9,57,15,5,5,10,6,0.30000000000000004,0.7000000000000001
409,4,CLF_UNION,29,7,53,9,56,15,5,5,10,6,0.30000000000000004,0.7000000000000001
410,4,ORD-UNION,0,0,0,9,3,15,5,5,10,6,0.30000000000000004,0.7000000000000001
411,4,CARD,18,9,34,9,55,15,5,5,10,6,0.30000000000000004,0.7000000000000001
412,4,CLF_UNION,24,13,58,9,59,15,5,5,10,6,0.30000000000000004,0.7000000000000001
413,4,ORD-UNION,2,0,3,9,4,15,5,5,10,6,0.30000000000000004,0.7000000000000001
414,4,CARD,20,4,29,9,61,15,5,5,10,6,0.30000000000000004,0.7000000000000001
415,4,CLF_UNION,30,9,57,9,57,15,5,5,10,6,0.30000000000000004,0.7000000000000001
416,4,ORD-UNION,0,0,0,9,0,15,5,5,10,6,0.30000000000000004,0.7000000000000001
417,4,CARD,24,4,33,9,57,15,5,5,10,6,0.30000000000000004,0.7000000000000001
418,4,CLF_UNION,30,9,57,9,57,15,5,5,10,6,0.30000000000000004,0.7000000000000001
419,4,ORD-UNION,1,0,1,9,1,15,5,5,10,6,0.30000000000000004,0.7000000000000001
420,5,CARD,25,8,36,14,54,15,5,5,10,6,0.30000000000000004,0.7000000000000001
421,5,CLF_UNION,32,7,55,14,55,15,5,5,10,6,0.30000000000000004,0.7000000000000001
422,5,ORD-UNION,1,0,1,14,1,15,5,5,10,6,0.30000000000000004,0.7000000000000001
423,5,CARD,20,6,39,14,50,15,5,5,10,6,0.30000000000000004,0.7000000000000001
424,5,CLF_UNION,20,8,54,14,55,15,5,5,10,6,0.30000000000000004,0.7000000000000001
425,5,ORD-UNION,0,0,1,14,2,15,5,5,10,6,0.30000000000000004,0.7000000000000001
426,5,CARD,21,6,37,14,52,15,5,5,10,6,0.30000000000000004,0.7000000000000001
427,5,CLF_UNION,30,2,54,14,55,15,5,5,10,6,0.30000000000000004,0.7000000000000001
428,5,ORD-UNION,0,0,1,14,2,15,5,5,10,6,0.30000000000000004,0.7000000000000001
429,5,CARD,19,11,41,14,49,15,5,5,10,6,0.30000000000000004,0.7000000000000001
430,5,CLF_UNION,21,11,55,14,55,15,5,5,10,6,0.30000000000000004,0.7000000000000001
431,5,ORD-UNION,1,0,1,14,1,15,5,5,10,6,0.30000000000000004,0.7000000000000001
432,5,CARD,27,7,41,14,49,15,5,5,10,6,0.30000000000000004,0.7000000000000001
433,5,CLF_UNION,32,5,55,14,55,15,5,5,10,6,0.30000000000000004,0.7000000000000001
434,5,ORD-UNION,1,0,1,14,1,15,5,5,10,6,0.30000000000000004,0.7000000000000001
435,6,CARD,28,5,37,20,50,15,5,5,10,6,0.30000000000000004,0.7000000000000001
436,6,CLF_UNION,34,2,52,20,55,15,5,5,10,6,0.30000000000000004,0.7000000000000001
437,6,ORD-UNION,1,0,1,20,4,15,5,5,10,6,0.30000000000000004,0.7000000000000001
438,6,CARD,24,4,34,20,53,15,5,5,10,6,0.30000000000000004,0.7000000000000001
439,6,CLF_UNION,32,2,52,20,55,15,5,5,10,6,0.30000000000000004,0.7000000000000001
440,6,ORD-UNION,0,0,0,20,3,15,5,5,10,6,0.30000000000000004,0.7000000000000001
441,6,CARD,30,7,40,20,50,15,5,5,10,6,0.30000000000000004,0.7000000000000001
442,6,CLF_UNION,33,6,55,20,55,15,5,5,10,6,0.30000000000000004,0.7000000000000001
443,6,ORD-UNION,1,0,1,20,1,15,5,5,10,6,0.30000000000000004,0.7000000000000001
444,6,CARD,16,13,37,20,52,15,5,5,10,6,0.30000000000000004,0.7000000000000001
445,6,CLF_UNION,23,12,54,20,55,15,5,5,10,6,0.30000000000000004,0.7000000000000001
446,6,ORD-UNION,1,0,1,20,2,15,5,5,10,6,0.30000000000000004,0.7000000000000001
447,6,CARD,27,8,38,20,52,15,5,5,10,6,0.30000000000000004,0.7000000000000001
448,6,CLF_UNION,31,7,55,20,55,15,5,5,10,6,0.30000000000000004,0.7000000000000001
449,6,ORD-UNION,1,0,1,20,1,15,5,5,10,6,0.30000000000000004,0.7000000000000001
450,7,CARD,30,3,39,26,50,15,5,5,10,6,0.30000000000000004,0.7000000000000001
451,7,CLF_UNION,32,3,54,26,55,15,5,5,10,6,0.30000000000000004,0.7000000000000001
452,7,ORD-UNION,1,0,1,26,2,15,5,5,10,6,0.30000000000000004,0.7000000000000001
453,7,CARD,33,0,35,26,55,15,5,5,10,6,0.30000000000000004,0.7000000000000001
454,7,CLF_UNION,35,2,56,26,56,15,5,5,10,6,0.30000000000000004,0.7000000000000001
455,7,ORD-UNION,2,0,2,26,2,15,5,5,10,6,0.30000000000000004,0.7000000000000001
456,7,CARD,27,1,38,26,51,15,5,5,10,6,0.30000000000000004,0.7000000000000001
457,7,CLF_UNION,24,6,54,26,55,15,5,5,10,6,0.30000000000000004,0.7000000000000001
458,7,ORD-UNION,1,0,1,26,2,15,5,5,10,6,0.30000000000000004,0.7000000000000001
459,7,CARD,28,5,37,26,50,15,5,5,10,6,0.30000000000000004,0.7000000000000001
460,7,CLF_UNION,27,6,52,26,55,15,5,5,10,6,0.30000000000000004,0.7000000000000001
461,7,ORD-UNION,0,0,0,26,3,15,5,5,10,6,0.30000000000000004,0.7000000000000001
462,7,CARD,24,2,33,26,51,15,5,5,10,6,0.30000000000000004,0.7000000000000001
463,7,CLF_UNION,22,7,49,26,55,15,5,5,10,6,0.30000000000000004,0.7000000000000001
464,7,ORD-UNION,0,0,0,26,6,15,5,5,10,6,0.30000000000000004,0.7000000000000001
465,8,CARD,33,0,35,32,50,15,5,5,10,6,0.30000000000000004,0.7000000000000001
466,8,CLF_UNION,32,2,52,32,57,15,5,5,10,6,0.30000000000000004,0.7000000000000001
467,8,ORD-UNION,1,0,1,32,6,15,5,5,10,6,0.30000000000000004,0.7000000000000001
468,8,CARD,34,0,35,32,53,15,5,5,10,6,0.30000000000000004,0.7000000000000001
469,8,CLF_UNION,33,1,54,32,56,15,5,5,10,6,0.30000000000000004,0.7000000000000001
470,8,ORD-UNION,3,0,3,32,5,15,5,5,10,6,0.30000000000000004,0.7000000000000001
471,8,CARD,27,1,32,32,52,15,5,5,10,6,0.30000000000000004,0.7000000000000001
472,8,CLF_UNION,31,5,53,32,59,15,5,5,10,6,0.30000000000000004,0.7000000000000001
473,8,ORD-UNION,2,0,2,32,8,15,5,5,10,6,0.30000000000000004,0.7000000000000001
474,8,CARD,26,2,34,32,54,15,5,5,10,6,0.30000000000000004,0.7000000000000001
475,8,CLF_UNION,29,5,55,32,57,15,5,5,10,6,0.30000000000000004,0.7000000000000001
476,8,ORD-UNION,1,0,1,32,3,15,5,5,10,6,0.30000000000000004,0.7000000000000001
477,8,CARD,28,0,31,32,54,15,5,5,10,6,0.30000000000000004,0.7000000000000001
478,8,CLF_UNION,30,2,52,32,57,15,5,5,10,6,0.30000000000000004,0.7000000000000001
479,8,ORD-UNION,0,0,0,32,5,15,5,5,10,6,0.30000000000000004,0.7000000000000001
480,9,CARD,28,5,38,40,50,15,5,5,10,6,0.30000000000000004,0.7000000000000001
481,9,CLF_UNION,31,6,53,40,55,15,5,5,10,6,0.30000000000000004,0.7000000000000001
482,9,ORD-UNION,0,0,1,40,3,15,5,5,10,6,0.30000000000000004,0.7000000000000001
483,9,CARD,25,1,29,40,52,15,5,5,10,6,0.30000000000000004,0.7000000000000001
484,9,CLF_UNION,28,2,46,40,55,15,5,5,10,6,0.30000000000000004,0.7000000000000001
485,9,ORD-UNION,1,0,1,40,10,15,5,5,10,6,0.30000000000000004,0.7000000000000001
486,9,CARD,22,7,40,40,49,15,5,5,10,6,0.30000000000000004,0.7000000000000001
487,9,CLF_UNION,20,12,54,40,55,15,5,5,10,6,0.30000000000000004,0.7000000000000001
488,9,ORD-UNION,1,0,1,40,2,15,5,5,10,6,0.30000000000000004,0.7000000000000001
489,9,CARD,21,7,35,40,52,15,5,5,10,6,0.30000000000000004,0.7000000000000001
490,9,CLF_UNION,23,9,52,40,55,15,5,5,10,6,0.30000000000000004,0.7000000000000001
491,9,ORD-UNION,0,0,0,40,3,15,5,5,10,6,0.30000000000000004,0.7000000000000001
492,9,CARD,23,5,35,40,50,15,5,5,10,6,0.30000000000000004,0.7000000000000001
493,9,CLF_UNION,22,8,50,40,55,15,5,5,10,6,0.30000000000000004,0.7000000000000001
494,9,ORD-UNION,0,0,0,40,5,15,5,5,10,6,0.30000000000000004,0.7000000000000001
495,10,CARD,20,11,38,48,47,15,5,5,10,6,0.30000000000000004,0.7000000000000001
496,10,CLF_UNION,26,7,50,48,55,15,5,5,10,6,0.30000000000000004,0.7000000000000001
497,10,ORD-UNION,0,0,0,48,5,15,5,5,10,6,0.30000000000000004,0.7000000000000001
498,10,CARD,19,9,37,48,48,15,5,5,10,6,0.30000000000000004,0.7000000000000001
499,10,CLF_UNION,26,4,50,48,55,15,5,5,10,6,0.30000000000000004,0.7000000000000001
500,10,ORD-UNION,2,0,4,48,9,15,5,5,10,6,0.30000000000000004,0.7000000000000001
501,10,CARD,16,8,33,48,48,15,5,5,10,6,0.30000000000000004,0.7000000000000001
502,10,CLF_UNION,21,5,46,48,55,15,5,5,10,6,0.30000000000000004,0.7000000000000001
503,10,ORD-UNION,0,0,0,48,9,15,5,5,10,6,0.30000000000000004,0.7000000000000001
504,10,CARD,19,16,41,48,46,15,5,5,10,6,0.30000000000000004,0.7000000000000001
505,10,CLF_UNION,29,6,52,48,55,15,5,5,10,6,0.30000000000000004,0.7000000000000001
506,10,ORD-UNION,7,0,8,48,11,15,5,5,10,6,0.30000000000000004,0.7000000000000001
507,10,CARD,24,12,42,48,48,15,5,5,10,6,0.30000000000000004,0.7000000000000001
508,10,CLF_UNION,29,7,55,48,55,15,5,5,10,6,0.30000000000000004,0.7000000000000001
509,10,ORD-UNION,2,0,2,48,2,15,5,5,10,6,0.30000000000000004,0.7000000000000001
510,11,CARD,26,2,36,57,49,15,5,5,10,6,0.30000000000000004,0.7000000000000001
511,11,CLF_UNION,24,6,50,57,55,15,5,5,10,6,0.30000000000000004,0.7000000000000001
512,11,ORD-UNION,3,0,3,57,8,15,5,5,10,6,0.30000000000000004,0.7000000000000001
513,11,CARD,27,4,34,57,53,15,5,5,10,6,0.30000000000000004,0.7000000000000001
514,11,CLF_UNION,26,9,52,57,55,15,5,5,10,6,0.30000000000000004,0.7000000000000001
515,11,ORD-UNION,2,0,2,57,5,15,5,5,10,6,0.30000000000000004,0.7000000000000001
516,11,CARD,28,0,33,57,52,15,5,5,10,6,0.30000000000000004,0.7000000000000001
517,11,CLF_UNION,30,3,51,57,56,15,5,5,10,6,0.30000000000000004,0.7000000000000001
518,11,ORD-UNION,3,0,4,57,9,15,5,5,10,6,0.30000000000000004,0.7000000000000001
519,11,CARD,28,1,37,57,51,15,5,5,10,6,0.30000000000000004,0.7000000000000001
520,11,CLF_UNION,26,7,53,57,55,15,5,5,10,6,0.30000000000000004,0.7000000000000001
521,11,ORD-UNION,0,0,1,57,3,15,5,5,10,6,0.30000000000000004,0.7000000000000001
522,11,CARD,22,2,29,57,52,15,5,5,10,6,0.30000000000000004,0.7000000000000001
523,11,CLF_UNION,25,5,47,57,56,15,5,5,10,6,0.30000000000000004,0.7000000000000001
524,11,ORD-UNION,2,0,3,57,12,15,5,5,10,6,0.30000000000000004,0.7000000000000001
525,12,CARD,23,5,35,66,50,15,5,5,10,6,0.30000000000000004,0.7000000000000001
526,12,CLF_UNION,25,4,51,66,56,15,5,5,10,6,0.30000000000000004,0.7000000000000001
527,12,ORD-UNION,2,1,5,66,10,15,5,5,10,6,0.30000000000000004,0.7000000000000001
528,12,CARD,24,0,31,66,54,15,5,5,10,6,0.30000000000000004,0.7000000000000001
529,12,CLF_UNION,28,2,51,66,56,15,5,5,10,6,0.30000000000000004,0.7000000000000001
530,12,ORD-UNION,8,0,10,66,15,15,5,5,10,6,0.30000000000000004,0.7000000000000001
531,12,CARD,27,3,35,66,50,15,5,5,10,6,0.30000000000000004,0.7000000000000001
532,12,CLF_UNION,26,7,51,66,56,15,5,5,10,6,0.30000000000000004,0.7000000000000001
533,12,ORD-UNION,4,0,5,66,10,15,5,5,10,6,0.30000000000000004,0.7000000000000001
534,12,CARD,24,1,35,66,50,15,5,5,10,6,0.30000000000000004,0.7000000000000001
535,12,CLF_UNION,26,3,51,66,56,15,5,5,10,6,0.30000000000000004,0.7000000000000001
536,12,ORD-UNION,6,0,8,66,13,15,5,5,10,6,0.30000000000000004,0.7000000000000001
537,12,CARD,28,4,39,66,50,15,5,5,10,6,0.30000000000000004,0.7000000000000001
538,12,CLF_UNION,23,11,54,66,55,15,5,5,10,6,0.30000000000000004,0.7000000000000001
539,12,ORD-UNION,3,0,3,66,4,15,5,5,10,6,0.30000000000000004,0.7000000000000001
540,13,CARD,16,5,29,76,48,15,5,5,10,6,0.30000000000000004,0.7000000000000001
541,13,CLF_UNION,14,8,42,76,55,15,5,5,10,6,0.30000000000000004,0.7000000000000001
542,13,ORD-UNION,4,0,5,76,18,15,5,5,10,6,0.30000000000000004,0.7000000000000001
543,13,CARD,17,7,34,76,49,15,5,5,10,6,0.30000000000000004,0.7000000000000001
544,13,CLF_UNION,18,7,48,76,55,15,5,5,10,6,0.30000000000000004,0.7000000000000001
545,13,ORD-UNION,2,1,3,76,10,15,5,5,10,6,0.30000000000000004,0.7000000000000001
546,13,CARD,17,2,24,76,55,15,5,5,10,6,0.30000000000000004,0.7000000000000001
547,13,CLF_UNION,23,2,44,76,55,15,5,5,10,6,0.30000000000000004,0.7000000000000001
548,13,ORD-UNION,1,0,2,76,13,15,5,5,10,6,0.30000000000000004,0.7000000000000001
549,13,CARD,21,5,37,76,48,15,5,5,10,6,0.30000000000000004,0.7000000000000001
550,13,CLF_UNION,17,9,50,76,55,15,5,5,10,6,0.30000000000000004,0.7000000000000001
551,13,ORD-UNION,6,0,8,76,13,15,5,5,10,6,0.30000000000000004,0.7000000000000001
552,13,CARD,22,3,33,76,50,15,5,5,10,6,0.30000000000000004,0.7000000000000001
553,13,CLF_UNION,25,1,48,76,55,15,5,5,10,6,0.30000000000000004,0.7000000000000001
554,13,ORD-UNION,7,0,7,76,14,15,5,5,10,6,0.30000000000000004,0.7000000000000001
555,14,CARD,29,0,35,86,50,15,5,5,10,6,0.30000000000000004,0.7000000000000001
556,14,CLF_UNION,26,6,51,86,56,15,5,5,10,6,0.30000000000000004,0.7000000000000001
557,14,ORD-UNION,8,0,9,86,14,15,5,5,10,6,0.30000000000000004,0.7000000000000001
558,14,CARD,25,6,38,86,49,15,5,5,10,6,0.30000000000000004,0.7000000000000001
559,14,CLF_UNION,25,10,53,86,56,15,5,5,10,6,0.30000000000000004,0.7000000000000001
560,14,ORD-UNION,8,0,9,86,12,15,5,5,10,6,0.30000000000000004,0.7000000000000001
561,14,CARD,14,3,20,86,52,15,5,5,10,6,0.30000000000000004,0.7000000000000001
562,14,CLF_UNION,15,6,38,86,56,15,5,5,10,6,0.30000000000000004,0.7000000000000001
563,14,ORD-UNION,0,0,0,86,18,15,5,5,10,6,0.30000000000000004,0.7000000000000001
564,14,CARD,19,6,34,86,47,15,5,5,10,6,0.30000000000000004,0.7000000000000001
565,14,CLF_UNION,19,7,47,86,56,15,5,5,10,6,0.30000000000000004,0.7000000000000001
566,14,ORD-UNION,10,2,14,86,23,15,5,5,10,6,0.30000000000000004,0.7000000000000001
567,14,CARD,25,4,34,86,54,15,5,5,10,6,0.30000000000000004,0.7000000000000001
568,14,CLF_UNION,28,6,53,86,55,15,5,5,10,6,0.30000000000000004,0.7000000000000001
569,14,ORD-UNION,5,0,5,86,7,15,5,5,10,6,0.30000000000000004,0.7000000000000001
570,15,CARD,19,2,32,100,47,15,5,5,10,6,0.30000000000000004,0.7000000000000001
571,15,CLF_UNION,19,4,46,100,57,15,5,5,10,6,0.30000000000000004,0.7000000000000001
572,15,ORD-UNION,8,2,19,100,30,15,5,5,10,6,0.30000000000000004,0.7000000000000001
573,15,CARD,27,4,38,100,46,15,5,5,10,6,0.30000000000000004,0.7000000000000001
574,15,CLF_UNION,28,5,52,100,58,15,5,5,10,6,0.30000000000000004,0.7000000000000001
575,15,ORD-UNION,12,0,19,100,25,15,5,5,10,6,0.30000000000000004,0.7000000000000001
576,15,CARD,7,0,10,100,49,15,5,5,10,6,0.30000000000000004,0.7000000000000001
577,15,CLF_UNION,6,3,26,100,57,15,5,5,10,6,0.30000000000000004,0.7000000000000001
578,15,ORD-UNION,0,0,0,100,31,15,5,5,10,6,0.30000000000000004,0.7000000000000001
579,15,CARD,23,0,30,100,48,15,5,5,10,6,0.30000000000000004,0.7000000000000001
580,15,CLF_UNION,22,3,45,100,57,15,5,5,10,6,0.30000000000000004,0.7000000000000001
581,15,ORD-UNION,14,0,19,100,31,15,5,5,10,6,0.30000000000000004,0.7000000000000001
582,15,CARD,24,1,32,100,47,15,5,5,10,6,0.30000000000000004,0.7000000000000001
583,15,CLF_UNION,23,2,46,100,57,15,5,5,10,6,0.30000000000000004,0.7000000000000001
584,15,ORD-UNION,12,0,16,100,27,15,5,5,10,6,0.30000000000000004,0.7000000000000001
585,16,CARD,24,1,33,115,49,15,5,5,10,6,0.30000000000000004,0.7000000000000001
586,16,CLF_UNION,24,1,48,115,56,15,5,5,10,6,0.30000000000000004,0.7000000000000001
587,16,ORD-UNION,7,0,9,115,17,15,5,5,10,6,0.30000000000000004,0.7000000000000001
588,16,CARD,14,3,26,115,46,15,5,5,10,6,0.30000000000000004,0.7000000000000001
589,16,CLF_UNION,11,7,38,115,55,15,5,5,10,6,0.30000000000000004,0.7000000000000001
590,16,ORD-UNION,7,2,13,115,31,15,5,5,10,6,0.30000000000000004,0.7000000000000001
591,16,CARD,25,0,28,115,49,15,5,5,10,6,0.30000000000000004,0.7000000000000001
592,16,CLF_UNION,25,0,42,115,55,15,5,5,10,6,0.30000000000000004,0.7000000000000001
593,16,ORD-UNION,9,0,9,115,22,15,5,5,10,6,0.30000000000000004,0.7000000000000001
594,16,CARD,19,0,24,115,49,15,5,5,10,6,0.30000000000000004,0.7000000000000001
595,16,CLF_UNION,19,1,39,115,55,15,5,5,10,6,0.30000000000000004,0.7000000000000001
596,16,ORD-UNION,3,0,7,115,24,15,5,5,10,6,0.30000000000000004,0.7000000000000001
597,16,CARD,23,2,30,115,49,15,5,5,10,6,0.30000000000000004,0.7000000000000001
598,16,CLF_UNION,23,3,45,115,56,15,5,5,10,6,0.30000000000000004,0.7000000000000001
599,16,ORD-UNION,15,0,17,115,28,15,5,5,10,6,0.30000000000000004,0.7000000000000001
