,budget,model,correct,wrong,total,n_pref_input,n_pref_output,theta_size,theta_additivity,n_items,n_test_subsets,n_tiers,alpha,p
0,1,CARD,14,8,24,1,66,22,5,5,10,15,0.5,0.30000000000000004
1,1,CLF_UNION,37,9,59,1,59,22,5,5,10,15,0.5,0.30000000000000004
2,1,ORD-UNION,0,0,0,1,0,22,5,5,10,15,0.5,0.30000000000000004
3,1,CARD,11,7,21,1,69,22,5,5,10,15,0.5,0.30000000000000004
4,1,CLF_UNION,32,11,57,1,57,22,5,5,10,15,0.5,0.30000000000000004
5,1,ORD-UNION,0,0,0,1,0,22,5,5,10,15,0.5,0.30000000000000004
6,1,CARD,18,6,24,1,66,22,5,5,10,15,0.5,0.30000000000000004
7,1,CLF_UNION,33,13,58,1,58,22,5,5,10,15,0.5,0.30000000000000004
8,1,ORD-UNION,0,0,0,1,0,22,5,5,10,15,0.5,0.30000000000000004
9,1,CARD,14,9,24,1,66,22,5,5,10,15,0.5,0.30000000000000004
10,1,CLF_UNION,41,17,70,1,70,22,5,5,10,15,0.5,0.30000000000000004
11,1,ORD-UNION,0,0,0,1,0,22,5,5,10,15,0.5,0.30000000000000004
12,1,CARD,18,4,25,1,65,22,5,5,10,15,0.5,0.30000000000000004
13,1,CLF_UNION,33,12,62,1,62,22,5,5,10,15,0.5,0.30000000000000004
14,1,ORD-UNION,0,0,0,1,0,22,5,5,10,15,0.5,0.30000000000000004
15,2,CARD,13,16,35,3,55,22,5,5,10,15,0.5,0.30000000000000004
16,2,CLF_UNION,31,9,57,3,57,22,5,5,10,15,0.5,0.30000000000000004
17,2,ORD-UNION,0,0,0,3,0,22,5,5,10,15,0.5,0.30000000000000004
18,2,CARD,22,12,35,3,55,22,5,5,10,15,0.5,0.30000000000000004
19,2,CLF_UNION,29,15,56,3,56,22,5,5,10,15,0.5,0.30000000000000004
20,2,ORD-UNION,0,0,0,3,0,22,5,5,10,15,0.5,0.30000000000000004
21,2,CARD,25,8,35,3,55,22,5,5,10,15,0.5,0.30000000000000004
22,2,CLF_UNION,35,13,60,3,60,22,5,5,10,15,0.5,0.30000000000000004
23,2,ORD-UNION,0,0,0,3,0,22,5,5,10,15,0.5,0.30000000000000004
24,2,CARD,27,8,35,3,54,22,5,5,10,15,0.5,0.30000000000000004
25,2,CLF_UNION,27,19,57,3,58,22,5,5,10,15,0.5,0.30000000000000004
26,2,ORD-UNION,0,0,0,3,1,22,5,5,10,15,0.5,0.30000000000000004
27,2,CARD,16,15,36,3,54,22,5,5,10,15,0.5,0.30000000000000004
28,2,CLF_UNION,36,8,59,3,59,22,5,5,10,15,0.5,0.30000000000000004
29,2,ORD-UNION,0,0,0,3,0,22,5,5,10,15,0.5,0.30000000000000004
30,3,CARD,17,11,31,6,56,22,5,5,10,15,0.5,0.30000000000000004
31,3,CLF_UNION,27,13,54,6,57,22,5,5,10,15,0.5,0.30000000000000004
32,3,ORD-UNION,0,0,0,6,3,22,5,5,10,15,0.5,0.30000000000000004
33,3,CARD,23,10,36,6,53,22,5,5,10,15,0.5,0.30000000000000004
34,3,CLF_UNION,33,9,57,6,58,22,5,5,10,15,0.5,0.30000000000000004
35,3,ORD-UNION,0,0,0,6,1,22,5,5,10,15,0.5,0.30000000000000004
36,3,CARD,22,13,36,6,54,22,5,5,10,15,0.5,0.30000000000000004
37,3,CLF_UNION,35,10,57,6,57,22,5,5,10,15,0.5,0.30000000000000004
38,3,ORD-UNION,0,0,0,6,0,22,5,5,10,15,0.5,0.30000000000000004
39,3,CARD,24,11,37,6,52,22,5,5,10,15,0.5,0.30000000000000004
40,3,CLF_UNION,27,15,56,6,57,22,5,5,10,15,0.5,0.30000000000000004
41,3,ORD-UNION,0,0,0,6,1,22,5,5,10,15,0.5,0.30000000000000004
42,3,CARD,21,15,37,6,53,22,5,5,10,15,0.5,0.30000000000000004
43,3,CLF_UNION,31,16,58,6,58,22,5,5,10,15,0.5,0.30000000000000004
44,3,ORD-UNION,0,0,0,6,0,22,5,5,10,15,0.5,0.30000000000000004
45,4,CARD,33,6,41,10,48,22,5,5,10,15,0.5,0.30000000000000004
46,4,CLF_UNION,38,4,54,10,55,22,5,5,10,15,0.5,0.30000000000000004
47,4,ORD-UNION,0,0,0,10,1,22,5,5,10,15,0.5,0.30000000000000004
48,4,CARD,27,8,37,10,50,22,5,5,10,15,0.5,0.30000000000000004
49,4,CLF_UNION,39,1,52,10,55,22,5,5,10,15,0.5,0.30000000000000004
50,4,ORD-UNION,0,0,0,10,3,22,5,5,10,15,0.5,0.30000000000000004
51,4,CARD,28,9,42,10,48,22,5,5,10,15,0.5,0.30000000000000004
52,4,CLF_UNION,34,6,56,10,56,22,5,5,10,15,0.5,0.30000000000000004
53,4,ORD-UNION,0,0,0,10,0,22,5,5,10,15,0.5,0.30000000000000004
54,4,CARD,32,10,44,10,46,22,5,5,10,15,0.5,0.30000000000000004
55,4,CLF_UNION,37,8,57,10,57,22,5,5,10,15,0.5,0.30000000000000004
56,4,ORD-UNION,0,0,0,10,0,22,5,5,10,15,0.5,0.30000000000000004
57,4,CARD,35,4,41,10,48,22,5,5,10,15,0.5,0.30000000000000004
58,4,CLF_UNION,37,6,55,10,56,22,5,5,10,15,0.5,0.30000000000000004
59,4,ORD-UNION,0,0,0,10,1,22,5,5,10,15,0.5,0.30000000000000004
60,5,CARD,32,6,42,15,48,22,5,5,10,15,0.5,0.30000000000000004
61,5,CLF_UNION,37,4,55,15,55,22,5,5,10,15,0.5,0.30000000000000004
62,5,ORD-UNION,0,0,0,15,0,22,5,5,10,15,0.5,0.30000000000000004
63,5,CARD,36,5,44,15,46,22,5,5,10,15,0.5,0.30000000000000004
64,5,CLF_UNION,37,5,55,15,55,22,5,5,10,15,0.5,0.30000000000000004
65,5,ORD-UNION,0,0,0,15,0,22,5,5,10,15,0.5,0.30000000000000004
66,5,CARD,39,5,45,15,45,22,5,5,10,15,0.5,0.30000000000000004
67,5,CLF_UNION,38,6,55,15,55,22,5,5,10,15,0.5,0.30000000000000004
68,5,ORD-UNION,0,0,0,15,0,22,5,5,10,15,0.5,0.30000000000000004
69,5,CARD,31,7,43,15,47,22,5,5,10,15,0.5,0.30000000000000004
70,5,CLF_UNION,36,4,55,15,55,22,5,5,10,15,0.5,0.30000000000000004
71,5,ORD-UNION,0,0,0,15,0,22,5,5,10,15,0.5,0.30000000000000004
72,5,CARD,29,9,41,15,49,22,5,5,10,15,0.5,0.30000000000000004
73,5,CLF_UNION,37,4,55,15,55,22,5,5,10,15,0.5,0.30000000000000004
74,5,ORD-UNION,0,0,0,15,0,22,5,5,10,15,0.5,0.30000000000000004
75,6,CARD,31,9,41,21,48,22,5,5,10,15,0.5,0.30000000000000004
76,6,CLF_UNION,37,6,54,21,55,22,5,5,10,15,0.5,0.30000000000000004
77,6,ORD-UNION,0,0,0,21,1,22,5,5,10,15,0.5,0.30000000000000004
78,6,CARD,33,10,43,21,47,22,5,5,10,15,0.5,0.30000000000000004
79,6,CLF_UNION,39,5,55,21,55,22,5,5,10,15,0.5,0.30000000000000004
80,6,ORD-UNION,1,0,1,21,1,22,5,5,10,15,0.5,0.30000000000000004
81,6,CARD,30,6,39,21,48,22,5,5,10,15,0.5,0.30000000000000004
82,6,CLF_UNION,29,10,52,21,55,22,5,5,10,15,0.5,0.30000000000000004
83,6,ORD-UNION,0,0,0,21,3,22,5,5,10,15,0.5,0.30000000000000004
84,6,CARD,21,14,38,21,46,22,5,5,10,15,0.5,0.30000000000000004
85,6,CLF_UNION,32,5,50,21,55,22,5,5,10,15,0.5,0.30000000000000004
86,6,ORD-UNION,0,0,0,21,6,22,5,5,10,15,0.5,0.30000000000000004
87,6,CARD,29,9,42,21,47,22,5,5,10,15,0.5,0.30000000000000004
88,6,CLF_UNION,33,7,54,21,55,22,5,5,10,15,0.5,0.30000000000000004
89,6,ORD-UNION,0,0,0,21,1,22,5,5,10,15,0.5,0.30000000000000004
90,7,CARD,24,11,37,28,50,22,5,5,10,15,0.5,0.30000000000000004
91,7,CLF_UNION,27,14,53,28,56,22,5,5,10,15,0.5,0.30000000000000004
92,7,ORD-UNION,0,0,0,28,3,22,5,5,10,15,0.5,0.30000000000000004
93,7,CARD,26,9,40,28,47,22,5,5,10,15,0.5,0.30000000000000004
94,7,CLF_UNION,33,5,53,28,56,22,5,5,10,15,0.5,0.30000000000000004
95,7,ORD-UNION,1,0,1,28,4,22,5,5,10,15,0.5,0.30000000000000004
96,7,CARD,26,13,42,28,47,22,5,5,10,15,0.5,0.30000000000000004
97,7,CLF_UNION,37,4,54,28,55,22,5,5,10,15,0.5,0.30000000000000004
98,7,ORD-UNION,1,0,1,28,2,22,5,5,10,15,0.5,0.30000000000000004
99,7,CARD,29,8,41,28,46,22,5,5,10,15,0.5,0.30000000000000004
100,7,CLF_UNION,34,4,52,28,55,22,5,5,10,15,0.5,0.30000000000000004
101,7,ORD-UNION,0,0,0,28,3,22,5,5,10,15,0.5,0.30000000000000004
102,7,CARD,33,6,43,28,47,22,5,5,10,15,0.5,0.30000000000000004
103,7,CLF_UNION,36,6,56,28,56,22,5,5,10,15,0.5,0.30000000000000004
104,7,ORD-UNION,0,0,0,28,0,22,5,5,10,15,0.5,0.30000000000000004
105,8,CARD,33,7,41,35,48,22,5,5,10,15,0.5,0.30000000000000004
106,8,CLF_UNION,38,5,54,35,55,22,5,5,10,15,0.5,0.30000000000000004
107,8,ORD-UNION,0,0,0,35,1,22,5,5,10,15,0.5,0.30000000000000004
108,8,CARD,29,3,36,35,49,22,5,5,10,15,0.5,0.30000000000000004
109,8,CLF_UNION,34,1,50,35,55,22,5,5,10,15,0.5,0.30000000000000004
110,8,ORD-UNION,0,0,0,35,5,22,5,5,10,15,0.5,0.30000000000000004
111,8,CARD,24,8,35,35,49,22,5,5,10,15,0.5,0.30000000000000004
112,8,CLF_UNION,32,5,50,35,56,22,5,5,10,15,0.5,0.30000000000000004
113,8,ORD-UNION,1,0,1,35,7,22,5,5,10,15,0.5,0.30000000000000004
114,8,CARD,27,8,37,35,50,22,5,5,10,15,0.5,0.30000000000000004
115,8,CLF_UNION,35,6,53,35,56,22,5,5,10,15,0.5,0.30000000000000004
116,8,ORD-UNION,0,0,0,35,3,22,5,5,10,15,0.5,0.30000000000000004
117,8,CARD,29,7,39,35,48,22,5,5,10,15,0.5,0.30000000000000004
118,8,CLF_UNION,33,7,53,35,56,22,5,5,10,15,0.5,0.30000000000000004
119,8,ORD-UNION,0,0,0,35,3,22,5,5,10,15,0.5,0.30000000000000004
120,9,CARD,29,8,43,43,46,22,5,5,10,15,0.5,0.30000000000000004
121,9,CLF_UNION,37,1,54,43,55,22,5,5,10,15,0.5,0.30000000000000004
122,9,ORD-UNION,0,0,0,43,1,22,5,5,10,15,0.5,0.30000000000000004
123,9,CARD,28,5,34,43,47,22,5,5,10,15,0.5,0.30000000000000004
124,9,CLF_UNION,29,6,47,43,56,22,5,5,10,15,0.5,0.30000000000000004
125,9,ORD-UNION,0,0,0,43,9,22,5,5,10,15,0.5,0.30000000000000004
126,9,CARD,25,5,31,43,50,22,5,5,10,15,0.5,0.30000000000000004
127,9,CLF_UNION,29,6,48,43,57,22,5,5,10,15,0.5,0.30000000000000004
128,9,ORD-UNION,0,0,0,43,9,22,5,5,10,15,0.5,0.30000000000000004
129,9,CARD,34,6,41,43,47,22,5,5,10,15,0.5,0.30000000000000004
130,9,CLF_UNION,38,3,53,43,55,22,5,5,10,15,0.5,0.30000000000000004
131,9,ORD-UNION,0,0,0,43,2,22,5,5,10,15,0.5,0.30000000000000004
132,9,CARD,37,5,43,43,46,22,5,5,10,15,0.5,0.30000000000000004
133,9,CLF_UNION,40,4,55,43,56,22,5,5,10,15,0.5,0.30000000000000004
134,9,ORD-UNION,1,0,1,43,2,22,5,5,10,15,0.5,0.30000000000000004
135,10,CARD,26,9,37,52,47,22,5,5,10,15,0.5,0.30000000000000004
136,10,CLF_UNION,31,6,49,52,55,22,5,5,10,15,0.5,0.30000000000000004
137,10,ORD-UNION,0,0,0,52,6,22,5,5,10,15,0.5,0.30000000000000004
138,10,CARD,29,8,38,52,49,22,5,5,10,15,0.5,0.30000000000000004
139,10,CLF_UNION,35,6,52,52,55,22,5,5,10,15,0.5,0.30000000000000004
140,10,ORD-UNION,0,0,0,52,3,22,5,5,10,15,0.5,0.30000000000000004
141,10,CARD,30,8,41,52,46,22,5,5,10,15,0.5,0.30000000000000004
142,10,CLF_UNION,37,2,52,52,55,22,5,5,10,15,0.5,0.30000000000000004
143,10,ORD-UNION,0,0,0,52,3,22,5,5,10,15,0.5,0.30000000000000004
144,10,CARD,29,2,32,52,48,22,5,5,10,15,0.5,0.30000000000000004
145,10,CLF_UNION,29,6,46,52,56,22,5,5,10,15,0.5,0.30000000000000004
146,10,ORD-UNION,0,0,0,52,10,22,5,5,10,15,0.5,0.30000000000000004
147,10,CARD,23,8,33,52,48,22,5,5,10,15,0.5,0.30000000000000004
148,10,CLF_UNION,28,6,48,52,57,22,5,5,10,15,0.5,0.30000000000000004
149,10,ORD-UNION,0,0,0,52,9,22,5,5,10,15,0.5,0.30000000000000004
150,11,CARD,22,8,35,62,46,22,5,5,10,15,0.5,0.30000000000000004
151,11,CLF_UNION,28,2,46,62,55,22,5,5,10,15,0.5,0.30000000000000004
152,11,ORD-UNION,0,0,0,62,9,22,5,5,10,15,0.5,0.30000000000000004
153,11,CARD,30,4,36,62,48,22,5,5,10,15,0.5,0.30000000000000004
154,11,CLF_UNION,34,2,49,62,55,22,5,5,10,15,0.5,0.30000000000000004
155,11,ORD-UNION,1,0,1,62,7,22,5,5,10,15,0.5,0.30000000000000004
156,11,CARD,21,15,39,62,48,22,5,5,10,15,0.5,0.30000000000000004
157,11,CLF_UNION,37,2,52,62,55,22,5,5,10,15,0.5,0.30000000000000004
158,11,ORD-UNION,0,0,0,62,3,22,5,5,10,15,0.5,0.30000000000000004
159,11,CARD,29,3,36,62,48,22,5,5,10,15,0.5,0.30000000000000004
160,11,CLF_UNION,31,4,49,62,55,22,5,5,10,15,0.5,0.30000000000000004
161,11,ORD-UNION,0,0,0,62,6,22,5,5,10,15,0.5,0.30000000000000004
162,11,CARD,25,8,35,62,46,22,5,5,10,15,0.5,0.30000000000000004
163,11,CLF_UNION,32,1,46,62,55,22,5,5,10,15,0.5,0.30000000000000004
164,11,ORD-UNION,0,0,0,62,9,22,5,5,10,15,0.5,0.30000000000000004
165,12,CARD,21,9,34,72,46,22,5,5,10,15,0.5,0.30000000000000004
166,12,CLF_UNION,30,2,46,72,55,22,5,5,10,15,0.5,0.30000000000000004
167,12,ORD-UNION,1,0,1,72,11,22,5,5,10,15,0.5,0.30000000000000004
168,12,CARD,21,12,36,72,49,22,5,5,10,15,0.5,0.30000000000000004
169,12,CLF_UNION,31,4,50,72,55,22,5,5,10,15,0.5,0.30000000000000004
170,12,ORD-UNION,1,0,1,72,6,22,5,5,10,15,0.5,0.30000000000000004
171,12,CARD,17,23,42,72,47,22,5,5,10,15,0.5,0.30000000000000004
172,12,CLF_UNION,37,5,54,72,55,22,5,5,10,15,0.5,0.30000000000000004
173,12,ORD-UNION,0,0,0,72,1,22,5,5,10,15,0.5,0.30000000000000004
174,12,CARD,18,16,35,72,45,22,5,5,10,15,0.5,0.30000000000000004
175,12,CLF_UNION,30,5,46,72,55,22,5,5,10,15,0.5,0.30000000000000004
176,12,ORD-UNION,0,0,0,72,10,22,5,5,10,15,0.5,0.30000000000000004
177,12,CARD,17,2,23,72,49,22,5,5,10,15,0.5,0.30000000000000004
178,12,CLF_UNION,19,1,38,72,56,22,5,5,10,15,0.5,0.30000000000000004
179,12,ORD-UNION,0,0,0,72,18,22,5,5,10,15,0.5,0.30000000000000004
180,13,CARD,28,9,39,83,49,22,5,5,10,15,0.5,0.30000000000000004
181,13,CLF_UNION,36,4,54,83,56,22,5,5,10,15,0.5,0.30000000000000004
182,13,ORD-UNION,1,0,1,83,3,22,5,5,10,15,0.5,0.30000000000000004
183,13,CARD,23,6,29,83,47,22,5,5,10,15,0.5,0.30000000000000004
184,13,CLF_UNION,29,1,41,83,55,22,5,5,10,15,0.5,0.30000000000000004
185,13,ORD-UNION,0,0,0,83,14,22,5,5,10,15,0.5,0.30000000000000004
186,13,CARD,21,7,29,83,49,22,5,5,10,15,0.5,0.30000000000000004
187,13,CLF_UNION,27,2,44,83,56,22,5,5,10,15,0.5,0.30000000000000004
188,13,ORD-UNION,0,0,0,83,12,22,5,5,10,15,0.5,0.30000000000000004
189,13,CARD,24,14,38,83,49,22,5,5,10,15,0.5,0.30000000000000004
190,13,CLF_UNION,34,5,53,83,56,22,5,5,10,15,0.5,0.30000000000000004
191,13,ORD-UNION,2,0,2,83,5,22,5,5,10,15,0.5,0.30000000000000004
192,13,CARD,13,9,24,83,47,22,5,5,10,15,0.5,0.30000000000000004
193,13,CLF_UNION,20,3,38,83,56,22,5,5,10,15,0.5,0.30000000000000004
194,13,ORD-UNION,0,0,0,83,19,22,5,5,10,15,0.5,0.30000000000000004
195,14,CARD,22,14,38,94,46,22,5,5,10,15,0.5,0.30000000000000004
196,14,CLF_UNION,34,3,49,94,55,22,5,5,10,15,0.5,0.30000000000000004
197,14,ORD-UNION,0,0,0,94,6,22,5,5,10,15,0.5,0.30000000000000004
198,14,CARD,17,12,30,94,49,22,5,5,10,15,0.5,0.30000000000000004
199,14,CLF_UNION,27,2,45,94,56,22,5,5,10,15,0.5,0.30000000000000004
200,14,ORD-UNION,0,0,0,94,11,22,5,5,10,15,0.5,0.30000000000000004
201,14,CARD,25,8,34,94,47,22,5,5,10,15,0.5,0.30000000000000004
202,14,CLF_UNION,28,6,46,94,55,22,5,5,10,15,0.5,0.30000000000000004
203,14,ORD-UNION,0,0,0,94,9,22,5,5,10,15,0.5,0.30000000000000004
204,14,CARD,19,10,30,94,49,22,5,5,10,15,0.5,0.30000000000000004
205,14,CLF_UNION,27,2,46,94,57,22,5,5,10,15,0.5,0.30000000000000004
206,14,ORD-UNION,3,0,3,94,14,22,5,5,10,15,0.5,0.30000000000000004
207,14,CARD,33,4,39,94,51,22,5,5,10,15,0.5,0.30000000000000004
208,14,CLF_UNION,39,1,57,94,57,22,5,5,10,15,0.5,0.30000000000000004
209,14,ORD-UNION,3,0,3,94,3,22,5,5,10,15,0.5,0.30000000000000004
210,15,CARD,16,11,28,108,50,22,5,5,10,15,0.5,0.30000000000000004
211,15,CLF_UNION,22,7,45,108,57,22,5,5,10,15,0.5,0.30000000000000004
212,15,ORD-UNION,2,0,2,108,14,22,5,5,10,15,0.5,0.30000000000000004
213,15,CARD,17,13,30,108,48,22,5,5,10,15,0.5,0.30000000000000004
214,15,CLF_UNION,28,2,44,108,56,22,5,5,10,15,0.5,0.30000000000000004
215,15,ORD-UNION,0,0,0,108,12,22,5,5,10,15,0.5,0.30000000000000004
216,15,CARD,30,5,35,108,48,22,5,5,10,15,0.5,0.30000000000000004
217,15,CLF_UNION,32,3,51,108,58,22,5,5,10,15,0.5,0.30000000000000004
218,15,ORD-UNION,4,0,4,108,11,22,5,5,10,15,0.5,0.30000000000000004
219,15,CARD,6,20,28,108,49,22,5,5,10,15,0.5,0.30000000000000004
220,15,CLF_UNION,23,5,44,108,57,22,5,5,10,15,0.5,0.30000000000000004
221,15,ORD-UNION,0,0,0,108,13,22,5,5,10,15,0.5,0.30000000000000004
222,15,CARD,12,18,30,108,45,22,5,5,10,15,0.5,0.30000000000000004
223,15,CLF_UNION,28,2,40,108,55,22,5,5,10,15,0.5,0.30000000000000004
224,15,ORD-UNION,4,0,4,108,19,22,5,5,10,15,0.5,0.30000000000000004
225,16,CARD,23,12,38,122,47,22,5,5,10,15,0.5,0.30000000000000004
226,16,CLF_UNION,30,6,50,122,55,22,5,5,10,15,0.5,0.30000000000000004
227,16,ORD-UNION,3,0,3,122,8,22,5,5,10,15,0.5,0.30000000000000004
228,16,CARD,18,10,29,122,47,22,5,5,10,15,0.5,0.30000000000000004
229,16,CLF_UNION,27,2,42,122,56,22,5,5,10,15,0.5,0.30000000000000004
230,16,ORD-UNION,4,0,4,122,18,22,5,5,10,15,0.5,0.30000000000000004
231,16,CARD,23,6,30,122,47,22,5,5,10,15,0.5,0.30000000000000004
232,16,CLF_UNION,25,4,43,122,56,22,5,5,10,15,0.5,0.30000000000000004
233,16,ORD-UNION,5,0,5,122,18,22,5,5,10,15,0.5,0.30000000000000004
234,16,CARD,19,9,33,122,48,22,5,5,10,15,0.5,0.30000000000000004
235,16,CLF_UNION,29,0,46,122,55,22,5,5,10,15,0.5,0.30000000000000004
236,16,ORD-UNION,2,0,2,122,11,22,5,5,10,15,0.5,0.30000000000000004
237,16,CARD,28,10,39,122,46,22,5,5,10,15,0.5,0.30000000000000004
238,16,CLF_UNION,35,3,50,122,55,22,5,5,10,15,0.5,0.30000000000000004
239,16,ORD-UNION,4,0,4,122,9,22,5,5,10,15,0.5,0.30000000000000004
240,17,CARD,21,12,34,137,48,22,5,5,10,15,0.5,0.30000000000000004
241,17,CLF_UNION,30,3,47,137,55,22,5,5,10,15,0.5,0.30000000000000004
242,17,ORD-UNION,3,0,3,137,11,22,5,5,10,15,0.5,0.30000000000000004
243,17,CARD,25,3,28,137,47,22,5,5,10,15,0.5,0.30000000000000004
244,17,CLF_UNION,26,3,40,137,55,22,5,5,10,15,0.5,0.30000000000000004
245,17,ORD-UNION,0,0,0,137,15,22,5,5,10,15,0.5,0.30000000000000004
246,17,CARD,34,6,40,137,47,22,5,5,10,15,0.5,0.30000000000000004
247,17,CLF_UNION,38,3,52,137,55,22,5,5,10,15,0.5,0.30000000000000004
248,17,ORD-UNION,1,0,1,137,4,22,5,5,10,15,0.5,0.30000000000000004
249,17,CARD,15,8,24,137,49,22,5,5,10,15,0.5,0.30000000000000004
250,17,CLF_UNION,18,5,39,137,56,22,5,5,10,15,0.5,0.30000000000000004
251,17,ORD-UNION,0,0,0,137,17,22,5,5,10,15,0.5,0.30000000000000004
252,17,CARD,22,8,30,137,46,22,5,5,10,15,0.5,0.30000000000000004
253,17,CLF_UNION,27,3,41,137,55,22,5,5,10,15,0.5,0.30000000000000004
254,17,ORD-UNION,0,0,0,137,14,22,5,5,10,15,0.5,0.30000000000000004
255,18,CARD,26,2,29,155,47,22,5,5,10,15,0.5,0.30000000000000004
256,18,CLF_UNION,27,2,41,155,55,22,5,5,10,15,0.5,0.30000000000000004
257,18,ORD-UNION,5,0,5,155,19,22,5,5,10,15,0.5,0.30000000000000004
258,18,CARD,17,7,25,155,46,22,5,5,10,15,0.5,0.30000000000000004
259,18,CLF_UNION,21,3,36,155,55,22,5,5,10,15,0.5,0.30000000000000004
260,18,ORD-UNION,0,0,0,155,19,22,5,5,10,15,0.5,0.30000000000000004
261,18,CARD,14,0,14,155,52,22,5,5,10,15,0.5,0.30000000000000004
262,18,CLF_UNION,17,0,31,155,55,22,5,5,10,15,0.5,0.30000000000000004
263,18,ORD-UNION,5,0,5,155,29,22,5,5,10,15,0.5,0.30000000000000004
264,18,CARD,27,3,31,155,46,22,5,5,10,15,0.5,0.30000000000000004
265,18,CLF_UNION,29,1,42,155,55,22,5,5,10,15,0.5,0.30000000000000004
266,18,ORD-UNION,9,0,9,155,22,22,5,5,10,15,0.5,0.30000000000000004
267,18,CARD,24,8,34,155,46,22,5,5,10,15,0.5,0.30000000000000004
268,18,CLF_UNION,30,3,45,155,55,22,5,5,10,15,0.5,0.30000000000000004
269,18,ORD-UNION,0,0,0,155,10,22,5,5,10,15,0.5,0.30000000000000004
270,19,CARD,28,0,29,174,47,22,5,5,10,15,0.5,0.30000000000000004
271,19,CLF_UNION,28,0,41,174,55,22,5,5,10,15,0.5,0.30000000000000004
272,19,ORD-UNION,4,0,4,174,18,22,5,5,10,15,0.5,0.30000000000000004
273,19,CARD,22,1,23,174,48,22,5,5,10,15,0.5,0.30000000000000004
274,19,CLF_UNION,24,0,36,174,55,22,5,5,10,15,0.5,0.30000000000000004
275,19,ORD-UNION,5,0,5,174,24,22,5,5,10,15,0.5,0.30000000000000004
276,19,CARD,25,0,29,174,49,22,5,5,10,15,0.5,0.30000000000000004
277,19,CLF_UNION,26,0,43,174,55,22,5,5,10,15,0.5,0.30000000000000004
278,19,ORD-UNION,3,0,3,174,15,22,5,5,10,15,0.5,0.30000000000000004
279,19,CARD,0,0,0,174,49,22,5,5,10,15,0.5,0.30000000000000004
280,19,CLF_UNION,0,0,15,174,56,22,5,5,10,15,0.5,0.30000000000000004
281,19,ORD-UNION,0,0,0,174,41,22,5,5,10,15,0.5,0.30000000000000004
282,19,CARD,29,4,35,174,45,22,5,5,10,15,0.5,0.30000000000000004
283,19,CLF_UNION,31,2,45,174,55,22,5,5,10,15,0.5,0.30000000000000004
284,19,ORD-UNION,0,0,0,174,10,22,5,5,10,15,0.5,0.30000000000000004
285,20,CARD,9,0,9,193,49,22,5,5,10,15,0.5,0.30000000000000004
286,20,CLF_UNION,9,0,23,193,55,22,5,5,10,15,0.5,0.30000000000000004
287,20,ORD-UNION,6,0,6,193,38,22,5,5,10,15,0.5,0.30000000000000004
288,20,CARD,22,0,22,193,49,22,5,5,10,15,0.5,0.30000000000000004
289,20,CLF_UNION,24,0,36,193,55,22,5,5,10,15,0.5,0.30000000000000004
290,20,ORD-UNION,4,0,4,193,23,22,5,5,10,15,0.5,0.30000000000000004
291,20,CARD,35,1,38,193,46,22,5,5,10,15,0.5,0.30000000000000004
292,20,CLF_UNION,37,0,49,193,55,22,5,5,10,15,0.5,0.30000000000000004
293,20,ORD-UNION,1,0,1,193,7,22,5,5,10,15,0.5,0.30000000000000004
294,20,CARD,17,0,18,193,47,22,5,5,10,15,0.5,0.30000000000000004
295,20,CLF_UNION,17,0,31,193,56,22,5,5,10,15,0.5,0.30000000000000004
296,20,ORD-UNION,7,0,7,193,32,22,5,5,10,15,0.5,0.30000000000000004
297,20,CARD,17,0,17,193,51,22,5,5,10,15,0.5,0.30000000000000004
298,20,CLF_UNION,17,0,33,193,55,22,5,5,10,15,0.5,0.30000000000000004
299,20,ORD-UNION,5,0,5,193,27,22,5,5,10,15,0.5,0.30000000000000004
300,21,CARD,16,1,18,213,48,22,5,5,10,15,0.5,0.30000000000000004
301,21,CLF_UNION,17,0,32,213,56,22,5,5,10,15,0.5,0.30000000000000004
302,21,ORD-UNION,0,0,0,213,24,22,5,5,10,15,0.5,0.30000000000000004
303,21,CARD,18,5,24,213,46,22,5,5,10,15,0.5,0.30000000000000004
304,21,CLF_UNION,23,0,35,213,55,22,5,5,10,15,0.5,0.30000000000000004
305,21,ORD-UNION,0,0,0,213,20,22,5,5,10,15,0.5,0.30000000000000004
306,21,CARD,18,6,24,213,47,22,5,5,10,15,0.5,0.30000000000000004
307,21,CLF_UNION,24,0,37,213,56,22,5,5,10,15,0.5,0.30000000000000004
308,21,ORD-UNION,0,0,0,213,19,22,5,5,10,15,0.5,0.30000000000000004
309,21,CARD,23,7,30,213,48,22,5,5,10,15,0.5,0.30000000000000004
310,21,CLF_UNION,29,1,44,213,56,22,5,5,10,15,0.5,0.30000000000000004
311,21,ORD-UNION,4,0,4,213,16,22,5,5,10,15,0.5,0.30000000000000004
312,21,CARD,22,1,24,213,45,22,5,5,10,15,0.5,0.30000000000000004
313,21,CLF_UNION,21,2,34,213,55,22,5,5,10,15,0.5,0.30000000000000004
314,21,ORD-UNION,0,0,0,213,21,22,5,5,10,15,0.5,0.30000000000000004
315,22,CARD,9,0,11,232,47,22,5,5,10,15,0.5,0.30000000000000004
316,22,CLF_UNION,9,0,24,232,56,22,5,5,10,15,0.5,0.30000000000000004
317,22,ORD-UNION,0,0,0,232,32,22,5,5,10,15,0.5,0.30000000000000004
318,22,CARD,16,0,17,232,47,22,5,5,10,15,0.5,0.30000000000000004
319,22,CLF_UNION,16,0,29,232,55,22,5,5,10,15,0.5,0.30000000000000004
320,22,ORD-UNION,0,0,0,232,26,22,5,5,10,15,0.5,0.30000000000000004
321,22,CARD,19,2,23,232,48,22,5,5,10,15,0.5,0.30000000000000004
322,22,CLF_UNION,21,1,38,232,57,22,5,5,10,15,0.5,0.30000000000000004
323,22,ORD-UNION,3,0,3,232,22,22,5,5,10,15,0.5,0.30000000000000004
324,22,CARD,16,1,17,232,46,22,5,5,10,15,0.5,0.30000000000000004
325,22,CLF_UNION,17,0,28,232,55,22,5,5,10,15,0.5,0.30000000000000004
326,22,ORD-UNION,2,0,2,232,29,22,5,5,10,15,0.5,0.30000000000000004
327,22,CARD,21,1,23,232,46,22,5,5,10,15,0.5,0.30000000000000004
328,22,CLF_UNION,22,1,34,232,55,22,5,5,10,15,0.5,0.30000000000000004
329,22,ORD-UNION,3,0,3,232,24,22,5,5,10,15,0.5,0.30000000000000004
330,23,CARD,0,0,1,254,46,22,5,5,10,15,0.5,0.30000000000000004
331,23,CLF_UNION,0,0,13,254,56,22,5,5,10,15,0.5,0.30000000000000004
332,23,ORD-UNION,0,0,0,254,43,22,5,5,10,15,0.5,0.30000000000000004
333,23,CARD,27,1,29,254,49,22,5,5,10,15,0.5,0.30000000000000004
334,23,CLF_UNION,28,1,43,254,55,22,5,5,10,15,0.5,0.30000000000000004
335,23,ORD-UNION,4,0,4,254,16,22,5,5,10,15,0.5,0.30000000000000004
336,23,CARD,22,0,24,254,45,22,5,5,10,15,0.5,0.30000000000000004
337,23,CLF_UNION,22,0,34,254,55,22,5,5,10,15,0.5,0.30000000000000004
338,23,ORD-UNION,4,0,4,254,25,22,5,5,10,15,0.5,0.30000000000000004
339,23,CARD,23,0,24,254,48,22,5,5,10,15,0.5,0.30000000000000004
340,23,CLF_UNION,23,0,37,254,55,22,5,5,10,15,0.5,0.30000000000000004
341,23,ORD-UNION,6,0,6,254,24,22,5,5,10,15,0.5,0.30000000000000004
342,23,CARD,23,3,29,254,49,22,5,5,10,15,0.5,0.30000000000000004
343,23,CLF_UNION,26,1,44,254,56,22,5,5,10,15,0.5,0.30000000000000004
344,23,ORD-UNION,6,0,6,254,18,22,5,5,10,15,0.5,0.30000000000000004
345,24,CARD,23,0,24,276,46,22,5,5,10,15,0.5,0.30000000000000004
346,24,CLF_UNION,23,0,35,276,55,22,5,5,10,15,0.5,0.30000000000000004
347,24,ORD-UNION,0,0,0,276,20,22,5,5,10,15,0.5,0.30000000000000004
348,24,CARD,9,0,9,276,47,22,5,5,10,15,0.5,0.30000000000000004
349,24,CLF_UNION,9,0,22,276,56,22,5,5,10,15,0.5,0.30000000000000004
350,24,ORD-UNION,0,0,0,276,34,22,5,5,10,15,0.5,0.30000000000000004
351,24,CARD,16,0,18,276,46,22,5,5,10,15,0.5,0.30000000000000004
352,24,CLF_UNION,16,0,29,276,55,22,5,5,10,15,0.5,0.30000000000000004
353,24,ORD-UNION,0,0,0,276,26,22,5,5,10,15,0.5,0.30000000000000004
354,24,CARD,0,0,0,276,46,22,5,5,10,15,0.5,0.30000000000000004
355,24,CLF_UNION,0,0,11,276,55,22,5,5,10,15,0.5,0.30000000000000004
356,24,ORD-UNION,0,0,0,276,44,22,5,5,10,15,0.5,0.30000000000000004
357,24,CARD,15,0,16,276,47,22,5,5,10,15,0.5,0.30000000000000004
358,24,CLF_UNION,16,0,28,276,55,22,5,5,10,15,0.5,0.30000000000000004
359,24,ORD-UNION,3,0,3,276,30,22,5,5,10,15,0.5,0.30000000000000004
360,1,CARD,8,12,21,1,69,22,5,5,10,15,0.5,0.30000000000000004
361,1,CLF_UNION,28,27,71,1,71,22,5,5,10,15,0.5,0.30000000000000004
362,1,ORD-UNION,0,0,0,1,0,22,5,5,10,15,0.5,0.30000000000000004
363,1,CARD,10,13,25,1,65,22,5,5,10,15,0.5,0.30000000000000004
364,1,CLF_UNION,30,21,65,1,65,22,5,5,10,15,0.5,0.30000000000000004
365,1,ORD-UNION,0,0,0,1,0,22,5,5,10,15,0.5,0.30000000000000004
366,1,CARD,9,14,25,1,65,22,5,5,10,15,0.5,0.30000000000000004
367,1,CLF_UNION,35,27,76,1,76,22,5,5,10,15,0.5,0.30000000000000004
368,1,ORD-UNION,0,0,0,1,0,22,5,5,10,15,0.5,0.30000000000000004
369,1,CARD,9,12,24,1,66,22,5,5,10,15,0.5,0.30000000000000004
370,1,CLF_UNION,29,18,63,1,63,22,5,5,10,15,0.5,0.30000000000000004
371,1,ORD-UNION,0,0,0,1,0,22,5,5,10,15,0.5,0.30000000000000004
372,1,CARD,6,16,25,1,65,22,5,5,10,15,0.5,0.30000000000000004
373,1,CLF_UNION,29,26,71,1,71,22,5,5,10,15,0.5,0.30000000000000004
374,1,ORD-UNION,0,0,0,1,0,22,5,5,10,15,0.5,0.30000000000000004
375,2,CARD,32,3,37,3,53,22,5,5,10,15,0.5,0.30000000000000004
376,2,CLF_UNION,26,21,59,3,59,22,5,5,10,15,0.5,0.30000000000000004
377,2,ORD-UNION,0,0,0,3,0,22,5,5,10,15,0.5,0.30000000000000004
378,2,CARD,26,5,35,3,55,22,5,5,10,15,0.5,0.30000000000000004
379,2,CLF_UNION,21,22,59,3,59,22,5,5,10,15,0.5,0.30000000000000004
380,2,ORD-UNION,0,0,0,3,0,22,5,5,10,15,0.5,0.30000000000000004
381,2,CARD,21,9,35,3,55,22,5,5,10,15,0.5,0.30000000000000004
382,2,CLF_UNION,20,26,62,3,62,22,5,5,10,15,0.5,0.30000000000000004
383,2,ORD-UNION,0,0,0,3,0,22,5,5,10,15,0.5,0.30000000000000004
384,2,CARD,22,9,33,3,57,22,5,5,10,15,0.5,0.30000000000000004
385,2,CLF_UNION,17,27,58,3,58,22,5,5,10,15,0.5,0.30000000000000004
386,2,ORD-UNION,0,0,0,3,0,22,5,5,10,15,0.5,0.30000000000000004
387,2,CARD,30,3,35,3,54,22,5,5,10,15,0.5,0.30000000000000004
388,2,CLF_UNION,25,21,58,3,59,22,5,5,10,15,0.5,0.30000000000000004
389,2,ORD-UNION,0,0,0,3,1,22,5,5,10,15,0.5,0.30000000000000004
390,3,CARD,28,8,40,6,50,22,5,5,10,15,0.5,0.30000000000000004
391,3,CLF_UNION,18,24,56,6,56,22,5,5,10,15,0.5,0.30000000000000004
392,3,ORD-UNION,0,0,0,6,0,22,5,5,10,15,0.5,0.30000000000000004
393,3,CARD,24,8,38,6,52,22,5,5,10,15,0.5,0.30000000000000004
394,3,CLF_UNION,14,26,57,6,57,22,5,5,10,15,0.5,0.30000000000000004
395,3,ORD-UNION,0,0,0,6,0,22,5,5,10,15,0.5,0.30000000000000004
396,3,CARD,17,14,37,6,53,22,5,5,10,15,0.5,0.30000000000000004
397,3,CLF_UNION,19,21,56,6,56,22,5,5,10,15,0.5,0.30000000000000004
398,3,ORD-UNION,0,0,0,6,0,22,5,5,10,15,0.5,0.30000000000000004
399,3,CARD,22,13,39,6,51,22,5,5,10,15,0.5,0.30000000000000004
400,3,CLF_UNION,15,26,55,6,55,22,5,5,10,15,0.5,0.30000000000000004
401,3,ORD-UNION,0,0,0,6,0,22,5,5,10,15,0.5,0.30000000000000004
402,3,CARD,30,8,41,6,49,22,5,5,10,15,0.5,0.30000000000000004
403,3,CLF_UNION,23,21,57,6,57,22,5,5,10,15,0.5,0.30000000000000004
404,3,ORD-UNION,0,0,0,6,0,22,5,5,10,15,0.5,0.30000000000000004
405,4,CARD,19,13,39,10,51,22,5,5,10,15,0.5,0.30000000000000004
406,4,CLF_UNION,26,13,58,10,58,22,5,5,10,15,0.5,0.30000000000000004
407,4,ORD-UNION,0,0,0,10,0,22,5,5,10,15,0.5,0.30000000000000004
408,4,CARD,27,10,42,10,48,22,5,5,10,15,0.5,0.30000000000000004
409,4,CLF_UNION,31,11,57,10,57,22,5,5,10,15,0.5,0.30000000000000004
410,4,ORD-UNION,0,0,0,10,0,22,5,5,10,15,0.5,0.30000000000000004
411,4,CARD,23,10,38,10,52,22,5,5,10,15,0.5,0.30000000000000004
412,4,CLF_UNION,30,12,58,10,58,22,5,5,10,15,0.5,0.30000000000000004
413,4,ORD-UNION,0,0,0,10,0,22,5,5,10,15,0.5,0.30000000000000004
414,4,CARD,27,10,40,10,49,22,5,5,10,15,0.5,0.30000000000000004
415,4,CLF_UNION,31,12,56,10,57,22,5,5,10,15,0.5,0.30000000000000004
416,4,ORD-UNION,0,0,0,10,1,22,5,5,10,15,0.5,0.30000000000000004
417,4,CARD,28,9,43,10,47,22,5,5,10,15,0.5,0.30000000000000004
418,4,CLF_UNION,29,9,55,10,55,22,5,5,10,15,0.5,0.30000000000000004
419,4,ORD-UNION,0,0,0,10,0,22,5,5,10,15,0.5,0.30000000000000004
420,5,CARD,24,10,38,15,49,22,5,5,10,15,0.5,0.30000000000000004
421,5,CLF_UNION,27,12,53,15,55,22,5,5,10,15,0.5,0.30000000000000004
422,5,ORD-UNION,0,0,0,15,3,22,5,5,10,15,0.5,0.30000000000000004
423,5,CARD,22,12,35,15,55,22,5,5,10,15,0.5,0.30000000000000004
424,5,CLF_UNION,32,12,55,15,55,22,5,5,10,15,0.5,0.30000000000000004
425,5,ORD-UNION,0,0,0,15,0,22,5,5,10,15,0.5,0.30000000000000004
426,5,CARD,23,13,37,15,53,22,5,5,10,15,0.5,0.30000000000000004
427,5,CLF_UNION,30,12,55,15,55,22,5,5,10,15,0.5,0.30000000000000004
428,5,ORD-UNION,0,0,0,15,0,22,5,5,10,15,0.5,0.30000000000000004
429,5,CARD,26,6,36,15,54,22,5,5,10,15,0.5,0.30000000000000004
430,5,CLF_UNION,32,9,55,15,55,22,5,5,10,15,0.5,0.30000000000000004
431,5,ORD-UNION,0,0,0,15,0,22,5,5,10,15,0.5,0.30000000000000004
432,5,CARD,17,17,38,15,52,22,5,5,10,15,0.5,0.30000000000000004
433,5,CLF_UNION,22,19,55,15,55,22,5,5,10,15,0.5,0.30000000000000004
434,5,ORD-UNION,0,0,0,15,0,22,5,5,10,15,0.5,0.30000000000000004
435,6,CARD,26,10,43,20,47,22,5,5,10,15,0.5,0.30000000000000004
436,6,CLF_UNION,24,14,55,20,55,22,5,5,10,15,0.5,0.30000000000000004
437,6,ORD-UNION,0,0,0,20,0,22,5,5,10,15,0.5,0.30000000000000004
438,6,CARD,23,10,35,20,49,22,5,5,10,15,0.5,0.30000000000000004
439,6,CLF_UNION,26,12,50,20,55,22,5,5,10,15,0.5,0.30000000000000004
440,6,ORD-UNION,0,0,0,20,6,22,5,5,10,15,0.5,0.30000000000000004
441,6,CARD,36,6,44,20,46,22,5,5,10,15,0.5,0.30000000000000004
442,6,CLF_UNION,35,8,55,20,55,22,5,5,10,15,0.5,0.30000000000000004
443,6,ORD-UNION,0,0,0,20,0,22,5,5,10,15,0.5,0.30000000000000004
444,6,CARD,27,11,41,20,49,22,5,5,10,15,0.5,0.30000000000000004
445,6,CLF_UNION,29,12,55,20,55,22,5,5,10,15,0.5,0.30000000000000004
446,6,ORD-UNION,0,0,0,20,0,22,5,5,10,15,0.5,0.30000000000000004
447,6,CARD,30,9,42,20,48,22,5,5,10,15,0.5,0.30000000000000004
448,6,CLF_UNION,27,14,55,20,55,22,5,5,10,15,0.5,0.30000000000000004
449,6,ORD-UNION,0,0,0,20,0,22,5,5,10,15,0.5,0.30000000000000004
450,7,CARD,30,6,42,27,47,22,5,5,10,15,0.5,0.30000000000000004
451,7,CLF_UNION,34,3,54,27,55,22,5,5,10,15,0.5,0.30000000000000004
452,7,ORD-UNION,0,0,0,27,1,22,5,5,10,15,0.5,0.30000000000000004
453,7,CARD,29,7,44,27,46,22,5,5,10,15,0.5,0.30000000000000004
454,7,CLF_UNION,30,7,55,27,55,22,5,5,10,15,0.5,0.30000000000000004
455,7,ORD-UNION,0,0,0,27,0,22,5,5,10,15,0.5,0.30000000000000004
456,7,CARD,22,13,42,27,47,22,5,5,10,15,0.5,0.30000000000000004
457,7,CLF_UNION,23,14,54,27,55,22,5,5,10,15,0.5,0.30000000000000004
458,7,ORD-UNION,0,0,0,27,1,22,5,5,10,15,0.5,0.30000000000000004
459,7,CARD,20,17,40,27,47,22,5,5,10,15,0.5,0.30000000000000004
460,7,CLF_UNION,26,13,52,27,55,22,5,5,10,15,0.5,0.30000000000000004
461,7,ORD-UNION,0,0,0,27,3,22,5,5,10,15,0.5,0.30000000000000004
462,7,CARD,30,8,44,27,46,22,5,5,10,15,0.5,0.30000000000000004
463,7,CLF_UNION,32,7,55,27,55,22,5,5,10,15,0.5,0.30000000000000004
464,7,ORD-UNION,0,0,0,27,0,22,5,5,10,15,0.5,0.30000000000000004
465,8,CARD,23,17,43,35,47,22,5,5,10,15,0.5,0.30000000000000004
466,8,CLF_UNION,28,13,56,35,56,22,5,5,10,15,0.5,0.30000000000000004
467,8,ORD-UNION,0,0,0,35,0,22,5,5,10,15,0.5,0.30000000000000004
468,8,CARD,18,18,38,35,46,22,5,5,10,15,0.5,0.30000000000000004
469,8,CLF_UNION,33,5,50,35,56,22,5,5,10,15,0.5,0.30000000000000004
470,8,ORD-UNION,0,0,0,35,6,22,5,5,10,15,0.5,0.30000000000000004
471,8,CARD,27,10,44,35,46,22,5,5,10,15,0.5,0.30000000000000004
472,8,CLF_UNION,23,14,56,35,56,22,5,5,10,15,0.5,0.30000000000000004
473,8,ORD-UNION,0,0,0,35,0,22,5,5,10,15,0.5,0.30000000000000004
474,8,CARD,24,12,41,35,46,22,5,5,10,15,0.5,0.30000000000000004
475,8,CLF_UNION,28,9,52,35,55,22,5,5,10,15,0.5,0.30000000000000004
476,8,ORD-UNION,0,0,0,35,3,22,5,5,10,15,0.5,0.30000000000000004
477,8,CARD,32,7,45,35,45,22,5,5,10,15,0.5,0.30000000000000004
478,8,CLF_UNION,33,6,55,35,55,22,5,5,10,15,0.5,0.30000000000000004
479,8,ORD-UNION,0,0,0,35,0,22,5,5,10,15,0.5,0.30000000000000004
480,9,CARD,28,7,39,44,48,22,5,5,10,15,0.5,0.30000000000000004
481,9,CLF_UNION,30,8,52,44,55,22,5,5,10,15,0.5,0.30000000000000004
482,9,ORD-UNION,0,0,0,44,3,22,5,5,10,15,0.5,0.30000000000000004
483,9,CARD,20,12,35,44,45,22,5,5,10,15,0.5,0.30000000000000004
484,9,CLF_UNION,26,7,46,44,56,22,5,5,10,15,0.5,0.30000000000000004
485,9,ORD-UNION,0,0,0,44,10,22,5,5,10,15,0.5,0.30000000000000004
486,9,CARD,30,4,37,44,47,22,5,5,10,15,0.5,0.30000000000000004
487,9,CLF_UNION,34,2,49,44,55,22,5,5,10,15,0.5,0.30000000000000004
488,9,ORD-UNION,0,0,0,44,6,22,5,5,10,15,0.5,0.30000000000000004
489,9,CARD,33,6,41,44,49,22,5,5,10,15,0.5,0.30000000000000004
490,9,CLF_UNION,34,9,55,44,55,22,5,5,10,15,0.5,0.30000000000000004
491,9,ORD-UNION,0,0,0,44,0,22,5,5,10,15,0.5,0.30000000000000004
492,9,CARD,30,9,43,44,46,22,5,5,10,15,0.5,0.30000000000000004
493,9,CLF_UNION,34,6,54,44,55,22,5,5,10,15,0.5,0.30000000000000004
494,9,ORD-UNION,0,0,0,44,1,22,5,5,10,15,0.5,0.30000000000000004
495,10,CARD,15,16,33,53,47,22,5,5,10,15,0.5,0.30000000000000004
496,10,CLF_UNION,23,11,46,53,55,22,5,5,10,15,0.5,0.30000000000000004
497,10,ORD-UNION,0,0,0,53,10,22,5,5,10,15,0.5,0.30000000000000004
498,10,CARD,27,6,40,53,47,22,5,5,10,15,0.5,0.30000000000000004
499,10,CLF_UNION,29,6,52,53,55,22,5,5,10,15,0.5,0.30000000000000004
500,10,ORD-UNION,0,0,0,53,3,22,5,5,10,15,0.5,0.30000000000000004
501,10,CARD,25,11,40,53,47,22,5,5,10,15,0.5,0.30000000000000004
502,10,CLF_UNION,30,8,52,53,55,22,5,5,10,15,0.5,0.30000000000000004
503,10,ORD-UNION,0,0,0,53,3,22,5,5,10,15,0.5,0.30000000000000004
504,10,CARD,25,7,34,53,51,22,5,5,10,15,0.5,0.30000000000000004
505,10,CLF_UNION,30,7,51,53,56,22,5,5,10,15,0.5,0.30000000000000004
506,10,ORD-UNION,0,0,0,53,5,22,5,5,10,15,0.5,0.30000000000000004
507,10,CARD,30,7,42,53,48,22,5,5,10,15,0.5,0.30000000000000004
508,10,CLF_UNION,32,8,55,53,55,22,5,5,10,15,0.5,0.30000000000000004
509,10,ORD-UNION,0,0,0,53,0,22,5,5,10,15,0.5,0.30000000000000004
510,11,CARD,23,14,42,63,45,22,5,5,10,15,0.5,0.30000000000000004
511,11,CLF_UNION,25,13,53,63,56,22,5,5,10,15,0.5,0.30000000000000004
512,11,ORD-UNION,0,0,0,63,3,22,5,5,10,15,0.5,0.30000000000000004
513,11,CARD,33,4,41,63,46,22,5,5,10,15,0.5,0.30000000000000004
514,11,CLF_UNION,31,7,52,63,55,22,5,5,10,15,0.5,0.30000000000000004
515,11,ORD-UNION,0,0,0,63,3,22,5,5,10,15,0.5,0.30000000000000004
516,11,CARD,21,14,39,63,45,22,5,5,10,15,0.5,0.30000000000000004
517,11,CLF_UNION,18,18,50,63,56,22,5,5,10,15,0.5,0.30000000000000004
518,11,ORD-UNION,0,0,0,63,6,22,5,5,10,15,0.5,0.30000000000000004
519,11,CARD,33,1,39,63,46,22,5,5,10,15,0.5,0.30000000000000004
520,11,CLF_UNION,25,9,50,63,55,22,5,5,10,15,0.5,0.30000000000000004
521,11,ORD-UNION,0,0,0,63,5,22,5,5,10,15,0.5,0.30000000000000004
522,11,CARD,23,10,35,63,45,22,5,5,10,15,0.5,0.30000000000000004
523,11,CLF_UNION,25,8,45,63,55,22,5,5,10,15,0.5,0.30000000000000004
524,11,ORD-UNION,0,0,0,63,10,22,5,5,10,15,0.5,0.30000000000000004
525,12,CARD,11,18,32,73,48,22,5,5,10,15,0.5,0.30000000000000004
526,12,CLF_UNION,24,8,45,73,55,22,5,5,10,15,0.5,0.30000000000000004
527,12,ORD-UNION,0,0,0,73,10,22,5,5,10,15,0.5,0.30000000000000004
528,12,CARD,13,23,41,73,46,22,5,5,10,15,0.5,0.30000000000000004
529,12,CLF_UNION,28,9,52,73,55,22,5,5,10,15,0.5,0.30000000000000004
530,12,ORD-UNION,0,0,0,73,3,22,5,5,10,15,0.5,0.30000000000000004
531,12,CARD,20,11,34,73,47,22,5,5,10,15,0.5,0.30000000000000004
532,12,CLF_UNION,27,5,46,73,55,22,5,5,10,15,0.5,0.30000000000000004
533,12,ORD-UNION,0,0,0,73,9,22,5,5,10,15,0.5,0.30000000000000004
534,12,CARD,12,25,42,73,45,22,5,5,10,15,0.5,0.30000000000000004
535,12,CLF_UNION,27,10,52,73,55,22,5,5,10,15,0.5,0.30000000000000004
536,12,ORD-UNION,0,0,0,73,3,22,5,5,10,15,0.5,0.30000000000000004
537,12,CARD,22,13,40,73,47,22,5,5,10,15,0.5,0.30000000000000004
538,12,CLF_UNION,33,4,52,73,55,22,5,5,10,15,0.5,0.30000000000000004
539,12,ORD-UNION,0,0,0,73,3,22,5,5,10,15,0.5,0.30000000000000004
540,13,CARD,13,18,34,85,46,22,5,5,10,15,0.5,0.30000000000000004
541,13,CLF_UNION,20,11,45,85,55,22,5,5,10,15,0.5,0.30000000000000004
542,13,ORD-UNION,0,0,0,85,10,22,5,5,10,15,0.5,0.30000000000000004
543,13,CARD,13,26,43,85,46,22,5,5,10,15,0.5,0.30000000000000004
544,13,CLF_UNION,24,16,54,85,55,22,5,5,10,15,0.5,0.30000000000000004
545,13,ORD-UNION,0,0,0,85,1,22,5,5,10,15,0.5,0.30000000000000004
546,13,CARD,19,13,35,85,45,22,5,5,10,15,0.5,0.30000000000000004
547,13,CLF_UNION,29,3,45,85,55,22,5,5,10,15,0.5,0.30000000000000004
548,13,ORD-UNION,0,0,0,85,10,22,5,5,10,15,0.5,0.30000000000000004
549,13,CARD,19,10,30,85,46,22,5,5,10,15,0.5,0.30000000000000004
550,13,CLF_UNION,26,3,42,85,56,22,5,5,10,15,0.5,0.30000000000000004
551,13,ORD-UNION,0,0,0,85,14,22,5,5,10,15,0.5,0.30000000000000004
552,13,CARD,18,21,42,85,46,22,5,5,10,15,0.5,0.30000000000000004
553,13,CLF_UNION,24,15,54,85,56,22,5,5,10,15,0.5,0.30000000000000004
554,13,ORD-UNION,0,0,0,85,2,22,5,5,10,15,0.5,0.30000000000000004
555,14,CARD,5,17,24,99,47,22,5,5,10,15,0.5,0.30000000000000004
556,14,CLF_UNION,9,13,36,99,55,22,5,5,10,15,0.5,0.30000000000000004
557,14,ORD-UNION,0,0,0,99,19,22,5,5,10,15,0.5,0.30000000000000004
558,14,CARD,27,2,31,99,50,22,5,5,10,15,0.5,0.30000000000000004
559,14,CLF_UNION,28,5,47,99,56,22,5,5,10,15,0.5,0.30000000000000004
560,14,ORD-UNION,0,0,0,99,9,22,5,5,10,15,0.5,0.30000000000000004
561,14,CARD,22,9,34,99,46,22,5,5,10,15,0.5,0.30000000000000004
562,14,CLF_UNION,25,7,45,99,55,22,5,5,10,15,0.5,0.30000000000000004
563,14,ORD-UNION,0,0,0,99,10,22,5,5,10,15,0.5,0.30000000000000004
564,14,CARD,24,11,37,99,47,22,5,5,10,15,0.5,0.30000000000000004
565,14,CLF_UNION,27,10,49,99,55,22,5,5,10,15,0.5,0.30000000000000004
566,14,ORD-UNION,0,0,0,99,6,22,5,5,10,15,0.5,0.30000000000000004
567,14,CARD,21,12,36,99,48,22,5,5,10,15,0.5,0.30000000000000004
568,14,CLF_UNION,18,17,49,99,55,22,5,5,10,15,0.5,0.30000000000000004
569,14,ORD-UNION,0,0,0,99,6,22,5,5,10,15,0.5,0.30000000000000004
570,15,CARD,24,13,38,113,47,22,5,5,10,15,0.5,0.30000000000000004
571,15,CLF_UNION,31,7,51,113,56,22,5,5,10,15,0.5,0.30000000000000004
572,15,ORD-UNION,0,0,0,113,5,22,5,5,10,15,0.5,0.30000000000000004
573,15,CARD,18,16,39,113,46,22,5,5,10,15,0.5,0.30000000000000004
574,15,CLF_UNION,26,8,51,113,56,22,5,5,10,15,0.5,0.30000000000000004
575,15,ORD-UNION,0,0,0,113,5,22,5,5,10,15,0.5,0.30000000000000004
576,15,CARD,9,13,23,113,47,22,5,5,10,15,0.5,0.30000000000000004
577,15,CLF_UNION,12,11,36,113,56,22,5,5,10,15,0.5,0.30000000000000004
578,15,ORD-UNION,0,0,0,113,20,22,5,5,10,15,0.5,0.30000000000000004
579,15,CARD,7,22,30,113,45,22,5,5,10,15,0.5,0.30000000000000004
580,15,CLF_UNION,19,10,40,113,55,22,5,5,10,15,0.5,0.30000000000000004
581,15,ORD-UNION,0,0,0,113,15,22,5,5,10,15,0.5,0.30000000000000004
582,15,CARD,20,8,30,113,46,22,5,5,10,15,0.5,0.30000000000000004
583,15,CLF_UNION,24,4,41,113,55,22,5,5,10,15,0.5,0.30000000000000004
584,15,ORD-UNION,0,0,0,113,14,22,5,5,10,15,0.5,0.30000000000000004
585,16,CARD,15,21,39,129,45,22,5,5,10,15,0.5,0.30000000000000004
586,16,CLF_UNION,25,11,49,129,55,22,5,5,10,15,0.5,0.30000000000000004
587,16,ORD-UNION,0,0,0,129,6,22,5,5,10,15,0.5,0.30000000000000004
588,16,CARD,18,9,30,129,46,22,5,5,10,15,0.5,0.30000000000000004
589,16,CLF_UNION,20,7,41,129,55,22,5,5,10,15,0.5,0.30000000000000004
590,16,ORD-UNION,0,1,1,129,15,22,5,5,10,15,0.5,0.30000000000000004
591,16,CARD,23,8,35,129,46,22,5,5,10,15,0.5,0.30000000000000004
592,16,CLF_UNION,24,7,46,129,55,22,5,5,10,15,0.5,0.30000000000000004
593,16,ORD-UNION,0,0,0,129,9,22,5,5,10,15,0.5,0.30000000000000004
594,16,CARD,13,18,35,129,45,22,5,5,10,15,0.5,0.30000000000000004
595,16,CLF_UNION,22,9,45,129,55,22,5,5,10,15,0.5,0.30000000000000004
596,16,ORD-UNION,0,0,0,129,10,22,5,5,10,15,0.5,0.30000000000000004
597,16,CARD,14,19,35,129,46,22,5,5,10,15,0.5,0.30000000000000004
598,16,CLF_UNION,15,18,47,129,56,22,5,5,10,15,0.5,0.30000000000000004
599,16,ORD-UNION,0,1,1,129,10,22,5,5,10,15,0.5,0.30000000000000004
600,17,CARD,19,13,35,144,45,22,5,5,10,15,0.5,0.30000000000000004
601,17,CLF_UNION,28,4,45,144,55,22,5,5,10,15,0.5,0.30000000000000004
602,17,ORD-UNION,0,0,0,144,10,22,5,5,10,15,0.5,0.30000000000000004
603,17,CARD,11,18,30,144,47,22,5,5,10,15,0.5,0.30000000000000004
604,17,CLF_UNION,21,8,43,144,56,22,5,5,10,15,0.5,0.30000000000000004
605,17,ORD-UNION,0,0,0,144,13,22,5,5,10,15,0.5,0.30000000000000004
606,17,CARD,12,10,24,144,46,22,5,5,10,15,0.5,0.30000000000000004
607,17,CLF_UNION,11,12,36,144,56,22,5,5,10,15,0.5,0.30000000000000004
608,17,ORD-UNION,0,0,0,144,20,22,5,5,10,15,0.5,0.30000000000000004
609,17,CARD,16,15,34,144,47,22,5,5,10,15,0.5,0.30000000000000004
610,17,CLF_UNION,20,12,47,144,56,22,5,5,10,15,0.5,0.30000000000000004
611,17,ORD-UNION,0,0,0,144,9,22,5,5,10,15,0.5,0.30000000000000004
612,17,CARD,16,4,24,144,45,22,5,5,10,15,0.5,0.30000000000000004
613,17,CLF_UNION,20,1,35,144,56,22,5,5,10,15,0.5,0.30000000000000004
614,17,ORD-UNION,0,0,0,144,21,22,5,5,10,15,0.5,0.30000000000000004
615,18,CARD,20,5,30,162,46,22,5,5,10,15,0.5,0.30000000000000004
616,18,CLF_UNION,18,9,43,162,55,22,5,5,10,15,0.5,0.30000000000000004
617,18,ORD-UNION,0,0,0,162,14,22,5,5,10,15,0.5,0.30000000000000004
618,18,CARD,17,11,30,162,46,22,5,5,10,15,0.5,0.30000000000000004
619,18,CLF_UNION,17,11,41,162,55,22,5,5,10,15,0.5,0.30000000000000004
620,18,ORD-UNION,0,0,0,162,14,22,5,5,10,15,0.5,0.30000000000000004
621,18,CARD,6,9,17,162,47,22,5,5,10,15,0.5,0.30000000000000004
622,18,CLF_UNION,6,9,29,162,55,22,5,5,10,15,0.5,0.30000000000000004
623,18,ORD-UNION,0,0,0,162,26,22,5,5,10,15,0.5,0.30000000000000004
624,18,CARD,18,3,24,162,46,22,5,5,10,15,0.5,0.30000000000000004
625,18,CLF_UNION,16,5,35,162,55,22,5,5,10,15,0.5,0.30000000000000004
626,18,ORD-UNION,0,0,0,162,20,22,5,5,10,15,0.5,0.30000000000000004
627,18,CARD,15,11,30,162,46,22,5,5,10,15,0.5,0.30000000000000004
628,18,CLF_UNION,18,8,41,162,55,22,5,5,10,15,0.5,0.30000000000000004
629,18,ORD-UNION,0,1,1,162,15,22,5,5,10,15,0.5,0.30000000000000004
630,19,CARD,12,2,17,179,46,22,5,5,10,15,0.5,0.30000000000000004
631,19,CLF_UNION,14,0,29,179,56,22,5,5,10,15,0.5,0.30000000000000004
632,19,ORD-UNION,0,0,0,179,27,22,5,5,10,15,0.5,0.30000000000000004
633,19,CARD,3,12,17,179,47,22,5,5,10,15,0.5,0.30000000000000004
634,19,CLF_UNION,15,0,30,179,56,22,5,5,10,15,0.5,0.30000000000000004
635,19,ORD-UNION,2,4,6,179,32,22,5,5,10,15,0.5,0.30000000000000004
636,19,CARD,19,10,30,179,46,22,5,5,10,15,0.5,0.30000000000000004
637,19,CLF_UNION,24,5,41,179,55,22,5,5,10,15,0.5,0.30000000000000004
638,19,ORD-UNION,3,3,6,179,20,22,5,5,10,15,0.5,0.30000000000000004
639,19,CARD,10,7,17,179,48,22,5,5,10,15,0.5,0.30000000000000004
640,19,CLF_UNION,15,2,30,179,55,22,5,5,10,15,0.5,0.30000000000000004
641,19,ORD-UNION,1,3,4,179,29,22,5,5,10,15,0.5,0.30000000000000004
642,19,CARD,21,7,30,179,46,22,5,5,10,15,0.5,0.30000000000000004
643,19,CLF_UNION,27,1,41,179,55,22,5,5,10,15,0.5,0.30000000000000004
644,19,ORD-UNION,2,3,5,179,19,22,5,5,10,15,0.5,0.30000000000000004
