,budget,model,correct,wrong,total,n_pref_input,n_pref_output,theta_size,theta_additivity,n_items,n_test_subsets,n_tiers,alpha,p
0,1,CARD,11,5,24,1,66,22,5,5,10,3,0.5,0.30000000000000004
1,1,CLF_UNION,31,6,62,1,62,22,5,5,10,3,0.5,0.30000000000000004
2,1,ORD-UNION,0,0,0,1,0,22,5,5,10,3,0.5,0.30000000000000004
3,1,CARD,8,6,21,1,69,22,5,5,10,3,0.5,0.30000000000000004
4,1,CLF_UNION,28,6,59,1,59,22,5,5,10,3,0.5,0.30000000000000004
5,1,ORD-UNION,0,0,0,1,0,22,5,5,10,3,0.5,0.30000000000000004
6,1,CARD,10,4,24,1,66,22,5,5,10,3,0.5,0.30000000000000004
7,1,CLF_UNION,23,5,58,1,58,22,5,5,10,3,0.5,0.30000000000000004
8,1,ORD-UNION,0,0,0,1,0,22,5,5,10,3,0.5,0.30000000000000004
9,1,CARD,8,7,24,1,66,22,5,5,10,3,0.5,0.30000000000000004
10,1,CLF_UNION,29,7,70,1,70,22,5,5,10,3,0.5,0.30000000000000004
11,1,ORD-UNION,0,0,0,1,0,22,5,5,10,3,0.5,0.30000000000000004
12,1,CARD,11,3,25,1,65,22,5,5,10,3,0.5,0.30000000000000004
13,1,CLF_UNION,26,5,62,1,62,22,5,5,10,3,0.5,0.30000000000000004
14,1,ORD-UNION,0,0,0,1,0,22,5,5,10,3,0.5,0.30000000000000004
15,2,CARD,6,8,21,2,69,22,5,5,10,3,0.5,0.30000000000000004
16,2,CLF_UNION,25,17,71,2,71,22,5,5,10,3,0.5,0.30000000000000004
17,2,ORD-UNION,0,0,0,2,0,22,5,5,10,3,0.5,0.30000000000000004
18,2,CARD,16,1,24,2,66,22,5,5,10,3,0.5,0.30000000000000004
19,2,CLF_UNION,27,10,67,2,67,22,5,5,10,3,0.5,0.30000000000000004
20,2,ORD-UNION,0,0,0,2,0,22,5,5,10,3,0.5,0.30000000000000004
21,2,CARD,12,0,21,2,69,22,5,5,10,3,0.5,0.30000000000000004
22,2,CLF_UNION,24,4,69,2,69,22,5,5,10,3,0.5,0.30000000000000004
23,2,ORD-UNION,0,0,0,2,0,22,5,5,10,3,0.5,0.30000000000000004
24,2,CARD,4,10,24,2,66,22,5,5,10,3,0.5,0.30000000000000004
25,2,CLF_UNION,18,22,73,2,73,22,5,5,10,3,0.5,0.30000000000000004
26,2,ORD-UNION,0,0,0,2,0,22,5,5,10,3,0.5,0.30000000000000004
27,2,CARD,10,4,24,2,66,22,5,5,10,3,0.5,0.30000000000000004
28,2,CLF_UNION,25,10,68,2,68,22,5,5,10,3,0.5,0.30000000000000004
29,2,ORD-UNION,0,0,0,2,0,22,5,5,10,3,0.5,0.30000000000000004
30,3,CARD,14,3,33,5,55,22,5,5,10,3,0.5,0.30000000000000004
31,3,CLF_UNION,19,10,67,5,69,22,5,5,10,3,0.5,0.30000000000000004
32,3,ORD-UNION,1,0,1,5,3,22,5,5,10,3,0.5,0.30000000000000004
33,3,CARD,12,8,34,5,55,22,5,5,10,3,0.5,0.30000000000000004
34,3,CLF_UNION,21,16,66,5,67,22,5,5,10,3,0.5,0.30000000000000004
35,3,ORD-UNION,0,0,0,5,1,22,5,5,10,3,0.5,0.30000000000000004
36,3,CARD,12,6,37,5,53,22,5,5,10,3,0.5,0.30000000000000004
37,3,CLF_UNION,19,13,69,5,69,22,5,5,10,3,0.5,0.30000000000000004
38,3,ORD-UNION,0,0,0,5,0,22,5,5,10,3,0.5,0.30000000000000004
39,3,CARD,6,11,31,5,58,22,5,5,10,3,0.5,0.30000000000000004
40,3,CLF_UNION,19,21,75,5,76,22,5,5,10,3,0.5,0.30000000000000004
41,3,ORD-UNION,0,0,0,5,1,22,5,5,10,3,0.5,0.30000000000000004
42,3,CARD,9,15,32,5,58,22,5,5,10,3,0.5,0.30000000000000004
43,3,CLF_UNION,27,27,84,5,84,22,5,5,10,3,0.5,0.30000000000000004
44,3,ORD-UNION,0,0,0,5,0,22,5,5,10,3,0.5,0.30000000000000004
45,4,CARD,15,9,39,7,50,22,5,5,10,3,0.5,0.30000000000000004
46,4,CLF_UNION,20,8,56,7,57,22,5,5,10,3,0.5,0.30000000000000004
47,4,ORD-UNION,0,0,0,7,1,22,5,5,10,3,0.5,0.30000000000000004
48,4,CARD,20,0,33,7,55,22,5,5,10,3,0.5,0.30000000000000004
49,4,CLF_UNION,23,2,56,7,58,22,5,5,10,3,0.5,0.30000000000000004
50,4,ORD-UNION,0,0,0,7,2,22,5,5,10,3,0.5,0.30000000000000004
51,4,CARD,13,5,40,7,50,22,5,5,10,3,0.5,0.30000000000000004
52,4,CLF_UNION,18,5,58,7,58,22,5,5,10,3,0.5,0.30000000000000004
53,4,ORD-UNION,0,0,0,7,0,22,5,5,10,3,0.5,0.30000000000000004
54,4,CARD,12,7,37,7,53,22,5,5,10,3,0.5,0.30000000000000004
55,4,CLF_UNION,20,7,58,7,58,22,5,5,10,3,0.5,0.30000000000000004
56,4,ORD-UNION,0,0,0,7,0,22,5,5,10,3,0.5,0.30000000000000004
57,4,CARD,15,9,35,7,54,22,5,5,10,3,0.5,0.30000000000000004
58,4,CLF_UNION,23,9,57,7,58,22,5,5,10,3,0.5,0.30000000000000004
59,4,ORD-UNION,0,0,0,7,1,22,5,5,10,3,0.5,0.30000000000000004
60,5,CARD,16,10,37,11,53,22,5,5,10,3,0.5,0.30000000000000004
61,5,CLF_UNION,22,9,55,11,55,22,5,5,10,3,0.5,0.30000000000000004
62,5,ORD-UNION,0,0,0,11,0,22,5,5,10,3,0.5,0.30000000000000004
63,5,CARD,21,5,37,11,53,22,5,5,10,3,0.5,0.30000000000000004
64,5,CLF_UNION,28,4,56,11,56,22,5,5,10,3,0.5,0.30000000000000004
65,5,ORD-UNION,0,0,0,11,0,22,5,5,10,3,0.5,0.30000000000000004
66,5,CARD,22,5,38,11,52,22,5,5,10,3,0.5,0.30000000000000004
67,5,CLF_UNION,29,3,55,11,55,22,5,5,10,3,0.5,0.30000000000000004
68,5,ORD-UNION,1,0,1,11,1,22,5,5,10,3,0.5,0.30000000000000004
69,5,CARD,23,1,38,11,52,22,5,5,10,3,0.5,0.30000000000000004
70,5,CLF_UNION,25,2,55,11,55,22,5,5,10,3,0.5,0.30000000000000004
71,5,ORD-UNION,0,0,0,11,0,22,5,5,10,3,0.5,0.30000000000000004
72,5,CARD,20,6,40,11,50,22,5,5,10,3,0.5,0.30000000000000004
73,5,CLF_UNION,24,5,55,11,55,22,5,5,10,3,0.5,0.30000000000000004
74,5,ORD-UNION,0,0,0,11,0,22,5,5,10,3,0.5,0.30000000000000004
75,6,CARD,19,5,36,15,54,22,5,5,10,3,0.5,0.30000000000000004
76,6,CLF_UNION,24,7,56,15,56,22,5,5,10,3,0.5,0.30000000000000004
77,6,ORD-UNION,0,0,0,15,0,22,5,5,10,3,0.5,0.30000000000000004
78,6,CARD,21,4,39,15,51,22,5,5,10,3,0.5,0.30000000000000004
79,6,CLF_UNION,18,9,55,15,55,22,5,5,10,3,0.5,0.30000000000000004
80,6,ORD-UNION,0,0,0,15,0,22,5,5,10,3,0.5,0.30000000000000004
81,6,CARD,19,5,35,15,53,22,5,5,10,3,0.5,0.30000000000000004
82,6,CLF_UNION,24,5,54,15,56,22,5,5,10,3,0.5,0.30000000000000004
83,6,ORD-UNION,0,0,0,15,2,22,5,5,10,3,0.5,0.30000000000000004
84,6,CARD,22,0,34,15,52,22,5,5,10,3,0.5,0.30000000000000004
85,6,CLF_UNION,23,2,52,15,56,22,5,5,10,3,0.5,0.30000000000000004
86,6,ORD-UNION,0,0,0,15,4,22,5,5,10,3,0.5,0.30000000000000004
87,6,CARD,13,5,38,15,51,22,5,5,10,3,0.5,0.30000000000000004
88,6,CLF_UNION,16,4,54,15,55,22,5,5,10,3,0.5,0.30000000000000004
89,6,ORD-UNION,0,0,0,15,1,22,5,5,10,3,0.5,0.30000000000000004
90,7,CARD,11,6,36,19,52,22,5,5,10,3,0.5,0.30000000000000004
91,7,CLF_UNION,12,10,58,19,60,22,5,5,10,3,0.5,0.30000000000000004
92,7,ORD-UNION,0,0,0,19,2,22,5,5,10,3,0.5,0.30000000000000004
93,7,CARD,12,7,38,19,50,22,5,5,10,3,0.5,0.30000000000000004
94,7,CLF_UNION,19,6,56,19,58,22,5,5,10,3,0.5,0.30000000000000004
95,7,ORD-UNION,0,0,0,19,2,22,5,5,10,3,0.5,0.30000000000000004
96,7,CARD,15,4,36,19,53,22,5,5,10,3,0.5,0.30000000000000004
97,7,CLF_UNION,22,4,58,19,59,22,5,5,10,3,0.5,0.30000000000000004
98,7,ORD-UNION,0,0,0,19,1,22,5,5,10,3,0.5,0.30000000000000004
99,7,CARD,19,7,37,19,53,22,5,5,10,3,0.5,0.30000000000000004
100,7,CLF_UNION,21,14,61,19,61,22,5,5,10,3,0.5,0.30000000000000004
101,7,ORD-UNION,0,0,0,19,0,22,5,5,10,3,0.5,0.30000000000000004
102,7,CARD,24,2,42,19,48,22,5,5,10,3,0.5,0.30000000000000004
103,7,CLF_UNION,23,6,56,19,56,22,5,5,10,3,0.5,0.30000000000000004
104,7,ORD-UNION,0,0,0,19,0,22,5,5,10,3,0.5,0.30000000000000004
105,8,CARD,21,7,38,24,52,22,5,5,10,3,0.5,0.30000000000000004
106,8,CLF_UNION,24,9,55,24,55,22,5,5,10,3,0.5,0.30000000000000004
107,8,ORD-UNION,0,0,0,24,0,22,5,5,10,3,0.5,0.30000000000000004
108,8,CARD,19,6,36,24,50,22,5,5,10,3,0.5,0.30000000000000004
109,8,CLF_UNION,18,10,52,24,56,22,5,5,10,3,0.5,0.30000000000000004
110,8,ORD-UNION,0,0,0,24,4,22,5,5,10,3,0.5,0.30000000000000004
111,8,CARD,22,1,38,24,49,22,5,5,10,3,0.5,0.30000000000000004
112,8,CLF_UNION,24,0,53,24,56,22,5,5,10,3,0.5,0.30000000000000004
113,8,ORD-UNION,0,0,0,24,3,22,5,5,10,3,0.5,0.30000000000000004
114,8,CARD,11,4,36,24,52,22,5,5,10,3,0.5,0.30000000000000004
115,8,CLF_UNION,16,3,53,24,55,22,5,5,10,3,0.5,0.30000000000000004
116,8,ORD-UNION,0,0,0,24,2,22,5,5,10,3,0.5,0.30000000000000004
117,8,CARD,15,8,38,24,50,22,5,5,10,3,0.5,0.30000000000000004
118,8,CLF_UNION,18,7,53,24,55,22,5,5,10,3,0.5,0.30000000000000004
119,8,ORD-UNION,0,0,0,24,2,22,5,5,10,3,0.5,0.30000000000000004
120,9,CARD,19,7,38,29,52,22,5,5,10,3,0.5,0.30000000000000004
121,9,CLF_UNION,22,7,56,29,56,22,5,5,10,3,0.5,0.30000000000000004
122,9,ORD-UNION,0,0,0,29,0,22,5,5,10,3,0.5,0.30000000000000004
123,9,CARD,19,4,34,29,50,22,5,5,10,3,0.5,0.30000000000000004
124,9,CLF_UNION,23,0,51,29,57,22,5,5,10,3,0.5,0.30000000000000004
125,9,ORD-UNION,0,0,0,29,6,22,5,5,10,3,0.5,0.30000000000000004
126,9,CARD,13,4,34,29,52,22,5,5,10,3,0.5,0.30000000000000004
127,9,CLF_UNION,17,0,54,29,58,22,5,5,10,3,0.5,0.30000000000000004
128,9,ORD-UNION,0,0,0,29,4,22,5,5,10,3,0.5,0.30000000000000004
129,9,CARD,17,8,35,29,53,22,5,5,10,3,0.5,0.30000000000000004
130,9,CLF_UNION,27,3,53,29,55,22,5,5,10,3,0.5,0.30000000000000004
131,9,ORD-UNION,0,0,0,29,2,22,5,5,10,3,0.5,0.30000000000000004
132,9,CARD,13,7,34,29,56,22,5,5,10,3,0.5,0.30000000000000004
133,9,CLF_UNION,29,0,56,29,56,22,5,5,10,3,0.5,0.30000000000000004
134,9,ORD-UNION,0,0,0,29,0,22,5,5,10,3,0.5,0.30000000000000004
135,10,CARD,9,6,29,35,57,22,5,5,10,3,0.5,0.30000000000000004
136,10,CLF_UNION,18,1,51,35,55,22,5,5,10,3,0.5,0.30000000000000004
137,10,ORD-UNION,0,0,0,35,4,22,5,5,10,3,0.5,0.30000000000000004
138,10,CARD,14,1,35,35,53,22,5,5,10,3,0.5,0.30000000000000004
139,10,CLF_UNION,17,2,53,35,55,22,5,5,10,3,0.5,0.30000000000000004
140,10,ORD-UNION,0,0,0,35,2,22,5,5,10,3,0.5,0.30000000000000004
141,10,CARD,20,6,38,35,50,22,5,5,10,3,0.5,0.30000000000000004
142,10,CLF_UNION,28,5,55,35,57,22,5,5,10,3,0.5,0.30000000000000004
143,10,ORD-UNION,0,0,0,35,2,22,5,5,10,3,0.5,0.30000000000000004
144,10,CARD,10,5,32,35,54,22,5,5,10,3,0.5,0.30000000000000004
145,10,CLF_UNION,15,4,54,35,58,22,5,5,10,3,0.5,0.30000000000000004
146,10,ORD-UNION,0,0,0,35,4,22,5,5,10,3,0.5,0.30000000000000004
147,10,CARD,11,0,30,35,56,22,5,5,10,3,0.5,0.30000000000000004
148,10,CLF_UNION,12,0,52,35,56,22,5,5,10,3,0.5,0.30000000000000004
149,10,ORD-UNION,0,0,0,35,4,22,5,5,10,3,0.5,0.30000000000000004
150,11,CARD,16,4,30,41,56,22,5,5,10,3,0.5,0.30000000000000004
151,11,CLF_UNION,24,3,52,41,56,22,5,5,10,3,0.5,0.30000000000000004
152,11,ORD-UNION,0,0,0,41,4,22,5,5,10,3,0.5,0.30000000000000004
153,11,CARD,16,4,35,41,51,22,5,5,10,3,0.5,0.30000000000000004
154,11,CLF_UNION,16,5,52,41,56,22,5,5,10,3,0.5,0.30000000000000004
155,11,ORD-UNION,0,0,0,41,4,22,5,5,10,3,0.5,0.30000000000000004
156,11,CARD,22,6,39,41,49,22,5,5,10,3,0.5,0.30000000000000004
157,11,CLF_UNION,23,6,54,41,56,22,5,5,10,3,0.5,0.30000000000000004
158,11,ORD-UNION,0,0,0,41,2,22,5,5,10,3,0.5,0.30000000000000004
159,11,CARD,18,0,31,41,56,22,5,5,10,3,0.5,0.30000000000000004
160,11,CLF_UNION,22,0,52,41,55,22,5,5,10,3,0.5,0.30000000000000004
161,11,ORD-UNION,0,0,0,41,3,22,5,5,10,3,0.5,0.30000000000000004
162,11,CARD,19,5,32,41,52,22,5,5,10,3,0.5,0.30000000000000004
163,11,CLF_UNION,24,3,50,41,56,22,5,5,10,3,0.5,0.30000000000000004
164,11,ORD-UNION,0,0,0,41,6,22,5,5,10,3,0.5,0.30000000000000004
165,12,CARD,23,0,33,53,51,22,5,5,10,3,0.5,0.30000000000000004
166,12,CLF_UNION,23,0,49,53,55,22,5,5,10,3,0.5,0.30000000000000004
167,12,ORD-UNION,0,0,0,53,6,22,5,5,10,3,0.5,0.30000000000000004
168,12,CARD,28,1,39,53,51,22,5,5,10,3,0.5,0.30000000000000004
169,12,CLF_UNION,29,0,56,53,56,22,5,5,10,3,0.5,0.30000000000000004
170,12,ORD-UNION,0,0,0,53,0,22,5,5,10,3,0.5,0.30000000000000004
171,12,CARD,24,1,41,53,48,22,5,5,10,3,0.5,0.30000000000000004
172,12,CLF_UNION,26,1,54,53,55,22,5,5,10,3,0.5,0.30000000000000004
173,12,ORD-UNION,0,0,0,53,1,22,5,5,10,3,0.5,0.30000000000000004
174,12,CARD,21,0,34,53,50,22,5,5,10,3,0.5,0.30000000000000004
175,12,CLF_UNION,21,0,50,53,56,22,5,5,10,3,0.5,0.30000000000000004
176,12,ORD-UNION,0,0,0,53,6,22,5,5,10,3,0.5,0.30000000000000004
177,12,CARD,12,0,23,53,53,22,5,5,10,3,0.5,0.30000000000000004
178,12,CLF_UNION,13,0,41,53,55,22,5,5,10,3,0.5,0.30000000000000004
179,12,ORD-UNION,0,0,0,53,14,22,5,5,10,3,0.5,0.30000000000000004
180,13,CARD,26,4,39,60,49,22,5,5,10,3,0.5,0.30000000000000004
181,13,CLF_UNION,31,0,53,60,55,22,5,5,10,3,0.5,0.30000000000000004
182,13,ORD-UNION,0,0,0,60,2,22,5,5,10,3,0.5,0.30000000000000004
183,13,CARD,16,4,29,60,50,22,5,5,10,3,0.5,0.30000000000000004
184,13,CLF_UNION,21,0,47,60,58,22,5,5,10,3,0.5,0.30000000000000004
185,13,ORD-UNION,0,0,0,60,11,22,5,5,10,3,0.5,0.30000000000000004
186,13,CARD,12,0,26,60,55,22,5,5,10,3,0.5,0.30000000000000004
187,13,CLF_UNION,12,0,48,60,57,22,5,5,10,3,0.5,0.30000000000000004
188,13,ORD-UNION,0,0,0,60,9,22,5,5,10,3,0.5,0.30000000000000004
189,13,CARD,22,0,38,60,48,22,5,5,10,3,0.5,0.30000000000000004
190,13,CLF_UNION,23,0,51,60,55,22,5,5,10,3,0.5,0.30000000000000004
191,13,ORD-UNION,0,0,0,60,4,22,5,5,10,3,0.5,0.30000000000000004
192,13,CARD,6,1,22,60,54,22,5,5,10,3,0.5,0.30000000000000004
193,13,CLF_UNION,9,0,43,60,57,22,5,5,10,3,0.5,0.30000000000000004
194,13,ORD-UNION,0,0,0,60,14,22,5,5,10,3,0.5,0.30000000000000004
195,14,CARD,22,0,37,69,50,22,5,5,10,3,0.5,0.30000000000000004
196,14,CLF_UNION,22,0,53,69,56,22,5,5,10,3,0.5,0.30000000000000004
197,14,ORD-UNION,0,0,0,69,3,22,5,5,10,3,0.5,0.30000000000000004
198,14,CARD,6,3,27,69,54,22,5,5,10,3,0.5,0.30000000000000004
199,14,CLF_UNION,10,2,47,69,56,22,5,5,10,3,0.5,0.30000000000000004
200,14,ORD-UNION,0,0,0,69,9,22,5,5,10,3,0.5,0.30000000000000004
201,14,CARD,18,5,33,69,49,22,5,5,10,3,0.5,0.30000000000000004
202,14,CLF_UNION,21,4,49,69,57,22,5,5,10,3,0.5,0.30000000000000004
203,14,ORD-UNION,0,0,0,69,8,22,5,5,10,3,0.5,0.30000000000000004
204,14,CARD,16,1,29,69,50,22,5,5,10,3,0.5,0.30000000000000004
205,14,CLF_UNION,18,0,44,69,55,22,5,5,10,3,0.5,0.30000000000000004
206,14,ORD-UNION,0,0,0,69,11,22,5,5,10,3,0.5,0.30000000000000004
207,14,CARD,24,2,39,69,49,22,5,5,10,3,0.5,0.30000000000000004
208,14,CLF_UNION,28,1,53,69,55,22,5,5,10,3,0.5,0.30000000000000004
209,14,ORD-UNION,0,0,0,69,2,22,5,5,10,3,0.5,0.30000000000000004
210,15,CARD,11,5,27,77,54,22,5,5,10,3,0.5,0.30000000000000004
211,15,CLF_UNION,16,0,47,77,56,22,5,5,10,3,0.5,0.30000000000000004
212,15,ORD-UNION,0,0,0,77,9,22,5,5,10,3,0.5,0.30000000000000004
213,15,CARD,21,0,28,77,54,22,5,5,10,3,0.5,0.30000000000000004
214,15,CLF_UNION,19,2,49,77,57,22,5,5,10,3,0.5,0.30000000000000004
215,15,ORD-UNION,0,0,0,77,8,22,5,5,10,3,0.5,0.30000000000000004
216,15,CARD,10,4,25,77,57,22,5,5,10,3,0.5,0.30000000000000004
217,15,CLF_UNION,18,3,47,77,55,22,5,5,10,3,0.5,0.30000000000000004
218,15,ORD-UNION,0,0,0,77,8,22,5,5,10,3,0.5,0.30000000000000004
219,15,CARD,16,0,23,77,67,22,5,5,10,3,0.5,0.30000000000000004
220,15,CLF_UNION,16,1,60,77,60,22,5,5,10,3,0.5,0.30000000000000004
221,15,ORD-UNION,0,0,0,77,0,22,5,5,10,3,0.5,0.30000000000000004
222,15,CARD,15,0,18,77,63,22,5,5,10,3,0.5,0.30000000000000004
223,15,CLF_UNION,20,0,47,77,56,22,5,5,10,3,0.5,0.30000000000000004
224,15,ORD-UNION,0,0,0,77,9,22,5,5,10,3,0.5,0.30000000000000004
225,16,CARD,12,11,37,85,50,22,5,5,10,3,0.5,0.30000000000000004
226,16,CLF_UNION,25,0,52,85,55,22,5,5,10,3,0.5,0.30000000000000004
227,16,ORD-UNION,0,0,0,85,3,22,5,5,10,3,0.5,0.30000000000000004
228,16,CARD,11,9,30,85,51,22,5,5,10,3,0.5,0.30000000000000004
229,16,CLF_UNION,20,0,49,85,58,22,5,5,10,3,0.5,0.30000000000000004
230,16,ORD-UNION,0,0,0,85,9,22,5,5,10,3,0.5,0.30000000000000004
231,16,CARD,13,5,29,85,52,22,5,5,10,3,0.5,0.30000000000000004
232,16,CLF_UNION,19,0,47,85,56,22,5,5,10,3,0.5,0.30000000000000004
233,16,ORD-UNION,0,0,0,85,9,22,5,5,10,3,0.5,0.30000000000000004
234,16,CARD,9,12,35,85,49,22,5,5,10,3,0.5,0.30000000000000004
235,16,CLF_UNION,23,0,51,85,57,22,5,5,10,3,0.5,0.30000000000000004
236,16,ORD-UNION,0,0,0,85,6,22,5,5,10,3,0.5,0.30000000000000004
237,16,CARD,14,10,36,85,49,22,5,5,10,3,0.5,0.30000000000000004
238,16,CLF_UNION,26,0,50,85,55,22,5,5,10,3,0.5,0.30000000000000004
239,16,ORD-UNION,0,0,0,85,5,22,5,5,10,3,0.5,0.30000000000000004
240,17,CARD,10,9,35,93,49,22,5,5,10,3,0.5,0.30000000000000004
241,17,CLF_UNION,21,0,49,93,55,22,5,5,10,3,0.5,0.30000000000000004
242,17,ORD-UNION,0,0,0,93,6,22,5,5,10,3,0.5,0.30000000000000004
243,17,CARD,9,5,25,93,57,22,5,5,10,3,0.5,0.30000000000000004
244,17,CLF_UNION,15,0,48,93,56,22,5,5,10,3,0.5,0.30000000000000004
245,17,ORD-UNION,0,0,0,93,8,22,5,5,10,3,0.5,0.30000000000000004
246,17,CARD,14,11,38,93,52,22,5,5,10,3,0.5,0.30000000000000004
247,17,CLF_UNION,28,0,57,93,57,22,5,5,10,3,0.5,0.30000000000000004
248,17,ORD-UNION,0,0,0,93,0,22,5,5,10,3,0.5,0.30000000000000004
249,17,CARD,8,4,23,93,55,22,5,5,10,3,0.5,0.30000000000000004
250,17,CLF_UNION,12,0,45,93,57,22,5,5,10,3,0.5,0.30000000000000004
251,17,ORD-UNION,0,0,0,93,12,22,5,5,10,3,0.5,0.30000000000000004
252,17,CARD,8,10,28,93,54,22,5,5,10,3,0.5,0.30000000000000004
253,17,CLF_UNION,20,0,49,93,57,22,5,5,10,3,0.5,0.30000000000000004
254,17,ORD-UNION,0,0,1,93,9,22,5,5,10,3,0.5,0.30000000000000004
255,18,CARD,5,9,25,101,57,22,5,5,10,3,0.5,0.30000000000000004
256,18,CLF_UNION,18,1,48,101,56,22,5,5,10,3,0.5,0.30000000000000004
257,18,ORD-UNION,0,0,0,101,8,22,5,5,10,3,0.5,0.30000000000000004
258,18,CARD,11,4,23,101,55,22,5,5,10,3,0.5,0.30000000000000004
259,18,CLF_UNION,15,0,44,101,56,22,5,5,10,3,0.5,0.30000000000000004
260,18,ORD-UNION,0,0,0,101,12,22,5,5,10,3,0.5,0.30000000000000004
261,18,CARD,8,5,16,101,57,22,5,5,10,3,0.5,0.30000000000000004
262,18,CLF_UNION,14,0,41,101,58,22,5,5,10,3,0.5,0.30000000000000004
263,18,ORD-UNION,0,0,0,101,17,22,5,5,10,3,0.5,0.30000000000000004
264,18,CARD,10,2,23,101,58,22,5,5,10,3,0.5,0.30000000000000004
265,18,CLF_UNION,16,0,47,101,56,22,5,5,10,3,0.5,0.30000000000000004
266,18,ORD-UNION,0,0,0,101,9,22,5,5,10,3,0.5,0.30000000000000004
267,18,CARD,8,12,30,101,56,22,5,5,10,3,0.5,0.30000000000000004
268,18,CLF_UNION,24,0,52,101,56,22,5,5,10,3,0.5,0.30000000000000004
269,18,ORD-UNION,0,0,0,101,4,22,5,5,10,3,0.5,0.30000000000000004
270,19,CARD,15,5,30,109,51,22,5,5,10,3,0.5,0.30000000000000004
271,19,CLF_UNION,22,0,47,109,56,22,5,5,10,3,0.5,0.30000000000000004
272,19,ORD-UNION,1,0,1,109,10,22,5,5,10,3,0.5,0.30000000000000004
273,19,CARD,9,5,21,109,59,22,5,5,10,3,0.5,0.30000000000000004
274,19,CLF_UNION,17,0,46,109,56,22,5,5,10,3,0.5,0.30000000000000004
275,19,ORD-UNION,0,0,0,109,10,22,5,5,10,3,0.5,0.30000000000000004
276,19,CARD,2,5,24,109,58,22,5,5,10,3,0.5,0.30000000000000004
277,19,CLF_UNION,12,1,50,109,58,22,5,5,10,3,0.5,0.30000000000000004
278,19,ORD-UNION,0,0,0,109,8,22,5,5,10,3,0.5,0.30000000000000004
279,19,CARD,0,0,0,109,61,22,5,5,10,3,0.5,0.30000000000000004
280,19,CLF_UNION,0,0,33,109,62,22,5,5,10,3,0.5,0.30000000000000004
281,19,ORD-UNION,0,0,0,109,29,22,5,5,10,3,0.5,0.30000000000000004
282,19,CARD,7,5,33,109,53,22,5,5,10,3,0.5,0.30000000000000004
283,19,CLF_UNION,13,0,52,109,56,22,5,5,10,3,0.5,0.30000000000000004
284,19,ORD-UNION,0,0,0,109,4,22,5,5,10,3,0.5,0.30000000000000004
285,20,CARD,4,0,9,117,58,22,5,5,10,3,0.5,0.30000000000000004
286,20,CLF_UNION,4,0,34,117,57,22,5,5,10,3,0.5,0.30000000000000004
287,20,ORD-UNION,0,0,0,117,23,22,5,5,10,3,0.5,0.30000000000000004
288,20,CARD,9,2,22,117,58,22,5,5,10,3,0.5,0.30000000000000004
289,20,CLF_UNION,17,0,46,117,56,22,5,5,10,3,0.5,0.30000000000000004
290,20,ORD-UNION,0,0,0,117,10,22,5,5,10,3,0.5,0.30000000000000004
291,20,CARD,11,5,35,117,52,22,5,5,10,3,0.5,0.30000000000000004
292,20,CLF_UNION,19,1,52,117,55,22,5,5,10,3,0.5,0.30000000000000004
293,20,ORD-UNION,0,0,0,117,3,22,5,5,10,3,0.5,0.30000000000000004
294,20,CARD,8,5,16,117,57,22,5,5,10,3,0.5,0.30000000000000004
295,20,CLF_UNION,14,0,40,117,57,22,5,5,10,3,0.5,0.30000000000000004
296,20,ORD-UNION,0,0,0,117,17,22,5,5,10,3,0.5,0.30000000000000004
297,20,CARD,4,1,13,117,61,22,5,5,10,3,0.5,0.30000000000000004
298,20,CLF_UNION,9,0,41,117,57,22,5,5,10,3,0.5,0.30000000000000004
299,20,ORD-UNION,0,0,0,117,16,22,5,5,10,3,0.5,0.30000000000000004
300,21,CARD,9,0,12,132,63,22,5,5,10,3,0.5,0.30000000000000004
301,21,CLF_UNION,14,0,42,132,57,22,5,5,10,3,0.5,0.30000000000000004
302,21,ORD-UNION,0,0,0,132,15,22,5,5,10,3,0.5,0.30000000000000004
303,21,CARD,17,0,29,132,55,22,5,5,10,3,0.5,0.30000000000000004
304,21,CLF_UNION,17,0,50,132,56,22,5,5,10,3,0.5,0.30000000000000004
305,21,ORD-UNION,0,0,0,132,6,22,5,5,10,3,0.5,0.30000000000000004
306,21,CARD,13,1,21,132,57,22,5,5,10,3,0.5,0.30000000000000004
307,21,CLF_UNION,16,1,47,132,59,22,5,5,10,3,0.5,0.30000000000000004
308,21,ORD-UNION,0,0,0,132,12,22,5,5,10,3,0.5,0.30000000000000004
309,21,CARD,15,1,27,132,55,22,5,5,10,3,0.5,0.30000000000000004
310,21,CLF_UNION,19,0,47,132,55,22,5,5,10,3,0.5,0.30000000000000004
311,21,ORD-UNION,0,0,0,132,8,22,5,5,10,3,0.5,0.30000000000000004
312,21,CARD,9,0,17,132,61,22,5,5,10,3,0.5,0.30000000000000004
313,21,CLF_UNION,15,0,45,132,57,22,5,5,10,3,0.5,0.30000000000000004
314,21,ORD-UNION,0,0,1,132,13,22,5,5,10,3,0.5,0.30000000000000004
315,22,CARD,9,0,15,147,55,22,5,5,10,3,0.5,0.30000000000000004
316,22,CLF_UNION,9,0,39,147,59,22,5,5,10,3,0.5,0.30000000000000004
317,22,ORD-UNION,0,0,0,147,20,22,5,5,10,3,0.5,0.30000000000000004
318,22,CARD,13,0,19,147,52,22,5,5,10,3,0.5,0.30000000000000004
319,22,CLF_UNION,13,0,37,147,56,22,5,5,10,3,0.5,0.30000000000000004
320,22,ORD-UNION,0,0,0,147,19,22,5,5,10,3,0.5,0.30000000000000004
321,22,CARD,9,0,19,147,61,22,5,5,10,3,0.5,0.30000000000000004
322,22,CLF_UNION,13,0,47,147,57,22,5,5,10,3,0.5,0.30000000000000004
323,22,ORD-UNION,0,0,0,147,10,22,5,5,10,3,0.5,0.30000000000000004
324,22,CARD,9,0,14,147,61,22,5,5,10,3,0.5,0.30000000000000004
325,22,CLF_UNION,12,0,41,147,56,22,5,5,10,3,0.5,0.30000000000000004
326,22,ORD-UNION,0,0,0,147,15,22,5,5,10,3,0.5,0.30000000000000004
327,22,CARD,9,0,17,147,61,22,5,5,10,3,0.5,0.30000000000000004
328,22,CLF_UNION,15,0,49,147,61,22,5,5,10,3,0.5,0.30000000000000004
329,22,ORD-UNION,0,0,0,147,12,22,5,5,10,3,0.5,0.30000000000000004
330,23,CARD,0,0,10,157,59,22,5,5,10,3,0.5,0.30000000000000004
331,23,CLF_UNION,0,0,35,157,56,22,5,5,10,3,0.5,0.30000000000000004
332,23,ORD-UNION,0,0,0,157,21,22,5,5,10,3,0.5,0.30000000000000004
333,23,CARD,19,0,24,157,61,22,5,5,10,3,0.5,0.30000000000000004
334,23,CLF_UNION,24,0,52,157,57,22,5,5,10,3,0.5,0.30000000000000004
335,23,ORD-UNION,0,0,0,157,5,22,5,5,10,3,0.5,0.30000000000000004
336,23,CARD,17,0,21,157,57,22,5,5,10,3,0.5,0.30000000000000004
337,23,CLF_UNION,17,0,44,157,56,22,5,5,10,3,0.5,0.30000000000000004
338,23,ORD-UNION,0,0,0,157,12,22,5,5,10,3,0.5,0.30000000000000004
339,23,CARD,17,0,20,157,58,22,5,5,10,3,0.5,0.30000000000000004
340,23,CLF_UNION,17,0,44,157,56,22,5,5,10,3,0.5,0.30000000000000004
341,23,ORD-UNION,0,0,0,157,12,22,5,5,10,3,0.5,0.30000000000000004
342,23,CARD,11,0,25,157,56,22,5,5,10,3,0.5,0.30000000000000004
343,23,CLF_UNION,14,1,48,157,57,22,5,5,10,3,0.5,0.30000000000000004
344,23,ORD-UNION,0,0,1,157,10,22,5,5,10,3,0.5,0.30000000000000004
345,24,CARD,20,0,28,167,50,22,5,5,10,3,0.5,0.30000000000000004
346,24,CLF_UNION,20,0,46,167,58,22,5,5,10,3,0.5,0.30000000000000004
347,24,ORD-UNION,0,0,0,167,12,22,5,5,10,3,0.5,0.30000000000000004
348,24,CARD,9,0,19,167,51,22,5,5,10,3,0.5,0.30000000000000004
349,24,CLF_UNION,9,0,40,167,60,22,5,5,10,3,0.5,0.30000000000000004
350,24,ORD-UNION,0,0,0,167,20,22,5,5,10,3,0.5,0.30000000000000004
351,24,CARD,4,0,27,167,51,22,5,5,10,3,0.5,0.30000000000000004
352,24,CLF_UNION,4,0,44,167,56,22,5,5,10,3,0.5,0.30000000000000004
353,24,ORD-UNION,0,0,0,167,12,22,5,5,10,3,0.5,0.30000000000000004
354,24,CARD,0,0,14,167,60,22,5,5,10,3,0.5,0.30000000000000004
355,24,CLF_UNION,0,0,41,167,57,22,5,5,10,3,0.5,0.30000000000000004
356,24,ORD-UNION,0,0,1,167,17,22,5,5,10,3,0.5,0.30000000000000004
357,24,CARD,9,2,22,167,53,22,5,5,10,3,0.5,0.30000000000000004
358,24,CLF_UNION,14,0,41,167,56,22,5,5,10,3,0.5,0.30000000000000004
359,24,ORD-UNION,0,0,2,167,17,22,5,5,10,3,0.5,0.30000000000000004
360,1,CARD,8,7,21,1,69,22,5,5,10,3,0.5,0.30000000000000004
361,1,CLF_UNION,17,24,71,1,71,22,5,5,10,3,0.5,0.30000000000000004
362,1,ORD-UNION,0,0,0,1,0,22,5,5,10,3,0.5,0.30000000000000004
363,1,CARD,12,6,25,1,65,22,5,5,10,3,0.5,0.30000000000000004
364,1,CLF_UNION,16,19,65,1,65,22,5,5,10,3,0.5,0.30000000000000004
365,1,ORD-UNION,0,0,0,1,0,22,5,5,10,3,0.5,0.30000000000000004
366,1,CARD,11,3,25,1,65,22,5,5,10,3,0.5,0.30000000000000004
367,1,CLF_UNION,25,15,76,1,76,22,5,5,10,3,0.5,0.30000000000000004
368,1,ORD-UNION,0,0,0,1,0,22,5,5,10,3,0.5,0.30000000000000004
369,1,CARD,0,14,24,1,66,22,5,5,10,3,0.5,0.30000000000000004
370,1,CLF_UNION,8,20,63,1,63,22,5,5,10,3,0.5,0.30000000000000004
371,1,ORD-UNION,0,0,0,1,0,22,5,5,10,3,0.5,0.30000000000000004
372,1,CARD,9,8,25,1,65,22,5,5,10,3,0.5,0.30000000000000004
373,1,CLF_UNION,14,25,71,1,71,22,5,5,10,3,0.5,0.30000000000000004
374,1,ORD-UNION,0,0,0,1,0,22,5,5,10,3,0.5,0.30000000000000004
375,2,CARD,5,9,37,3,53,22,5,5,10,3,0.5,0.30000000000000004
376,2,CLF_UNION,5,14,59,3,59,22,5,5,10,3,0.5,0.30000000000000004
377,2,ORD-UNION,0,0,0,3,0,22,5,5,10,3,0.5,0.30000000000000004
378,2,CARD,16,11,35,3,55,22,5,5,10,3,0.5,0.30000000000000004
379,2,CLF_UNION,18,21,59,3,59,22,5,5,10,3,0.5,0.30000000000000004
380,2,ORD-UNION,0,0,0,3,0,22,5,5,10,3,0.5,0.30000000000000004
381,2,CARD,15,13,35,3,55,22,5,5,10,3,0.5,0.30000000000000004
382,2,CLF_UNION,16,25,62,3,62,22,5,5,10,3,0.5,0.30000000000000004
383,2,ORD-UNION,0,0,0,3,0,22,5,5,10,3,0.5,0.30000000000000004
384,2,CARD,16,6,33,3,57,22,5,5,10,3,0.5,0.30000000000000004
385,2,CLF_UNION,11,23,58,3,58,22,5,5,10,3,0.5,0.30000000000000004
386,2,ORD-UNION,0,0,0,3,0,22,5,5,10,3,0.5,0.30000000000000004
387,2,CARD,12,11,35,3,54,22,5,5,10,3,0.5,0.30000000000000004
388,2,CLF_UNION,9,23,58,3,59,22,5,5,10,3,0.5,0.30000000000000004
389,2,ORD-UNION,0,0,0,3,1,22,5,5,10,3,0.5,0.30000000000000004
390,3,CARD,10,16,38,5,52,22,5,5,10,3,0.5,0.30000000000000004
391,3,CLF_UNION,12,20,56,5,56,22,5,5,10,3,0.5,0.30000000000000004
392,3,ORD-UNION,0,0,0,5,0,22,5,5,10,3,0.5,0.30000000000000004
393,3,CARD,12,12,38,5,52,22,5,5,10,3,0.5,0.30000000000000004
394,3,CLF_UNION,17,11,56,5,56,22,5,5,10,3,0.5,0.30000000000000004
395,3,ORD-UNION,0,0,0,5,0,22,5,5,10,3,0.5,0.30000000000000004
396,3,CARD,4,9,40,5,50,22,5,5,10,3,0.5,0.30000000000000004
397,3,CLF_UNION,6,10,55,5,55,22,5,5,10,3,0.5,0.30000000000000004
398,3,ORD-UNION,0,0,0,5,0,22,5,5,10,3,0.5,0.30000000000000004
399,3,CARD,10,18,40,5,50,22,5,5,10,3,0.5,0.30000000000000004
400,3,CLF_UNION,12,19,55,5,55,22,5,5,10,3,0.5,0.30000000000000004
401,3,ORD-UNION,0,0,0,5,0,22,5,5,10,3,0.5,0.30000000000000004
402,3,CARD,10,17,37,5,53,22,5,5,10,3,0.5,0.30000000000000004
403,3,CLF_UNION,13,20,57,5,57,22,5,5,10,3,0.5,0.30000000000000004
404,3,ORD-UNION,0,0,0,5,0,22,5,5,10,3,0.5,0.30000000000000004
405,4,CARD,8,11,38,9,52,22,5,5,10,3,0.5,0.30000000000000004
406,4,CLF_UNION,14,9,55,9,55,22,5,5,10,3,0.5,0.30000000000000004
407,4,ORD-UNION,0,0,0,9,0,22,5,5,10,3,0.5,0.30000000000000004
408,4,CARD,17,4,43,9,47,22,5,5,10,3,0.5,0.30000000000000004
409,4,CLF_UNION,21,2,55,9,55,22,5,5,10,3,0.5,0.30000000000000004
410,4,ORD-UNION,0,0,0,9,0,22,5,5,10,3,0.5,0.30000000000000004
411,4,CARD,20,10,42,9,48,22,5,5,10,3,0.5,0.30000000000000004
412,4,CLF_UNION,23,9,55,9,55,22,5,5,10,3,0.5,0.30000000000000004
413,4,ORD-UNION,0,0,0,9,0,22,5,5,10,3,0.5,0.30000000000000004
414,4,CARD,23,3,40,9,49,22,5,5,10,3,0.5,0.30000000000000004
415,4,CLF_UNION,27,1,54,9,55,22,5,5,10,3,0.5,0.30000000000000004
416,4,ORD-UNION,0,0,0,9,1,22,5,5,10,3,0.5,0.30000000000000004
417,4,CARD,20,9,42,9,48,22,5,5,10,3,0.5,0.30000000000000004
418,4,CLF_UNION,20,12,55,9,55,22,5,5,10,3,0.5,0.30000000000000004
419,4,ORD-UNION,1,0,1,9,1,22,5,5,10,3,0.5,0.30000000000000004
420,5,CARD,20,6,38,12,49,22,5,5,10,3,0.5,0.30000000000000004
421,5,CLF_UNION,23,5,52,12,55,22,5,5,10,3,0.5,0.30000000000000004
422,5,ORD-UNION,0,0,0,12,3,22,5,5,10,3,0.5,0.30000000000000004
423,5,CARD,17,8,42,12,48,22,5,5,10,3,0.5,0.30000000000000004
424,5,CLF_UNION,18,9,55,12,55,22,5,5,10,3,0.5,0.30000000000000004
425,5,ORD-UNION,0,0,0,12,0,22,5,5,10,3,0.5,0.30000000000000004
426,5,CARD,18,13,42,12,48,22,5,5,10,3,0.5,0.30000000000000004
427,5,CLF_UNION,21,12,55,12,55,22,5,5,10,3,0.5,0.30000000000000004
428,5,ORD-UNION,0,0,0,12,0,22,5,5,10,3,0.5,0.30000000000000004
429,5,CARD,18,5,40,12,50,22,5,5,10,3,0.5,0.30000000000000004
430,5,CLF_UNION,23,4,55,12,55,22,5,5,10,3,0.5,0.30000000000000004
431,5,ORD-UNION,0,0,0,12,0,22,5,5,10,3,0.5,0.30000000000000004
432,5,CARD,23,7,42,12,48,22,5,5,10,3,0.5,0.30000000000000004
433,5,CLF_UNION,25,6,55,12,55,22,5,5,10,3,0.5,0.30000000000000004
434,5,ORD-UNION,0,0,0,12,0,22,5,5,10,3,0.5,0.30000000000000004
435,6,CARD,16,5,40,17,50,22,5,5,10,3,0.5,0.30000000000000004
436,6,CLF_UNION,16,7,55,17,55,22,5,5,10,3,0.5,0.30000000000000004
437,6,ORD-UNION,0,0,0,17,0,22,5,5,10,3,0.5,0.30000000000000004
438,6,CARD,21,4,36,17,49,22,5,5,10,3,0.5,0.30000000000000004
439,6,CLF_UNION,23,4,51,17,56,22,5,5,10,3,0.5,0.30000000000000004
440,6,ORD-UNION,0,0,0,17,5,22,5,5,10,3,0.5,0.30000000000000004
441,6,CARD,17,17,43,17,47,22,5,5,10,3,0.5,0.30000000000000004
442,6,CLF_UNION,18,17,55,17,55,22,5,5,10,3,0.5,0.30000000000000004
443,6,ORD-UNION,0,0,0,17,0,22,5,5,10,3,0.5,0.30000000000000004
444,6,CARD,24,6,44,17,46,22,5,5,10,3,0.5,0.30000000000000004
445,6,CLF_UNION,26,5,55,17,55,22,5,5,10,3,0.5,0.30000000000000004
446,6,ORD-UNION,0,0,0,17,0,22,5,5,10,3,0.5,0.30000000000000004
447,6,CARD,21,7,39,17,51,22,5,5,10,3,0.5,0.30000000000000004
448,6,CLF_UNION,24,8,55,17,55,22,5,5,10,3,0.5,0.30000000000000004
449,6,ORD-UNION,0,0,0,17,0,22,5,5,10,3,0.5,0.30000000000000004
450,7,CARD,14,5,40,21,49,22,5,5,10,3,0.5,0.30000000000000004
451,7,CLF_UNION,16,4,54,21,55,22,5,5,10,3,0.5,0.30000000000000004
452,7,ORD-UNION,1,0,1,21,2,22,5,5,10,3,0.5,0.30000000000000004
453,7,CARD,16,1,41,21,49,22,5,5,10,3,0.5,0.30000000000000004
454,7,CLF_UNION,16,1,55,21,55,22,5,5,10,3,0.5,0.30000000000000004
455,7,ORD-UNION,1,0,1,21,1,22,5,5,10,3,0.5,0.30000000000000004
456,7,CARD,13,17,42,21,47,22,5,5,10,3,0.5,0.30000000000000004
457,7,CLF_UNION,22,10,54,21,55,22,5,5,10,3,0.5,0.30000000000000004
458,7,ORD-UNION,0,0,0,21,1,22,5,5,10,3,0.5,0.30000000000000004
459,7,CARD,14,8,40,21,47,22,5,5,10,3,0.5,0.30000000000000004
460,7,CLF_UNION,19,5,52,21,55,22,5,5,10,3,0.5,0.30000000000000004
461,7,ORD-UNION,0,0,0,21,3,22,5,5,10,3,0.5,0.30000000000000004
462,7,CARD,18,10,44,21,46,22,5,5,10,3,0.5,0.30000000000000004
463,7,CLF_UNION,18,11,55,21,55,22,5,5,10,3,0.5,0.30000000000000004
464,7,ORD-UNION,1,0,1,21,1,22,5,5,10,3,0.5,0.30000000000000004
465,8,CARD,8,19,35,25,54,22,5,5,10,3,0.5,0.30000000000000004
466,8,CLF_UNION,23,7,54,25,55,22,5,5,10,3,0.5,0.30000000000000004
467,8,ORD-UNION,0,0,0,25,1,22,5,5,10,3,0.5,0.30000000000000004
468,8,CARD,4,26,35,25,52,22,5,5,10,3,0.5,0.30000000000000004
469,8,CLF_UNION,13,17,55,25,58,22,5,5,10,3,0.5,0.30000000000000004
470,8,ORD-UNION,0,0,0,25,3,22,5,5,10,3,0.5,0.30000000000000004
471,8,CARD,13,9,33,25,56,22,5,5,10,3,0.5,0.30000000000000004
472,8,CLF_UNION,15,7,54,25,55,22,5,5,10,3,0.5,0.30000000000000004
473,8,ORD-UNION,0,0,0,25,1,22,5,5,10,3,0.5,0.30000000000000004
474,8,CARD,10,13,36,25,52,22,5,5,10,3,0.5,0.30000000000000004
475,8,CLF_UNION,19,6,53,25,55,22,5,5,10,3,0.5,0.30000000000000004
476,8,ORD-UNION,1,0,1,25,3,22,5,5,10,3,0.5,0.30000000000000004
477,8,CARD,21,10,37,25,53,22,5,5,10,3,0.5,0.30000000000000004
478,8,CLF_UNION,25,6,55,25,55,22,5,5,10,3,0.5,0.30000000000000004
479,8,ORD-UNION,0,0,0,25,0,22,5,5,10,3,0.5,0.30000000000000004
480,9,CARD,13,8,32,32,56,22,5,5,10,3,0.5,0.30000000000000004
481,9,CLF_UNION,19,7,54,32,56,22,5,5,10,3,0.5,0.30000000000000004
482,9,ORD-UNION,0,0,0,32,2,22,5,5,10,3,0.5,0.30000000000000004
483,9,CARD,6,7,26,32,58,22,5,5,10,3,0.5,0.30000000000000004
484,9,CLF_UNION,10,5,50,32,56,22,5,5,10,3,0.5,0.30000000000000004
485,9,ORD-UNION,0,0,0,32,6,22,5,5,10,3,0.5,0.30000000000000004
486,9,CARD,14,10,34,32,53,22,5,5,10,3,0.5,0.30000000000000004
487,9,CLF_UNION,24,1,53,32,56,22,5,5,10,3,0.5,0.30000000000000004
488,9,ORD-UNION,0,0,0,32,3,22,5,5,10,3,0.5,0.30000000000000004
489,9,CARD,15,12,40,32,50,22,5,5,10,3,0.5,0.30000000000000004
490,9,CLF_UNION,29,2,56,32,56,22,5,5,10,3,0.5,0.30000000000000004
491,9,ORD-UNION,0,0,0,32,0,22,5,5,10,3,0.5,0.30000000000000004
492,9,CARD,15,8,33,32,56,22,5,5,10,3,0.5,0.30000000000000004
493,9,CLF_UNION,24,3,55,32,56,22,5,5,10,3,0.5,0.30000000000000004
494,9,ORD-UNION,0,0,0,32,1,22,5,5,10,3,0.5,0.30000000000000004
495,10,CARD,14,9,35,41,47,22,5,5,10,3,0.5,0.30000000000000004
496,10,CLF_UNION,13,10,48,41,56,22,5,5,10,3,0.5,0.30000000000000004
497,10,ORD-UNION,0,0,0,41,8,22,5,5,10,3,0.5,0.30000000000000004
498,10,CARD,18,11,40,41,48,22,5,5,10,3,0.5,0.30000000000000004
499,10,CLF_UNION,16,15,53,41,55,22,5,5,10,3,0.5,0.30000000000000004
500,10,ORD-UNION,1,0,1,41,3,22,5,5,10,3,0.5,0.30000000000000004
501,10,CARD,11,11,40,41,50,22,5,5,10,3,0.5,0.30000000000000004
502,10,CLF_UNION,17,6,57,41,57,22,5,5,10,3,0.5,0.30000000000000004
503,10,ORD-UNION,0,0,0,41,0,22,5,5,10,3,0.5,0.30000000000000004
504,10,CARD,19,7,38,41,47,22,5,5,10,3,0.5,0.30000000000000004
505,10,CLF_UNION,19,7,51,41,56,22,5,5,10,3,0.5,0.30000000000000004
506,10,ORD-UNION,0,0,0,41,5,22,5,5,10,3,0.5,0.30000000000000004
507,10,CARD,15,15,43,41,47,22,5,5,10,3,0.5,0.30000000000000004
508,10,CLF_UNION,19,12,55,41,55,22,5,5,10,3,0.5,0.30000000000000004
509,10,ORD-UNION,0,0,0,41,0,22,5,5,10,3,0.5,0.30000000000000004
510,11,CARD,18,1,40,47,48,22,5,5,10,3,0.5,0.30000000000000004
511,11,CLF_UNION,9,12,53,47,55,22,5,5,10,3,0.5,0.30000000000000004
512,11,ORD-UNION,0,0,0,47,2,22,5,5,10,3,0.5,0.30000000000000004
513,11,CARD,12,12,39,47,51,22,5,5,10,3,0.5,0.30000000000000004
514,11,CLF_UNION,20,7,55,47,55,22,5,5,10,3,0.5,0.30000000000000004
515,11,ORD-UNION,0,0,0,47,0,22,5,5,10,3,0.5,0.30000000000000004
516,11,CARD,12,10,37,47,53,22,5,5,10,3,0.5,0.30000000000000004
517,11,CLF_UNION,13,10,56,47,56,22,5,5,10,3,0.5,0.30000000000000004
518,11,ORD-UNION,0,0,0,47,0,22,5,5,10,3,0.5,0.30000000000000004
519,11,CARD,14,7,35,47,52,22,5,5,10,3,0.5,0.30000000000000004
520,11,CLF_UNION,23,1,53,47,56,22,5,5,10,3,0.5,0.30000000000000004
521,11,ORD-UNION,1,0,1,47,4,22,5,5,10,3,0.5,0.30000000000000004
522,11,CARD,27,0,34,47,50,22,5,5,10,3,0.5,0.30000000000000004
523,11,CLF_UNION,12,15,50,47,56,22,5,5,10,3,0.5,0.30000000000000004
524,11,ORD-UNION,0,0,0,47,6,22,5,5,10,3,0.5,0.30000000000000004
525,12,CARD,19,3,35,53,51,22,5,5,10,3,0.5,0.30000000000000004
526,12,CLF_UNION,21,4,52,53,56,22,5,5,10,3,0.5,0.30000000000000004
527,12,ORD-UNION,0,0,0,53,4,22,5,5,10,3,0.5,0.30000000000000004
528,12,CARD,23,10,42,53,46,22,5,5,10,3,0.5,0.30000000000000004
529,12,CLF_UNION,21,12,53,53,55,22,5,5,10,3,0.5,0.30000000000000004
530,12,ORD-UNION,0,0,0,53,2,22,5,5,10,3,0.5,0.30000000000000004
531,12,CARD,24,0,38,53,48,22,5,5,10,3,0.5,0.30000000000000004
532,12,CLF_UNION,18,6,51,53,55,22,5,5,10,3,0.5,0.30000000000000004
533,12,ORD-UNION,1,0,1,53,5,22,5,5,10,3,0.5,0.30000000000000004
534,12,CARD,20,9,41,53,47,22,5,5,10,3,0.5,0.30000000000000004
535,12,CLF_UNION,21,9,53,53,55,22,5,5,10,3,0.5,0.30000000000000004
536,12,ORD-UNION,0,0,0,53,2,22,5,5,10,3,0.5,0.30000000000000004
537,12,CARD,26,2,40,53,48,22,5,5,10,3,0.5,0.30000000000000004
538,12,CLF_UNION,25,5,54,53,56,22,5,5,10,3,0.5,0.30000000000000004
539,12,ORD-UNION,0,0,0,53,2,22,5,5,10,3,0.5,0.30000000000000004
540,13,CARD,5,13,32,59,51,22,5,5,10,3,0.5,0.30000000000000004
541,13,CLF_UNION,12,9,48,59,55,22,5,5,10,3,0.5,0.30000000000000004
542,13,ORD-UNION,0,0,0,59,7,22,5,5,10,3,0.5,0.30000000000000004
543,13,CARD,13,11,42,59,47,22,5,5,10,3,0.5,0.30000000000000004
544,13,CLF_UNION,15,11,54,59,55,22,5,5,10,3,0.5,0.30000000000000004
545,13,ORD-UNION,0,0,0,59,1,22,5,5,10,3,0.5,0.30000000000000004
546,13,CARD,11,7,34,59,52,22,5,5,10,3,0.5,0.30000000000000004
547,13,CLF_UNION,10,9,51,59,55,22,5,5,10,3,0.5,0.30000000000000004
548,13,ORD-UNION,0,0,0,59,4,22,5,5,10,3,0.5,0.30000000000000004
549,13,CARD,16,1,25,59,60,22,5,5,10,3,0.5,0.30000000000000004
550,13,CLF_UNION,21,1,54,59,59,22,5,5,10,3,0.5,0.30000000000000004
551,13,ORD-UNION,0,0,0,59,5,22,5,5,10,3,0.5,0.30000000000000004
552,13,CARD,14,10,41,59,49,22,5,5,10,3,0.5,0.30000000000000004
553,13,CLF_UNION,16,11,58,59,58,22,5,5,10,3,0.5,0.30000000000000004
554,13,ORD-UNION,0,0,0,59,0,22,5,5,10,3,0.5,0.30000000000000004
555,14,CARD,7,15,23,71,61,22,5,5,10,3,0.5,0.30000000000000004
556,14,CLF_UNION,0,23,52,71,58,22,5,5,10,3,0.5,0.30000000000000004
557,14,ORD-UNION,0,0,0,71,6,22,5,5,10,3,0.5,0.30000000000000004
558,14,CARD,20,1,35,71,48,22,5,5,10,3,0.5,0.30000000000000004
559,14,CLF_UNION,20,1,48,71,55,22,5,5,10,3,0.5,0.30000000000000004
560,14,ORD-UNION,0,0,0,71,7,22,5,5,10,3,0.5,0.30000000000000004
561,14,CARD,11,2,28,71,56,22,5,5,10,3,0.5,0.30000000000000004
562,14,CLF_UNION,14,3,51,71,57,22,5,5,10,3,0.5,0.30000000000000004
563,14,ORD-UNION,0,0,0,71,6,22,5,5,10,3,0.5,0.30000000000000004
564,14,CARD,16,10,39,71,48,22,5,5,10,3,0.5,0.30000000000000004
565,14,CLF_UNION,13,13,53,71,56,22,5,5,10,3,0.5,0.30000000000000004
566,14,ORD-UNION,0,0,0,71,3,22,5,5,10,3,0.5,0.30000000000000004
567,14,CARD,17,7,35,71,52,22,5,5,10,3,0.5,0.30000000000000004
568,14,CLF_UNION,21,7,54,71,57,22,5,5,10,3,0.5,0.30000000000000004
569,14,ORD-UNION,0,0,0,71,3,22,5,5,10,3,0.5,0.30000000000000004
570,15,CARD,24,4,39,78,47,22,5,5,10,3,0.5,0.30000000000000004
571,15,CLF_UNION,24,4,51,78,55,22,5,5,10,3,0.5,0.30000000000000004
572,15,ORD-UNION,0,0,0,78,4,22,5,5,10,3,0.5,0.30000000000000004
573,15,CARD,10,11,39,78,48,22,5,5,10,3,0.5,0.30000000000000004
574,15,CLF_UNION,10,11,55,78,58,22,5,5,10,3,0.5,0.30000000000000004
575,15,ORD-UNION,1,0,1,78,4,22,5,5,10,3,0.5,0.30000000000000004
576,15,CARD,11,2,24,78,52,22,5,5,10,3,0.5,0.30000000000000004
577,15,CLF_UNION,7,6,44,78,58,22,5,5,10,3,0.5,0.30000000000000004
578,15,ORD-UNION,0,0,0,78,14,22,5,5,10,3,0.5,0.30000000000000004
579,15,CARD,22,1,30,78,52,22,5,5,10,3,0.5,0.30000000000000004
580,15,CLF_UNION,15,8,49,78,57,22,5,5,10,3,0.5,0.30000000000000004
581,15,ORD-UNION,3,0,3,78,11,22,5,5,10,3,0.5,0.30000000000000004
582,15,CARD,17,1,30,78,49,22,5,5,10,3,0.5,0.30000000000000004
583,15,CLF_UNION,15,3,45,78,56,22,5,5,10,3,0.5,0.30000000000000004
584,15,ORD-UNION,0,0,0,78,11,22,5,5,10,3,0.5,0.30000000000000004
585,16,CARD,24,2,39,91,48,22,5,5,10,3,0.5,0.30000000000000004
586,16,CLF_UNION,23,5,53,91,56,22,5,5,10,3,0.5,0.30000000000000004
587,16,ORD-UNION,0,0,0,91,3,22,5,5,10,3,0.5,0.30000000000000004
588,16,CARD,15,0,32,91,50,22,5,5,10,3,0.5,0.30000000000000004
589,16,CLF_UNION,14,1,49,91,57,22,5,5,10,3,0.5,0.30000000000000004
590,16,ORD-UNION,1,0,1,91,9,22,5,5,10,3,0.5,0.30000000000000004
591,16,CARD,21,0,32,91,52,22,5,5,10,3,0.5,0.30000000000000004
592,16,CLF_UNION,21,0,49,91,55,22,5,5,10,3,0.5,0.30000000000000004
593,16,ORD-UNION,0,0,0,91,6,22,5,5,10,3,0.5,0.30000000000000004
594,16,CARD,17,0,35,91,51,22,5,5,10,3,0.5,0.30000000000000004
595,16,CLF_UNION,14,5,54,91,58,22,5,5,10,3,0.5,0.30000000000000004
596,16,ORD-UNION,0,0,0,91,4,22,5,5,10,3,0.5,0.30000000000000004
597,16,CARD,12,4,34,91,52,22,5,5,10,3,0.5,0.30000000000000004
598,16,CLF_UNION,17,2,53,91,57,22,5,5,10,3,0.5,0.30000000000000004
599,16,ORD-UNION,0,0,0,91,4,22,5,5,10,3,0.5,0.30000000000000004
600,17,CARD,23,3,33,105,50,22,5,5,10,3,0.5,0.30000000000000004
601,17,CLF_UNION,22,4,49,105,56,22,5,5,10,3,0.5,0.30000000000000004
602,17,ORD-UNION,0,0,0,105,7,22,5,5,10,3,0.5,0.30000000000000004
603,17,CARD,13,2,26,105,56,22,5,5,10,3,0.5,0.30000000000000004
604,17,CLF_UNION,13,2,47,105,55,22,5,5,10,3,0.5,0.30000000000000004
605,17,ORD-UNION,0,0,0,105,8,22,5,5,10,3,0.5,0.30000000000000004
606,17,CARD,8,8,21,105,54,22,5,5,10,3,0.5,0.30000000000000004
607,17,CLF_UNION,10,6,41,105,56,22,5,5,10,3,0.5,0.30000000000000004
608,17,ORD-UNION,0,0,0,105,15,22,5,5,10,3,0.5,0.30000000000000004
609,17,CARD,11,16,34,105,52,22,5,5,10,3,0.5,0.30000000000000004
610,17,CLF_UNION,11,17,52,105,56,22,5,5,10,3,0.5,0.30000000000000004
611,17,ORD-UNION,0,0,0,105,4,22,5,5,10,3,0.5,0.30000000000000004
612,17,CARD,13,2,24,105,50,22,5,5,10,3,0.5,0.30000000000000004
613,17,CLF_UNION,15,0,41,105,57,22,5,5,10,3,0.5,0.30000000000000004
614,17,ORD-UNION,0,0,0,105,16,22,5,5,10,3,0.5,0.30000000000000004
615,18,CARD,9,13,31,119,48,22,5,5,10,3,0.5,0.30000000000000004
616,18,CLF_UNION,12,10,44,119,55,22,5,5,10,3,0.5,0.30000000000000004
617,18,ORD-UNION,0,0,0,119,11,22,5,5,10,3,0.5,0.30000000000000004
618,18,CARD,6,15,30,119,49,22,5,5,10,3,0.5,0.30000000000000004
619,18,CLF_UNION,15,6,44,119,55,22,5,5,10,3,0.5,0.30000000000000004
620,18,ORD-UNION,3,0,3,119,14,22,5,5,10,3,0.5,0.30000000000000004
621,18,CARD,3,10,20,119,50,22,5,5,10,3,0.5,0.30000000000000004
622,18,CLF_UNION,8,5,35,119,55,22,5,5,10,3,0.5,0.30000000000000004
623,18,ORD-UNION,0,0,0,119,20,22,5,5,10,3,0.5,0.30000000000000004
624,18,CARD,12,3,24,119,52,22,5,5,10,3,0.5,0.30000000000000004
625,18,CLF_UNION,15,0,41,119,55,22,5,5,10,3,0.5,0.30000000000000004
626,18,ORD-UNION,1,0,1,119,15,22,5,5,10,3,0.5,0.30000000000000004
627,18,CARD,12,4,29,119,50,22,5,5,10,3,0.5,0.30000000000000004
628,18,CLF_UNION,15,1,44,119,55,22,5,5,10,3,0.5,0.30000000000000004
629,18,ORD-UNION,1,0,1,119,12,22,5,5,10,3,0.5,0.30000000000000004
630,19,CARD,9,1,19,129,54,22,5,5,10,3,0.5,0.30000000000000004
631,19,CLF_UNION,10,0,38,129,55,22,5,5,10,3,0.5,0.30000000000000004
632,19,ORD-UNION,2,0,3,129,20,22,5,5,10,3,0.5,0.30000000000000004
633,19,CARD,9,2,17,129,53,22,5,5,10,3,0.5,0.30000000000000004
634,19,CLF_UNION,11,0,35,129,55,22,5,5,10,3,0.5,0.30000000000000004
635,19,ORD-UNION,0,0,0,129,20,22,5,5,10,3,0.5,0.30000000000000004
636,19,CARD,6,6,30,129,51,22,5,5,10,3,0.5,0.30000000000000004
637,19,CLF_UNION,12,0,49,129,58,22,5,5,10,3,0.5,0.30000000000000004
638,19,ORD-UNION,0,0,1,129,10,22,5,5,10,3,0.5,0.30000000000000004
639,19,CARD,15,0,22,129,56,22,5,5,10,3,0.5,0.30000000000000004
640,19,CLF_UNION,15,0,48,129,60,22,5,5,10,3,0.5,0.30000000000000004
641,19,ORD-UNION,0,0,0,129,12,22,5,5,10,3,0.5,0.30000000000000004
642,19,CARD,16,4,29,129,50,22,5,5,10,3,0.5,0.30000000000000004
643,19,CLF_UNION,19,1,44,129,55,22,5,5,10,3,0.5,0.30000000000000004
644,19,ORD-UNION,1,0,1,129,12,22,5,5,10,3,0.5,0.30000000000000004
645,20,CARD,10,7,27,139,49,22,5,5,10,3,0.5,0.30000000000000004
646,20,CLF_UNION,14,3,41,139,55,22,5,5,10,3,0.5,0.30000000000000004
647,20,ORD-UNION,0,0,0,139,14,22,5,5,10,3,0.5,0.30000000000000004
648,20,CARD,14,9,37,139,49,22,5,5,10,3,0.5,0.30000000000000004
649,20,CLF_UNION,13,10,52,139,56,22,5,5,10,3,0.5,0.30000000000000004
650,20,ORD-UNION,1,0,1,139,5,22,5,5,10,3,0.5,0.30000000000000004
651,20,CARD,10,7,27,139,47,22,5,5,10,3,0.5,0.30000000000000004
652,20,CLF_UNION,15,2,39,139,55,22,5,5,10,3,0.5,0.30000000000000004
653,20,ORD-UNION,0,0,0,139,16,22,5,5,10,3,0.5,0.30000000000000004
654,20,CARD,9,15,31,139,48,22,5,5,10,3,0.5,0.30000000000000004
655,20,CLF_UNION,13,11,44,139,55,22,5,5,10,3,0.5,0.30000000000000004
656,20,ORD-UNION,0,0,0,139,11,22,5,5,10,3,0.5,0.30000000000000004
657,20,CARD,9,1,20,139,51,22,5,5,10,3,0.5,0.30000000000000004
658,20,CLF_UNION,10,0,36,139,55,22,5,5,10,3,0.5,0.30000000000000004
659,20,ORD-UNION,0,0,1,139,20,22,5,5,10,3,0.5,0.30000000000000004
660,21,CARD,17,3,29,155,49,22,5,5,10,3,0.5,0.30000000000000004
661,21,CLF_UNION,17,3,43,155,55,22,5,5,10,3,0.5,0.30000000000000004
662,21,ORD-UNION,0,0,0,155,12,22,5,5,10,3,0.5,0.30000000000000004
663,21,CARD,12,0,20,155,51,22,5,5,10,3,0.5,0.30000000000000004
664,21,CLF_UNION,12,0,36,155,55,22,5,5,10,3,0.5,0.30000000000000004
665,21,ORD-UNION,0,0,0,155,19,22,5,5,10,3,0.5,0.30000000000000004
666,21,CARD,2,9,17,155,60,22,5,5,10,3,0.5,0.30000000000000004
667,21,CLF_UNION,2,9,43,155,56,22,5,5,10,3,0.5,0.30000000000000004
668,21,ORD-UNION,0,2,2,155,15,22,5,5,10,3,0.5,0.30000000000000004
669,21,CARD,10,0,24,155,60,22,5,5,10,3,0.5,0.30000000000000004
670,21,CLF_UNION,2,8,49,155,55,22,5,5,10,3,0.5,0.30000000000000004
671,21,ORD-UNION,0,0,0,155,6,22,5,5,10,3,0.5,0.30000000000000004
672,21,CARD,14,9,28,155,50,22,5,5,10,3,0.5,0.30000000000000004
673,21,CLF_UNION,12,11,43,155,55,22,5,5,10,3,0.5,0.30000000000000004
674,21,ORD-UNION,0,2,2,155,14,22,5,5,10,3,0.5,0.30000000000000004
675,22,CARD,7,9,20,171,51,22,5,5,10,3,0.5,0.30000000000000004
676,22,CLF_UNION,7,9,36,171,55,22,5,5,10,3,0.5,0.30000000000000004
677,22,ORD-UNION,0,3,4,171,23,22,5,5,10,3,0.5,0.30000000000000004
678,22,CARD,10,0,17,171,56,22,5,5,10,3,0.5,0.30000000000000004
679,22,CLF_UNION,10,0,39,171,56,22,5,5,10,3,0.5,0.30000000000000004
680,22,ORD-UNION,0,0,0,171,17,22,5,5,10,3,0.5,0.30000000000000004
681,22,CARD,8,3,24,171,56,22,5,5,10,3,0.5,0.30000000000000004
682,22,CLF_UNION,4,7,45,171,55,22,5,5,10,3,0.5,0.30000000000000004
683,22,ORD-UNION,0,0,0,171,10,22,5,5,10,3,0.5,0.30000000000000004
684,22,CARD,10,1,24,171,60,22,5,5,10,3,0.5,0.30000000000000004
685,22,CLF_UNION,3,8,51,171,57,22,5,5,10,3,0.5,0.30000000000000004
686,22,ORD-UNION,1,0,1,171,7,22,5,5,10,3,0.5,0.30000000000000004
687,22,CARD,10,11,28,171,50,22,5,5,10,3,0.5,0.30000000000000004
688,22,CLF_UNION,12,9,43,171,55,22,5,5,10,3,0.5,0.30000000000000004
689,22,ORD-UNION,0,3,3,171,15,22,5,5,10,3,0.5,0.30000000000000004
690,23,CARD,6,9,18,183,52,22,5,5,10,3,0.5,0.30000000000000004
691,23,CLF_UNION,6,9,35,183,55,22,5,5,10,3,0.5,0.30000000000000004
692,23,ORD-UNION,0,4,4,183,24,22,5,5,10,3,0.5,0.30000000000000004
693,23,CARD,8,0,17,183,53,22,5,5,10,3,0.5,0.30000000000000004
694,23,CLF_UNION,8,0,35,183,55,22,5,5,10,3,0.5,0.30000000000000004
695,23,ORD-UNION,0,0,0,183,20,22,5,5,10,3,0.5,0.30000000000000004
696,23,CARD,8,0,11,183,56,22,5,5,10,3,0.5,0.30000000000000004
697,23,CLF_UNION,8,0,32,183,55,22,5,5,10,3,0.5,0.30000000000000004
698,23,ORD-UNION,0,0,0,183,23,22,5,5,10,3,0.5,0.30000000000000004
699,23,CARD,9,0,14,183,55,22,5,5,10,3,0.5,0.30000000000000004
700,23,CLF_UNION,8,4,34,183,55,22,5,5,10,3,0.5,0.30000000000000004
701,23,ORD-UNION,0,0,0,183,21,22,5,5,10,3,0.5,0.30000000000000004
702,23,CARD,15,0,22,183,52,22,5,5,10,3,0.5,0.30000000000000004
703,23,CLF_UNION,14,3,39,183,55,22,5,5,10,3,0.5,0.30000000000000004
704,23,ORD-UNION,0,0,0,183,16,22,5,5,10,3,0.5,0.30000000000000004
