,budget,model,correct,wrong,total,n_pref_input,n_pref_output,theta_size,theta_additivity,n_items,n_test_subsets,n_tiers,alpha,p
0,1,CARD,11,4,25,1,65,28,5,5,10,3,0.7000000000000001,0.30000000000000004
1,1,CLF_UNION,29,9,73,1,73,28,5,5,10,3,0.7000000000000001,0.30000000000000004
2,1,ORD-UNION,0,0,0,1,0,28,5,5,10,3,0.7000000000000001,0.30000000000000004
3,1,CARD,10,8,24,1,66,28,5,5,10,3,0.7000000000000001,0.30000000000000004
4,1,CLF_UNION,22,17,65,1,65,28,5,5,10,3,0.7000000000000001,0.30000000000000004
5,1,ORD-UNION,0,0,0,1,0,28,5,5,10,3,0.7000000000000001,0.30000000000000004
6,1,CARD,4,7,21,1,69,28,5,5,10,3,0.7000000000000001,0.30000000000000004
7,1,CLF_UNION,13,22,67,1,67,28,5,5,10,3,0.7000000000000001,0.30000000000000004
8,1,ORD-UNION,0,0,0,1,0,28,5,5,10,3,0.7000000000000001,0.30000000000000004
9,1,CARD,13,2,25,1,65,28,5,5,10,3,0.7000000000000001,0.30000000000000004
10,1,CLF_UNION,25,13,73,1,73,28,5,5,10,3,0.7000000000000001,0.30000000000000004
11,1,ORD-UNION,0,0,0,1,0,28,5,5,10,3,0.7000000000000001,0.30000000000000004
12,1,CARD,9,4,25,1,65,28,5,5,10,3,0.7000000000000001,0.30000000000000004
13,1,CLF_UNION,24,6,65,1,65,28,5,5,10,3,0.7000000000000001,0.30000000000000004
14,1,ORD-UNION,0,0,0,1,0,28,5,5,10,3,0.7000000000000001,0.30000000000000004
15,2,CARD,14,9,35,3,55,28,5,5,10,3,0.7000000000000001,0.30000000000000004
16,2,CLF_UNION,17,16,62,3,62,28,5,5,10,3,0.7000000000000001,0.30000000000000004
17,2,ORD-UNION,0,0,0,3,0,28,5,5,10,3,0.7000000000000001,0.30000000000000004
18,2,CARD,16,9,37,3,53,28,5,5,10,3,0.7000000000000001,0.30000000000000004
19,2,CLF_UNION,19,11,60,3,60,28,5,5,10,3,0.7000000000000001,0.30000000000000004
20,2,ORD-UNION,0,0,0,3,0,28,5,5,10,3,0.7000000000000001,0.30000000000000004
21,2,CARD,16,7,36,3,54,28,5,5,10,3,0.7000000000000001,0.30000000000000004
22,2,CLF_UNION,21,11,60,3,60,28,5,5,10,3,0.7000000000000001,0.30000000000000004
23,2,ORD-UNION,0,0,0,3,0,28,5,5,10,3,0.7000000000000001,0.30000000000000004
24,2,CARD,21,0,33,3,57,28,5,5,10,3,0.7000000000000001,0.30000000000000004
25,2,CLF_UNION,24,3,59,3,59,28,5,5,10,3,0.7000000000000001,0.30000000000000004
26,2,ORD-UNION,0,0,0,3,0,28,5,5,10,3,0.7000000000000001,0.30000000000000004
27,2,CARD,12,10,35,3,55,28,5,5,10,3,0.7000000000000001,0.30000000000000004
28,2,CLF_UNION,14,16,58,3,58,28,5,5,10,3,0.7000000000000001,0.30000000000000004
29,2,ORD-UNION,0,0,0,3,0,28,5,5,10,3,0.7000000000000001,0.30000000000000004
30,3,CARD,17,0,40,5,50,28,5,5,10,3,0.7000000000000001,0.30000000000000004
31,3,CLF_UNION,13,4,56,5,56,28,5,5,10,3,0.7000000000000001,0.30000000000000004
32,3,ORD-UNION,0,0,0,5,0,28,5,5,10,3,0.7000000000000001,0.30000000000000004
33,3,CARD,17,13,42,5,48,28,5,5,10,3,0.7000000000000001,0.30000000000000004
34,3,CLF_UNION,17,17,57,5,57,28,5,5,10,3,0.7000000000000001,0.30000000000000004
35,3,ORD-UNION,0,0,0,5,0,28,5,5,10,3,0.7000000000000001,0.30000000000000004
36,3,CARD,20,1,35,5,55,28,5,5,10,3,0.7000000000000001,0.30000000000000004
37,3,CLF_UNION,23,6,59,5,59,28,5,5,10,3,0.7000000000000001,0.30000000000000004
38,3,ORD-UNION,0,0,0,5,0,28,5,5,10,3,0.7000000000000001,0.30000000000000004
39,3,CARD,19,11,37,5,53,28,5,5,10,3,0.7000000000000001,0.30000000000000004
40,3,CLF_UNION,21,15,56,5,56,28,5,5,10,3,0.7000000000000001,0.30000000000000004
41,3,ORD-UNION,0,0,0,5,0,28,5,5,10,3,0.7000000000000001,0.30000000000000004
42,3,CARD,17,3,38,5,52,28,5,5,10,3,0.7000000000000001,0.30000000000000004
43,3,CLF_UNION,18,7,57,5,57,28,5,5,10,3,0.7000000000000001,0.30000000000000004
44,3,ORD-UNION,0,0,0,5,0,28,5,5,10,3,0.7000000000000001,0.30000000000000004
45,4,CARD,23,2,36,7,54,28,5,5,10,3,0.7000000000000001,0.30000000000000004
46,4,CLF_UNION,27,0,55,7,55,28,5,5,10,3,0.7000000000000001,0.30000000000000004
47,4,ORD-UNION,0,0,0,7,0,28,5,5,10,3,0.7000000000000001,0.30000000000000004
48,4,CARD,11,11,36,7,52,28,5,5,10,3,0.7000000000000001,0.30000000000000004
49,4,CLF_UNION,16,9,53,7,55,28,5,5,10,3,0.7000000000000001,0.30000000000000004
50,4,ORD-UNION,0,0,0,7,2,28,5,5,10,3,0.7000000000000001,0.30000000000000004
51,4,CARD,16,3,35,7,55,28,5,5,10,3,0.7000000000000001,0.30000000000000004
52,4,CLF_UNION,24,0,55,7,55,28,5,5,10,3,0.7000000000000001,0.30000000000000004
53,4,ORD-UNION,0,0,0,7,0,28,5,5,10,3,0.7000000000000001,0.30000000000000004
54,4,CARD,15,13,38,7,52,28,5,5,10,3,0.7000000000000001,0.30000000000000004
55,4,CLF_UNION,20,9,55,7,55,28,5,5,10,3,0.7000000000000001,0.30000000000000004
56,4,ORD-UNION,0,0,0,7,0,28,5,5,10,3,0.7000000000000001,0.30000000000000004
57,4,CARD,16,2,36,7,54,28,5,5,10,3,0.7000000000000001,0.30000000000000004
58,4,CLF_UNION,18,3,55,7,55,28,5,5,10,3,0.7000000000000001,0.30000000000000004
59,4,ORD-UNION,0,0,0,7,0,28,5,5,10,3,0.7000000000000001,0.30000000000000004
60,5,CARD,16,6,37,11,53,28,5,5,10,3,0.7000000000000001,0.30000000000000004
61,5,CLF_UNION,22,2,55,11,55,28,5,5,10,3,0.7000000000000001,0.30000000000000004
62,5,ORD-UNION,0,0,0,11,0,28,5,5,10,3,0.7000000000000001,0.30000000000000004
63,5,CARD,22,2,35,11,53,28,5,5,10,3,0.7000000000000001,0.30000000000000004
64,5,CLF_UNION,21,6,53,11,55,28,5,5,10,3,0.7000000000000001,0.30000000000000004
65,5,ORD-UNION,0,0,0,11,2,28,5,5,10,3,0.7000000000000001,0.30000000000000004
66,5,CARD,19,7,37,11,52,28,5,5,10,3,0.7000000000000001,0.30000000000000004
67,5,CLF_UNION,19,9,54,11,55,28,5,5,10,3,0.7000000000000001,0.30000000000000004
68,5,ORD-UNION,0,0,0,11,1,28,5,5,10,3,0.7000000000000001,0.30000000000000004
69,5,CARD,21,8,37,11,51,28,5,5,10,3,0.7000000000000001,0.30000000000000004
70,5,CLF_UNION,21,9,53,11,55,28,5,5,10,3,0.7000000000000001,0.30000000000000004
71,5,ORD-UNION,0,0,0,11,2,28,5,5,10,3,0.7000000000000001,0.30000000000000004
72,5,CARD,26,2,41,11,49,28,5,5,10,3,0.7000000000000001,0.30000000000000004
73,5,CLF_UNION,28,0,55,11,55,28,5,5,10,3,0.7000000000000001,0.30000000000000004
74,5,ORD-UNION,0,0,0,11,0,28,5,5,10,3,0.7000000000000001,0.30000000000000004
75,6,CARD,18,6,36,14,54,28,5,5,10,3,0.7000000000000001,0.30000000000000004
76,6,CLF_UNION,17,10,55,14,55,28,5,5,10,3,0.7000000000000001,0.30000000000000004
77,6,ORD-UNION,0,0,0,14,0,28,5,5,10,3,0.7000000000000001,0.30000000000000004
78,6,CARD,19,9,40,14,50,28,5,5,10,3,0.7000000000000001,0.30000000000000004
79,6,CLF_UNION,15,17,55,14,55,28,5,5,10,3,0.7000000000000001,0.30000000000000004
80,6,ORD-UNION,0,0,0,14,0,28,5,5,10,3,0.7000000000000001,0.30000000000000004
81,6,CARD,24,0,36,14,52,28,5,5,10,3,0.7000000000000001,0.30000000000000004
82,6,CLF_UNION,27,0,54,14,56,28,5,5,10,3,0.7000000000000001,0.30000000000000004
83,6,ORD-UNION,0,0,0,14,2,28,5,5,10,3,0.7000000000000001,0.30000000000000004
84,6,CARD,25,4,40,14,50,28,5,5,10,3,0.7000000000000001,0.30000000000000004
85,6,CLF_UNION,25,6,55,14,55,28,5,5,10,3,0.7000000000000001,0.30000000000000004
86,6,ORD-UNION,0,0,0,14,0,28,5,5,10,3,0.7000000000000001,0.30000000000000004
87,6,CARD,16,10,41,14,49,28,5,5,10,3,0.7000000000000001,0.30000000000000004
88,6,CLF_UNION,15,14,55,14,55,28,5,5,10,3,0.7000000000000001,0.30000000000000004
89,6,ORD-UNION,0,0,0,14,0,28,5,5,10,3,0.7000000000000001,0.30000000000000004
90,7,CARD,27,2,40,17,49,28,5,5,10,3,0.7000000000000001,0.30000000000000004
91,7,CLF_UNION,29,2,54,17,55,28,5,5,10,3,0.7000000000000001,0.30000000000000004
92,7,ORD-UNION,0,0,0,17,1,28,5,5,10,3,0.7000000000000001,0.30000000000000004
93,7,CARD,16,3,35,17,54,28,5,5,10,3,0.7000000000000001,0.30000000000000004
94,7,CLF_UNION,19,5,54,17,55,28,5,5,10,3,0.7000000000000001,0.30000000000000004
95,7,ORD-UNION,0,0,0,17,1,28,5,5,10,3,0.7000000000000001,0.30000000000000004
96,7,CARD,14,2,34,17,56,28,5,5,10,3,0.7000000000000001,0.30000000000000004
97,7,CLF_UNION,14,2,55,17,55,28,5,5,10,3,0.7000000000000001,0.30000000000000004
98,7,ORD-UNION,0,0,0,17,0,28,5,5,10,3,0.7000000000000001,0.30000000000000004
99,7,CARD,15,3,36,17,51,28,5,5,10,3,0.7000000000000001,0.30000000000000004
100,7,CLF_UNION,12,6,52,17,55,28,5,5,10,3,0.7000000000000001,0.30000000000000004
101,7,ORD-UNION,0,0,0,17,3,28,5,5,10,3,0.7000000000000001,0.30000000000000004
102,7,CARD,15,6,38,17,52,28,5,5,10,3,0.7000000000000001,0.30000000000000004
103,7,CLF_UNION,19,5,55,17,55,28,5,5,10,3,0.7000000000000001,0.30000000000000004
104,7,ORD-UNION,0,0,0,17,0,28,5,5,10,3,0.7000000000000001,0.30000000000000004
105,8,CARD,18,3,35,24,47,28,5,5,10,3,0.7000000000000001,0.30000000000000004
106,8,CLF_UNION,19,2,48,24,56,28,5,5,10,3,0.7000000000000001,0.30000000000000004
107,8,ORD-UNION,0,0,0,24,8,28,5,5,10,3,0.7000000000000001,0.30000000000000004
108,8,CARD,14,10,37,24,48,28,5,5,10,3,0.7000000000000001,0.30000000000000004
109,8,CLF_UNION,18,6,51,24,56,28,5,5,10,3,0.7000000000000001,0.30000000000000004
110,8,ORD-UNION,0,0,0,24,5,28,5,5,10,3,0.7000000000000001,0.30000000000000004
111,8,CARD,15,12,45,24,45,28,5,5,10,3,0.7000000000000001,0.30000000000000004
112,8,CLF_UNION,17,10,55,24,55,28,5,5,10,3,0.7000000000000001,0.30000000000000004
113,8,ORD-UNION,0,0,0,24,0,28,5,5,10,3,0.7000000000000001,0.30000000000000004
114,8,CARD,13,8,35,24,47,28,5,5,10,3,0.7000000000000001,0.30000000000000004
115,8,CLF_UNION,19,2,48,24,56,28,5,5,10,3,0.7000000000000001,0.30000000000000004
116,8,ORD-UNION,0,0,0,24,8,28,5,5,10,3,0.7000000000000001,0.30000000000000004
117,8,CARD,23,0,39,24,49,28,5,5,10,3,0.7000000000000001,0.30000000000000004
118,8,CLF_UNION,23,0,53,24,55,28,5,5,10,3,0.7000000000000001,0.30000000000000004
119,8,ORD-UNION,0,0,0,24,2,28,5,5,10,3,0.7000000000000001,0.30000000000000004
120,9,CARD,15,2,32,31,54,28,5,5,10,3,0.7000000000000001,0.30000000000000004
121,9,CLF_UNION,13,7,52,31,56,28,5,5,10,3,0.7000000000000001,0.30000000000000004
122,9,ORD-UNION,0,0,0,31,4,28,5,5,10,3,0.7000000000000001,0.30000000000000004
123,9,CARD,16,9,41,31,48,28,5,5,10,3,0.7000000000000001,0.30000000000000004
124,9,CLF_UNION,24,4,54,31,55,28,5,5,10,3,0.7000000000000001,0.30000000000000004
125,9,ORD-UNION,0,0,0,31,1,28,5,5,10,3,0.7000000000000001,0.30000000000000004
126,9,CARD,14,4,30,31,54,28,5,5,10,3,0.7000000000000001,0.30000000000000004
127,9,CLF_UNION,12,7,50,31,56,28,5,5,10,3,0.7000000000000001,0.30000000000000004
128,9,ORD-UNION,0,0,0,31,6,28,5,5,10,3,0.7000000000000001,0.30000000000000004
129,9,CARD,17,8,33,31,49,28,5,5,10,3,0.7000000000000001,0.30000000000000004
130,9,CLF_UNION,20,5,48,31,56,28,5,5,10,3,0.7000000000000001,0.30000000000000004
131,9,ORD-UNION,0,0,0,31,8,28,5,5,10,3,0.7000000000000001,0.30000000000000004
132,9,CARD,16,2,34,31,53,28,5,5,10,3,0.7000000000000001,0.30000000000000004
133,9,CLF_UNION,18,0,53,31,56,28,5,5,10,3,0.7000000000000001,0.30000000000000004
134,9,ORD-UNION,0,0,0,31,3,28,5,5,10,3,0.7000000000000001,0.30000000000000004
135,10,CARD,18,3,36,38,52,28,5,5,10,3,0.7000000000000001,0.30000000000000004
136,10,CLF_UNION,25,0,53,38,55,28,5,5,10,3,0.7000000000000001,0.30000000000000004
137,10,ORD-UNION,0,0,0,38,2,28,5,5,10,3,0.7000000000000001,0.30000000000000004
138,10,CARD,11,9,33,38,53,28,5,5,10,3,0.7000000000000001,0.30000000000000004
139,10,CLF_UNION,17,6,52,38,56,28,5,5,10,3,0.7000000000000001,0.30000000000000004
140,10,ORD-UNION,0,0,0,38,4,28,5,5,10,3,0.7000000000000001,0.30000000000000004
141,10,CARD,16,10,40,38,49,28,5,5,10,3,0.7000000000000001,0.30000000000000004
142,10,CLF_UNION,26,2,54,38,55,28,5,5,10,3,0.7000000000000001,0.30000000000000004
143,10,ORD-UNION,0,0,0,38,1,28,5,5,10,3,0.7000000000000001,0.30000000000000004
144,10,CARD,15,1,30,38,54,28,5,5,10,3,0.7000000000000001,0.30000000000000004
145,10,CLF_UNION,19,0,52,38,58,28,5,5,10,3,0.7000000000000001,0.30000000000000004
146,10,ORD-UNION,0,0,0,38,6,28,5,5,10,3,0.7000000000000001,0.30000000000000004
147,10,CARD,12,2,32,38,58,28,5,5,10,3,0.7000000000000001,0.30000000000000004
148,10,CLF_UNION,9,7,58,38,58,28,5,5,10,3,0.7000000000000001,0.30000000000000004
149,10,ORD-UNION,0,0,0,38,0,28,5,5,10,3,0.7000000000000001,0.30000000000000004
150,11,CARD,15,1,25,49,59,28,5,5,10,3,0.7000000000000001,0.30000000000000004
151,11,CLF_UNION,16,7,50,49,56,28,5,5,10,3,0.7000000000000001,0.30000000000000004
152,11,ORD-UNION,0,0,0,49,6,28,5,5,10,3,0.7000000000000001,0.30000000000000004
153,11,CARD,8,5,31,49,55,28,5,5,10,3,0.7000000000000001,0.30000000000000004
154,11,CLF_UNION,14,6,52,49,56,28,5,5,10,3,0.7000000000000001,0.30000000000000004
155,11,ORD-UNION,0,0,0,49,4,28,5,5,10,3,0.7000000000000001,0.30000000000000004
156,11,CARD,15,2,34,49,52,28,5,5,10,3,0.7000000000000001,0.30000000000000004
157,11,CLF_UNION,12,8,52,49,56,28,5,5,10,3,0.7000000000000001,0.30000000000000004
158,11,ORD-UNION,0,0,0,49,4,28,5,5,10,3,0.7000000000000001,0.30000000000000004
159,11,CARD,16,0,25,49,54,28,5,5,10,3,0.7000000000000001,0.30000000000000004
160,11,CLF_UNION,18,0,46,49,57,28,5,5,10,3,0.7000000000000001,0.30000000000000004
161,11,ORD-UNION,0,0,0,49,11,28,5,5,10,3,0.7000000000000001,0.30000000000000004
162,11,CARD,19,3,32,49,53,28,5,5,10,3,0.7000000000000001,0.30000000000000004
163,11,CLF_UNION,23,3,50,49,55,28,5,5,10,3,0.7000000000000001,0.30000000000000004
164,11,ORD-UNION,0,0,0,49,5,28,5,5,10,3,0.7000000000000001,0.30000000000000004
165,12,CARD,16,0,25,57,54,28,5,5,10,3,0.7000000000000001,0.30000000000000004
166,12,CLF_UNION,15,1,47,57,58,28,5,5,10,3,0.7000000000000001,0.30000000000000004
167,12,ORD-UNION,0,0,0,57,11,28,5,5,10,3,0.7000000000000001,0.30000000000000004
168,12,CARD,28,0,33,57,52,28,5,5,10,3,0.7000000000000001,0.30000000000000004
169,12,CLF_UNION,28,0,50,57,55,28,5,5,10,3,0.7000000000000001,0.30000000000000004
170,12,ORD-UNION,0,0,0,57,5,28,5,5,10,3,0.7000000000000001,0.30000000000000004
171,12,CARD,26,0,36,57,51,28,5,5,10,3,0.7000000000000001,0.30000000000000004
172,12,CLF_UNION,25,3,52,57,55,28,5,5,10,3,0.7000000000000001,0.30000000000000004
173,12,ORD-UNION,0,0,0,57,3,28,5,5,10,3,0.7000000000000001,0.30000000000000004
174,12,CARD,13,5,25,57,54,28,5,5,10,3,0.7000000000000001,0.30000000000000004
175,12,CLF_UNION,10,8,46,57,57,28,5,5,10,3,0.7000000000000001,0.30000000000000004
176,12,ORD-UNION,0,0,0,57,11,28,5,5,10,3,0.7000000000000001,0.30000000000000004
177,12,CARD,21,2,37,57,50,28,5,5,10,3,0.7000000000000001,0.30000000000000004
178,12,CLF_UNION,23,2,52,57,55,28,5,5,10,3,0.7000000000000001,0.30000000000000004
179,12,ORD-UNION,0,0,0,57,3,28,5,5,10,3,0.7000000000000001,0.30000000000000004
180,13,CARD,20,0,27,65,56,28,5,5,10,3,0.7000000000000001,0.30000000000000004
181,13,CLF_UNION,12,8,49,65,56,28,5,5,10,3,0.7000000000000001,0.30000000000000004
182,13,ORD-UNION,0,0,0,65,7,28,5,5,10,3,0.7000000000000001,0.30000000000000004
183,13,CARD,24,0,30,65,51,28,5,5,10,3,0.7000000000000001,0.30000000000000004
184,13,CLF_UNION,26,0,47,65,56,28,5,5,10,3,0.7000000000000001,0.30000000000000004
185,13,ORD-UNION,0,0,0,65,9,28,5,5,10,3,0.7000000000000001,0.30000000000000004
186,13,CARD,21,3,36,65,51,28,5,5,10,3,0.7000000000000001,0.30000000000000004
187,13,CLF_UNION,20,4,52,65,55,28,5,5,10,3,0.7000000000000001,0.30000000000000004
188,13,ORD-UNION,0,0,0,65,3,28,5,5,10,3,0.7000000000000001,0.30000000000000004
189,13,CARD,19,4,40,65,49,28,5,5,10,3,0.7000000000000001,0.30000000000000004
190,13,CLF_UNION,14,9,54,65,55,28,5,5,10,3,0.7000000000000001,0.30000000000000004
191,13,ORD-UNION,0,0,0,65,1,28,5,5,10,3,0.7000000000000001,0.30000000000000004
192,13,CARD,18,0,33,65,52,28,5,5,10,3,0.7000000000000001,0.30000000000000004
193,13,CLF_UNION,13,5,51,65,56,28,5,5,10,3,0.7000000000000001,0.30000000000000004
194,13,ORD-UNION,0,0,0,65,5,28,5,5,10,3,0.7000000000000001,0.30000000000000004
195,14,CARD,17,0,24,74,58,28,5,5,10,3,0.7000000000000001,0.30000000000000004
196,14,CLF_UNION,17,0,49,74,57,28,5,5,10,3,0.7000000000000001,0.30000000000000004
197,14,ORD-UNION,0,0,0,74,8,28,5,5,10,3,0.7000000000000001,0.30000000000000004
198,14,CARD,15,0,22,74,51,28,5,5,10,3,0.7000000000000001,0.30000000000000004
199,14,CLF_UNION,12,3,39,74,56,28,5,5,10,3,0.7000000000000001,0.30000000000000004
200,14,ORD-UNION,0,0,0,74,17,28,5,5,10,3,0.7000000000000001,0.30000000000000004
201,14,CARD,14,3,31,74,55,28,5,5,10,3,0.7000000000000001,0.30000000000000004
202,14,CLF_UNION,16,4,52,74,56,28,5,5,10,3,0.7000000000000001,0.30000000000000004
203,14,ORD-UNION,0,0,0,74,4,28,5,5,10,3,0.7000000000000001,0.30000000000000004
204,14,CARD,22,1,37,74,52,28,5,5,10,3,0.7000000000000001,0.30000000000000004
205,14,CLF_UNION,18,8,54,74,55,28,5,5,10,3,0.7000000000000001,0.30000000000000004
206,14,ORD-UNION,0,0,0,74,1,28,5,5,10,3,0.7000000000000001,0.30000000000000004
207,14,CARD,19,0,19,74,65,28,5,5,10,3,0.7000000000000001,0.30000000000000004
208,14,CLF_UNION,18,1,49,74,55,28,5,5,10,3,0.7000000000000001,0.30000000000000004
209,14,ORD-UNION,0,0,0,74,6,28,5,5,10,3,0.7000000000000001,0.30000000000000004
210,15,CARD,15,6,26,83,56,28,5,5,10,3,0.7000000000000001,0.30000000000000004
211,15,CLF_UNION,21,0,48,83,56,28,5,5,10,3,0.7000000000000001,0.30000000000000004
212,15,ORD-UNION,0,0,0,83,8,28,5,5,10,3,0.7000000000000001,0.30000000000000004
213,15,CARD,11,4,43,83,47,28,5,5,10,3,0.7000000000000001,0.30000000000000004
214,15,CLF_UNION,13,3,55,83,55,28,5,5,10,3,0.7000000000000001,0.30000000000000004
215,15,ORD-UNION,0,0,0,83,0,28,5,5,10,3,0.7000000000000001,0.30000000000000004
216,15,CARD,22,4,38,83,47,28,5,5,10,3,0.7000000000000001,0.30000000000000004
217,15,CLF_UNION,23,3,51,83,56,28,5,5,10,3,0.7000000000000001,0.30000000000000004
218,15,ORD-UNION,0,0,0,83,5,28,5,5,10,3,0.7000000000000001,0.30000000000000004
219,15,CARD,14,2,35,83,48,28,5,5,10,3,0.7000000000000001,0.30000000000000004
220,15,CLF_UNION,14,2,50,83,57,28,5,5,10,3,0.7000000000000001,0.30000000000000004
221,15,ORD-UNION,0,0,0,83,7,28,5,5,10,3,0.7000000000000001,0.30000000000000004
222,15,CARD,22,2,38,83,49,28,5,5,10,3,0.7000000000000001,0.30000000000000004
223,15,CLF_UNION,24,0,52,83,55,28,5,5,10,3,0.7000000000000001,0.30000000000000004
224,15,ORD-UNION,0,0,0,83,3,28,5,5,10,3,0.7000000000000001,0.30000000000000004
225,16,CARD,26,1,36,92,49,28,5,5,10,3,0.7000000000000001,0.30000000000000004
226,16,CLF_UNION,27,0,50,92,55,28,5,5,10,3,0.7000000000000001,0.30000000000000004
227,16,ORD-UNION,0,0,0,92,5,28,5,5,10,3,0.7000000000000001,0.30000000000000004
228,16,CARD,21,0,29,92,58,28,5,5,10,3,0.7000000000000001,0.30000000000000004
229,16,CLF_UNION,21,0,53,92,56,28,5,5,10,3,0.7000000000000001,0.30000000000000004
230,16,ORD-UNION,0,0,0,92,3,28,5,5,10,3,0.7000000000000001,0.30000000000000004
231,16,CARD,5,0,18,92,61,28,5,5,10,3,0.7000000000000001,0.30000000000000004
232,16,CLF_UNION,6,0,48,92,59,28,5,5,10,3,0.7000000000000001,0.30000000000000004
233,16,ORD-UNION,0,0,0,92,11,28,5,5,10,3,0.7000000000000001,0.30000000000000004
234,16,CARD,19,2,31,92,51,28,5,5,10,3,0.7000000000000001,0.30000000000000004
235,16,CLF_UNION,21,0,49,92,57,28,5,5,10,3,0.7000000000000001,0.30000000000000004
236,16,ORD-UNION,0,0,0,92,8,28,5,5,10,3,0.7000000000000001,0.30000000000000004
237,16,CARD,25,1,36,92,51,28,5,5,10,3,0.7000000000000001,0.30000000000000004
238,16,CLF_UNION,26,0,53,92,56,28,5,5,10,3,0.7000000000000001,0.30000000000000004
239,16,ORD-UNION,0,0,0,92,3,28,5,5,10,3,0.7000000000000001,0.30000000000000004
240,17,CARD,20,0,25,108,56,28,5,5,10,3,0.7000000000000001,0.30000000000000004
241,17,CLF_UNION,19,1,48,108,57,28,5,5,10,3,0.7000000000000001,0.30000000000000004
242,17,ORD-UNION,0,0,0,108,9,28,5,5,10,3,0.7000000000000001,0.30000000000000004
243,17,CARD,18,0,31,108,53,28,5,5,10,3,0.7000000000000001,0.30000000000000004
244,17,CLF_UNION,18,0,50,108,56,28,5,5,10,3,0.7000000000000001,0.30000000000000004
245,17,ORD-UNION,0,0,0,108,6,28,5,5,10,3,0.7000000000000001,0.30000000000000004
246,17,CARD,21,1,33,108,52,28,5,5,10,3,0.7000000000000001,0.30000000000000004
247,17,CLF_UNION,22,0,50,108,55,28,5,5,10,3,0.7000000000000001,0.30000000000000004
248,17,ORD-UNION,0,0,0,108,5,28,5,5,10,3,0.7000000000000001,0.30000000000000004
249,17,CARD,10,0,10,108,58,28,5,5,10,3,0.7000000000000001,0.30000000000000004
250,17,CLF_UNION,10,0,35,108,57,28,5,5,10,3,0.7000000000000001,0.30000000000000004
251,17,ORD-UNION,0,0,0,108,22,28,5,5,10,3,0.7000000000000001,0.30000000000000004
252,17,CARD,13,1,24,108,51,28,5,5,10,3,0.7000000000000001,0.30000000000000004
253,17,CLF_UNION,14,0,44,108,59,28,5,5,10,3,0.7000000000000001,0.30000000000000004
254,17,ORD-UNION,0,0,0,108,15,28,5,5,10,3,0.7000000000000001,0.30000000000000004
255,18,CARD,0,0,4,120,66,28,5,5,10,3,0.7000000000000001,0.30000000000000004
256,18,CLF_UNION,5,0,40,120,60,28,5,5,10,3,0.7000000000000001,0.30000000000000004
257,18,ORD-UNION,0,0,0,120,20,28,5,5,10,3,0.7000000000000001,0.30000000000000004
258,18,CARD,20,1,31,120,51,28,5,5,10,3,0.7000000000000001,0.30000000000000004
259,18,CLF_UNION,21,0,47,120,55,28,5,5,10,3,0.7000000000000001,0.30000000000000004
260,18,ORD-UNION,0,0,0,120,8,28,5,5,10,3,0.7000000000000001,0.30000000000000004
261,18,CARD,16,0,24,120,58,28,5,5,10,3,0.7000000000000001,0.30000000000000004
262,18,CLF_UNION,16,0,50,120,58,28,5,5,10,3,0.7000000000000001,0.30000000000000004
263,18,ORD-UNION,0,0,0,120,8,28,5,5,10,3,0.7000000000000001,0.30000000000000004
264,18,CARD,19,2,30,120,52,28,5,5,10,3,0.7000000000000001,0.30000000000000004
265,18,CLF_UNION,20,1,47,120,55,28,5,5,10,3,0.7000000000000001,0.30000000000000004
266,18,ORD-UNION,0,0,0,120,8,28,5,5,10,3,0.7000000000000001,0.30000000000000004
267,18,CARD,22,0,41,120,48,28,5,5,10,3,0.7000000000000001,0.30000000000000004
268,18,CLF_UNION,23,0,54,120,55,28,5,5,10,3,0.7000000000000001,0.30000000000000004
269,18,ORD-UNION,0,0,0,120,1,28,5,5,10,3,0.7000000000000001,0.30000000000000004
270,19,CARD,10,0,17,131,60,28,5,5,10,3,0.7000000000000001,0.30000000000000004
271,19,CLF_UNION,10,0,45,131,58,28,5,5,10,3,0.7000000000000001,0.30000000000000004
272,19,ORD-UNION,0,0,0,131,13,28,5,5,10,3,0.7000000000000001,0.30000000000000004
273,19,CARD,19,2,33,131,49,28,5,5,10,3,0.7000000000000001,0.30000000000000004
274,19,CLF_UNION,21,0,47,131,55,28,5,5,10,3,0.7000000000000001,0.30000000000000004
275,19,ORD-UNION,0,0,0,131,8,28,5,5,10,3,0.7000000000000001,0.30000000000000004
276,19,CARD,10,2,14,131,53,28,5,5,10,3,0.7000000000000001,0.30000000000000004
277,19,CLF_UNION,12,0,32,131,55,28,5,5,10,3,0.7000000000000001,0.30000000000000004
278,19,ORD-UNION,0,0,0,131,23,28,5,5,10,3,0.7000000000000001,0.30000000000000004
279,19,CARD,15,1,21,131,52,28,5,5,10,3,0.7000000000000001,0.30000000000000004
280,19,CLF_UNION,16,0,39,131,56,28,5,5,10,3,0.7000000000000001,0.30000000000000004
281,19,ORD-UNION,0,0,0,131,17,28,5,5,10,3,0.7000000000000001,0.30000000000000004
282,19,CARD,10,1,17,131,52,28,5,5,10,3,0.7000000000000001,0.30000000000000004
283,19,CLF_UNION,11,0,36,131,57,28,5,5,10,3,0.7000000000000001,0.30000000000000004
284,19,ORD-UNION,0,0,0,131,21,28,5,5,10,3,0.7000000000000001,0.30000000000000004
285,20,CARD,15,0,18,142,58,28,5,5,10,3,0.7000000000000001,0.30000000000000004
286,20,CLF_UNION,14,1,42,142,56,28,5,5,10,3,0.7000000000000001,0.30000000000000004
287,20,ORD-UNION,0,0,0,142,14,28,5,5,10,3,0.7000000000000001,0.30000000000000004
288,20,CARD,18,0,28,142,56,28,5,5,10,3,0.7000000000000001,0.30000000000000004
289,20,CLF_UNION,17,1,51,142,57,28,5,5,10,3,0.7000000000000001,0.30000000000000004
290,20,ORD-UNION,0,0,0,142,6,28,5,5,10,3,0.7000000000000001,0.30000000000000004
291,20,CARD,18,0,30,142,54,28,5,5,10,3,0.7000000000000001,0.30000000000000004
292,20,CLF_UNION,18,0,51,142,57,28,5,5,10,3,0.7000000000000001,0.30000000000000004
293,20,ORD-UNION,0,0,0,142,6,28,5,5,10,3,0.7000000000000001,0.30000000000000004
294,20,CARD,13,0,19,142,63,28,5,5,10,3,0.7000000000000001,0.30000000000000004
295,20,CLF_UNION,13,0,53,142,61,28,5,5,10,3,0.7000000000000001,0.30000000000000004
296,20,ORD-UNION,0,0,0,142,8,28,5,5,10,3,0.7000000000000001,0.30000000000000004
297,20,CARD,6,0,6,142,57,28,5,5,10,3,0.7000000000000001,0.30000000000000004
298,20,CLF_UNION,6,0,32,142,59,28,5,5,10,3,0.7000000000000001,0.30000000000000004
299,20,ORD-UNION,0,0,0,142,27,28,5,5,10,3,0.7000000000000001,0.30000000000000004
300,21,CARD,15,0,21,153,52,28,5,5,10,3,0.7000000000000001,0.30000000000000004
301,21,CLF_UNION,15,0,42,153,59,28,5,5,10,3,0.7000000000000001,0.30000000000000004
302,21,ORD-UNION,0,0,0,153,17,28,5,5,10,3,0.7000000000000001,0.30000000000000004
303,21,CARD,13,1,24,153,51,28,5,5,10,3,0.7000000000000001,0.30000000000000004
304,21,CLF_UNION,14,0,43,153,58,28,5,5,10,3,0.7000000000000001,0.30000000000000004
305,21,ORD-UNION,0,0,0,153,15,28,5,5,10,3,0.7000000000000001,0.30000000000000004
306,21,CARD,5,0,9,153,54,28,5,5,10,3,0.7000000000000001,0.30000000000000004
307,21,CLF_UNION,5,0,34,153,61,28,5,5,10,3,0.7000000000000001,0.30000000000000004
308,21,ORD-UNION,0,0,0,153,27,28,5,5,10,3,0.7000000000000001,0.30000000000000004
309,21,CARD,15,2,22,153,50,28,5,5,10,3,0.7000000000000001,0.30000000000000004
310,21,CLF_UNION,17,0,39,153,57,28,5,5,10,3,0.7000000000000001,0.30000000000000004
311,21,ORD-UNION,0,0,0,153,18,28,5,5,10,3,0.7000000000000001,0.30000000000000004
312,21,CARD,5,1,17,153,56,28,5,5,10,3,0.7000000000000001,0.30000000000000004
313,21,CLF_UNION,6,0,53,153,70,28,5,5,10,3,0.7000000000000001,0.30000000000000004
314,21,ORD-UNION,0,0,0,153,17,28,5,5,10,3,0.7000000000000001,0.30000000000000004
315,22,CARD,19,0,25,168,53,28,5,5,10,3,0.7000000000000001,0.30000000000000004
316,22,CLF_UNION,19,1,44,168,56,28,5,5,10,3,0.7000000000000001,0.30000000000000004
317,22,ORD-UNION,0,0,0,168,12,28,5,5,10,3,0.7000000000000001,0.30000000000000004
318,22,CARD,8,0,13,168,58,28,5,5,10,3,0.7000000000000001,0.30000000000000004
319,22,CLF_UNION,8,0,38,168,57,28,5,5,10,3,0.7000000000000001,0.30000000000000004
320,22,ORD-UNION,0,0,0,168,19,28,5,5,10,3,0.7000000000000001,0.30000000000000004
321,22,CARD,12,0,12,168,61,28,5,5,10,3,0.7000000000000001,0.30000000000000004
322,22,CLF_UNION,12,0,43,168,60,28,5,5,10,3,0.7000000000000001,0.30000000000000004
323,22,ORD-UNION,0,0,0,168,17,28,5,5,10,3,0.7000000000000001,0.30000000000000004
324,22,CARD,18,0,28,168,51,28,5,5,10,3,0.7000000000000001,0.30000000000000004
325,22,CLF_UNION,18,0,45,168,56,28,5,5,10,3,0.7000000000000001,0.30000000000000004
326,22,ORD-UNION,0,0,0,168,11,28,5,5,10,3,0.7000000000000001,0.30000000000000004
327,22,CARD,12,0,13,168,66,28,5,5,10,3,0.7000000000000001,0.30000000000000004
328,22,CLF_UNION,12,0,47,168,58,28,5,5,10,3,0.7000000000000001,0.30000000000000004
329,22,ORD-UNION,0,0,0,168,11,28,5,5,10,3,0.7000000000000001,0.30000000000000004
330,23,CARD,14,0,25,180,54,28,5,5,10,3,0.7000000000000001,0.30000000000000004
331,23,CLF_UNION,16,0,47,180,58,28,5,5,10,3,0.7000000000000001,0.30000000000000004
332,23,ORD-UNION,0,0,0,180,11,28,5,5,10,3,0.7000000000000001,0.30000000000000004
333,23,CARD,16,0,24,180,57,28,5,5,10,3,0.7000000000000001,0.30000000000000004
334,23,CLF_UNION,16,0,49,180,58,28,5,5,10,3,0.7000000000000001,0.30000000000000004
335,23,ORD-UNION,0,0,0,180,9,28,5,5,10,3,0.7000000000000001,0.30000000000000004
336,23,CARD,0,0,0,180,63,28,5,5,10,3,0.7000000000000001,0.30000000000000004
337,23,CLF_UNION,0,0,42,180,69,28,5,5,10,3,0.7000000000000001,0.30000000000000004
338,23,ORD-UNION,0,0,0,180,27,28,5,5,10,3,0.7000000000000001,0.30000000000000004
339,23,CARD,10,0,17,180,56,28,5,5,10,3,0.7000000000000001,0.30000000000000004
340,23,CLF_UNION,10,0,45,180,62,28,5,5,10,3,0.7000000000000001,0.30000000000000004
341,23,ORD-UNION,0,0,0,180,17,28,5,5,10,3,0.7000000000000001,0.30000000000000004
342,23,CARD,9,0,13,180,61,28,5,5,10,3,0.7000000000000001,0.30000000000000004
343,23,CLF_UNION,9,0,46,180,62,28,5,5,10,3,0.7000000000000001,0.30000000000000004
344,23,ORD-UNION,0,0,0,180,16,28,5,5,10,3,0.7000000000000001,0.30000000000000004
345,24,CARD,5,0,9,192,53,28,5,5,10,3,0.7000000000000001,0.30000000000000004
346,24,CLF_UNION,5,0,28,192,56,28,5,5,10,3,0.7000000000000001,0.30000000000000004
347,24,ORD-UNION,0,0,0,192,28,28,5,5,10,3,0.7000000000000001,0.30000000000000004
348,24,CARD,5,0,9,192,57,28,5,5,10,3,0.7000000000000001,0.30000000000000004
349,24,CLF_UNION,5,0,33,192,57,28,5,5,10,3,0.7000000000000001,0.30000000000000004
350,24,ORD-UNION,0,0,0,192,24,28,5,5,10,3,0.7000000000000001,0.30000000000000004
351,24,CARD,5,0,9,192,57,28,5,5,10,3,0.7000000000000001,0.30000000000000004
352,24,CLF_UNION,5,0,33,192,57,28,5,5,10,3,0.7000000000000001,0.30000000000000004
353,24,ORD-UNION,0,0,0,192,24,28,5,5,10,3,0.7000000000000001,0.30000000000000004
354,24,CARD,8,0,16,192,58,28,5,5,10,3,0.7000000000000001,0.30000000000000004
355,24,CLF_UNION,8,0,40,192,56,28,5,5,10,3,0.7000000000000001,0.30000000000000004
356,24,ORD-UNION,0,0,0,192,16,28,5,5,10,3,0.7000000000000001,0.30000000000000004
357,24,CARD,10,0,17,192,58,28,5,5,10,3,0.7000000000000001,0.30000000000000004
358,24,CLF_UNION,14,0,41,192,56,28,5,5,10,3,0.7000000000000001,0.30000000000000004
359,24,ORD-UNION,0,0,0,192,15,28,5,5,10,3,0.7000000000000001,0.30000000000000004
360,1,CARD,7,11,24,1,66,28,5,5,10,3,0.7000000000000001,0.30000000000000004
361,1,CLF_UNION,15,18,65,1,65,28,5,5,10,3,0.7000000000000001,0.30000000000000004
362,1,ORD-UNION,0,0,0,1,0,28,5,5,10,3,0.7000000000000001,0.30000000000000004
363,1,CARD,9,3,21,1,69,28,5,5,10,3,0.7000000000000001,0.30000000000000004
364,1,CLF_UNION,27,10,67,1,67,28,5,5,10,3,0.7000000000000001,0.30000000000000004
365,1,ORD-UNION,0,0,0,1,0,28,5,5,10,3,0.7000000000000001,0.30000000000000004
366,1,CARD,6,6,24,1,66,28,5,5,10,3,0.7000000000000001,0.30000000000000004
367,1,CLF_UNION,9,9,64,1,64,28,5,5,10,3,0.7000000000000001,0.30000000000000004
368,1,ORD-UNION,0,0,0,1,0,28,5,5,10,3,0.7000000000000001,0.30000000000000004
369,1,CARD,5,11,21,1,69,28,5,5,10,3,0.7000000000000001,0.30000000000000004
370,1,CLF_UNION,26,21,71,1,71,28,5,5,10,3,0.7000000000000001,0.30000000000000004
371,1,ORD-UNION,0,0,0,1,0,28,5,5,10,3,0.7000000000000001,0.30000000000000004
372,1,CARD,6,11,25,1,65,28,5,5,10,3,0.7000000000000001,0.30000000000000004
373,1,CLF_UNION,24,14,64,1,64,28,5,5,10,3,0.7000000000000001,0.30000000000000004
374,1,ORD-UNION,0,0,0,1,0,28,5,5,10,3,0.7000000000000001,0.30000000000000004
375,2,CARD,10,16,36,2,54,28,5,5,10,3,0.7000000000000001,0.30000000000000004
376,2,CLF_UNION,19,26,68,2,68,28,5,5,10,3,0.7000000000000001,0.30000000000000004
377,2,ORD-UNION,0,0,0,2,0,28,5,5,10,3,0.7000000000000001,0.30000000000000004
378,2,CARD,13,12,35,2,55,28,5,5,10,3,0.7000000000000001,0.30000000000000004
379,2,CLF_UNION,21,21,67,2,67,28,5,5,10,3,0.7000000000000001,0.30000000000000004
380,2,ORD-UNION,0,0,0,2,0,28,5,5,10,3,0.7000000000000001,0.30000000000000004
381,2,CARD,14,10,34,2,55,28,5,5,10,3,0.7000000000000001,0.30000000000000004
382,2,CLF_UNION,23,12,60,2,61,28,5,5,10,3,0.7000000000000001,0.30000000000000004
383,2,ORD-UNION,0,0,0,2,1,28,5,5,10,3,0.7000000000000001,0.30000000000000004
384,2,CARD,9,15,35,2,55,28,5,5,10,3,0.7000000000000001,0.30000000000000004
385,2,CLF_UNION,18,27,69,2,69,28,5,5,10,3,0.7000000000000001,0.30000000000000004
386,2,ORD-UNION,0,0,0,2,0,28,5,5,10,3,0.7000000000000001,0.30000000000000004
387,2,CARD,8,8,35,2,55,28,5,5,10,3,0.7000000000000001,0.30000000000000004
388,2,CLF_UNION,17,20,76,2,76,28,5,5,10,3,0.7000000000000001,0.30000000000000004
389,2,ORD-UNION,0,0,0,2,0,28,5,5,10,3,0.7000000000000001,0.30000000000000004
390,3,CARD,5,4,32,5,58,28,5,5,10,3,0.7000000000000001,0.30000000000000004
391,3,CLF_UNION,0,9,59,5,59,28,5,5,10,3,0.7000000000000001,0.30000000000000004
392,3,ORD-UNION,0,0,0,5,0,28,5,5,10,3,0.7000000000000001,0.30000000000000004
393,3,CARD,13,8,41,5,49,28,5,5,10,3,0.7000000000000001,0.30000000000000004
394,3,CLF_UNION,17,7,57,5,57,28,5,5,10,3,0.7000000000000001,0.30000000000000004
395,3,ORD-UNION,0,0,0,5,0,28,5,5,10,3,0.7000000000000001,0.30000000000000004
396,3,CARD,17,14,40,5,49,28,5,5,10,3,0.7000000000000001,0.30000000000000004
397,3,CLF_UNION,22,13,55,5,56,28,5,5,10,3,0.7000000000000001,0.30000000000000004
398,3,ORD-UNION,0,0,0,5,1,28,5,5,10,3,0.7000000000000001,0.30000000000000004
399,3,CARD,11,10,40,5,50,28,5,5,10,3,0.7000000000000001,0.30000000000000004
400,3,CLF_UNION,12,14,59,5,59,28,5,5,10,3,0.7000000000000001,0.30000000000000004
401,3,ORD-UNION,0,0,0,5,0,28,5,5,10,3,0.7000000000000001,0.30000000000000004
402,3,CARD,9,19,37,5,52,28,5,5,10,3,0.7000000000000001,0.30000000000000004
403,3,CLF_UNION,14,18,55,5,56,28,5,5,10,3,0.7000000000000001,0.30000000000000004
404,3,ORD-UNION,0,0,0,5,1,28,5,5,10,3,0.7000000000000001,0.30000000000000004
405,4,CARD,9,6,41,9,48,28,5,5,10,3,0.7000000000000001,0.30000000000000004
406,4,CLF_UNION,7,8,55,9,56,28,5,5,10,3,0.7000000000000001,0.30000000000000004
407,4,ORD-UNION,0,0,0,9,1,28,5,5,10,3,0.7000000000000001,0.30000000000000004
408,4,CARD,8,0,42,9,48,28,5,5,10,3,0.7000000000000001,0.30000000000000004
409,4,CLF_UNION,9,0,55,9,55,28,5,5,10,3,0.7000000000000001,0.30000000000000004
410,4,ORD-UNION,0,0,0,9,0,28,5,5,10,3,0.7000000000000001,0.30000000000000004
411,4,CARD,17,11,39,9,48,28,5,5,10,3,0.7000000000000001,0.30000000000000004
412,4,CLF_UNION,21,9,52,9,55,28,5,5,10,3,0.7000000000000001,0.30000000000000004
413,4,ORD-UNION,0,0,0,9,3,28,5,5,10,3,0.7000000000000001,0.30000000000000004
414,4,CARD,10,6,42,9,48,28,5,5,10,3,0.7000000000000001,0.30000000000000004
415,4,CLF_UNION,3,14,57,9,57,28,5,5,10,3,0.7000000000000001,0.30000000000000004
416,4,ORD-UNION,0,0,0,9,0,28,5,5,10,3,0.7000000000000001,0.30000000000000004
417,4,CARD,21,12,40,9,49,28,5,5,10,3,0.7000000000000001,0.30000000000000004
418,4,CLF_UNION,22,12,54,9,55,28,5,5,10,3,0.7000000000000001,0.30000000000000004
419,4,ORD-UNION,0,0,0,9,1,28,5,5,10,3,0.7000000000000001,0.30000000000000004
420,5,CARD,11,6,38,13,46,28,5,5,10,3,0.7000000000000001,0.30000000000000004
421,5,CLF_UNION,13,5,49,13,55,28,5,5,10,3,0.7000000000000001,0.30000000000000004
422,5,ORD-UNION,0,0,0,13,6,28,5,5,10,3,0.7000000000000001,0.30000000000000004
423,5,CARD,13,16,41,13,48,28,5,5,10,3,0.7000000000000001,0.30000000000000004
424,5,CLF_UNION,14,18,54,13,55,28,5,5,10,3,0.7000000000000001,0.30000000000000004
425,5,ORD-UNION,0,0,0,13,1,28,5,5,10,3,0.7000000000000001,0.30000000000000004
426,5,CARD,19,9,38,13,49,28,5,5,10,3,0.7000000000000001,0.30000000000000004
427,5,CLF_UNION,18,12,52,13,55,28,5,5,10,3,0.7000000000000001,0.30000000000000004
428,5,ORD-UNION,0,0,0,13,3,28,5,5,10,3,0.7000000000000001,0.30000000000000004
429,5,CARD,20,8,41,13,49,28,5,5,10,3,0.7000000000000001,0.30000000000000004
430,5,CLF_UNION,24,5,55,13,55,28,5,5,10,3,0.7000000000000001,0.30000000000000004
431,5,ORD-UNION,0,0,0,13,0,28,5,5,10,3,0.7000000000000001,0.30000000000000004
432,5,CARD,14,9,35,13,50,28,5,5,10,3,0.7000000000000001,0.30000000000000004
433,5,CLF_UNION,14,10,50,13,55,28,5,5,10,3,0.7000000000000001,0.30000000000000004
434,5,ORD-UNION,0,0,0,13,5,28,5,5,10,3,0.7000000000000001,0.30000000000000004
435,6,CARD,8,15,38,17,50,28,5,5,10,3,0.7000000000000001,0.30000000000000004
436,6,CLF_UNION,11,14,53,17,55,28,5,5,10,3,0.7000000000000001,0.30000000000000004
437,6,ORD-UNION,0,0,0,17,2,28,5,5,10,3,0.7000000000000001,0.30000000000000004
438,6,CARD,17,2,39,17,51,28,5,5,10,3,0.7000000000000001,0.30000000000000004
439,6,CLF_UNION,17,4,55,17,55,28,5,5,10,3,0.7000000000000001,0.30000000000000004
440,6,ORD-UNION,0,0,0,17,0,28,5,5,10,3,0.7000000000000001,0.30000000000000004
441,6,CARD,10,1,30,17,58,28,5,5,10,3,0.7000000000000001,0.30000000000000004
442,6,CLF_UNION,14,1,53,17,55,28,5,5,10,3,0.7000000000000001,0.30000000000000004
443,6,ORD-UNION,0,0,0,17,2,28,5,5,10,3,0.7000000000000001,0.30000000000000004
444,6,CARD,17,7,38,17,51,28,5,5,10,3,0.7000000000000001,0.30000000000000004
445,6,CLF_UNION,18,10,54,17,55,28,5,5,10,3,0.7000000000000001,0.30000000000000004
446,6,ORD-UNION,0,0,0,17,1,28,5,5,10,3,0.7000000000000001,0.30000000000000004
447,6,CARD,15,9,33,17,52,28,5,5,10,3,0.7000000000000001,0.30000000000000004
448,6,CLF_UNION,16,12,50,17,55,28,5,5,10,3,0.7000000000000001,0.30000000000000004
449,6,ORD-UNION,0,0,0,17,5,28,5,5,10,3,0.7000000000000001,0.30000000000000004
450,7,CARD,11,10,41,23,49,28,5,5,10,3,0.7000000000000001,0.30000000000000004
451,7,CLF_UNION,8,13,55,23,55,28,5,5,10,3,0.7000000000000001,0.30000000000000004
452,7,ORD-UNION,0,0,0,23,0,28,5,5,10,3,0.7000000000000001,0.30000000000000004
453,7,CARD,28,1,44,23,46,28,5,5,10,3,0.7000000000000001,0.30000000000000004
454,7,CLF_UNION,29,0,55,23,55,28,5,5,10,3,0.7000000000000001,0.30000000000000004
455,7,ORD-UNION,0,0,0,23,0,28,5,5,10,3,0.7000000000000001,0.30000000000000004
456,7,CARD,14,4,34,23,56,28,5,5,10,3,0.7000000000000001,0.30000000000000004
457,7,CLF_UNION,8,15,56,23,56,28,5,5,10,3,0.7000000000000001,0.30000000000000004
458,7,ORD-UNION,0,0,0,23,0,28,5,5,10,3,0.7000000000000001,0.30000000000000004
459,7,CARD,18,10,37,23,52,28,5,5,10,3,0.7000000000000001,0.30000000000000004
460,7,CLF_UNION,20,12,55,23,56,28,5,5,10,3,0.7000000000000001,0.30000000000000004
461,7,ORD-UNION,0,0,0,23,1,28,5,5,10,3,0.7000000000000001,0.30000000000000004
462,7,CARD,23,6,38,23,49,28,5,5,10,3,0.7000000000000001,0.30000000000000004
463,7,CLF_UNION,25,7,53,23,56,28,5,5,10,3,0.7000000000000001,0.30000000000000004
464,7,ORD-UNION,0,0,0,23,3,28,5,5,10,3,0.7000000000000001,0.30000000000000004
465,8,CARD,10,7,35,28,54,28,5,5,10,3,0.7000000000000001,0.30000000000000004
466,8,CLF_UNION,10,13,55,28,56,28,5,5,10,3,0.7000000000000001,0.30000000000000004
467,8,ORD-UNION,0,0,0,28,1,28,5,5,10,3,0.7000000000000001,0.30000000000000004
468,8,CARD,18,10,36,28,51,28,5,5,10,3,0.7000000000000001,0.30000000000000004
469,8,CLF_UNION,26,4,52,28,55,28,5,5,10,3,0.7000000000000001,0.30000000000000004
470,8,ORD-UNION,0,0,0,28,3,28,5,5,10,3,0.7000000000000001,0.30000000000000004
471,8,CARD,9,9,29,28,56,28,5,5,10,3,0.7000000000000001,0.30000000000000004
472,8,CLF_UNION,18,8,50,28,55,28,5,5,10,3,0.7000000000000001,0.30000000000000004
473,8,ORD-UNION,0,0,0,28,5,28,5,5,10,3,0.7000000000000001,0.30000000000000004
474,8,CARD,11,13,36,28,49,28,5,5,10,3,0.7000000000000001,0.30000000000000004
475,8,CLF_UNION,18,6,51,28,56,28,5,5,10,3,0.7000000000000001,0.30000000000000004
476,8,ORD-UNION,0,0,0,28,5,28,5,5,10,3,0.7000000000000001,0.30000000000000004
477,8,CARD,16,14,38,28,49,28,5,5,10,3,0.7000000000000001,0.30000000000000004
478,8,CLF_UNION,27,6,52,28,55,28,5,5,10,3,0.7000000000000001,0.30000000000000004
479,8,ORD-UNION,0,0,0,28,3,28,5,5,10,3,0.7000000000000001,0.30000000000000004
480,9,CARD,8,17,35,33,50,28,5,5,10,3,0.7000000000000001,0.30000000000000004
481,9,CLF_UNION,10,18,51,33,56,28,5,5,10,3,0.7000000000000001,0.30000000000000004
482,9,ORD-UNION,0,0,0,33,5,28,5,5,10,3,0.7000000000000001,0.30000000000000004
483,9,CARD,18,9,42,33,48,28,5,5,10,3,0.7000000000000001,0.30000000000000004
484,9,CLF_UNION,19,10,55,33,55,28,5,5,10,3,0.7000000000000001,0.30000000000000004
485,9,ORD-UNION,0,0,0,33,0,28,5,5,10,3,0.7000000000000001,0.30000000000000004
486,9,CARD,17,3,33,33,52,28,5,5,10,3,0.7000000000000001,0.30000000000000004
487,9,CLF_UNION,20,4,50,33,55,28,5,5,10,3,0.7000000000000001,0.30000000000000004
488,9,ORD-UNION,0,0,0,33,5,28,5,5,10,3,0.7000000000000001,0.30000000000000004
489,9,CARD,10,12,33,33,49,28,5,5,10,3,0.7000000000000001,0.30000000000000004
490,9,CLF_UNION,12,12,47,33,55,28,5,5,10,3,0.7000000000000001,0.30000000000000004
491,9,ORD-UNION,0,0,0,33,8,28,5,5,10,3,0.7000000000000001,0.30000000000000004
492,9,CARD,11,7,34,33,53,28,5,5,10,3,0.7000000000000001,0.30000000000000004
493,9,CLF_UNION,11,9,52,33,55,28,5,5,10,3,0.7000000000000001,0.30000000000000004
494,9,ORD-UNION,0,0,0,33,3,28,5,5,10,3,0.7000000000000001,0.30000000000000004
495,10,CARD,9,9,31,41,55,28,5,5,10,3,0.7000000000000001,0.30000000000000004
496,10,CLF_UNION,12,11,51,41,55,28,5,5,10,3,0.7000000000000001,0.30000000000000004
497,10,ORD-UNION,0,0,0,41,4,28,5,5,10,3,0.7000000000000001,0.30000000000000004
498,10,CARD,4,9,31,41,52,28,5,5,10,3,0.7000000000000001,0.30000000000000004
499,10,CLF_UNION,8,8,49,41,56,28,5,5,10,3,0.7000000000000001,0.30000000000000004
500,10,ORD-UNION,0,0,0,41,7,28,5,5,10,3,0.7000000000000001,0.30000000000000004
501,10,CARD,8,12,35,41,52,28,5,5,10,3,0.7000000000000001,0.30000000000000004
502,10,CLF_UNION,13,11,52,41,55,28,5,5,10,3,0.7000000000000001,0.30000000000000004
503,10,ORD-UNION,0,0,0,41,3,28,5,5,10,3,0.7000000000000001,0.30000000000000004
504,10,CARD,6,12,37,41,53,28,5,5,10,3,0.7000000000000001,0.30000000000000004
505,10,CLF_UNION,9,14,55,41,55,28,5,5,10,3,0.7000000000000001,0.30000000000000004
506,10,ORD-UNION,0,0,0,41,0,28,5,5,10,3,0.7000000000000001,0.30000000000000004
507,10,CARD,12,3,27,41,51,28,5,5,10,3,0.7000000000000001,0.30000000000000004
508,10,CLF_UNION,15,2,43,41,55,28,5,5,10,3,0.7000000000000001,0.30000000000000004
509,10,ORD-UNION,0,0,0,41,12,28,5,5,10,3,0.7000000000000001,0.30000000000000004
510,11,CARD,20,2,32,49,49,28,5,5,10,3,0.7000000000000001,0.30000000000000004
511,11,CLF_UNION,19,5,46,49,55,28,5,5,10,3,0.7000000000000001,0.30000000000000004
512,11,ORD-UNION,0,0,0,49,9,28,5,5,10,3,0.7000000000000001,0.30000000000000004
513,11,CARD,11,1,34,49,51,28,5,5,10,3,0.7000000000000001,0.30000000000000004
514,11,CLF_UNION,12,0,50,49,55,28,5,5,10,3,0.7000000000000001,0.30000000000000004
515,11,ORD-UNION,0,0,0,49,5,28,5,5,10,3,0.7000000000000001,0.30000000000000004
516,11,CARD,15,4,37,49,51,28,5,5,10,3,0.7000000000000001,0.30000000000000004
517,11,CLF_UNION,19,0,53,49,55,28,5,5,10,3,0.7000000000000001,0.30000000000000004
518,11,ORD-UNION,0,0,0,49,2,28,5,5,10,3,0.7000000000000001,0.30000000000000004
519,11,CARD,18,6,37,49,50,28,5,5,10,3,0.7000000000000001,0.30000000000000004
520,11,CLF_UNION,20,6,53,49,56,28,5,5,10,3,0.7000000000000001,0.30000000000000004
521,11,ORD-UNION,0,0,0,49,3,28,5,5,10,3,0.7000000000000001,0.30000000000000004
522,11,CARD,9,14,33,49,55,28,5,5,10,3,0.7000000000000001,0.30000000000000004
523,11,CLF_UNION,9,18,53,49,55,28,5,5,10,3,0.7000000000000001,0.30000000000000004
524,11,ORD-UNION,0,0,0,49,2,28,5,5,10,3,0.7000000000000001,0.30000000000000004
525,12,CARD,18,6,40,56,49,28,5,5,10,3,0.7000000000000001,0.30000000000000004
526,12,CLF_UNION,16,11,54,56,55,28,5,5,10,3,0.7000000000000001,0.30000000000000004
527,12,ORD-UNION,0,0,0,56,1,28,5,5,10,3,0.7000000000000001,0.30000000000000004
528,12,CARD,20,6,38,56,46,28,5,5,10,3,0.7000000000000001,0.30000000000000004
529,12,CLF_UNION,22,5,49,56,55,28,5,5,10,3,0.7000000000000001,0.30000000000000004
530,12,ORD-UNION,0,0,0,56,6,28,5,5,10,3,0.7000000000000001,0.30000000000000004
531,12,CARD,19,4,34,56,50,28,5,5,10,3,0.7000000000000001,0.30000000000000004
532,12,CLF_UNION,22,6,50,56,56,28,5,5,10,3,0.7000000000000001,0.30000000000000004
533,12,ORD-UNION,0,0,0,56,6,28,5,5,10,3,0.7000000000000001,0.30000000000000004
534,12,CARD,15,11,37,56,50,28,5,5,10,3,0.7000000000000001,0.30000000000000004
535,12,CLF_UNION,16,13,52,56,55,28,5,5,10,3,0.7000000000000001,0.30000000000000004
536,12,ORD-UNION,0,0,0,56,3,28,5,5,10,3,0.7000000000000001,0.30000000000000004
537,12,CARD,17,8,37,56,48,28,5,5,10,3,0.7000000000000001,0.30000000000000004
538,12,CLF_UNION,22,5,50,56,55,28,5,5,10,3,0.7000000000000001,0.30000000000000004
539,12,ORD-UNION,0,0,0,56,5,28,5,5,10,3,0.7000000000000001,0.30000000000000004
540,13,CARD,12,4,30,63,52,28,5,5,10,3,0.7000000000000001,0.30000000000000004
541,13,CLF_UNION,18,3,47,63,55,28,5,5,10,3,0.7000000000000001,0.30000000000000004
542,13,ORD-UNION,0,0,0,63,8,28,5,5,10,3,0.7000000000000001,0.30000000000000004
543,13,CARD,14,3,23,63,54,28,5,5,10,3,0.7000000000000001,0.30000000000000004
544,13,CLF_UNION,16,6,43,63,56,28,5,5,10,3,0.7000000000000001,0.30000000000000004
545,13,ORD-UNION,0,0,0,63,13,28,5,5,10,3,0.7000000000000001,0.30000000000000004
546,13,CARD,4,10,25,63,56,28,5,5,10,3,0.7000000000000001,0.30000000000000004
547,13,CLF_UNION,5,14,47,63,56,28,5,5,10,3,0.7000000000000001,0.30000000000000004
548,13,ORD-UNION,0,0,0,63,9,28,5,5,10,3,0.7000000000000001,0.30000000000000004
549,13,CARD,10,7,24,63,51,28,5,5,10,3,0.7000000000000001,0.30000000000000004
550,13,CLF_UNION,11,6,42,63,57,28,5,5,10,3,0.7000000000000001,0.30000000000000004
551,13,ORD-UNION,0,0,0,63,15,28,5,5,10,3,0.7000000000000001,0.30000000000000004
552,13,CARD,11,9,32,63,55,28,5,5,10,3,0.7000000000000001,0.30000000000000004
553,13,CLF_UNION,11,13,52,63,55,28,5,5,10,3,0.7000000000000001,0.30000000000000004
554,13,ORD-UNION,0,0,0,63,3,28,5,5,10,3,0.7000000000000001,0.30000000000000004
555,14,CARD,3,13,37,70,52,28,5,5,10,3,0.7000000000000001,0.30000000000000004
556,14,CLF_UNION,9,11,54,70,55,28,5,5,10,3,0.7000000000000001,0.30000000000000004
557,14,ORD-UNION,0,0,0,70,1,28,5,5,10,3,0.7000000000000001,0.30000000000000004
558,14,CARD,16,6,31,70,52,28,5,5,10,3,0.7000000000000001,0.30000000000000004
559,14,CLF_UNION,21,4,48,70,55,28,5,5,10,3,0.7000000000000001,0.30000000000000004
560,14,ORD-UNION,0,0,0,70,7,28,5,5,10,3,0.7000000000000001,0.30000000000000004
561,14,CARD,12,6,29,70,52,28,5,5,10,3,0.7000000000000001,0.30000000000000004
562,14,CLF_UNION,13,5,46,70,55,28,5,5,10,3,0.7000000000000001,0.30000000000000004
563,14,ORD-UNION,0,0,0,70,9,28,5,5,10,3,0.7000000000000001,0.30000000000000004
564,14,CARD,17,5,29,70,55,28,5,5,10,3,0.7000000000000001,0.30000000000000004
565,14,CLF_UNION,17,10,50,70,56,28,5,5,10,3,0.7000000000000001,0.30000000000000004
566,14,ORD-UNION,0,0,0,70,6,28,5,5,10,3,0.7000000000000001,0.30000000000000004
567,14,CARD,19,0,35,70,53,28,5,5,10,3,0.7000000000000001,0.30000000000000004
568,14,CLF_UNION,19,0,53,70,55,28,5,5,10,3,0.7000000000000001,0.30000000000000004
569,14,ORD-UNION,0,0,0,70,2,28,5,5,10,3,0.7000000000000001,0.30000000000000004
570,15,CARD,19,4,28,81,54,28,5,5,10,3,0.7000000000000001,0.30000000000000004
571,15,CLF_UNION,20,5,47,81,55,28,5,5,10,3,0.7000000000000001,0.30000000000000004
572,15,ORD-UNION,0,0,0,81,8,28,5,5,10,3,0.7000000000000001,0.30000000000000004
573,15,CARD,14,2,22,81,51,28,5,5,10,3,0.7000000000000001,0.30000000000000004
574,15,CLF_UNION,13,5,38,81,55,28,5,5,10,3,0.7000000000000001,0.30000000000000004
575,15,ORD-UNION,0,0,0,81,17,28,5,5,10,3,0.7000000000000001,0.30000000000000004
576,15,CARD,10,0,20,81,56,28,5,5,10,3,0.7000000000000001,0.30000000000000004
577,15,CLF_UNION,8,6,41,81,55,28,5,5,10,3,0.7000000000000001,0.30000000000000004
578,15,ORD-UNION,0,0,0,81,14,28,5,5,10,3,0.7000000000000001,0.30000000000000004
579,15,CARD,13,0,17,81,61,28,5,5,10,3,0.7000000000000001,0.30000000000000004
580,15,CLF_UNION,11,6,43,81,55,28,5,5,10,3,0.7000000000000001,0.30000000000000004
581,15,ORD-UNION,0,0,0,81,12,28,5,5,10,3,0.7000000000000001,0.30000000000000004
582,15,CARD,6,7,17,81,51,28,5,5,10,3,0.7000000000000001,0.30000000000000004
583,15,CLF_UNION,8,6,34,81,56,28,5,5,10,3,0.7000000000000001,0.30000000000000004
584,15,ORD-UNION,0,0,0,81,22,28,5,5,10,3,0.7000000000000001,0.30000000000000004
585,16,CARD,8,4,21,89,52,28,5,5,10,3,0.7000000000000001,0.30000000000000004
586,16,CLF_UNION,13,3,40,89,57,28,5,5,10,3,0.7000000000000001,0.30000000000000004
587,16,ORD-UNION,0,0,0,89,17,28,5,5,10,3,0.7000000000000001,0.30000000000000004
588,16,CARD,13,6,26,89,55,28,5,5,10,3,0.7000000000000001,0.30000000000000004
589,16,CLF_UNION,14,9,46,89,55,28,5,5,10,3,0.7000000000000001,0.30000000000000004
590,16,ORD-UNION,0,0,0,89,9,28,5,5,10,3,0.7000000000000001,0.30000000000000004
591,16,CARD,8,2,18,89,57,28,5,5,10,3,0.7000000000000001,0.30000000000000004
592,16,CLF_UNION,11,5,43,89,58,28,5,5,10,3,0.7000000000000001,0.30000000000000004
593,16,ORD-UNION,0,0,0,89,15,28,5,5,10,3,0.7000000000000001,0.30000000000000004
594,16,CARD,17,5,29,89,61,28,5,5,10,3,0.7000000000000001,0.30000000000000004
595,16,CLF_UNION,18,10,55,89,55,28,5,5,10,3,0.7000000000000001,0.30000000000000004
596,16,ORD-UNION,0,0,0,89,0,28,5,5,10,3,0.7000000000000001,0.30000000000000004
597,16,CARD,16,8,36,89,49,28,5,5,10,3,0.7000000000000001,0.30000000000000004
598,16,CLF_UNION,20,8,51,89,56,28,5,5,10,3,0.7000000000000001,0.30000000000000004
599,16,ORD-UNION,0,0,0,89,5,28,5,5,10,3,0.7000000000000001,0.30000000000000004
600,17,CARD,7,5,15,101,61,28,5,5,10,3,0.7000000000000001,0.30000000000000004
601,17,CLF_UNION,13,8,42,101,56,28,5,5,10,3,0.7000000000000001,0.30000000000000004
602,17,ORD-UNION,0,0,0,101,14,28,5,5,10,3,0.7000000000000001,0.30000000000000004
603,17,CARD,9,8,27,101,51,28,5,5,10,3,0.7000000000000001,0.30000000000000004
604,17,CLF_UNION,11,9,43,101,55,28,5,5,10,3,0.7000000000000001,0.30000000000000004
605,17,ORD-UNION,0,0,0,101,12,28,5,5,10,3,0.7000000000000001,0.30000000000000004
606,17,CARD,5,5,23,101,61,28,5,5,10,3,0.7000000000000001,0.30000000000000004
607,17,CLF_UNION,14,8,50,101,56,28,5,5,10,3,0.7000000000000001,0.30000000000000004
608,17,ORD-UNION,0,0,0,101,6,28,5,5,10,3,0.7000000000000001,0.30000000000000004
609,17,CARD,7,5,26,101,58,28,5,5,10,3,0.7000000000000001,0.30000000000000004
610,17,CLF_UNION,13,9,51,101,57,28,5,5,10,3,0.7000000000000001,0.30000000000000004
611,17,ORD-UNION,0,0,0,101,6,28,5,5,10,3,0.7000000000000001,0.30000000000000004
612,17,CARD,7,10,24,101,51,28,5,5,10,3,0.7000000000000001,0.30000000000000004
613,17,CLF_UNION,11,7,42,101,57,28,5,5,10,3,0.7000000000000001,0.30000000000000004
614,17,ORD-UNION,0,0,0,101,15,28,5,5,10,3,0.7000000000000001,0.30000000000000004
615,18,CARD,12,2,29,110,52,28,5,5,10,3,0.7000000000000001,0.30000000000000004
616,18,CLF_UNION,12,2,46,110,55,28,5,5,10,3,0.7000000000000001,0.30000000000000004
617,18,ORD-UNION,0,0,0,110,9,28,5,5,10,3,0.7000000000000001,0.30000000000000004
618,18,CARD,8,2,35,110,49,28,5,5,10,3,0.7000000000000001,0.30000000000000004
619,18,CLF_UNION,8,2,50,110,56,28,5,5,10,3,0.7000000000000001,0.30000000000000004
620,18,ORD-UNION,0,0,0,110,6,28,5,5,10,3,0.7000000000000001,0.30000000000000004
621,18,CARD,12,6,27,110,50,28,5,5,10,3,0.7000000000000001,0.30000000000000004
622,18,CLF_UNION,13,7,43,110,56,28,5,5,10,3,0.7000000000000001,0.30000000000000004
623,18,ORD-UNION,0,0,0,110,13,28,5,5,10,3,0.7000000000000001,0.30000000000000004
624,18,CARD,14,1,24,110,58,28,5,5,10,3,0.7000000000000001,0.30000000000000004
625,18,CLF_UNION,13,6,49,110,57,28,5,5,10,3,0.7000000000000001,0.30000000000000004
626,18,ORD-UNION,0,0,0,110,8,28,5,5,10,3,0.7000000000000001,0.30000000000000004
627,18,CARD,14,3,25,110,54,28,5,5,10,3,0.7000000000000001,0.30000000000000004
628,18,CLF_UNION,14,6,47,110,58,28,5,5,10,3,0.7000000000000001,0.30000000000000004
629,18,ORD-UNION,0,0,0,110,11,28,5,5,10,3,0.7000000000000001,0.30000000000000004
630,19,CARD,13,7,27,128,51,28,5,5,10,3,0.7000000000000001,0.30000000000000004
631,19,CLF_UNION,13,7,43,128,55,28,5,5,10,3,0.7000000000000001,0.30000000000000004
632,19,ORD-UNION,0,0,0,128,12,28,5,5,10,3,0.7000000000000001,0.30000000000000004
633,19,CARD,18,8,35,128,48,28,5,5,10,3,0.7000000000000001,0.30000000000000004
634,19,CLF_UNION,18,8,48,128,55,28,5,5,10,3,0.7000000000000001,0.30000000000000004
635,19,ORD-UNION,0,0,0,128,7,28,5,5,10,3,0.7000000000000001,0.30000000000000004
636,19,CARD,11,4,27,128,54,28,5,5,10,3,0.7000000000000001,0.30000000000000004
637,19,CLF_UNION,11,4,46,128,55,28,5,5,10,3,0.7000000000000001,0.30000000000000004
638,19,ORD-UNION,0,0,0,128,9,28,5,5,10,3,0.7000000000000001,0.30000000000000004
639,19,CARD,15,7,35,128,52,28,5,5,10,3,0.7000000000000001,0.30000000000000004
640,19,CLF_UNION,15,11,52,128,55,28,5,5,10,3,0.7000000000000001,0.30000000000000004
641,19,ORD-UNION,0,0,0,128,3,28,5,5,10,3,0.7000000000000001,0.30000000000000004
642,19,CARD,3,11,17,128,54,28,5,5,10,3,0.7000000000000001,0.30000000000000004
643,19,CLF_UNION,4,10,36,128,55,28,5,5,10,3,0.7000000000000001,0.30000000000000004
644,19,ORD-UNION,0,0,0,128,19,28,5,5,10,3,0.7000000000000001,0.30000000000000004
645,20,CARD,11,6,27,138,51,28,5,5,10,3,0.7000000000000001,0.30000000000000004
646,20,CLF_UNION,12,8,43,138,55,28,5,5,10,3,0.7000000000000001,0.30000000000000004
647,20,ORD-UNION,0,0,0,138,12,28,5,5,10,3,0.7000000000000001,0.30000000000000004
648,20,CARD,16,4,30,138,52,28,5,5,10,3,0.7000000000000001,0.30000000000000004
649,20,CLF_UNION,19,6,47,138,55,28,5,5,10,3,0.7000000000000001,0.30000000000000004
650,20,ORD-UNION,0,0,0,138,8,28,5,5,10,3,0.7000000000000001,0.30000000000000004
651,20,CARD,9,4,20,138,52,28,5,5,10,3,0.7000000000000001,0.30000000000000004
652,20,CLF_UNION,13,4,37,138,55,28,5,5,10,3,0.7000000000000001,0.30000000000000004
653,20,ORD-UNION,0,0,0,138,18,28,5,5,10,3,0.7000000000000001,0.30000000000000004
654,20,CARD,2,0,6,138,57,28,5,5,10,3,0.7000000000000001,0.30000000000000004
655,20,CLF_UNION,4,1,28,138,55,28,5,5,10,3,0.7000000000000001,0.30000000000000004
656,20,ORD-UNION,0,0,0,138,27,28,5,5,10,3,0.7000000000000001,0.30000000000000004
657,20,CARD,6,1,14,138,57,28,5,5,10,3,0.7000000000000001,0.30000000000000004
658,20,CLF_UNION,10,0,38,138,57,28,5,5,10,3,0.7000000000000001,0.30000000000000004
659,20,ORD-UNION,0,0,0,138,19,28,5,5,10,3,0.7000000000000001,0.30000000000000004
660,21,CARD,17,3,28,153,49,28,5,5,10,3,0.7000000000000001,0.30000000000000004
661,21,CLF_UNION,15,5,43,153,56,28,5,5,10,3,0.7000000000000001,0.30000000000000004
662,21,ORD-UNION,0,0,0,153,13,28,5,5,10,3,0.7000000000000001,0.30000000000000004
663,21,CARD,17,1,27,153,54,28,5,5,10,3,0.7000000000000001,0.30000000000000004
664,21,CLF_UNION,11,7,48,153,57,28,5,5,10,3,0.7000000000000001,0.30000000000000004
665,21,ORD-UNION,0,0,0,153,9,28,5,5,10,3,0.7000000000000001,0.30000000000000004
666,21,CARD,6,0,19,153,60,28,5,5,10,3,0.7000000000000001,0.30000000000000004
667,21,CLF_UNION,5,1,46,153,57,28,5,5,10,3,0.7000000000000001,0.30000000000000004
668,21,ORD-UNION,0,0,0,153,11,28,5,5,10,3,0.7000000000000001,0.30000000000000004
669,21,CARD,3,2,9,153,54,28,5,5,10,3,0.7000000000000001,0.30000000000000004
670,21,CLF_UNION,4,1,29,153,56,28,5,5,10,3,0.7000000000000001,0.30000000000000004
671,21,ORD-UNION,0,0,0,153,27,28,5,5,10,3,0.7000000000000001,0.30000000000000004
672,21,CARD,10,0,17,153,66,28,5,5,10,3,0.7000000000000001,0.30000000000000004
673,21,CLF_UNION,9,1,50,153,57,28,5,5,10,3,0.7000000000000001,0.30000000000000004
674,21,ORD-UNION,0,0,0,153,7,28,5,5,10,3,0.7000000000000001,0.30000000000000004
675,22,CARD,12,1,17,164,54,28,5,5,10,3,0.7000000000000001,0.30000000000000004
676,22,CLF_UNION,12,1,36,164,55,28,5,5,10,3,0.7000000000000001,0.30000000000000004
677,22,ORD-UNION,0,0,0,164,19,28,5,5,10,3,0.7000000000000001,0.30000000000000004
678,22,CARD,9,0,14,164,55,28,5,5,10,3,0.7000000000000001,0.30000000000000004
679,22,CLF_UNION,10,2,35,164,56,28,5,5,10,3,0.7000000000000001,0.30000000000000004
680,22,ORD-UNION,0,0,0,164,21,28,5,5,10,3,0.7000000000000001,0.30000000000000004
681,22,CARD,14,1,19,164,57,28,5,5,10,3,0.7000000000000001,0.30000000000000004
682,22,CLF_UNION,17,1,41,164,55,28,5,5,10,3,0.7000000000000001,0.30000000000000004
683,22,ORD-UNION,0,0,0,164,14,28,5,5,10,3,0.7000000000000001,0.30000000000000004
684,22,CARD,10,0,14,164,54,28,5,5,10,3,0.7000000000000001,0.30000000000000004
685,22,CLF_UNION,13,0,33,164,55,28,5,5,10,3,0.7000000000000001,0.30000000000000004
686,22,ORD-UNION,0,0,0,164,22,28,5,5,10,3,0.7000000000000001,0.30000000000000004
687,22,CARD,5,2,16,164,53,28,5,5,10,3,0.7000000000000001,0.30000000000000004
688,22,CLF_UNION,8,0,35,164,56,28,5,5,10,3,0.7000000000000001,0.30000000000000004
689,22,ORD-UNION,0,0,0,164,21,28,5,5,10,3,0.7000000000000001,0.30000000000000004
690,23,CARD,3,5,9,175,58,28,5,5,10,3,0.7000000000000001,0.30000000000000004
691,23,CLF_UNION,6,2,33,175,56,28,5,5,10,3,0.7000000000000001,0.30000000000000004
692,23,ORD-UNION,0,0,0,175,23,28,5,5,10,3,0.7000000000000001,0.30000000000000004
693,23,CARD,3,1,11,175,66,28,5,5,10,3,0.7000000000000001,0.30000000000000004
694,23,CLF_UNION,4,0,44,175,57,28,5,5,10,3,0.7000000000000001,0.30000000000000004
695,23,ORD-UNION,0,0,0,175,13,28,5,5,10,3,0.7000000000000001,0.30000000000000004
696,23,CARD,5,7,17,175,56,28,5,5,10,3,0.7000000000000001,0.30000000000000004
697,23,CLF_UNION,11,1,39,175,56,28,5,5,10,3,0.7000000000000001,0.30000000000000004
698,23,ORD-UNION,0,0,0,175,17,28,5,5,10,3,0.7000000000000001,0.30000000000000004
699,23,CARD,10,4,17,175,54,28,5,5,10,3,0.7000000000000001,0.30000000000000004
700,23,CLF_UNION,14,0,37,175,56,28,5,5,10,3,0.7000000000000001,0.30000000000000004
701,23,ORD-UNION,0,0,0,175,19,28,5,5,10,3,0.7000000000000001,0.30000000000000004
702,23,CARD,4,5,14,175,61,28,5,5,10,3,0.7000000000000001,0.30000000000000004
703,23,CLF_UNION,11,1,40,175,55,28,5,5,10,3,0.7000000000000001,0.30000000000000004
704,23,ORD-UNION,0,0,0,175,15,28,5,5,10,3,0.7000000000000001,0.30000000000000004
705,24,CARD,4,12,17,186,61,28,5,5,10,3,0.7000000000000001,0.30000000000000004
706,24,CLF_UNION,13,3,46,186,58,28,5,5,10,3,0.7000000000000001,0.30000000000000004
707,24,ORD-UNION,0,0,0,186,12,28,5,5,10,3,0.7000000000000001,0.30000000000000004
708,24,CARD,6,7,23,186,52,28,5,5,10,3,0.7000000000000001,0.30000000000000004
709,24,CLF_UNION,10,4,40,186,55,28,5,5,10,3,0.7000000000000001,0.30000000000000004
710,24,ORD-UNION,0,0,0,186,15,28,5,5,10,3,0.7000000000000001,0.30000000000000004
711,24,CARD,0,0,0,186,73,28,5,5,10,3,0.7000000000000001,0.30000000000000004
712,24,CLF_UNION,0,0,40,186,57,28,5,5,10,3,0.7000000000000001,0.30000000000000004
713,24,ORD-UNION,0,0,0,186,17,28,5,5,10,3,0.7000000000000001,0.30000000000000004
714,24,CARD,0,0,0,186,61,28,5,5,10,3,0.7000000000000001,0.30000000000000004
715,24,CLF_UNION,0,0,29,186,58,28,5,5,10,3,0.7000000000000001,0.30000000000000004
716,24,ORD-UNION,0,0,0,186,29,28,5,5,10,3,0.7000000000000001,0.30000000000000004
717,24,CARD,11,7,23,186,56,28,5,5,10,3,0.7000000000000001,0.30000000000000004
718,24,CLF_UNION,15,3,45,186,56,28,5,5,10,3,0.7000000000000001,0.30000000000000004
719,24,ORD-UNION,0,0,0,186,11,28,5,5,10,3,0.7000000000000001,0.30000000000000004
720,1,CARD,16,0,24,1,66,28,5,5,10,3,0.7000000000000001,0.30000000000000004
721,1,CLF_UNION,25,13,73,1,73,28,5,5,10,3,0.7000000000000001,0.30000000000000004
722,1,ORD-UNION,0,0,0,1,0,28,5,5,10,3,0.7000000000000001,0.30000000000000004
723,1,CARD,10,4,24,1,66,28,5,5,10,3,0.7000000000000001,0.30000000000000004
724,1,CLF_UNION,22,11,69,1,69,28,5,5,10,3,0.7000000000000001,0.30000000000000004
725,1,ORD-UNION,0,0,0,1,0,28,5,5,10,3,0.7000000000000001,0.30000000000000004
726,1,CARD,20,0,24,1,66,28,5,5,10,3,0.7000000000000001,0.30000000000000004
727,1,CLF_UNION,32,14,77,1,77,28,5,5,10,3,0.7000000000000001,0.30000000000000004
728,1,ORD-UNION,0,0,0,1,0,28,5,5,10,3,0.7000000000000001,0.30000000000000004
729,1,CARD,13,4,25,1,65,28,5,5,10,3,0.7000000000000001,0.30000000000000004
730,1,CLF_UNION,27,20,77,1,77,28,5,5,10,3,0.7000000000000001,0.30000000000000004
731,1,ORD-UNION,0,0,0,1,0,28,5,5,10,3,0.7000000000000001,0.30000000000000004
732,1,CARD,10,6,25,1,65,28,5,5,10,3,0.7000000000000001,0.30000000000000004
733,1,CLF_UNION,20,20,67,1,67,28,5,5,10,3,0.7000000000000001,0.30000000000000004
734,1,ORD-UNION,0,0,0,1,0,28,5,5,10,3,0.7000000000000001,0.30000000000000004
735,2,CARD,26,1,35,3,55,28,5,5,10,3,0.7000000000000001,0.30000000000000004
736,2,CLF_UNION,26,11,65,3,65,28,5,5,10,3,0.7000000000000001,0.30000000000000004
737,2,ORD-UNION,0,0,0,3,0,28,5,5,10,3,0.7000000000000001,0.30000000000000004
738,2,CARD,9,15,33,3,57,28,5,5,10,3,0.7000000000000001,0.30000000000000004
739,2,CLF_UNION,5,29,67,3,67,28,5,5,10,3,0.7000000000000001,0.30000000000000004
740,2,ORD-UNION,0,0,0,3,0,28,5,5,10,3,0.7000000000000001,0.30000000000000004
741,2,CARD,11,12,37,3,53,28,5,5,10,3,0.7000000000000001,0.30000000000000004
742,2,CLF_UNION,13,20,63,3,63,28,5,5,10,3,0.7000000000000001,0.30000000000000004
743,2,ORD-UNION,0,0,0,3,0,28,5,5,10,3,0.7000000000000001,0.30000000000000004
744,2,CARD,14,12,37,3,53,28,5,5,10,3,0.7000000000000001,0.30000000000000004
745,2,CLF_UNION,17,19,63,3,63,28,5,5,10,3,0.7000000000000001,0.30000000000000004
746,2,ORD-UNION,0,0,0,3,0,28,5,5,10,3,0.7000000000000001,0.30000000000000004
747,2,CARD,19,5,35,3,55,28,5,5,10,3,0.7000000000000001,0.30000000000000004
748,2,CLF_UNION,28,12,65,3,65,28,5,5,10,3,0.7000000000000001,0.30000000000000004
749,2,ORD-UNION,0,0,0,3,0,28,5,5,10,3,0.7000000000000001,0.30000000000000004
750,3,CARD,26,1,39,5,50,28,5,5,10,3,0.7000000000000001,0.30000000000000004
751,3,CLF_UNION,25,8,63,5,64,28,5,5,10,3,0.7000000000000001,0.30000000000000004
752,3,ORD-UNION,0,0,0,5,1,28,5,5,10,3,0.7000000000000001,0.30000000000000004
753,3,CARD,24,1,40,5,49,28,5,5,10,3,0.7000000000000001,0.30000000000000004
754,3,CLF_UNION,20,14,62,5,63,28,5,5,10,3,0.7000000000000001,0.30000000000000004
755,3,ORD-UNION,0,0,0,5,1,28,5,5,10,3,0.7000000000000001,0.30000000000000004
756,3,CARD,23,4,41,5,49,28,5,5,10,3,0.7000000000000001,0.30000000000000004
757,3,CLF_UNION,19,18,62,5,62,28,5,5,10,3,0.7000000000000001,0.30000000000000004
758,3,ORD-UNION,0,0,0,5,0,28,5,5,10,3,0.7000000000000001,0.30000000000000004
759,3,CARD,17,1,40,5,49,28,5,5,10,3,0.7000000000000001,0.30000000000000004
760,3,CLF_UNION,17,7,62,5,63,28,5,5,10,3,0.7000000000000001,0.30000000000000004
761,3,ORD-UNION,0,0,0,5,1,28,5,5,10,3,0.7000000000000001,0.30000000000000004
762,3,CARD,21,1,39,5,51,28,5,5,10,3,0.7000000000000001,0.30000000000000004
763,3,CLF_UNION,19,10,63,5,63,28,5,5,10,3,0.7000000000000001,0.30000000000000004
764,3,ORD-UNION,0,0,0,5,0,28,5,5,10,3,0.7000000000000001,0.30000000000000004
765,4,CARD,30,2,44,8,46,28,5,5,10,3,0.7000000000000001,0.30000000000000004
766,4,CLF_UNION,21,13,57,8,57,28,5,5,10,3,0.7000000000000001,0.30000000000000004
767,4,ORD-UNION,0,0,0,8,0,28,5,5,10,3,0.7000000000000001,0.30000000000000004
768,4,CARD,25,3,40,8,50,28,5,5,10,3,0.7000000000000001,0.30000000000000004
769,4,CLF_UNION,19,10,56,8,56,28,5,5,10,3,0.7000000000000001,0.30000000000000004
770,4,ORD-UNION,0,0,0,8,0,28,5,5,10,3,0.7000000000000001,0.30000000000000004
771,4,CARD,30,1,43,8,47,28,5,5,10,3,0.7000000000000001,0.30000000000000004
772,4,CLF_UNION,27,6,57,8,57,28,5,5,10,3,0.7000000000000001,0.30000000000000004
773,4,ORD-UNION,0,0,0,8,0,28,5,5,10,3,0.7000000000000001,0.30000000000000004
774,4,CARD,26,0,41,8,49,28,5,5,10,3,0.7000000000000001,0.30000000000000004
775,4,CLF_UNION,20,7,56,8,56,28,5,5,10,3,0.7000000000000001,0.30000000000000004
776,4,ORD-UNION,0,0,0,8,0,28,5,5,10,3,0.7000000000000001,0.30000000000000004
777,4,CARD,28,0,41,8,48,28,5,5,10,3,0.7000000000000001,0.30000000000000004
778,4,CLF_UNION,17,12,55,8,56,28,5,5,10,3,0.7000000000000001,0.30000000000000004
779,4,ORD-UNION,0,0,0,8,1,28,5,5,10,3,0.7000000000000001,0.30000000000000004
780,5,CARD,25,2,38,13,52,28,5,5,10,3,0.7000000000000001,0.30000000000000004
781,5,CLF_UNION,29,4,55,13,55,28,5,5,10,3,0.7000000000000001,0.30000000000000004
782,5,ORD-UNION,0,0,0,13,0,28,5,5,10,3,0.7000000000000001,0.30000000000000004
783,5,CARD,18,2,40,13,48,28,5,5,10,3,0.7000000000000001,0.30000000000000004
784,5,CLF_UNION,19,2,53,13,55,28,5,5,10,3,0.7000000000000001,0.30000000000000004
785,5,ORD-UNION,0,0,0,13,2,28,5,5,10,3,0.7000000000000001,0.30000000000000004
786,5,CARD,25,0,39,13,49,28,5,5,10,3,0.7000000000000001,0.30000000000000004
787,5,CLF_UNION,25,0,53,13,55,28,5,5,10,3,0.7000000000000001,0.30000000000000004
788,5,ORD-UNION,0,0,0,13,2,28,5,5,10,3,0.7000000000000001,0.30000000000000004
789,5,CARD,27,1,40,13,50,28,5,5,10,3,0.7000000000000001,0.30000000000000004
790,5,CLF_UNION,30,1,55,13,55,28,5,5,10,3,0.7000000000000001,0.30000000000000004
791,5,ORD-UNION,0,0,0,13,0,28,5,5,10,3,0.7000000000000001,0.30000000000000004
792,5,CARD,28,2,41,13,49,28,5,5,10,3,0.7000000000000001,0.30000000000000004
793,5,CLF_UNION,29,2,55,13,55,28,5,5,10,3,0.7000000000000001,0.30000000000000004
794,5,ORD-UNION,0,0,0,13,0,28,5,5,10,3,0.7000000000000001,0.30000000000000004
795,6,CARD,29,1,43,17,47,28,5,5,10,3,0.7000000000000001,0.30000000000000004
796,6,CLF_UNION,30,1,55,17,55,28,5,5,10,3,0.7000000000000001,0.30000000000000004
797,6,ORD-UNION,0,0,0,17,0,28,5,5,10,3,0.7000000000000001,0.30000000000000004
798,6,CARD,24,2,40,17,49,28,5,5,10,3,0.7000000000000001,0.30000000000000004
799,6,CLF_UNION,27,3,54,17,55,28,5,5,10,3,0.7000000000000001,0.30000000000000004
800,6,ORD-UNION,0,0,0,17,1,28,5,5,10,3,0.7000000000000001,0.30000000000000004
801,6,CARD,28,2,41,17,49,28,5,5,10,3,0.7000000000000001,0.30000000000000004
802,6,CLF_UNION,31,1,55,17,55,28,5,5,10,3,0.7000000000000001,0.30000000000000004
803,6,ORD-UNION,0,0,0,17,0,28,5,5,10,3,0.7000000000000001,0.30000000000000004
804,6,CARD,24,3,37,17,51,28,5,5,10,3,0.7000000000000001,0.30000000000000004
805,6,CLF_UNION,27,3,54,17,56,28,5,5,10,3,0.7000000000000001,0.30000000000000004
806,6,ORD-UNION,0,0,0,17,2,28,5,5,10,3,0.7000000000000001,0.30000000000000004
807,6,CARD,27,1,41,17,48,28,5,5,10,3,0.7000000000000001,0.30000000000000004
808,6,CLF_UNION,30,1,54,17,55,28,5,5,10,3,0.7000000000000001,0.30000000000000004
809,6,ORD-UNION,0,0,0,17,1,28,5,5,10,3,0.7000000000000001,0.30000000000000004
810,7,CARD,25,2,42,22,47,28,5,5,10,3,0.7000000000000001,0.30000000000000004
811,7,CLF_UNION,28,0,54,22,55,28,5,5,10,3,0.7000000000000001,0.30000000000000004
812,7,ORD-UNION,0,0,0,22,1,28,5,5,10,3,0.7000000000000001,0.30000000000000004
813,7,CARD,28,1,39,22,48,28,5,5,10,3,0.7000000000000001,0.30000000000000004
814,7,CLF_UNION,30,0,52,22,55,28,5,5,10,3,0.7000000000000001,0.30000000000000004
815,7,ORD-UNION,0,0,0,22,3,28,5,5,10,3,0.7000000000000001,0.30000000000000004
816,7,CARD,28,4,43,22,46,28,5,5,10,3,0.7000000000000001,0.30000000000000004
817,7,CLF_UNION,32,0,54,22,55,28,5,5,10,3,0.7000000000000001,0.30000000000000004
818,7,ORD-UNION,0,0,0,22,1,28,5,5,10,3,0.7000000000000001,0.30000000000000004
819,7,CARD,21,4,42,22,48,28,5,5,10,3,0.7000000000000001,0.30000000000000004
820,7,CLF_UNION,26,2,55,22,55,28,5,5,10,3,0.7000000000000001,0.30000000000000004
821,7,ORD-UNION,0,0,0,22,0,28,5,5,10,3,0.7000000000000001,0.30000000000000004
822,7,CARD,26,5,45,22,45,28,5,5,10,3,0.7000000000000001,0.30000000000000004
823,7,CLF_UNION,28,3,55,22,55,28,5,5,10,3,0.7000000000000001,0.30000000000000004
824,7,ORD-UNION,0,0,0,22,0,28,5,5,10,3,0.7000000000000001,0.30000000000000004
825,8,CARD,25,0,39,27,49,28,5,5,10,3,0.7000000000000001,0.30000000000000004
826,8,CLF_UNION,25,1,54,27,56,28,5,5,10,3,0.7000000000000001,0.30000000000000004
827,8,ORD-UNION,0,0,0,27,2,28,5,5,10,3,0.7000000000000001,0.30000000000000004
828,8,CARD,26,0,37,27,50,28,5,5,10,3,0.7000000000000001,0.30000000000000004
829,8,CLF_UNION,27,2,52,27,55,28,5,5,10,3,0.7000000000000001,0.30000000000000004
830,8,ORD-UNION,0,0,0,27,3,28,5,5,10,3,0.7000000000000001,0.30000000000000004
831,8,CARD,23,1,36,27,49,28,5,5,10,3,0.7000000000000001,0.30000000000000004
832,8,CLF_UNION,24,2,50,27,55,28,5,5,10,3,0.7000000000000001,0.30000000000000004
833,8,ORD-UNION,0,0,0,27,5,28,5,5,10,3,0.7000000000000001,0.30000000000000004
834,8,CARD,27,0,40,27,50,28,5,5,10,3,0.7000000000000001,0.30000000000000004
835,8,CLF_UNION,27,2,55,27,55,28,5,5,10,3,0.7000000000000001,0.30000000000000004
836,8,ORD-UNION,0,0,0,27,0,28,5,5,10,3,0.7000000000000001,0.30000000000000004
837,8,CARD,25,2,36,27,50,28,5,5,10,3,0.7000000000000001,0.30000000000000004
838,8,CLF_UNION,25,2,52,27,56,28,5,5,10,3,0.7000000000000001,0.30000000000000004
839,8,ORD-UNION,0,0,0,27,4,28,5,5,10,3,0.7000000000000001,0.30000000000000004
840,9,CARD,26,2,40,33,48,28,5,5,10,3,0.7000000000000001,0.30000000000000004
841,9,CLF_UNION,26,4,53,33,55,28,5,5,10,3,0.7000000000000001,0.30000000000000004
842,9,ORD-UNION,0,0,0,33,2,28,5,5,10,3,0.7000000000000001,0.30000000000000004
843,9,CARD,25,1,40,33,47,28,5,5,10,3,0.7000000000000001,0.30000000000000004
844,9,CLF_UNION,26,2,52,33,55,28,5,5,10,3,0.7000000000000001,0.30000000000000004
845,9,ORD-UNION,0,0,0,33,3,28,5,5,10,3,0.7000000000000001,0.30000000000000004
846,9,CARD,25,0,39,33,47,28,5,5,10,3,0.7000000000000001,0.30000000000000004
847,9,CLF_UNION,25,0,52,33,56,28,5,5,10,3,0.7000000000000001,0.30000000000000004
848,9,ORD-UNION,0,0,0,33,4,28,5,5,10,3,0.7000000000000001,0.30000000000000004
849,9,CARD,27,0,39,33,50,28,5,5,10,3,0.7000000000000001,0.30000000000000004
850,9,CLF_UNION,27,3,54,33,55,28,5,5,10,3,0.7000000000000001,0.30000000000000004
851,9,ORD-UNION,0,0,0,33,1,28,5,5,10,3,0.7000000000000001,0.30000000000000004
852,9,CARD,23,3,37,33,52,28,5,5,10,3,0.7000000000000001,0.30000000000000004
853,9,CLF_UNION,23,8,54,33,55,28,5,5,10,3,0.7000000000000001,0.30000000000000004
854,9,ORD-UNION,0,0,0,33,1,28,5,5,10,3,0.7000000000000001,0.30000000000000004
855,10,CARD,23,0,42,42,47,28,5,5,10,3,0.7000000000000001,0.30000000000000004
856,10,CLF_UNION,23,1,54,42,55,28,5,5,10,3,0.7000000000000001,0.30000000000000004
857,10,ORD-UNION,0,0,0,42,1,28,5,5,10,3,0.7000000000000001,0.30000000000000004
858,10,CARD,24,2,35,42,53,28,5,5,10,3,0.7000000000000001,0.30000000000000004
859,10,CLF_UNION,26,5,53,42,55,28,5,5,10,3,0.7000000000000001,0.30000000000000004
860,10,ORD-UNION,0,0,0,42,2,28,5,5,10,3,0.7000000000000001,0.30000000000000004
861,10,CARD,23,3,37,42,51,28,5,5,10,3,0.7000000000000001,0.30000000000000004
862,10,CLF_UNION,24,5,53,42,55,28,5,5,10,3,0.7000000000000001,0.30000000000000004
863,10,ORD-UNION,0,0,0,42,2,28,5,5,10,3,0.7000000000000001,0.30000000000000004
864,10,CARD,28,1,42,42,48,28,5,5,10,3,0.7000000000000001,0.30000000000000004
865,10,CLF_UNION,28,3,55,42,55,28,5,5,10,3,0.7000000000000001,0.30000000000000004
866,10,ORD-UNION,0,0,0,42,0,28,5,5,10,3,0.7000000000000001,0.30000000000000004
867,10,CARD,24,1,39,42,49,28,5,5,10,3,0.7000000000000001,0.30000000000000004
868,10,CLF_UNION,24,3,53,42,55,28,5,5,10,3,0.7000000000000001,0.30000000000000004
869,10,ORD-UNION,0,0,0,42,2,28,5,5,10,3,0.7000000000000001,0.30000000000000004
870,11,CARD,24,2,37,49,48,28,5,5,10,3,0.7000000000000001,0.30000000000000004
871,11,CLF_UNION,24,3,51,49,56,28,5,5,10,3,0.7000000000000001,0.30000000000000004
872,11,ORD-UNION,0,0,0,49,5,28,5,5,10,3,0.7000000000000001,0.30000000000000004
873,11,CARD,31,0,41,49,48,28,5,5,10,3,0.7000000000000001,0.30000000000000004
874,11,CLF_UNION,30,1,54,49,55,28,5,5,10,3,0.7000000000000001,0.30000000000000004
875,11,ORD-UNION,0,0,0,49,1,28,5,5,10,3,0.7000000000000001,0.30000000000000004
876,11,CARD,25,1,38,49,52,28,5,5,10,3,0.7000000000000001,0.30000000000000004
877,11,CLF_UNION,28,1,55,49,55,28,5,5,10,3,0.7000000000000001,0.30000000000000004
878,11,ORD-UNION,0,0,0,49,0,28,5,5,10,3,0.7000000000000001,0.30000000000000004
879,11,CARD,21,0,31,49,51,28,5,5,10,3,0.7000000000000001,0.30000000000000004
880,11,CLF_UNION,23,0,47,49,55,28,5,5,10,3,0.7000000000000001,0.30000000000000004
881,11,ORD-UNION,0,0,0,49,8,28,5,5,10,3,0.7000000000000001,0.30000000000000004
882,11,CARD,22,0,36,49,52,28,5,5,10,3,0.7000000000000001,0.30000000000000004
883,11,CLF_UNION,24,1,53,49,55,28,5,5,10,3,0.7000000000000001,0.30000000000000004
884,11,ORD-UNION,0,0,0,49,2,28,5,5,10,3,0.7000000000000001,0.30000000000000004
885,12,CARD,17,6,30,57,60,28,5,5,10,3,0.7000000000000001,0.30000000000000004
886,12,CLF_UNION,23,0,57,57,57,28,5,5,10,3,0.7000000000000001,0.30000000000000004
887,12,ORD-UNION,0,0,0,57,0,28,5,5,10,3,0.7000000000000001,0.30000000000000004
888,12,CARD,21,6,32,57,52,28,5,5,10,3,0.7000000000000001,0.30000000000000004
889,12,CLF_UNION,24,3,49,57,55,28,5,5,10,3,0.7000000000000001,0.30000000000000004
890,12,ORD-UNION,0,0,0,57,6,28,5,5,10,3,0.7000000000000001,0.30000000000000004
891,12,CARD,13,5,30,57,53,28,5,5,10,3,0.7000000000000001,0.30000000000000004
892,12,CLF_UNION,18,2,49,57,56,28,5,5,10,3,0.7000000000000001,0.30000000000000004
893,12,ORD-UNION,0,0,0,57,7,28,5,5,10,3,0.7000000000000001,0.30000000000000004
894,12,CARD,13,1,26,57,61,28,5,5,10,3,0.7000000000000001,0.30000000000000004
895,12,CLF_UNION,17,3,52,57,55,28,5,5,10,3,0.7000000000000001,0.30000000000000004
896,12,ORD-UNION,0,0,0,57,3,28,5,5,10,3,0.7000000000000001,0.30000000000000004
897,12,CARD,17,5,36,57,51,28,5,5,10,3,0.7000000000000001,0.30000000000000004
898,12,CLF_UNION,23,1,52,57,55,28,5,5,10,3,0.7000000000000001,0.30000000000000004
899,12,ORD-UNION,0,0,0,57,3,28,5,5,10,3,0.7000000000000001,0.30000000000000004
900,13,CARD,13,1,30,65,51,28,5,5,10,3,0.7000000000000001,0.30000000000000004
901,13,CLF_UNION,9,5,48,65,57,28,5,5,10,3,0.7000000000000001,0.30000000000000004
902,13,ORD-UNION,0,0,0,65,9,28,5,5,10,3,0.7000000000000001,0.30000000000000004
903,13,CARD,26,2,40,65,47,28,5,5,10,3,0.7000000000000001,0.30000000000000004
904,13,CLF_UNION,28,1,52,65,55,28,5,5,10,3,0.7000000000000001,0.30000000000000004
905,13,ORD-UNION,0,0,0,65,3,28,5,5,10,3,0.7000000000000001,0.30000000000000004
906,13,CARD,15,0,33,65,51,28,5,5,10,3,0.7000000000000001,0.30000000000000004
907,13,CLF_UNION,17,0,50,65,56,28,5,5,10,3,0.7000000000000001,0.30000000000000004
908,13,ORD-UNION,0,0,0,65,6,28,5,5,10,3,0.7000000000000001,0.30000000000000004
909,13,CARD,16,4,36,65,50,28,5,5,10,3,0.7000000000000001,0.30000000000000004
910,13,CLF_UNION,17,6,52,65,56,28,5,5,10,3,0.7000000000000001,0.30000000000000004
911,13,ORD-UNION,0,0,0,65,4,28,5,5,10,3,0.7000000000000001,0.30000000000000004
912,13,CARD,20,6,34,65,52,28,5,5,10,3,0.7000000000000001,0.30000000000000004
913,13,CLF_UNION,22,5,51,65,55,28,5,5,10,3,0.7000000000000001,0.30000000000000004
914,13,ORD-UNION,0,0,0,65,4,28,5,5,10,3,0.7000000000000001,0.30000000000000004
915,14,CARD,19,4,34,77,49,28,5,5,10,3,0.7000000000000001,0.30000000000000004
916,14,CLF_UNION,22,2,48,77,55,28,5,5,10,3,0.7000000000000001,0.30000000000000004
917,14,ORD-UNION,0,0,0,77,7,28,5,5,10,3,0.7000000000000001,0.30000000000000004
918,14,CARD,18,0,41,77,47,28,5,5,10,3,0.7000000000000001,0.30000000000000004
919,14,CLF_UNION,17,2,53,77,55,28,5,5,10,3,0.7000000000000001,0.30000000000000004
920,14,ORD-UNION,0,0,0,77,2,28,5,5,10,3,0.7000000000000001,0.30000000000000004
921,14,CARD,8,0,13,77,58,28,5,5,10,3,0.7000000000000001,0.30000000000000004
922,14,CLF_UNION,12,0,38,77,57,28,5,5,10,3,0.7000000000000001,0.30000000000000004
923,14,ORD-UNION,0,0,0,77,19,28,5,5,10,3,0.7000000000000001,0.30000000000000004
924,14,CARD,14,7,34,77,51,28,5,5,10,3,0.7000000000000001,0.30000000000000004
925,14,CLF_UNION,25,1,51,77,56,28,5,5,10,3,0.7000000000000001,0.30000000000000004
926,14,ORD-UNION,0,0,0,77,5,28,5,5,10,3,0.7000000000000001,0.30000000000000004
927,14,CARD,19,2,32,77,50,28,5,5,10,3,0.7000000000000001,0.30000000000000004
928,14,CLF_UNION,23,1,47,77,55,28,5,5,10,3,0.7000000000000001,0.30000000000000004
929,14,ORD-UNION,0,0,0,77,8,28,5,5,10,3,0.7000000000000001,0.30000000000000004
930,15,CARD,12,8,27,87,51,28,5,5,10,3,0.7000000000000001,0.30000000000000004
931,15,CLF_UNION,19,2,43,87,55,28,5,5,10,3,0.7000000000000001,0.30000000000000004
932,15,ORD-UNION,0,0,0,87,12,28,5,5,10,3,0.7000000000000001,0.30000000000000004
933,15,CARD,13,10,34,87,48,28,5,5,10,3,0.7000000000000001,0.30000000000000004
934,15,CLF_UNION,23,1,47,87,55,28,5,5,10,3,0.7000000000000001,0.30000000000000004
935,15,ORD-UNION,0,0,0,87,8,28,5,5,10,3,0.7000000000000001,0.30000000000000004
936,15,CARD,15,3,34,87,52,28,5,5,10,3,0.7000000000000001,0.30000000000000004
937,15,CLF_UNION,16,3,51,87,55,28,5,5,10,3,0.7000000000000001,0.30000000000000004
938,15,ORD-UNION,0,0,0,87,4,28,5,5,10,3,0.7000000000000001,0.30000000000000004
939,15,CARD,16,3,29,87,50,28,5,5,10,3,0.7000000000000001,0.30000000000000004
940,15,CLF_UNION,20,0,44,87,55,28,5,5,10,3,0.7000000000000001,0.30000000000000004
941,15,ORD-UNION,0,0,0,87,11,28,5,5,10,3,0.7000000000000001,0.30000000000000004
942,15,CARD,15,1,30,87,49,28,5,5,10,3,0.7000000000000001,0.30000000000000004
943,15,CLF_UNION,16,0,44,87,55,28,5,5,10,3,0.7000000000000001,0.30000000000000004
944,15,ORD-UNION,0,0,0,87,11,28,5,5,10,3,0.7000000000000001,0.30000000000000004
945,16,CARD,15,1,23,97,56,28,5,5,10,3,0.7000000000000001,0.30000000000000004
946,16,CLF_UNION,16,0,44,97,55,28,5,5,10,3,0.7000000000000001,0.30000000000000004
947,16,ORD-UNION,0,0,0,97,11,28,5,5,10,3,0.7000000000000001,0.30000000000000004
948,16,CARD,8,7,23,97,52,28,5,5,10,3,0.7000000000000001,0.30000000000000004
949,16,CLF_UNION,13,3,40,97,55,28,5,5,10,3,0.7000000000000001,0.30000000000000004
950,16,ORD-UNION,0,0,0,97,15,28,5,5,10,3,0.7000000000000001,0.30000000000000004
951,16,CARD,18,0,24,97,52,28,5,5,10,3,0.7000000000000001,0.30000000000000004
952,16,CLF_UNION,18,0,42,97,56,28,5,5,10,3,0.7000000000000001,0.30000000000000004
953,16,ORD-UNION,0,0,0,97,14,28,5,5,10,3,0.7000000000000001,0.30000000000000004
954,16,CARD,21,3,33,97,52,28,5,5,10,3,0.7000000000000001,0.30000000000000004
955,16,CLF_UNION,24,3,50,97,55,28,5,5,10,3,0.7000000000000001,0.30000000000000004
956,16,ORD-UNION,0,0,0,97,5,28,5,5,10,3,0.7000000000000001,0.30000000000000004
957,16,CARD,20,1,33,97,52,28,5,5,10,3,0.7000000000000001,0.30000000000000004
958,16,CLF_UNION,25,1,50,97,55,28,5,5,10,3,0.7000000000000001,0.30000000000000004
959,16,ORD-UNION,0,0,0,97,5,28,5,5,10,3,0.7000000000000001,0.30000000000000004
960,17,CARD,8,8,23,108,51,28,5,5,10,3,0.7000000000000001,0.30000000000000004
961,17,CLF_UNION,17,0,39,108,55,28,5,5,10,3,0.7000000000000001,0.30000000000000004
962,17,ORD-UNION,0,0,0,108,16,28,5,5,10,3,0.7000000000000001,0.30000000000000004
963,17,CARD,14,6,30,108,49,28,5,5,10,3,0.7000000000000001,0.30000000000000004
964,17,CLF_UNION,20,0,44,108,55,28,5,5,10,3,0.7000000000000001,0.30000000000000004
965,17,ORD-UNION,0,0,0,108,11,28,5,5,10,3,0.7000000000000001,0.30000000000000004
966,17,CARD,19,8,35,108,49,28,5,5,10,3,0.7000000000000001,0.30000000000000004
967,17,CLF_UNION,25,2,49,108,55,28,5,5,10,3,0.7000000000000001,0.30000000000000004
968,17,ORD-UNION,0,0,0,108,6,28,5,5,10,3,0.7000000000000001,0.30000000000000004
969,17,CARD,19,4,34,108,48,28,5,5,10,3,0.7000000000000001,0.30000000000000004
970,17,CLF_UNION,23,0,47,108,55,28,5,5,10,3,0.7000000000000001,0.30000000000000004
971,17,ORD-UNION,0,0,0,108,8,28,5,5,10,3,0.7000000000000001,0.30000000000000004
972,17,CARD,4,4,17,108,53,28,5,5,10,3,0.7000000000000001,0.30000000000000004
973,17,CLF_UNION,8,0,35,108,55,28,5,5,10,3,0.7000000000000001,0.30000000000000004
974,17,ORD-UNION,0,0,0,108,20,28,5,5,10,3,0.7000000000000001,0.30000000000000004
975,18,CARD,14,2,24,119,50,28,5,5,10,3,0.7000000000000001,0.30000000000000004
976,18,CLF_UNION,16,0,40,119,56,28,5,5,10,3,0.7000000000000001,0.30000000000000004
977,18,ORD-UNION,0,0,0,119,16,28,5,5,10,3,0.7000000000000001,0.30000000000000004
978,18,CARD,17,7,36,119,50,28,5,5,10,3,0.7000000000000001,0.30000000000000004
979,18,CLF_UNION,21,4,51,119,55,28,5,5,10,3,0.7000000000000001,0.30000000000000004
980,18,ORD-UNION,0,0,0,119,4,28,5,5,10,3,0.7000000000000001,0.30000000000000004
981,18,CARD,16,5,27,119,52,28,5,5,10,3,0.7000000000000001,0.30000000000000004
982,18,CLF_UNION,18,3,46,119,57,28,5,5,10,3,0.7000000000000001,0.30000000000000004
983,18,ORD-UNION,0,0,0,119,11,28,5,5,10,3,0.7000000000000001,0.30000000000000004
984,18,CARD,12,8,34,119,49,28,5,5,10,3,0.7000000000000001,0.30000000000000004
985,18,CLF_UNION,19,2,49,119,56,28,5,5,10,3,0.7000000000000001,0.30000000000000004
986,18,ORD-UNION,0,0,0,119,7,28,5,5,10,3,0.7000000000000001,0.30000000000000004
987,18,CARD,9,3,17,119,52,28,5,5,10,3,0.7000000000000001,0.30000000000000004
988,18,CLF_UNION,9,3,36,119,57,28,5,5,10,3,0.7000000000000001,0.30000000000000004
989,18,ORD-UNION,0,0,0,119,21,28,5,5,10,3,0.7000000000000001,0.30000000000000004
990,19,CARD,5,5,17,135,52,28,5,5,10,3,0.7000000000000001,0.30000000000000004
991,19,CLF_UNION,10,0,34,135,55,28,5,5,10,3,0.7000000000000001,0.30000000000000004
992,19,ORD-UNION,0,0,0,135,21,28,5,5,10,3,0.7000000000000001,0.30000000000000004
993,19,CARD,2,7,13,135,57,28,5,5,10,3,0.7000000000000001,0.30000000000000004
994,19,CLF_UNION,9,4,36,135,56,28,5,5,10,3,0.7000000000000001,0.30000000000000004
995,19,ORD-UNION,0,0,0,135,20,28,5,5,10,3,0.7000000000000001,0.30000000000000004
996,19,CARD,9,5,21,135,54,28,5,5,10,3,0.7000000000000001,0.30000000000000004
997,19,CLF_UNION,14,0,41,135,56,28,5,5,10,3,0.7000000000000001,0.30000000000000004
998,19,ORD-UNION,0,0,0,135,15,28,5,5,10,3,0.7000000000000001,0.30000000000000004
999,19,CARD,9,2,17,135,52,28,5,5,10,3,0.7000000000000001,0.30000000000000004
1000,19,CLF_UNION,11,0,35,135,56,28,5,5,10,3,0.7000000000000001,0.30000000000000004
1001,19,ORD-UNION,0,0,0,135,21,28,5,5,10,3,0.7000000000000001,0.30000000000000004
1002,19,CARD,13,0,18,135,57,28,5,5,10,3,0.7000000000000001,0.30000000000000004
1003,19,CLF_UNION,13,3,41,135,56,28,5,5,10,3,0.7000000000000001,0.30000000000000004
1004,19,ORD-UNION,0,0,0,135,15,28,5,5,10,3,0.7000000000000001,0.30000000000000004
1005,20,CARD,12,0,23,148,56,28,5,5,10,3,0.7000000000000001,0.30000000000000004
1006,20,CLF_UNION,12,0,48,148,59,28,5,5,10,3,0.7000000000000001,0.30000000000000004
1007,20,ORD-UNION,0,0,0,148,11,28,5,5,10,3,0.7000000000000001,0.30000000000000004
1008,20,CARD,15,4,28,148,51,28,5,5,10,3,0.7000000000000001,0.30000000000000004
1009,20,CLF_UNION,19,1,45,148,56,28,5,5,10,3,0.7000000000000001,0.30000000000000004
1010,20,ORD-UNION,0,0,0,148,11,28,5,5,10,3,0.7000000000000001,0.30000000000000004
1011,20,CARD,21,1,30,148,56,28,5,5,10,3,0.7000000000000001,0.30000000000000004
1012,20,CLF_UNION,22,5,53,148,57,28,5,5,10,3,0.7000000000000001,0.30000000000000004
1013,20,ORD-UNION,0,0,0,148,4,28,5,5,10,3,0.7000000000000001,0.30000000000000004
1014,20,CARD,7,3,16,148,53,28,5,5,10,3,0.7000000000000001,0.30000000000000004
1015,20,CLF_UNION,10,1,36,148,57,28,5,5,10,3,0.7000000000000001,0.30000000000000004
1016,20,ORD-UNION,0,0,0,148,21,28,5,5,10,3,0.7000000000000001,0.30000000000000004
1017,20,CARD,11,5,21,148,54,28,5,5,10,3,0.7000000000000001,0.30000000000000004
1018,20,CLF_UNION,14,2,40,148,55,28,5,5,10,3,0.7000000000000001,0.30000000000000004
1019,20,ORD-UNION,0,0,0,148,15,28,5,5,10,3,0.7000000000000001,0.30000000000000004
1020,21,CARD,3,0,11,165,73,28,5,5,10,3,0.7000000000000001,0.30000000000000004
1021,21,CLF_UNION,10,0,52,165,58,28,5,5,10,3,0.7000000000000001,0.30000000000000004
1022,21,ORD-UNION,0,0,0,165,6,28,5,5,10,3,0.7000000000000001,0.30000000000000004
1023,21,CARD,7,0,9,165,61,28,5,5,10,3,0.7000000000000001,0.30000000000000004
1024,21,CLF_UNION,7,0,41,165,61,28,5,5,10,3,0.7000000000000001,0.30000000000000004
1025,21,ORD-UNION,0,0,0,165,20,28,5,5,10,3,0.7000000000000001,0.30000000000000004
1026,21,CARD,0,0,0,165,57,28,5,5,10,3,0.7000000000000001,0.30000000000000004
1027,21,CLF_UNION,0,0,25,165,58,28,5,5,10,3,0.7000000000000001,0.30000000000000004
1028,21,ORD-UNION,0,0,0,165,33,28,5,5,10,3,0.7000000000000001,0.30000000000000004
1029,21,CARD,19,0,28,165,50,28,5,5,10,3,0.7000000000000001,0.30000000000000004
1030,21,CLF_UNION,19,0,44,165,56,28,5,5,10,3,0.7000000000000001,0.30000000000000004
1031,21,ORD-UNION,0,0,0,165,12,28,5,5,10,3,0.7000000000000001,0.30000000000000004
1032,21,CARD,12,1,19,165,55,28,5,5,10,3,0.7000000000000001,0.30000000000000004
1033,21,CLF_UNION,16,0,39,165,55,28,5,5,10,3,0.7000000000000001,0.30000000000000004
1034,21,ORD-UNION,0,0,0,165,16,28,5,5,10,3,0.7000000000000001,0.30000000000000004
1035,22,CARD,14,0,16,179,61,28,5,5,10,3,0.7000000000000001,0.30000000000000004
1036,22,CLF_UNION,14,0,48,179,61,28,5,5,10,3,0.7000000000000001,0.30000000000000004
1037,22,ORD-UNION,0,0,0,179,13,28,5,5,10,3,0.7000000000000001,0.30000000000000004
1038,22,CARD,15,0,19,179,55,28,5,5,10,3,0.7000000000000001,0.30000000000000004
1039,22,CLF_UNION,15,0,40,179,56,28,5,5,10,3,0.7000000000000001,0.30000000000000004
1040,22,ORD-UNION,0,0,0,179,16,28,5,5,10,3,0.7000000000000001,0.30000000000000004
1041,22,CARD,16,0,30,179,49,28,5,5,10,3,0.7000000000000001,0.30000000000000004
1042,22,CLF_UNION,16,0,45,179,56,28,5,5,10,3,0.7000000000000001,0.30000000000000004
1043,22,ORD-UNION,0,0,0,179,11,28,5,5,10,3,0.7000000000000001,0.30000000000000004
1044,22,CARD,13,0,18,179,58,28,5,5,10,3,0.7000000000000001,0.30000000000000004
1045,22,CLF_UNION,13,0,42,179,56,28,5,5,10,3,0.7000000000000001,0.30000000000000004
1046,22,ORD-UNION,0,0,0,179,14,28,5,5,10,3,0.7000000000000001,0.30000000000000004
1047,22,CARD,0,0,0,179,58,28,5,5,10,3,0.7000000000000001,0.30000000000000004
1048,22,CLF_UNION,0,0,25,179,57,28,5,5,10,3,0.7000000000000001,0.30000000000000004
1049,22,ORD-UNION,0,0,0,179,32,28,5,5,10,3,0.7000000000000001,0.30000000000000004
1050,23,CARD,9,0,24,194,52,28,5,5,10,3,0.7000000000000001,0.30000000000000004
1051,23,CLF_UNION,9,0,43,194,57,28,5,5,10,3,0.7000000000000001,0.30000000000000004
1052,23,ORD-UNION,0,0,0,194,14,28,5,5,10,3,0.7000000000000001,0.30000000000000004
1053,23,CARD,19,0,28,194,50,28,5,5,10,3,0.7000000000000001,0.30000000000000004
1054,23,CLF_UNION,19,0,43,194,55,28,5,5,10,3,0.7000000000000001,0.30000000000000004
1055,23,ORD-UNION,0,0,0,194,12,28,5,5,10,3,0.7000000000000001,0.30000000000000004
1056,23,CARD,17,0,24,194,52,28,5,5,10,3,0.7000000000000001,0.30000000000000004
1057,23,CLF_UNION,15,2,41,194,55,28,5,5,10,3,0.7000000000000001,0.30000000000000004
1058,23,ORD-UNION,0,0,0,194,14,28,5,5,10,3,0.7000000000000001,0.30000000000000004
1059,23,CARD,10,0,11,194,67,28,5,5,10,3,0.7000000000000001,0.30000000000000004
1060,23,CLF_UNION,16,0,44,194,56,28,5,5,10,3,0.7000000000000001,0.30000000000000004
1061,23,ORD-UNION,0,0,0,194,12,28,5,5,10,3,0.7000000000000001,0.30000000000000004
1062,23,CARD,4,0,9,194,57,28,5,5,10,3,0.7000000000000001,0.30000000000000004
1063,23,CLF_UNION,4,0,35,194,59,28,5,5,10,3,0.7000000000000001,0.30000000000000004
1064,23,ORD-UNION,0,0,0,194,24,28,5,5,10,3,0.7000000000000001,0.30000000000000004
1065,24,CARD,0,3,5,209,59,28,5,5,10,3,0.7000000000000001,0.30000000000000004
1066,24,CLF_UNION,7,0,32,209,58,28,5,5,10,3,0.7000000000000001,0.30000000000000004
1067,24,ORD-UNION,0,0,0,209,26,28,5,5,10,3,0.7000000000000001,0.30000000000000004
1068,24,CARD,6,3,15,209,55,28,5,5,10,3,0.7000000000000001,0.30000000000000004
1069,24,CLF_UNION,11,0,36,209,56,28,5,5,10,3,0.7000000000000001,0.30000000000000004
1070,24,ORD-UNION,0,0,0,209,20,28,5,5,10,3,0.7000000000000001,0.30000000000000004
1071,24,CARD,0,0,0,209,58,28,5,5,10,3,0.7000000000000001,0.30000000000000004
1072,24,CLF_UNION,0,0,26,209,58,28,5,5,10,3,0.7000000000000001,0.30000000000000004
1073,24,ORD-UNION,0,0,0,209,32,28,5,5,10,3,0.7000000000000001,0.30000000000000004
1074,24,CARD,8,0,17,209,53,28,5,5,10,3,0.7000000000000001,0.30000000000000004
1075,24,CLF_UNION,8,0,35,209,55,28,5,5,10,3,0.7000000000000001,0.30000000000000004
1076,24,ORD-UNION,0,0,0,209,20,28,5,5,10,3,0.7000000000000001,0.30000000000000004
1077,24,CARD,0,0,0,209,66,28,5,5,10,3,0.7000000000000001,0.30000000000000004
1078,24,CLF_UNION,0,0,43,209,67,28,5,5,10,3,0.7000000000000001,0.30000000000000004
1079,24,ORD-UNION,0,0,0,209,24,28,5,5,10,3,0.7000000000000001,0.30000000000000004
