,budget,model,correct,wrong,total,n_pref_input,n_pref_output,theta_size,theta_additivity,n_items,n_test_subsets,n_tiers,alpha,p
0,1,CARD,16,7,24,1,66,22,5,5,10,12,0.5,0.30000000000000004
1,1,CLF_UNION,24,20,62,1,62,22,5,5,10,12,0.5,0.30000000000000004
2,1,ORD-UNION,0,0,0,1,0,22,5,5,10,12,0.5,0.30000000000000004
3,1,CARD,17,4,21,1,69,22,5,5,10,12,0.5,0.30000000000000004
4,1,CLF_UNION,29,19,61,1,61,22,5,5,10,12,0.5,0.30000000000000004
5,1,ORD-UNION,0,0,0,1,0,22,5,5,10,12,0.5,0.30000000000000004
6,1,CARD,11,11,24,1,66,22,5,5,10,12,0.5,0.30000000000000004
7,1,CLF_UNION,28,17,60,1,60,22,5,5,10,12,0.5,0.30000000000000004
8,1,ORD-UNION,0,0,0,1,0,22,5,5,10,12,0.5,0.30000000000000004
9,1,CARD,13,10,24,1,66,22,5,5,10,12,0.5,0.30000000000000004
10,1,CLF_UNION,34,22,70,1,70,22,5,5,10,12,0.5,0.30000000000000004
11,1,ORD-UNION,0,0,0,1,0,22,5,5,10,12,0.5,0.30000000000000004
12,1,CARD,9,12,25,1,65,22,5,5,10,12,0.5,0.30000000000000004
13,1,CLF_UNION,30,14,62,1,62,22,5,5,10,12,0.5,0.30000000000000004
14,1,ORD-UNION,0,0,0,1,0,22,5,5,10,12,0.5,0.30000000000000004
15,2,CARD,13,19,35,3,55,22,5,5,10,12,0.5,0.30000000000000004
16,2,CLF_UNION,22,22,58,3,58,22,5,5,10,12,0.5,0.30000000000000004
17,2,ORD-UNION,0,0,0,3,0,22,5,5,10,12,0.5,0.30000000000000004
18,2,CARD,22,11,35,3,55,22,5,5,10,12,0.5,0.30000000000000004
19,2,CLF_UNION,21,20,57,3,57,22,5,5,10,12,0.5,0.30000000000000004
20,2,ORD-UNION,0,0,0,3,0,22,5,5,10,12,0.5,0.30000000000000004
21,2,CARD,18,17,35,3,55,22,5,5,10,12,0.5,0.30000000000000004
22,2,CLF_UNION,32,15,60,3,60,22,5,5,10,12,0.5,0.30000000000000004
23,2,ORD-UNION,0,0,0,3,0,22,5,5,10,12,0.5,0.30000000000000004
24,2,CARD,21,11,35,3,54,22,5,5,10,12,0.5,0.30000000000000004
25,2,CLF_UNION,24,20,57,3,58,22,5,5,10,12,0.5,0.30000000000000004
26,2,ORD-UNION,0,0,0,3,1,22,5,5,10,12,0.5,0.30000000000000004
27,2,CARD,14,19,36,3,54,22,5,5,10,12,0.5,0.30000000000000004
28,2,CLF_UNION,20,28,63,3,63,22,5,5,10,12,0.5,0.30000000000000004
29,2,ORD-UNION,0,0,0,3,0,22,5,5,10,12,0.5,0.30000000000000004
30,3,CARD,20,8,31,6,56,22,5,5,10,12,0.5,0.30000000000000004
31,3,CLF_UNION,27,10,53,6,56,22,5,5,10,12,0.5,0.30000000000000004
32,3,ORD-UNION,2,0,2,6,5,22,5,5,10,12,0.5,0.30000000000000004
33,3,CARD,12,19,36,6,53,22,5,5,10,12,0.5,0.30000000000000004
34,3,CLF_UNION,16,23,57,6,58,22,5,5,10,12,0.5,0.30000000000000004
35,3,ORD-UNION,1,0,1,6,2,22,5,5,10,12,0.5,0.30000000000000004
36,3,CARD,16,17,36,6,54,22,5,5,10,12,0.5,0.30000000000000004
37,3,CLF_UNION,24,20,59,6,59,22,5,5,10,12,0.5,0.30000000000000004
38,3,ORD-UNION,0,0,0,6,0,22,5,5,10,12,0.5,0.30000000000000004
39,3,CARD,18,16,37,6,52,22,5,5,10,12,0.5,0.30000000000000004
40,3,CLF_UNION,30,20,63,6,64,22,5,5,10,12,0.5,0.30000000000000004
41,3,ORD-UNION,0,0,0,6,1,22,5,5,10,12,0.5,0.30000000000000004
42,3,CARD,12,21,37,6,53,22,5,5,10,12,0.5,0.30000000000000004
43,3,CLF_UNION,17,27,59,6,59,22,5,5,10,12,0.5,0.30000000000000004
44,3,ORD-UNION,0,0,0,6,0,22,5,5,10,12,0.5,0.30000000000000004
45,4,CARD,34,4,40,10,49,22,5,5,10,12,0.5,0.30000000000000004
46,4,CLF_UNION,35,7,58,10,59,22,5,5,10,12,0.5,0.30000000000000004
47,4,ORD-UNION,1,0,1,10,2,22,5,5,10,12,0.5,0.30000000000000004
48,4,CARD,28,9,38,10,49,22,5,5,10,12,0.5,0.30000000000000004
49,4,CLF_UNION,28,13,55,10,58,22,5,5,10,12,0.5,0.30000000000000004
50,4,ORD-UNION,0,0,0,10,3,22,5,5,10,12,0.5,0.30000000000000004
51,4,CARD,38,1,42,10,48,22,5,5,10,12,0.5,0.30000000000000004
52,4,CLF_UNION,33,11,60,10,60,22,5,5,10,12,0.5,0.30000000000000004
53,4,ORD-UNION,0,0,0,10,0,22,5,5,10,12,0.5,0.30000000000000004
54,4,CARD,37,2,41,10,49,22,5,5,10,12,0.5,0.30000000000000004
55,4,CLF_UNION,38,14,65,10,65,22,5,5,10,12,0.5,0.30000000000000004
56,4,ORD-UNION,0,0,0,10,0,22,5,5,10,12,0.5,0.30000000000000004
57,4,CARD,32,1,36,10,53,22,5,5,10,12,0.5,0.30000000000000004
58,4,CLF_UNION,33,11,59,10,60,22,5,5,10,12,0.5,0.30000000000000004
59,4,ORD-UNION,1,0,1,10,2,22,5,5,10,12,0.5,0.30000000000000004
60,5,CARD,18,23,44,15,46,22,5,5,10,12,0.5,0.30000000000000004
61,5,CLF_UNION,28,14,55,15,55,22,5,5,10,12,0.5,0.30000000000000004
62,5,ORD-UNION,0,0,0,15,0,22,5,5,10,12,0.5,0.30000000000000004
63,5,CARD,20,23,45,15,45,22,5,5,10,12,0.5,0.30000000000000004
64,5,CLF_UNION,29,14,55,15,55,22,5,5,10,12,0.5,0.30000000000000004
65,5,ORD-UNION,0,0,0,15,0,22,5,5,10,12,0.5,0.30000000000000004
66,5,CARD,18,24,44,15,46,22,5,5,10,12,0.5,0.30000000000000004
67,5,CLF_UNION,30,13,55,15,55,22,5,5,10,12,0.5,0.30000000000000004
68,5,ORD-UNION,1,0,1,15,1,22,5,5,10,12,0.5,0.30000000000000004
69,5,CARD,20,20,45,15,45,22,5,5,10,12,0.5,0.30000000000000004
70,5,CLF_UNION,29,11,55,15,55,22,5,5,10,12,0.5,0.30000000000000004
71,5,ORD-UNION,0,0,0,15,0,22,5,5,10,12,0.5,0.30000000000000004
72,5,CARD,30,11,45,15,45,22,5,5,10,12,0.5,0.30000000000000004
73,5,CLF_UNION,39,2,55,15,55,22,5,5,10,12,0.5,0.30000000000000004
74,5,ORD-UNION,0,0,0,15,0,22,5,5,10,12,0.5,0.30000000000000004
75,6,CARD,27,11,40,20,50,22,5,5,10,12,0.5,0.30000000000000004
76,6,CLF_UNION,26,16,55,20,55,22,5,5,10,12,0.5,0.30000000000000004
77,6,ORD-UNION,0,0,0,20,0,22,5,5,10,12,0.5,0.30000000000000004
78,6,CARD,34,2,39,20,51,22,5,5,10,12,0.5,0.30000000000000004
79,6,CLF_UNION,36,4,55,20,55,22,5,5,10,12,0.5,0.30000000000000004
80,6,ORD-UNION,0,0,0,20,0,22,5,5,10,12,0.5,0.30000000000000004
81,6,CARD,25,15,42,20,46,22,5,5,10,12,0.5,0.30000000000000004
82,6,CLF_UNION,24,16,53,20,55,22,5,5,10,12,0.5,0.30000000000000004
83,6,ORD-UNION,0,0,0,20,2,22,5,5,10,12,0.5,0.30000000000000004
84,6,CARD,27,9,37,20,48,22,5,5,10,12,0.5,0.30000000000000004
85,6,CLF_UNION,26,12,50,20,55,22,5,5,10,12,0.5,0.30000000000000004
86,6,ORD-UNION,0,0,0,20,5,22,5,5,10,12,0.5,0.30000000000000004
87,6,CARD,32,2,36,20,53,22,5,5,10,12,0.5,0.30000000000000004
88,6,CLF_UNION,37,3,54,20,55,22,5,5,10,12,0.5,0.30000000000000004
89,6,ORD-UNION,0,0,0,20,1,22,5,5,10,12,0.5,0.30000000000000004
90,7,CARD,30,7,40,27,48,22,5,5,10,12,0.5,0.30000000000000004
91,7,CLF_UNION,35,4,53,27,55,22,5,5,10,12,0.5,0.30000000000000004
92,7,ORD-UNION,0,0,0,27,2,22,5,5,10,12,0.5,0.30000000000000004
93,7,CARD,33,3,41,27,46,22,5,5,10,12,0.5,0.30000000000000004
94,7,CLF_UNION,34,2,52,27,55,22,5,5,10,12,0.5,0.30000000000000004
95,7,ORD-UNION,0,0,0,27,3,22,5,5,10,12,0.5,0.30000000000000004
96,7,CARD,34,7,43,27,46,22,5,5,10,12,0.5,0.30000000000000004
97,7,CLF_UNION,39,3,54,27,55,22,5,5,10,12,0.5,0.30000000000000004
98,7,ORD-UNION,0,0,0,27,1,22,5,5,10,12,0.5,0.30000000000000004
99,7,CARD,27,10,41,27,47,22,5,5,10,12,0.5,0.30000000000000004
100,7,CLF_UNION,25,12,53,27,55,22,5,5,10,12,0.5,0.30000000000000004
101,7,ORD-UNION,0,0,0,27,2,22,5,5,10,12,0.5,0.30000000000000004
102,7,CARD,30,11,44,27,46,22,5,5,10,12,0.5,0.30000000000000004
103,7,CLF_UNION,32,10,55,27,55,22,5,5,10,12,0.5,0.30000000000000004
104,7,ORD-UNION,0,0,0,27,0,22,5,5,10,12,0.5,0.30000000000000004
105,8,CARD,26,14,44,34,45,22,5,5,10,12,0.5,0.30000000000000004
106,8,CLF_UNION,30,10,54,34,55,22,5,5,10,12,0.5,0.30000000000000004
107,8,ORD-UNION,0,0,0,34,1,22,5,5,10,12,0.5,0.30000000000000004
108,8,CARD,28,7,39,34,46,22,5,5,10,12,0.5,0.30000000000000004
109,8,CLF_UNION,34,2,50,34,55,22,5,5,10,12,0.5,0.30000000000000004
110,8,ORD-UNION,0,0,0,34,5,22,5,5,10,12,0.5,0.30000000000000004
111,8,CARD,23,14,39,34,45,22,5,5,10,12,0.5,0.30000000000000004
112,8,CLF_UNION,25,12,49,34,55,22,5,5,10,12,0.5,0.30000000000000004
113,8,ORD-UNION,0,0,0,34,6,22,5,5,10,12,0.5,0.30000000000000004
114,8,CARD,35,2,40,34,47,22,5,5,10,12,0.5,0.30000000000000004
115,8,CLF_UNION,38,1,52,34,55,22,5,5,10,12,0.5,0.30000000000000004
116,8,ORD-UNION,0,0,0,34,3,22,5,5,10,12,0.5,0.30000000000000004
117,8,CARD,34,5,42,34,45,22,5,5,10,12,0.5,0.30000000000000004
118,8,CLF_UNION,36,3,52,34,55,22,5,5,10,12,0.5,0.30000000000000004
119,8,ORD-UNION,0,0,0,34,3,22,5,5,10,12,0.5,0.30000000000000004
120,9,CARD,35,1,43,42,46,22,5,5,10,12,0.5,0.30000000000000004
121,9,CLF_UNION,37,0,54,42,55,22,5,5,10,12,0.5,0.30000000000000004
122,9,ORD-UNION,0,0,0,42,1,22,5,5,10,12,0.5,0.30000000000000004
123,9,CARD,20,9,33,42,48,22,5,5,10,12,0.5,0.30000000000000004
124,9,CLF_UNION,22,10,46,42,55,22,5,5,10,12,0.5,0.30000000000000004
125,9,ORD-UNION,0,0,0,42,9,22,5,5,10,12,0.5,0.30000000000000004
126,9,CARD,25,3,31,42,49,22,5,5,10,12,0.5,0.30000000000000004
127,9,CLF_UNION,29,3,45,42,55,22,5,5,10,12,0.5,0.30000000000000004
128,9,ORD-UNION,0,0,0,42,10,22,5,5,10,12,0.5,0.30000000000000004
129,9,CARD,26,11,42,42,46,22,5,5,10,12,0.5,0.30000000000000004
130,9,CLF_UNION,27,11,53,42,55,22,5,5,10,12,0.5,0.30000000000000004
131,9,ORD-UNION,0,0,0,42,2,22,5,5,10,12,0.5,0.30000000000000004
132,9,CARD,36,1,42,42,47,22,5,5,10,12,0.5,0.30000000000000004
133,9,CLF_UNION,37,2,54,42,55,22,5,5,10,12,0.5,0.30000000000000004
134,9,ORD-UNION,0,0,0,42,1,22,5,5,10,12,0.5,0.30000000000000004
135,10,CARD,26,1,31,50,54,22,5,5,10,12,0.5,0.30000000000000004
136,10,CLF_UNION,32,3,50,50,55,22,5,5,10,12,0.5,0.30000000000000004
137,10,ORD-UNION,0,0,0,50,5,22,5,5,10,12,0.5,0.30000000000000004
138,10,CARD,32,4,40,50,47,22,5,5,10,12,0.5,0.30000000000000004
139,10,CLF_UNION,36,2,52,50,55,22,5,5,10,12,0.5,0.30000000000000004
140,10,ORD-UNION,0,0,0,50,3,22,5,5,10,12,0.5,0.30000000000000004
141,10,CARD,24,14,42,50,45,22,5,5,10,12,0.5,0.30000000000000004
142,10,CLF_UNION,27,11,52,50,55,22,5,5,10,12,0.5,0.30000000000000004
143,10,ORD-UNION,0,0,0,50,3,22,5,5,10,12,0.5,0.30000000000000004
144,10,CARD,25,4,33,50,47,22,5,5,10,12,0.5,0.30000000000000004
145,10,CLF_UNION,28,3,45,50,55,22,5,5,10,12,0.5,0.30000000000000004
146,10,ORD-UNION,0,0,0,50,10,22,5,5,10,12,0.5,0.30000000000000004
147,10,CARD,27,5,35,50,46,22,5,5,10,12,0.5,0.30000000000000004
148,10,CLF_UNION,30,2,46,50,55,22,5,5,10,12,0.5,0.30000000000000004
149,10,ORD-UNION,0,0,0,50,9,22,5,5,10,12,0.5,0.30000000000000004
150,11,CARD,22,9,34,60,49,22,5,5,10,12,0.5,0.30000000000000004
151,11,CLF_UNION,19,12,48,60,55,22,5,5,10,12,0.5,0.30000000000000004
152,11,ORD-UNION,0,0,0,60,7,22,5,5,10,12,0.5,0.30000000000000004
153,11,CARD,31,4,39,60,47,22,5,5,10,12,0.5,0.30000000000000004
154,11,CLF_UNION,32,3,51,60,55,22,5,5,10,12,0.5,0.30000000000000004
155,11,ORD-UNION,0,0,0,60,4,22,5,5,10,12,0.5,0.30000000000000004
156,11,CARD,19,18,40,60,47,22,5,5,10,12,0.5,0.30000000000000004
157,11,CLF_UNION,28,10,52,60,55,22,5,5,10,12,0.5,0.30000000000000004
158,11,ORD-UNION,0,0,0,60,3,22,5,5,10,12,0.5,0.30000000000000004
159,11,CARD,28,7,38,60,47,22,5,5,10,12,0.5,0.30000000000000004
160,11,CLF_UNION,34,1,50,60,55,22,5,5,10,12,0.5,0.30000000000000004
161,11,ORD-UNION,0,0,0,60,5,22,5,5,10,12,0.5,0.30000000000000004
162,11,CARD,9,23,34,60,50,22,5,5,10,12,0.5,0.30000000000000004
163,11,CLF_UNION,24,9,49,60,55,22,5,5,10,12,0.5,0.30000000000000004
164,11,ORD-UNION,0,0,0,60,6,22,5,5,10,12,0.5,0.30000000000000004
165,12,CARD,24,5,34,70,47,22,5,5,10,12,0.5,0.30000000000000004
166,12,CLF_UNION,29,1,46,70,55,22,5,5,10,12,0.5,0.30000000000000004
167,12,ORD-UNION,0,0,0,70,9,22,5,5,10,12,0.5,0.30000000000000004
168,12,CARD,7,27,39,70,48,22,5,5,10,12,0.5,0.30000000000000004
169,12,CLF_UNION,20,14,52,70,55,22,5,5,10,12,0.5,0.30000000000000004
170,12,ORD-UNION,0,0,0,70,3,22,5,5,10,12,0.5,0.30000000000000004
171,12,CARD,15,27,44,70,45,22,5,5,10,12,0.5,0.30000000000000004
172,12,CLF_UNION,30,12,54,70,55,22,5,5,10,12,0.5,0.30000000000000004
173,12,ORD-UNION,0,0,0,70,1,22,5,5,10,12,0.5,0.30000000000000004
174,12,CARD,13,19,34,70,47,22,5,5,10,12,0.5,0.30000000000000004
175,12,CLF_UNION,30,3,46,70,55,22,5,5,10,12,0.5,0.30000000000000004
176,12,ORD-UNION,0,0,0,70,9,22,5,5,10,12,0.5,0.30000000000000004
177,12,CARD,21,1,26,70,46,22,5,5,10,12,0.5,0.30000000000000004
178,12,CLF_UNION,22,0,38,70,56,22,5,5,10,12,0.5,0.30000000000000004
179,12,ORD-UNION,0,0,0,70,18,22,5,5,10,12,0.5,0.30000000000000004
180,13,CARD,25,14,41,80,47,22,5,5,10,12,0.5,0.30000000000000004
181,13,CLF_UNION,30,9,53,80,55,22,5,5,10,12,0.5,0.30000000000000004
182,13,ORD-UNION,0,0,0,80,2,22,5,5,10,12,0.5,0.30000000000000004
183,13,CARD,23,4,29,80,47,22,5,5,10,12,0.5,0.30000000000000004
184,13,CLF_UNION,26,2,41,80,55,22,5,5,10,12,0.5,0.30000000000000004
185,13,ORD-UNION,0,0,0,80,14,22,5,5,10,12,0.5,0.30000000000000004
186,13,CARD,20,4,27,80,51,22,5,5,10,12,0.5,0.30000000000000004
187,13,CLF_UNION,26,0,43,80,55,22,5,5,10,12,0.5,0.30000000000000004
188,13,ORD-UNION,0,0,0,80,12,22,5,5,10,12,0.5,0.30000000000000004
189,13,CARD,22,13,38,80,49,22,5,5,10,12,0.5,0.30000000000000004
190,13,CLF_UNION,32,4,52,80,55,22,5,5,10,12,0.5,0.30000000000000004
191,13,ORD-UNION,0,0,0,80,3,22,5,5,10,12,0.5,0.30000000000000004
192,13,CARD,20,1,22,80,48,22,5,5,10,12,0.5,0.30000000000000004
193,13,CLF_UNION,20,2,35,80,55,22,5,5,10,12,0.5,0.30000000000000004
194,13,ORD-UNION,0,0,0,80,20,22,5,5,10,12,0.5,0.30000000000000004
195,14,CARD,32,2,38,92,49,22,5,5,10,12,0.5,0.30000000000000004
196,14,CLF_UNION,32,3,53,92,56,22,5,5,10,12,0.5,0.30000000000000004
197,14,ORD-UNION,0,0,0,92,3,22,5,5,10,12,0.5,0.30000000000000004
198,14,CARD,21,6,31,92,50,22,5,5,10,12,0.5,0.30000000000000004
199,14,CLF_UNION,29,0,48,92,57,22,5,5,10,12,0.5,0.30000000000000004
200,14,ORD-UNION,0,0,0,92,9,22,5,5,10,12,0.5,0.30000000000000004
201,14,CARD,18,11,32,92,50,22,5,5,10,12,0.5,0.30000000000000004
202,14,CLF_UNION,23,9,48,92,56,22,5,5,10,12,0.5,0.30000000000000004
203,14,ORD-UNION,0,0,0,92,8,22,5,5,10,12,0.5,0.30000000000000004
204,14,CARD,27,0,29,92,48,22,5,5,10,12,0.5,0.30000000000000004
205,14,CLF_UNION,29,0,42,92,55,22,5,5,10,12,0.5,0.30000000000000004
206,14,ORD-UNION,0,0,0,92,13,22,5,5,10,12,0.5,0.30000000000000004
207,14,CARD,26,13,39,92,49,22,5,5,10,12,0.5,0.30000000000000004
208,14,CLF_UNION,31,10,54,92,56,22,5,5,10,12,0.5,0.30000000000000004
209,14,ORD-UNION,0,0,0,92,2,22,5,5,10,12,0.5,0.30000000000000004
210,15,CARD,23,0,26,107,52,22,5,5,10,12,0.5,0.30000000000000004
211,15,CLF_UNION,26,0,44,107,56,22,5,5,10,12,0.5,0.30000000000000004
212,15,ORD-UNION,0,0,0,107,12,22,5,5,10,12,0.5,0.30000000000000004
213,15,CARD,19,9,30,107,49,22,5,5,10,12,0.5,0.30000000000000004
214,15,CLF_UNION,19,9,45,107,56,22,5,5,10,12,0.5,0.30000000000000004
215,15,ORD-UNION,0,0,0,107,11,22,5,5,10,12,0.5,0.30000000000000004
216,15,CARD,23,4,30,107,51,22,5,5,10,12,0.5,0.30000000000000004
217,15,CLF_UNION,31,1,47,107,56,22,5,5,10,12,0.5,0.30000000000000004
218,15,ORD-UNION,0,0,0,107,9,22,5,5,10,12,0.5,0.30000000000000004
219,15,CARD,27,0,29,107,47,22,5,5,10,12,0.5,0.30000000000000004
220,15,CLF_UNION,24,4,42,107,56,22,5,5,10,12,0.5,0.30000000000000004
221,15,ORD-UNION,0,0,0,107,14,22,5,5,10,12,0.5,0.30000000000000004
222,15,CARD,30,0,30,107,47,22,5,5,10,12,0.5,0.30000000000000004
223,15,CLF_UNION,28,2,44,107,57,22,5,5,10,12,0.5,0.30000000000000004
224,15,ORD-UNION,0,0,0,107,13,22,5,5,10,12,0.5,0.30000000000000004
225,16,CARD,20,16,38,122,46,22,5,5,10,12,0.5,0.30000000000000004
226,16,CLF_UNION,25,12,49,122,55,22,5,5,10,12,0.5,0.30000000000000004
227,16,ORD-UNION,0,0,0,122,6,22,5,5,10,12,0.5,0.30000000000000004
228,16,CARD,20,8,29,122,47,22,5,5,10,12,0.5,0.30000000000000004
229,16,CLF_UNION,23,6,42,122,56,22,5,5,10,12,0.5,0.30000000000000004
230,16,ORD-UNION,0,0,0,122,14,22,5,5,10,12,0.5,0.30000000000000004
231,16,CARD,13,15,30,122,47,22,5,5,10,12,0.5,0.30000000000000004
232,16,CLF_UNION,17,11,42,122,55,22,5,5,10,12,0.5,0.30000000000000004
233,16,ORD-UNION,0,0,0,122,13,22,5,5,10,12,0.5,0.30000000000000004
234,16,CARD,18,9,31,122,50,22,5,5,10,12,0.5,0.30000000000000004
235,16,CLF_UNION,27,3,47,122,56,22,5,5,10,12,0.5,0.30000000000000004
236,16,ORD-UNION,0,0,0,122,9,22,5,5,10,12,0.5,0.30000000000000004
237,16,CARD,17,18,37,122,47,22,5,5,10,12,0.5,0.30000000000000004
238,16,CLF_UNION,22,15,49,122,55,22,5,5,10,12,0.5,0.30000000000000004
239,16,ORD-UNION,0,0,0,122,6,22,5,5,10,12,0.5,0.30000000000000004
240,17,CARD,15,13,31,136,49,22,5,5,10,12,0.5,0.30000000000000004
241,17,CLF_UNION,29,3,45,136,55,22,5,5,10,12,0.5,0.30000000000000004
242,17,ORD-UNION,2,0,2,136,12,22,5,5,10,12,0.5,0.30000000000000004
243,17,CARD,13,15,30,136,46,22,5,5,10,12,0.5,0.30000000000000004
244,17,CLF_UNION,17,11,41,136,55,22,5,5,10,12,0.5,0.30000000000000004
245,17,ORD-UNION,0,0,0,136,14,22,5,5,10,12,0.5,0.30000000000000004
246,17,CARD,22,13,39,136,49,22,5,5,10,12,0.5,0.30000000000000004
247,17,CLF_UNION,26,12,53,136,55,22,5,5,10,12,0.5,0.30000000000000004
248,17,ORD-UNION,0,0,0,136,2,22,5,5,10,12,0.5,0.30000000000000004
249,17,CARD,12,9,24,136,48,22,5,5,10,12,0.5,0.30000000000000004
250,17,CLF_UNION,19,3,37,136,55,22,5,5,10,12,0.5,0.30000000000000004
251,17,ORD-UNION,0,0,0,136,18,22,5,5,10,12,0.5,0.30000000000000004
252,17,CARD,13,16,30,136,49,22,5,5,10,12,0.5,0.30000000000000004
253,17,CLF_UNION,16,13,44,136,55,22,5,5,10,12,0.5,0.30000000000000004
254,17,ORD-UNION,0,0,0,136,11,22,5,5,10,12,0.5,0.30000000000000004
255,18,CARD,8,19,28,153,49,22,5,5,10,12,0.5,0.30000000000000004
256,18,CLF_UNION,15,12,42,153,55,22,5,5,10,12,0.5,0.30000000000000004
257,18,ORD-UNION,0,0,0,153,13,22,5,5,10,12,0.5,0.30000000000000004
258,18,CARD,9,14,24,153,47,22,5,5,10,12,0.5,0.30000000000000004
259,18,CLF_UNION,21,2,36,153,55,22,5,5,10,12,0.5,0.30000000000000004
260,18,ORD-UNION,0,0,0,153,19,22,5,5,10,12,0.5,0.30000000000000004
261,18,CARD,7,9,16,153,48,22,5,5,10,12,0.5,0.30000000000000004
262,18,CLF_UNION,8,9,31,153,57,22,5,5,10,12,0.5,0.30000000000000004
263,18,ORD-UNION,3,0,3,153,29,22,5,5,10,12,0.5,0.30000000000000004
264,18,CARD,22,6,29,153,49,22,5,5,10,12,0.5,0.30000000000000004
265,18,CLF_UNION,24,4,46,153,58,22,5,5,10,12,0.5,0.30000000000000004
266,18,ORD-UNION,2,0,2,153,14,22,5,5,10,12,0.5,0.30000000000000004
267,18,CARD,13,18,35,153,46,22,5,5,10,12,0.5,0.30000000000000004
268,18,CLF_UNION,22,10,46,153,55,22,5,5,10,12,0.5,0.30000000000000004
269,18,ORD-UNION,0,0,0,153,9,22,5,5,10,12,0.5,0.30000000000000004
270,19,CARD,16,12,31,170,45,22,5,5,10,12,0.5,0.30000000000000004
271,19,CLF_UNION,18,10,41,170,55,22,5,5,10,12,0.5,0.30000000000000004
272,19,ORD-UNION,2,0,2,170,16,22,5,5,10,12,0.5,0.30000000000000004
273,19,CARD,6,17,23,170,49,22,5,5,10,12,0.5,0.30000000000000004
274,19,CLF_UNION,14,9,38,170,56,22,5,5,10,12,0.5,0.30000000000000004
275,19,ORD-UNION,3,0,3,170,21,22,5,5,10,12,0.5,0.30000000000000004
276,19,CARD,15,14,30,170,48,22,5,5,10,12,0.5,0.30000000000000004
277,19,CLF_UNION,27,3,45,170,56,22,5,5,10,12,0.5,0.30000000000000004
278,19,ORD-UNION,0,0,0,170,12,22,5,5,10,12,0.5,0.30000000000000004
279,19,CARD,0,0,1,170,49,22,5,5,10,12,0.5,0.30000000000000004
280,19,CLF_UNION,0,0,16,170,56,22,5,5,10,12,0.5,0.30000000000000004
281,19,ORD-UNION,0,0,0,170,40,22,5,5,10,12,0.5,0.30000000000000004
282,19,CARD,9,23,34,170,46,22,5,5,10,12,0.5,0.30000000000000004
283,19,CLF_UNION,21,12,45,170,55,22,5,5,10,12,0.5,0.30000000000000004
284,19,ORD-UNION,0,0,0,170,10,22,5,5,10,12,0.5,0.30000000000000004
285,20,CARD,2,7,9,188,51,22,5,5,10,12,0.5,0.30000000000000004
286,20,CLF_UNION,9,0,25,188,55,22,5,5,10,12,0.5,0.30000000000000004
287,20,ORD-UNION,1,0,1,188,31,22,5,5,10,12,0.5,0.30000000000000004
288,20,CARD,16,6,23,188,49,22,5,5,10,12,0.5,0.30000000000000004
289,20,CLF_UNION,22,1,37,188,55,22,5,5,10,12,0.5,0.30000000000000004
290,20,ORD-UNION,0,0,0,188,18,22,5,5,10,12,0.5,0.30000000000000004
291,20,CARD,26,10,38,188,46,22,5,5,10,12,0.5,0.30000000000000004
292,20,CLF_UNION,34,4,50,188,55,22,5,5,10,12,0.5,0.30000000000000004
293,20,ORD-UNION,0,0,0,188,6,22,5,5,10,12,0.5,0.30000000000000004
294,20,CARD,3,14,17,188,49,22,5,5,10,12,0.5,0.30000000000000004
295,20,CLF_UNION,8,9,32,188,56,22,5,5,10,12,0.5,0.30000000000000004
296,20,ORD-UNION,2,0,2,188,26,22,5,5,10,12,0.5,0.30000000000000004
297,20,CARD,8,9,17,188,50,22,5,5,10,12,0.5,0.30000000000000004
298,20,CLF_UNION,15,2,32,188,55,22,5,5,10,12,0.5,0.30000000000000004
299,20,ORD-UNION,3,0,3,188,26,22,5,5,10,12,0.5,0.30000000000000004
300,21,CARD,10,5,17,209,50,22,5,5,10,12,0.5,0.30000000000000004
301,21,CLF_UNION,15,0,35,209,58,22,5,5,10,12,0.5,0.30000000000000004
302,21,ORD-UNION,0,0,0,209,23,22,5,5,10,12,0.5,0.30000000000000004
303,21,CARD,10,14,24,209,48,22,5,5,10,12,0.5,0.30000000000000004
304,21,CLF_UNION,13,11,40,209,58,22,5,5,10,12,0.5,0.30000000000000004
305,21,ORD-UNION,0,0,0,209,18,22,5,5,10,12,0.5,0.30000000000000004
306,21,CARD,10,12,24,209,46,22,5,5,10,12,0.5,0.30000000000000004
307,21,CLF_UNION,13,10,37,209,56,22,5,5,10,12,0.5,0.30000000000000004
308,21,ORD-UNION,0,0,0,209,20,22,5,5,10,12,0.5,0.30000000000000004
309,21,CARD,17,8,30,209,46,22,5,5,10,12,0.5,0.30000000000000004
310,21,CLF_UNION,23,2,42,209,56,22,5,5,10,12,0.5,0.30000000000000004
311,21,ORD-UNION,0,0,0,209,14,22,5,5,10,12,0.5,0.30000000000000004
312,21,CARD,17,4,24,209,46,22,5,5,10,12,0.5,0.30000000000000004
313,21,CLF_UNION,20,1,35,209,55,22,5,5,10,12,0.5,0.30000000000000004
314,21,ORD-UNION,0,0,0,209,20,22,5,5,10,12,0.5,0.30000000000000004
315,22,CARD,7,0,9,228,48,22,5,5,10,12,0.5,0.30000000000000004
316,22,CLF_UNION,7,0,23,228,56,22,5,5,10,12,0.5,0.30000000000000004
317,22,ORD-UNION,0,0,0,228,33,22,5,5,10,12,0.5,0.30000000000000004
318,22,CARD,8,9,18,228,47,22,5,5,10,12,0.5,0.30000000000000004
319,22,CLF_UNION,8,9,32,228,57,22,5,5,10,12,0.5,0.30000000000000004
320,22,ORD-UNION,0,0,0,228,25,22,5,5,10,12,0.5,0.30000000000000004
321,22,CARD,19,3,24,228,45,22,5,5,10,12,0.5,0.30000000000000004
322,22,CLF_UNION,20,2,34,228,55,22,5,5,10,12,0.5,0.30000000000000004
323,22,ORD-UNION,1,0,1,228,22,22,5,5,10,12,0.5,0.30000000000000004
324,22,CARD,16,0,18,228,47,22,5,5,10,12,0.5,0.30000000000000004
325,22,CLF_UNION,14,2,31,228,56,22,5,5,10,12,0.5,0.30000000000000004
326,22,ORD-UNION,0,0,0,228,25,22,5,5,10,12,0.5,0.30000000000000004
327,22,CARD,11,12,24,228,47,22,5,5,10,12,0.5,0.30000000000000004
328,22,CLF_UNION,14,9,36,228,55,22,5,5,10,12,0.5,0.30000000000000004
329,22,ORD-UNION,0,0,0,228,19,22,5,5,10,12,0.5,0.30000000000000004
330,23,CARD,0,0,0,248,50,22,5,5,10,12,0.5,0.30000000000000004
331,23,CLF_UNION,0,1,17,248,56,22,5,5,10,12,0.5,0.30000000000000004
332,23,ORD-UNION,0,0,0,248,40,22,5,5,10,12,0.5,0.30000000000000004
333,23,CARD,17,11,30,248,51,22,5,5,10,12,0.5,0.30000000000000004
334,23,CLF_UNION,27,1,47,248,56,22,5,5,10,12,0.5,0.30000000000000004
335,23,ORD-UNION,0,0,0,248,9,22,5,5,10,12,0.5,0.30000000000000004
336,23,CARD,5,16,23,248,47,22,5,5,10,12,0.5,0.30000000000000004
337,23,CLF_UNION,13,9,35,248,55,22,5,5,10,12,0.5,0.30000000000000004
338,23,ORD-UNION,0,0,0,248,20,22,5,5,10,12,0.5,0.30000000000000004
339,23,CARD,12,8,24,248,47,22,5,5,10,12,0.5,0.30000000000000004
340,23,CLF_UNION,20,0,37,248,56,22,5,5,10,12,0.5,0.30000000000000004
341,23,ORD-UNION,1,0,1,248,20,22,5,5,10,12,0.5,0.30000000000000004
342,23,CARD,22,6,29,248,47,22,5,5,10,12,0.5,0.30000000000000004
343,23,CLF_UNION,29,0,42,248,56,22,5,5,10,12,0.5,0.30000000000000004
344,23,ORD-UNION,0,0,0,248,14,22,5,5,10,12,0.5,0.30000000000000004
345,24,CARD,14,9,24,271,46,22,5,5,10,12,0.5,0.30000000000000004
346,24,CLF_UNION,13,10,35,271,55,22,5,5,10,12,0.5,0.30000000000000004
347,24,ORD-UNION,0,0,0,271,20,22,5,5,10,12,0.5,0.30000000000000004
348,24,CARD,0,9,9,271,49,22,5,5,10,12,0.5,0.30000000000000004
349,24,CLF_UNION,0,9,24,271,56,22,5,5,10,12,0.5,0.30000000000000004
350,24,ORD-UNION,0,0,0,271,32,22,5,5,10,12,0.5,0.30000000000000004
351,24,CARD,13,2,18,271,46,22,5,5,10,12,0.5,0.30000000000000004
352,24,CLF_UNION,14,1,29,271,55,22,5,5,10,12,0.5,0.30000000000000004
353,24,ORD-UNION,3,0,3,271,29,22,5,5,10,12,0.5,0.30000000000000004
354,24,CARD,0,0,4,271,46,22,5,5,10,12,0.5,0.30000000000000004
355,24,CLF_UNION,0,0,15,271,55,22,5,5,10,12,0.5,0.30000000000000004
356,24,ORD-UNION,0,0,0,271,40,22,5,5,10,12,0.5,0.30000000000000004
357,24,CARD,11,5,17,271,48,22,5,5,10,12,0.5,0.30000000000000004
358,24,CLF_UNION,15,1,30,271,55,22,5,5,10,12,0.5,0.30000000000000004
359,24,ORD-UNION,0,0,0,271,25,22,5,5,10,12,0.5,0.30000000000000004
360,1,CARD,1,16,21,1,69,22,5,5,10,12,0.5,0.30000000000000004
361,1,CLF_UNION,27,24,71,1,71,22,5,5,10,12,0.5,0.30000000000000004
362,1,ORD-UNION,0,0,0,1,0,22,5,5,10,12,0.5,0.30000000000000004
363,1,CARD,6,18,25,1,65,22,5,5,10,12,0.5,0.30000000000000004
364,1,CLF_UNION,25,24,65,1,65,22,5,5,10,12,0.5,0.30000000000000004
365,1,ORD-UNION,0,0,0,1,0,22,5,5,10,12,0.5,0.30000000000000004
366,1,CARD,2,21,25,1,65,22,5,5,10,12,0.5,0.30000000000000004
367,1,CLF_UNION,34,24,76,1,76,22,5,5,10,12,0.5,0.30000000000000004
368,1,ORD-UNION,0,0,0,1,0,22,5,5,10,12,0.5,0.30000000000000004
369,1,CARD,8,12,24,1,66,22,5,5,10,12,0.5,0.30000000000000004
370,1,CLF_UNION,22,24,63,1,63,22,5,5,10,12,0.5,0.30000000000000004
371,1,ORD-UNION,0,0,0,1,0,22,5,5,10,12,0.5,0.30000000000000004
372,1,CARD,0,22,25,1,65,22,5,5,10,12,0.5,0.30000000000000004
373,1,CLF_UNION,22,29,71,1,71,22,5,5,10,12,0.5,0.30000000000000004
374,1,ORD-UNION,0,0,0,1,0,22,5,5,10,12,0.5,0.30000000000000004
375,2,CARD,25,11,37,3,53,22,5,5,10,12,0.5,0.30000000000000004
376,2,CLF_UNION,30,17,59,3,59,22,5,5,10,12,0.5,0.30000000000000004
377,2,ORD-UNION,0,0,0,3,0,22,5,5,10,12,0.5,0.30000000000000004
378,2,CARD,14,15,35,3,55,22,5,5,10,12,0.5,0.30000000000000004
379,2,CLF_UNION,19,21,59,3,59,22,5,5,10,12,0.5,0.30000000000000004
380,2,ORD-UNION,0,0,0,3,0,22,5,5,10,12,0.5,0.30000000000000004
381,2,CARD,11,18,35,3,55,22,5,5,10,12,0.5,0.30000000000000004
382,2,CLF_UNION,11,33,62,3,62,22,5,5,10,12,0.5,0.30000000000000004
383,2,ORD-UNION,0,0,0,3,0,22,5,5,10,12,0.5,0.30000000000000004
384,2,CARD,21,10,33,3,57,22,5,5,10,12,0.5,0.30000000000000004
385,2,CLF_UNION,22,22,58,3,58,22,5,5,10,12,0.5,0.30000000000000004
386,2,ORD-UNION,0,0,0,3,0,22,5,5,10,12,0.5,0.30000000000000004
387,2,CARD,19,14,35,3,54,22,5,5,10,12,0.5,0.30000000000000004
388,2,CLF_UNION,20,25,58,3,59,22,5,5,10,12,0.5,0.30000000000000004
389,2,ORD-UNION,0,0,0,3,1,22,5,5,10,12,0.5,0.30000000000000004
390,3,CARD,11,18,35,6,55,22,5,5,10,12,0.5,0.30000000000000004
391,3,CLF_UNION,10,28,56,6,56,22,5,5,10,12,0.5,0.30000000000000004
392,3,ORD-UNION,0,0,0,6,0,22,5,5,10,12,0.5,0.30000000000000004
393,3,CARD,20,11,35,6,55,22,5,5,10,12,0.5,0.30000000000000004
394,3,CLF_UNION,18,21,56,6,56,22,5,5,10,12,0.5,0.30000000000000004
395,3,ORD-UNION,0,0,0,6,0,22,5,5,10,12,0.5,0.30000000000000004
396,3,CARD,22,13,36,6,54,22,5,5,10,12,0.5,0.30000000000000004
397,3,CLF_UNION,24,17,55,6,55,22,5,5,10,12,0.5,0.30000000000000004
398,3,ORD-UNION,0,0,0,6,0,22,5,5,10,12,0.5,0.30000000000000004
399,3,CARD,17,15,37,6,53,22,5,5,10,12,0.5,0.30000000000000004
400,3,CLF_UNION,21,18,55,6,55,22,5,5,10,12,0.5,0.30000000000000004
401,3,ORD-UNION,0,0,0,6,0,22,5,5,10,12,0.5,0.30000000000000004
402,3,CARD,14,15,33,6,57,22,5,5,10,12,0.5,0.30000000000000004
403,3,CLF_UNION,16,27,57,6,57,22,5,5,10,12,0.5,0.30000000000000004
404,3,ORD-UNION,0,0,0,6,0,22,5,5,10,12,0.5,0.30000000000000004
405,4,CARD,22,11,42,10,48,22,5,5,10,12,0.5,0.30000000000000004
406,4,CLF_UNION,22,12,55,10,55,22,5,5,10,12,0.5,0.30000000000000004
407,4,ORD-UNION,0,0,0,10,0,22,5,5,10,12,0.5,0.30000000000000004
408,4,CARD,27,10,40,10,50,22,5,5,10,12,0.5,0.30000000000000004
409,4,CLF_UNION,29,13,55,10,55,22,5,5,10,12,0.5,0.30000000000000004
410,4,ORD-UNION,0,0,0,10,0,22,5,5,10,12,0.5,0.30000000000000004
411,4,CARD,25,12,40,10,50,22,5,5,10,12,0.5,0.30000000000000004
412,4,CLF_UNION,24,18,55,10,55,22,5,5,10,12,0.5,0.30000000000000004
413,4,ORD-UNION,0,0,0,10,0,22,5,5,10,12,0.5,0.30000000000000004
414,4,CARD,25,11,39,10,50,22,5,5,10,12,0.5,0.30000000000000004
415,4,CLF_UNION,24,16,54,10,55,22,5,5,10,12,0.5,0.30000000000000004
416,4,ORD-UNION,0,0,0,10,1,22,5,5,10,12,0.5,0.30000000000000004
417,4,CARD,24,11,41,10,49,22,5,5,10,12,0.5,0.30000000000000004
418,4,CLF_UNION,22,16,55,10,55,22,5,5,10,12,0.5,0.30000000000000004
419,4,ORD-UNION,0,0,0,10,0,22,5,5,10,12,0.5,0.30000000000000004
420,5,CARD,27,12,41,15,46,22,5,5,10,12,0.5,0.30000000000000004
421,5,CLF_UNION,29,11,52,15,55,22,5,5,10,12,0.5,0.30000000000000004
422,5,ORD-UNION,0,0,0,15,3,22,5,5,10,12,0.5,0.30000000000000004
423,5,CARD,29,13,45,15,45,22,5,5,10,12,0.5,0.30000000000000004
424,5,CLF_UNION,25,17,55,15,55,22,5,5,10,12,0.5,0.30000000000000004
425,5,ORD-UNION,0,0,0,15,0,22,5,5,10,12,0.5,0.30000000000000004
426,5,CARD,34,7,44,15,46,22,5,5,10,12,0.5,0.30000000000000004
427,5,CLF_UNION,29,12,55,15,55,22,5,5,10,12,0.5,0.30000000000000004
428,5,ORD-UNION,0,0,0,15,0,22,5,5,10,12,0.5,0.30000000000000004
429,5,CARD,25,16,43,15,47,22,5,5,10,12,0.5,0.30000000000000004
430,5,CLF_UNION,21,21,55,15,55,22,5,5,10,12,0.5,0.30000000000000004
431,5,ORD-UNION,0,0,0,15,0,22,5,5,10,12,0.5,0.30000000000000004
432,5,CARD,26,13,43,15,47,22,5,5,10,12,0.5,0.30000000000000004
433,5,CLF_UNION,18,23,55,15,55,22,5,5,10,12,0.5,0.30000000000000004
434,5,ORD-UNION,0,0,0,15,0,22,5,5,10,12,0.5,0.30000000000000004
435,6,CARD,18,22,44,21,46,22,5,5,10,12,0.5,0.30000000000000004
436,6,CLF_UNION,18,24,56,21,56,22,5,5,10,12,0.5,0.30000000000000004
437,6,ORD-UNION,0,0,0,21,0,22,5,5,10,12,0.5,0.30000000000000004
438,6,CARD,25,7,37,21,47,22,5,5,10,12,0.5,0.30000000000000004
439,6,CLF_UNION,25,9,49,21,55,22,5,5,10,12,0.5,0.30000000000000004
440,6,ORD-UNION,0,0,0,21,6,22,5,5,10,12,0.5,0.30000000000000004
441,6,CARD,31,10,43,21,47,22,5,5,10,12,0.5,0.30000000000000004
442,6,CLF_UNION,32,11,55,21,55,22,5,5,10,12,0.5,0.30000000000000004
443,6,ORD-UNION,0,0,0,21,0,22,5,5,10,12,0.5,0.30000000000000004
444,6,CARD,29,7,43,21,47,22,5,5,10,12,0.5,0.30000000000000004
445,6,CLF_UNION,29,9,55,21,55,22,5,5,10,12,0.5,0.30000000000000004
446,6,ORD-UNION,0,0,0,21,0,22,5,5,10,12,0.5,0.30000000000000004
447,6,CARD,25,14,44,21,46,22,5,5,10,12,0.5,0.30000000000000004
448,6,CLF_UNION,23,18,56,21,56,22,5,5,10,12,0.5,0.30000000000000004
449,6,ORD-UNION,0,0,0,21,0,22,5,5,10,12,0.5,0.30000000000000004
450,7,CARD,34,4,42,28,47,22,5,5,10,12,0.5,0.30000000000000004
451,7,CLF_UNION,36,4,55,28,56,22,5,5,10,12,0.5,0.30000000000000004
452,7,ORD-UNION,0,0,0,28,1,22,5,5,10,12,0.5,0.30000000000000004
453,7,CARD,25,17,44,28,46,22,5,5,10,12,0.5,0.30000000000000004
454,7,CLF_UNION,25,19,56,28,56,22,5,5,10,12,0.5,0.30000000000000004
455,7,ORD-UNION,0,0,0,28,0,22,5,5,10,12,0.5,0.30000000000000004
456,7,CARD,17,21,43,28,46,22,5,5,10,12,0.5,0.30000000000000004
457,7,CLF_UNION,13,27,55,28,56,22,5,5,10,12,0.5,0.30000000000000004
458,7,ORD-UNION,0,0,0,28,1,22,5,5,10,12,0.5,0.30000000000000004
459,7,CARD,27,9,42,28,45,22,5,5,10,12,0.5,0.30000000000000004
460,7,CLF_UNION,23,13,52,28,55,22,5,5,10,12,0.5,0.30000000000000004
461,7,ORD-UNION,0,0,0,28,3,22,5,5,10,12,0.5,0.30000000000000004
462,7,CARD,30,10,44,28,46,22,5,5,10,12,0.5,0.30000000000000004
463,7,CLF_UNION,27,14,55,28,55,22,5,5,10,12,0.5,0.30000000000000004
464,7,ORD-UNION,0,0,0,28,0,22,5,5,10,12,0.5,0.30000000000000004
465,8,CARD,29,6,43,35,46,22,5,5,10,12,0.5,0.30000000000000004
466,8,CLF_UNION,16,20,54,35,55,22,5,5,10,12,0.5,0.30000000000000004
467,8,ORD-UNION,0,0,0,35,1,22,5,5,10,12,0.5,0.30000000000000004
468,8,CARD,29,4,38,35,46,22,5,5,10,12,0.5,0.30000000000000004
469,8,CLF_UNION,24,10,49,35,55,22,5,5,10,12,0.5,0.30000000000000004
470,8,ORD-UNION,0,0,0,35,6,22,5,5,10,12,0.5,0.30000000000000004
471,8,CARD,19,19,43,35,46,22,5,5,10,12,0.5,0.30000000000000004
472,8,CLF_UNION,15,23,54,35,55,22,5,5,10,12,0.5,0.30000000000000004
473,8,ORD-UNION,0,0,0,35,1,22,5,5,10,12,0.5,0.30000000000000004
474,8,CARD,26,10,40,35,47,22,5,5,10,12,0.5,0.30000000000000004
475,8,CLF_UNION,20,18,52,35,55,22,5,5,10,12,0.5,0.30000000000000004
476,8,ORD-UNION,0,0,0,35,3,22,5,5,10,12,0.5,0.30000000000000004
477,8,CARD,20,19,43,35,47,22,5,5,10,12,0.5,0.30000000000000004
478,8,CLF_UNION,15,26,55,35,55,22,5,5,10,12,0.5,0.30000000000000004
479,8,ORD-UNION,0,0,0,35,0,22,5,5,10,12,0.5,0.30000000000000004
480,9,CARD,12,20,42,43,46,22,5,5,10,12,0.5,0.30000000000000004
481,9,CLF_UNION,7,25,53,43,55,22,5,5,10,12,0.5,0.30000000000000004
482,9,ORD-UNION,0,0,0,43,2,22,5,5,10,12,0.5,0.30000000000000004
483,9,CARD,24,5,35,43,46,22,5,5,10,12,0.5,0.30000000000000004
484,9,CLF_UNION,26,3,46,43,55,22,5,5,10,12,0.5,0.30000000000000004
485,9,ORD-UNION,3,0,3,43,12,22,5,5,10,12,0.5,0.30000000000000004
486,9,CARD,25,9,39,43,45,22,5,5,10,12,0.5,0.30000000000000004
487,9,CLF_UNION,16,18,49,43,55,22,5,5,10,12,0.5,0.30000000000000004
488,9,ORD-UNION,2,0,2,43,8,22,5,5,10,12,0.5,0.30000000000000004
489,9,CARD,23,14,42,43,48,22,5,5,10,12,0.5,0.30000000000000004
490,9,CLF_UNION,19,20,55,43,55,22,5,5,10,12,0.5,0.30000000000000004
491,9,ORD-UNION,0,0,0,43,0,22,5,5,10,12,0.5,0.30000000000000004
492,9,CARD,34,6,43,43,47,22,5,5,10,12,0.5,0.30000000000000004
493,9,CLF_UNION,29,12,55,43,55,22,5,5,10,12,0.5,0.30000000000000004
494,9,ORD-UNION,0,0,0,43,0,22,5,5,10,12,0.5,0.30000000000000004
495,10,CARD,24,8,34,51,47,22,5,5,10,12,0.5,0.30000000000000004
496,10,CLF_UNION,24,9,46,51,55,22,5,5,10,12,0.5,0.30000000000000004
497,10,ORD-UNION,3,0,3,51,12,22,5,5,10,12,0.5,0.30000000000000004
498,10,CARD,24,9,40,51,47,22,5,5,10,12,0.5,0.30000000000000004
499,10,CLF_UNION,25,10,52,51,55,22,5,5,10,12,0.5,0.30000000000000004
500,10,ORD-UNION,0,0,0,51,3,22,5,5,10,12,0.5,0.30000000000000004
501,10,CARD,13,25,41,51,46,22,5,5,10,12,0.5,0.30000000000000004
502,10,CLF_UNION,11,28,52,51,55,22,5,5,10,12,0.5,0.30000000000000004
503,10,ORD-UNION,1,0,1,51,4,22,5,5,10,12,0.5,0.30000000000000004
504,10,CARD,17,16,39,51,46,22,5,5,10,12,0.5,0.30000000000000004
505,10,CLF_UNION,15,18,50,51,55,22,5,5,10,12,0.5,0.30000000000000004
506,10,ORD-UNION,1,0,1,51,6,22,5,5,10,12,0.5,0.30000000000000004
507,10,CARD,16,23,44,51,46,22,5,5,10,12,0.5,0.30000000000000004
508,10,CLF_UNION,8,32,55,51,55,22,5,5,10,12,0.5,0.30000000000000004
509,10,ORD-UNION,1,0,1,51,1,22,5,5,10,12,0.5,0.30000000000000004
510,11,CARD,26,12,41,61,46,22,5,5,10,12,0.5,0.30000000000000004
511,11,CLF_UNION,26,12,52,61,55,22,5,5,10,12,0.5,0.30000000000000004
512,11,ORD-UNION,1,0,1,61,4,22,5,5,10,12,0.5,0.30000000000000004
513,11,CARD,33,5,41,61,46,22,5,5,10,12,0.5,0.30000000000000004
514,11,CLF_UNION,30,10,53,61,56,22,5,5,10,12,0.5,0.30000000000000004
515,11,ORD-UNION,3,0,3,61,6,22,5,5,10,12,0.5,0.30000000000000004
516,11,CARD,23,10,38,61,47,22,5,5,10,12,0.5,0.30000000000000004
517,11,CLF_UNION,20,14,50,61,55,22,5,5,10,12,0.5,0.30000000000000004
518,11,ORD-UNION,0,0,0,61,5,22,5,5,10,12,0.5,0.30000000000000004
519,11,CARD,29,7,38,61,47,22,5,5,10,12,0.5,0.30000000000000004
520,11,CLF_UNION,21,18,52,61,57,22,5,5,10,12,0.5,0.30000000000000004
521,11,ORD-UNION,0,0,0,61,5,22,5,5,10,12,0.5,0.30000000000000004
522,11,CARD,22,8,34,61,46,22,5,5,10,12,0.5,0.30000000000000004
523,11,CLF_UNION,21,10,45,61,55,22,5,5,10,12,0.5,0.30000000000000004
524,11,ORD-UNION,0,0,0,61,10,22,5,5,10,12,0.5,0.30000000000000004
525,12,CARD,21,8,35,73,46,22,5,5,10,12,0.5,0.30000000000000004
526,12,CLF_UNION,17,12,47,73,56,22,5,5,10,12,0.5,0.30000000000000004
527,12,ORD-UNION,0,1,1,73,10,22,5,5,10,12,0.5,0.30000000000000004
528,12,CARD,27,3,40,73,47,22,5,5,10,12,0.5,0.30000000000000004
529,12,CLF_UNION,27,5,52,73,55,22,5,5,10,12,0.5,0.30000000000000004
530,12,ORD-UNION,0,0,0,73,3,22,5,5,10,12,0.5,0.30000000000000004
531,12,CARD,19,8,35,73,45,22,5,5,10,12,0.5,0.30000000000000004
532,12,CLF_UNION,19,8,45,73,55,22,5,5,10,12,0.5,0.30000000000000004
533,12,ORD-UNION,0,0,0,73,10,22,5,5,10,12,0.5,0.30000000000000004
534,12,CARD,29,4,40,73,47,22,5,5,10,12,0.5,0.30000000000000004
535,12,CLF_UNION,24,11,52,73,55,22,5,5,10,12,0.5,0.30000000000000004
536,12,ORD-UNION,0,0,0,73,3,22,5,5,10,12,0.5,0.30000000000000004
537,12,CARD,21,10,40,73,48,22,5,5,10,12,0.5,0.30000000000000004
538,12,CLF_UNION,19,14,53,73,55,22,5,5,10,12,0.5,0.30000000000000004
539,12,ORD-UNION,0,0,0,73,2,22,5,5,10,12,0.5,0.30000000000000004
540,13,CARD,18,11,33,84,47,22,5,5,10,12,0.5,0.30000000000000004
541,13,CLF_UNION,15,17,46,84,56,22,5,5,10,12,0.5,0.30000000000000004
542,13,ORD-UNION,0,0,0,84,10,22,5,5,10,12,0.5,0.30000000000000004
543,13,CARD,24,12,42,84,47,22,5,5,10,12,0.5,0.30000000000000004
544,13,CLF_UNION,15,24,55,84,56,22,5,5,10,12,0.5,0.30000000000000004
545,13,ORD-UNION,0,0,0,84,1,22,5,5,10,12,0.5,0.30000000000000004
546,13,CARD,16,15,35,84,45,22,5,5,10,12,0.5,0.30000000000000004
547,13,CLF_UNION,18,13,45,84,55,22,5,5,10,12,0.5,0.30000000000000004
548,13,ORD-UNION,0,0,0,84,10,22,5,5,10,12,0.5,0.30000000000000004
549,13,CARD,22,5,30,84,46,22,5,5,10,12,0.5,0.30000000000000004
550,13,CLF_UNION,22,5,41,84,55,22,5,5,10,12,0.5,0.30000000000000004
551,13,ORD-UNION,0,0,0,84,14,22,5,5,10,12,0.5,0.30000000000000004
552,13,CARD,24,12,41,84,46,22,5,5,10,12,0.5,0.30000000000000004
553,13,CLF_UNION,11,26,52,84,55,22,5,5,10,12,0.5,0.30000000000000004
554,13,ORD-UNION,0,0,0,84,3,22,5,5,10,12,0.5,0.30000000000000004
555,14,CARD,12,7,23,97,47,22,5,5,10,12,0.5,0.30000000000000004
556,14,CLF_UNION,13,7,36,97,56,22,5,5,10,12,0.5,0.30000000000000004
557,14,ORD-UNION,0,0,0,97,20,22,5,5,10,12,0.5,0.30000000000000004
558,14,CARD,26,6,33,97,48,22,5,5,10,12,0.5,0.30000000000000004
559,14,CLF_UNION,26,8,47,97,56,22,5,5,10,12,0.5,0.30000000000000004
560,14,ORD-UNION,0,0,0,97,9,22,5,5,10,12,0.5,0.30000000000000004
561,14,CARD,21,10,34,97,47,22,5,5,10,12,0.5,0.30000000000000004
562,14,CLF_UNION,22,10,47,97,56,22,5,5,10,12,0.5,0.30000000000000004
563,14,ORD-UNION,0,1,1,97,10,22,5,5,10,12,0.5,0.30000000000000004
564,14,CARD,25,6,35,97,49,22,5,5,10,12,0.5,0.30000000000000004
565,14,CLF_UNION,28,7,49,97,55,22,5,5,10,12,0.5,0.30000000000000004
566,14,ORD-UNION,0,0,0,97,6,22,5,5,10,12,0.5,0.30000000000000004
567,14,CARD,24,10,38,97,47,22,5,5,10,12,0.5,0.30000000000000004
568,14,CLF_UNION,15,20,51,97,56,22,5,5,10,12,0.5,0.30000000000000004
569,14,ORD-UNION,0,1,1,97,6,22,5,5,10,12,0.5,0.30000000000000004
570,15,CARD,19,9,34,111,51,22,5,5,10,12,0.5,0.30000000000000004
571,15,CLF_UNION,17,17,53,111,58,22,5,5,10,12,0.5,0.30000000000000004
572,15,ORD-UNION,0,0,0,111,5,22,5,5,10,12,0.5,0.30000000000000004
573,15,CARD,17,14,36,111,49,22,5,5,10,12,0.5,0.30000000000000004
574,15,CLF_UNION,19,14,51,111,56,22,5,5,10,12,0.5,0.30000000000000004
575,15,ORD-UNION,0,1,1,111,6,22,5,5,10,12,0.5,0.30000000000000004
576,15,CARD,16,6,24,111,47,22,5,5,10,12,0.5,0.30000000000000004
577,15,CLF_UNION,15,7,38,111,57,22,5,5,10,12,0.5,0.30000000000000004
578,15,ORD-UNION,0,0,0,111,19,22,5,5,10,12,0.5,0.30000000000000004
579,15,CARD,11,12,28,111,48,22,5,5,10,12,0.5,0.30000000000000004
580,15,CLF_UNION,13,13,43,111,57,22,5,5,10,12,0.5,0.30000000000000004
581,15,ORD-UNION,0,0,0,111,14,22,5,5,10,12,0.5,0.30000000000000004
582,15,CARD,24,2,28,111,48,22,5,5,10,12,0.5,0.30000000000000004
583,15,CLF_UNION,21,7,42,111,56,22,5,5,10,12,0.5,0.30000000000000004
584,15,ORD-UNION,0,0,0,111,14,22,5,5,10,12,0.5,0.30000000000000004
585,16,CARD,28,7,39,125,45,22,5,5,10,12,0.5,0.30000000000000004
586,16,CLF_UNION,25,10,49,125,55,22,5,5,10,12,0.5,0.30000000000000004
587,16,ORD-UNION,3,0,4,125,10,22,5,5,10,12,0.5,0.30000000000000004
588,16,CARD,16,8,30,125,47,22,5,5,10,12,0.5,0.30000000000000004
589,16,CLF_UNION,16,8,42,125,55,22,5,5,10,12,0.5,0.30000000000000004
590,16,ORD-UNION,3,1,6,125,19,22,5,5,10,12,0.5,0.30000000000000004
591,16,CARD,27,4,34,125,46,22,5,5,10,12,0.5,0.30000000000000004
592,16,CLF_UNION,23,8,45,125,55,22,5,5,10,12,0.5,0.30000000000000004
593,16,ORD-UNION,0,0,0,125,10,22,5,5,10,12,0.5,0.30000000000000004
594,16,CARD,26,5,35,125,45,22,5,5,10,12,0.5,0.30000000000000004
595,16,CLF_UNION,23,8,45,125,55,22,5,5,10,12,0.5,0.30000000000000004
596,16,ORD-UNION,3,1,5,125,15,22,5,5,10,12,0.5,0.30000000000000004
597,16,CARD,24,5,34,125,46,22,5,5,10,12,0.5,0.30000000000000004
598,16,CLF_UNION,18,12,45,125,55,22,5,5,10,12,0.5,0.30000000000000004
599,16,ORD-UNION,1,3,5,125,15,22,5,5,10,12,0.5,0.30000000000000004
600,17,CARD,19,10,34,140,48,22,5,5,10,12,0.5,0.30000000000000004
601,17,CLF_UNION,13,16,48,140,56,22,5,5,10,12,0.5,0.30000000000000004
602,17,ORD-UNION,0,5,5,140,13,22,5,5,10,12,0.5,0.30000000000000004
603,17,CARD,20,6,30,140,47,22,5,5,10,12,0.5,0.30000000000000004
604,17,CLF_UNION,16,11,43,140,56,22,5,5,10,12,0.5,0.30000000000000004
605,17,ORD-UNION,1,4,6,140,19,22,5,5,10,12,0.5,0.30000000000000004
606,17,CARD,17,2,23,140,48,22,5,5,10,12,0.5,0.30000000000000004
607,17,CLF_UNION,15,7,38,140,56,22,5,5,10,12,0.5,0.30000000000000004
608,17,ORD-UNION,0,0,0,140,19,22,5,5,10,12,0.5,0.30000000000000004
609,17,CARD,14,12,32,140,49,22,5,5,10,12,0.5,0.30000000000000004
610,17,CLF_UNION,17,12,46,140,55,22,5,5,10,12,0.5,0.30000000000000004
611,17,ORD-UNION,0,0,0,140,9,22,5,5,10,12,0.5,0.30000000000000004
612,17,CARD,17,6,24,140,46,22,5,5,10,12,0.5,0.30000000000000004
613,17,CLF_UNION,19,5,36,140,55,22,5,5,10,12,0.5,0.30000000000000004
614,17,ORD-UNION,0,0,0,140,20,22,5,5,10,12,0.5,0.30000000000000004
615,18,CARD,13,10,30,155,46,22,5,5,10,12,0.5,0.30000000000000004
616,18,CLF_UNION,20,3,41,155,55,22,5,5,10,12,0.5,0.30000000000000004
617,18,ORD-UNION,0,0,0,155,14,22,5,5,10,12,0.5,0.30000000000000004
618,18,CARD,18,7,28,155,47,22,5,5,10,12,0.5,0.30000000000000004
619,18,CLF_UNION,24,4,41,155,55,22,5,5,10,12,0.5,0.30000000000000004
620,18,ORD-UNION,0,0,0,155,15,22,5,5,10,12,0.5,0.30000000000000004
621,18,CARD,10,2,15,155,50,22,5,5,10,12,0.5,0.30000000000000004
622,18,CLF_UNION,12,3,32,155,57,22,5,5,10,12,0.5,0.30000000000000004
623,18,ORD-UNION,0,0,0,155,25,22,5,5,10,12,0.5,0.30000000000000004
624,18,CARD,18,5,24,155,47,22,5,5,10,12,0.5,0.30000000000000004
625,18,CLF_UNION,15,9,37,155,55,22,5,5,10,12,0.5,0.30000000000000004
626,18,ORD-UNION,5,3,8,155,27,22,5,5,10,12,0.5,0.30000000000000004
627,18,CARD,17,11,29,155,47,22,5,5,10,12,0.5,0.30000000000000004
628,18,CLF_UNION,22,6,41,155,55,22,5,5,10,12,0.5,0.30000000000000004
629,18,ORD-UNION,4,3,7,155,21,22,5,5,10,12,0.5,0.30000000000000004
630,19,CARD,10,2,14,171,51,22,5,5,10,12,0.5,0.30000000000000004
631,19,CLF_UNION,11,4,30,171,55,22,5,5,10,12,0.5,0.30000000000000004
632,19,ORD-UNION,0,0,0,171,25,22,5,5,10,12,0.5,0.30000000000000004
633,19,CARD,4,11,17,171,47,22,5,5,10,12,0.5,0.30000000000000004
634,19,CLF_UNION,6,9,29,171,55,22,5,5,10,12,0.5,0.30000000000000004
635,19,ORD-UNION,0,0,0,171,26,22,5,5,10,12,0.5,0.30000000000000004
636,19,CARD,14,13,28,171,48,22,5,5,10,12,0.5,0.30000000000000004
637,19,CLF_UNION,17,12,41,171,55,22,5,5,10,12,0.5,0.30000000000000004
638,19,ORD-UNION,2,4,7,171,21,22,5,5,10,12,0.5,0.30000000000000004
639,19,CARD,9,5,18,171,46,22,5,5,10,12,0.5,0.30000000000000004
640,19,CLF_UNION,11,3,29,171,55,22,5,5,10,12,0.5,0.30000000000000004
641,19,ORD-UNION,0,0,0,171,26,22,5,5,10,12,0.5,0.30000000000000004
642,19,CARD,15,6,25,171,51,22,5,5,10,12,0.5,0.30000000000000004
643,19,CLF_UNION,23,3,41,171,55,22,5,5,10,12,0.5,0.30000000000000004
644,19,ORD-UNION,0,0,0,171,14,22,5,5,10,12,0.5,0.30000000000000004
