,budget,model,correct,wrong,total,n_pref_input,n_pref_output,theta_size,theta_additivity,n_items,n_test_subsets,n_tiers,alpha,p
0,1,CARD,16,5,24,1,66,22,5,5,10,9,0.5,0.7000000000000001
1,1,CLF_UNION,32,13,60,1,60,22,5,5,10,9,0.5,0.7000000000000001
2,1,ORD-UNION,0,0,0,1,0,22,5,5,10,9,0.5,0.7000000000000001
3,1,CARD,11,8,21,1,69,22,5,5,10,9,0.5,0.7000000000000001
4,1,CLF_UNION,27,18,59,1,59,22,5,5,10,9,0.5,0.7000000000000001
5,1,ORD-UNION,0,0,0,1,0,22,5,5,10,9,0.5,0.7000000000000001
6,1,CARD,8,12,24,1,66,22,5,5,10,9,0.5,0.7000000000000001
7,1,CLF_UNION,24,17,57,1,57,22,5,5,10,9,0.5,0.7000000000000001
8,1,ORD-UNION,0,0,0,1,0,22,5,5,10,9,0.5,0.7000000000000001
9,1,CARD,9,13,24,1,66,22,5,5,10,9,0.5,0.7000000000000001
10,1,CLF_UNION,37,20,71,1,71,22,5,5,10,9,0.5,0.7000000000000001
11,1,ORD-UNION,0,0,0,1,0,22,5,5,10,9,0.5,0.7000000000000001
12,1,CARD,15,6,25,1,65,22,5,5,10,9,0.5,0.7000000000000001
13,1,CLF_UNION,33,14,62,1,62,22,5,5,10,9,0.5,0.7000000000000001
14,1,ORD-UNION,0,0,0,1,0,22,5,5,10,9,0.5,0.7000000000000001
15,2,CARD,17,15,35,3,55,22,5,5,10,9,0.5,0.7000000000000001
16,2,CLF_UNION,30,13,57,3,57,22,5,5,10,9,0.5,0.7000000000000001
17,2,ORD-UNION,0,0,0,3,0,22,5,5,10,9,0.5,0.7000000000000001
18,2,CARD,25,9,35,3,55,22,5,5,10,9,0.5,0.7000000000000001
19,2,CLF_UNION,27,16,56,3,56,22,5,5,10,9,0.5,0.7000000000000001
20,2,ORD-UNION,0,0,0,3,0,22,5,5,10,9,0.5,0.7000000000000001
21,2,CARD,14,16,35,3,55,22,5,5,10,9,0.5,0.7000000000000001
22,2,CLF_UNION,28,17,60,3,60,22,5,5,10,9,0.5,0.7000000000000001
23,2,ORD-UNION,0,0,0,3,0,22,5,5,10,9,0.5,0.7000000000000001
24,2,CARD,16,16,35,3,54,22,5,5,10,9,0.5,0.7000000000000001
25,2,CLF_UNION,21,22,57,3,58,22,5,5,10,9,0.5,0.7000000000000001
26,2,ORD-UNION,0,0,0,3,1,22,5,5,10,9,0.5,0.7000000000000001
27,2,CARD,13,19,36,3,54,22,5,5,10,9,0.5,0.7000000000000001
28,2,CLF_UNION,31,13,58,3,58,22,5,5,10,9,0.5,0.7000000000000001
29,2,ORD-UNION,0,0,0,3,0,22,5,5,10,9,0.5,0.7000000000000001
30,3,CARD,16,10,31,6,56,22,5,5,10,9,0.5,0.7000000000000001
31,3,CLF_UNION,25,13,53,6,56,22,5,5,10,9,0.5,0.7000000000000001
32,3,ORD-UNION,0,0,0,6,3,22,5,5,10,9,0.5,0.7000000000000001
33,3,CARD,17,15,36,6,53,22,5,5,10,9,0.5,0.7000000000000001
34,3,CLF_UNION,24,18,56,6,57,22,5,5,10,9,0.5,0.7000000000000001
35,3,ORD-UNION,0,0,0,6,1,22,5,5,10,9,0.5,0.7000000000000001
36,3,CARD,18,15,36,6,54,22,5,5,10,9,0.5,0.7000000000000001
37,3,CLF_UNION,28,16,57,6,57,22,5,5,10,9,0.5,0.7000000000000001
38,3,ORD-UNION,0,0,0,6,0,22,5,5,10,9,0.5,0.7000000000000001
39,3,CARD,16,12,37,6,52,22,5,5,10,9,0.5,0.7000000000000001
40,3,CLF_UNION,17,20,57,6,58,22,5,5,10,9,0.5,0.7000000000000001
41,3,ORD-UNION,0,0,0,6,1,22,5,5,10,9,0.5,0.7000000000000001
42,3,CARD,16,17,37,6,53,22,5,5,10,9,0.5,0.7000000000000001
43,3,CLF_UNION,26,18,58,6,58,22,5,5,10,9,0.5,0.7000000000000001
44,3,ORD-UNION,0,0,0,6,0,22,5,5,10,9,0.5,0.7000000000000001
45,4,CARD,33,2,40,10,49,22,5,5,10,9,0.5,0.7000000000000001
46,4,CLF_UNION,32,6,54,10,55,22,5,5,10,9,0.5,0.7000000000000001
47,4,ORD-UNION,0,0,0,10,1,22,5,5,10,9,0.5,0.7000000000000001
48,4,CARD,25,10,38,10,49,22,5,5,10,9,0.5,0.7000000000000001
49,4,CLF_UNION,26,13,52,10,55,22,5,5,10,9,0.5,0.7000000000000001
50,4,ORD-UNION,0,0,0,10,3,22,5,5,10,9,0.5,0.7000000000000001
51,4,CARD,26,11,42,10,48,22,5,5,10,9,0.5,0.7000000000000001
52,4,CLF_UNION,25,13,55,10,55,22,5,5,10,9,0.5,0.7000000000000001
53,4,ORD-UNION,0,0,0,10,0,22,5,5,10,9,0.5,0.7000000000000001
54,4,CARD,31,3,41,10,49,22,5,5,10,9,0.5,0.7000000000000001
55,4,CLF_UNION,30,8,56,10,56,22,5,5,10,9,0.5,0.7000000000000001
56,4,ORD-UNION,0,0,1,10,1,22,5,5,10,9,0.5,0.7000000000000001
57,4,CARD,32,1,36,10,53,22,5,5,10,9,0.5,0.7000000000000001
58,4,CLF_UNION,32,7,55,10,56,22,5,5,10,9,0.5,0.7000000000000001
59,4,ORD-UNION,0,0,0,10,1,22,5,5,10,9,0.5,0.7000000000000001
60,5,CARD,17,24,44,14,46,22,5,5,10,9,0.5,0.7000000000000001
61,5,CLF_UNION,33,9,55,14,55,22,5,5,10,9,0.5,0.7000000000000001
62,5,ORD-UNION,0,0,0,14,0,22,5,5,10,9,0.5,0.7000000000000001
63,5,CARD,25,16,44,14,46,22,5,5,10,9,0.5,0.7000000000000001
64,5,CLF_UNION,31,11,55,14,55,22,5,5,10,9,0.5,0.7000000000000001
65,5,ORD-UNION,0,0,0,14,0,22,5,5,10,9,0.5,0.7000000000000001
66,5,CARD,27,15,43,14,47,22,5,5,10,9,0.5,0.7000000000000001
67,5,CLF_UNION,32,11,55,14,55,22,5,5,10,9,0.5,0.7000000000000001
68,5,ORD-UNION,0,0,0,14,0,22,5,5,10,9,0.5,0.7000000000000001
69,5,CARD,25,12,43,14,47,22,5,5,10,9,0.5,0.7000000000000001
70,5,CLF_UNION,36,3,55,14,55,22,5,5,10,9,0.5,0.7000000000000001
71,5,ORD-UNION,0,0,0,14,0,22,5,5,10,9,0.5,0.7000000000000001
72,5,CARD,25,15,45,14,45,22,5,5,10,9,0.5,0.7000000000000001
73,5,CLF_UNION,33,7,55,14,55,22,5,5,10,9,0.5,0.7000000000000001
74,5,ORD-UNION,0,0,0,14,0,22,5,5,10,9,0.5,0.7000000000000001
75,6,CARD,31,6,41,20,48,22,5,5,10,9,0.5,0.7000000000000001
76,6,CLF_UNION,38,2,54,20,55,22,5,5,10,9,0.5,0.7000000000000001
77,6,ORD-UNION,0,0,0,20,1,22,5,5,10,9,0.5,0.7000000000000001
78,6,CARD,29,8,41,20,49,22,5,5,10,9,0.5,0.7000000000000001
79,6,CLF_UNION,34,7,55,20,55,22,5,5,10,9,0.5,0.7000000000000001
80,6,ORD-UNION,1,0,1,20,1,22,5,5,10,9,0.5,0.7000000000000001
81,6,CARD,29,9,41,20,46,22,5,5,10,9,0.5,0.7000000000000001
82,6,CLF_UNION,28,11,52,20,55,22,5,5,10,9,0.5,0.7000000000000001
83,6,ORD-UNION,0,0,0,20,3,22,5,5,10,9,0.5,0.7000000000000001
84,6,CARD,30,2,35,20,49,22,5,5,10,9,0.5,0.7000000000000001
85,6,CLF_UNION,31,4,49,20,55,22,5,5,10,9,0.5,0.7000000000000001
86,6,ORD-UNION,0,0,0,20,6,22,5,5,10,9,0.5,0.7000000000000001
87,6,CARD,27,11,43,20,46,22,5,5,10,9,0.5,0.7000000000000001
88,6,CLF_UNION,32,7,54,20,55,22,5,5,10,9,0.5,0.7000000000000001
89,6,ORD-UNION,1,0,1,20,2,22,5,5,10,9,0.5,0.7000000000000001
90,7,CARD,22,11,40,27,47,22,5,5,10,9,0.5,0.7000000000000001
91,7,CLF_UNION,27,7,52,27,55,22,5,5,10,9,0.5,0.7000000000000001
92,7,ORD-UNION,0,0,0,27,3,22,5,5,10,9,0.5,0.7000000000000001
93,7,CARD,30,5,41,27,46,22,5,5,10,9,0.5,0.7000000000000001
94,7,CLF_UNION,31,4,52,27,55,22,5,5,10,9,0.5,0.7000000000000001
95,7,ORD-UNION,2,0,2,27,5,22,5,5,10,9,0.5,0.7000000000000001
96,7,CARD,29,9,40,27,49,22,5,5,10,9,0.5,0.7000000000000001
97,7,CLF_UNION,28,13,54,27,55,22,5,5,10,9,0.5,0.7000000000000001
98,7,ORD-UNION,2,0,2,27,3,22,5,5,10,9,0.5,0.7000000000000001
99,7,CARD,32,4,36,27,52,22,5,5,10,9,0.5,0.7000000000000001
100,7,CLF_UNION,35,5,53,27,55,22,5,5,10,9,0.5,0.7000000000000001
101,7,ORD-UNION,0,0,0,27,2,22,5,5,10,9,0.5,0.7000000000000001
102,7,CARD,34,7,44,27,46,22,5,5,10,9,0.5,0.7000000000000001
103,7,CLF_UNION,32,9,55,27,55,22,5,5,10,9,0.5,0.7000000000000001
104,7,ORD-UNION,0,0,0,27,0,22,5,5,10,9,0.5,0.7000000000000001
105,8,CARD,30,10,43,33,46,22,5,5,10,9,0.5,0.7000000000000001
106,8,CLF_UNION,33,8,54,33,55,22,5,5,10,9,0.5,0.7000000000000001
107,8,ORD-UNION,0,0,0,33,1,22,5,5,10,9,0.5,0.7000000000000001
108,8,CARD,22,13,39,33,46,22,5,5,10,9,0.5,0.7000000000000001
109,8,CLF_UNION,22,14,52,33,57,22,5,5,10,9,0.5,0.7000000000000001
110,8,ORD-UNION,0,0,0,33,5,22,5,5,10,9,0.5,0.7000000000000001
111,8,CARD,30,4,38,33,46,22,5,5,10,9,0.5,0.7000000000000001
112,8,CLF_UNION,28,6,49,33,55,22,5,5,10,9,0.5,0.7000000000000001
113,8,ORD-UNION,1,0,2,33,8,22,5,5,10,9,0.5,0.7000000000000001
114,8,CARD,22,14,40,33,47,22,5,5,10,9,0.5,0.7000000000000001
115,8,CLF_UNION,27,11,52,33,55,22,5,5,10,9,0.5,0.7000000000000001
116,8,ORD-UNION,0,0,0,33,3,22,5,5,10,9,0.5,0.7000000000000001
117,8,CARD,32,3,40,33,47,22,5,5,10,9,0.5,0.7000000000000001
118,8,CLF_UNION,35,1,52,33,55,22,5,5,10,9,0.5,0.7000000000000001
119,8,ORD-UNION,2,0,2,33,5,22,5,5,10,9,0.5,0.7000000000000001
120,9,CARD,31,7,42,42,47,22,5,5,10,9,0.5,0.7000000000000001
121,9,CLF_UNION,35,5,54,42,55,22,5,5,10,9,0.5,0.7000000000000001
122,9,ORD-UNION,0,0,0,42,1,22,5,5,10,9,0.5,0.7000000000000001
123,9,CARD,25,7,32,42,49,22,5,5,10,9,0.5,0.7000000000000001
124,9,CLF_UNION,32,1,47,42,56,22,5,5,10,9,0.5,0.7000000000000001
125,9,ORD-UNION,1,0,1,42,10,22,5,5,10,9,0.5,0.7000000000000001
126,9,CARD,25,9,34,42,46,22,5,5,10,9,0.5,0.7000000000000001
127,9,CLF_UNION,23,11,45,42,55,22,5,5,10,9,0.5,0.7000000000000001
128,9,ORD-UNION,4,0,4,42,14,22,5,5,10,9,0.5,0.7000000000000001
129,9,CARD,29,9,41,42,47,22,5,5,10,9,0.5,0.7000000000000001
130,9,CLF_UNION,30,9,54,42,56,22,5,5,10,9,0.5,0.7000000000000001
131,9,ORD-UNION,1,0,1,42,3,22,5,5,10,9,0.5,0.7000000000000001
132,9,CARD,29,10,43,42,46,22,5,5,10,9,0.5,0.7000000000000001
133,9,CLF_UNION,38,2,54,42,55,22,5,5,10,9,0.5,0.7000000000000001
134,9,ORD-UNION,1,0,1,42,2,22,5,5,10,9,0.5,0.7000000000000001
135,10,CARD,22,11,35,51,49,22,5,5,10,9,0.5,0.7000000000000001
136,10,CLF_UNION,32,4,49,51,55,22,5,5,10,9,0.5,0.7000000000000001
137,10,ORD-UNION,0,0,0,51,6,22,5,5,10,9,0.5,0.7000000000000001
138,10,CARD,28,9,40,51,47,22,5,5,10,9,0.5,0.7000000000000001
139,10,CLF_UNION,29,10,52,51,55,22,5,5,10,9,0.5,0.7000000000000001
140,10,ORD-UNION,0,0,0,51,3,22,5,5,10,9,0.5,0.7000000000000001
141,10,CARD,28,9,41,51,46,22,5,5,10,9,0.5,0.7000000000000001
142,10,CLF_UNION,35,3,52,51,55,22,5,5,10,9,0.5,0.7000000000000001
143,10,ORD-UNION,1,0,1,51,4,22,5,5,10,9,0.5,0.7000000000000001
144,10,CARD,18,13,34,51,46,22,5,5,10,9,0.5,0.7000000000000001
145,10,CLF_UNION,20,11,45,51,55,22,5,5,10,9,0.5,0.7000000000000001
146,10,ORD-UNION,0,0,0,51,10,22,5,5,10,9,0.5,0.7000000000000001
147,10,CARD,25,4,35,51,45,22,5,5,10,9,0.5,0.7000000000000001
148,10,CLF_UNION,26,3,45,51,55,22,5,5,10,9,0.5,0.7000000000000001
149,10,ORD-UNION,0,0,0,51,10,22,5,5,10,9,0.5,0.7000000000000001
150,11,CARD,26,4,34,61,47,22,5,5,10,9,0.5,0.7000000000000001
151,11,CLF_UNION,28,3,47,61,56,22,5,5,10,9,0.5,0.7000000000000001
152,11,ORD-UNION,0,0,0,61,9,22,5,5,10,9,0.5,0.7000000000000001
153,11,CARD,29,5,39,61,46,22,5,5,10,9,0.5,0.7000000000000001
154,11,CLF_UNION,31,4,50,61,55,22,5,5,10,9,0.5,0.7000000000000001
155,11,ORD-UNION,1,0,1,61,6,22,5,5,10,9,0.5,0.7000000000000001
156,11,CARD,27,11,40,61,47,22,5,5,10,9,0.5,0.7000000000000001
157,11,CLF_UNION,31,8,52,61,55,22,5,5,10,9,0.5,0.7000000000000001
158,11,ORD-UNION,1,0,1,61,4,22,5,5,10,9,0.5,0.7000000000000001
159,11,CARD,22,14,38,61,47,22,5,5,10,9,0.5,0.7000000000000001
160,11,CLF_UNION,27,10,50,61,55,22,5,5,10,9,0.5,0.7000000000000001
161,11,ORD-UNION,0,0,0,61,5,22,5,5,10,9,0.5,0.7000000000000001
162,11,CARD,23,8,36,61,46,22,5,5,10,9,0.5,0.7000000000000001
163,11,CLF_UNION,29,2,48,61,56,22,5,5,10,9,0.5,0.7000000000000001
164,11,ORD-UNION,0,0,0,61,8,22,5,5,10,9,0.5,0.7000000000000001
165,12,CARD,22,9,35,72,46,22,5,5,10,9,0.5,0.7000000000000001
166,12,CLF_UNION,22,10,46,72,55,22,5,5,10,9,0.5,0.7000000000000001
167,12,ORD-UNION,1,0,1,72,10,22,5,5,10,9,0.5,0.7000000000000001
168,12,CARD,32,4,37,72,48,22,5,5,10,9,0.5,0.7000000000000001
169,12,CLF_UNION,36,2,50,72,55,22,5,5,10,9,0.5,0.7000000000000001
170,12,ORD-UNION,0,0,0,72,5,22,5,5,10,9,0.5,0.7000000000000001
171,12,CARD,31,11,44,72,45,22,5,5,10,9,0.5,0.7000000000000001
172,12,CLF_UNION,31,11,54,72,55,22,5,5,10,9,0.5,0.7000000000000001
173,12,ORD-UNION,0,0,0,72,1,22,5,5,10,9,0.5,0.7000000000000001
174,12,CARD,20,10,35,72,46,22,5,5,10,9,0.5,0.7000000000000001
175,12,CLF_UNION,20,11,46,72,55,22,5,5,10,9,0.5,0.7000000000000001
176,12,ORD-UNION,0,0,0,72,9,22,5,5,10,9,0.5,0.7000000000000001
177,12,CARD,19,0,23,72,47,22,5,5,10,9,0.5,0.7000000000000001
178,12,CLF_UNION,20,0,35,72,55,22,5,5,10,9,0.5,0.7000000000000001
179,12,ORD-UNION,1,0,1,72,21,22,5,5,10,9,0.5,0.7000000000000001
180,13,CARD,27,7,42,83,46,22,5,5,10,9,0.5,0.7000000000000001
181,13,CLF_UNION,26,8,54,83,56,22,5,5,10,9,0.5,0.7000000000000001
182,13,ORD-UNION,1,0,1,83,3,22,5,5,10,9,0.5,0.7000000000000001
183,13,CARD,23,4,29,83,47,22,5,5,10,9,0.5,0.7000000000000001
184,13,CLF_UNION,18,10,41,83,55,22,5,5,10,9,0.5,0.7000000000000001
185,13,ORD-UNION,5,0,6,83,20,22,5,5,10,9,0.5,0.7000000000000001
186,13,CARD,22,5,29,83,49,22,5,5,10,9,0.5,0.7000000000000001
187,13,CLF_UNION,17,11,44,83,56,22,5,5,10,9,0.5,0.7000000000000001
188,13,ORD-UNION,0,0,0,83,12,22,5,5,10,9,0.5,0.7000000000000001
189,13,CARD,23,13,38,83,47,22,5,5,10,9,0.5,0.7000000000000001
190,13,CLF_UNION,26,11,51,83,56,22,5,5,10,9,0.5,0.7000000000000001
191,13,ORD-UNION,0,0,0,83,5,22,5,5,10,9,0.5,0.7000000000000001
192,13,CARD,15,6,24,83,47,22,5,5,10,9,0.5,0.7000000000000001
193,13,CLF_UNION,10,11,37,83,56,22,5,5,10,9,0.5,0.7000000000000001
194,13,ORD-UNION,0,0,0,83,19,22,5,5,10,9,0.5,0.7000000000000001
195,14,CARD,25,9,38,94,47,22,5,5,10,9,0.5,0.7000000000000001
196,14,CLF_UNION,26,9,50,94,55,22,5,5,10,9,0.5,0.7000000000000001
197,14,ORD-UNION,0,0,0,94,5,22,5,5,10,9,0.5,0.7000000000000001
198,14,CARD,16,9,30,94,47,22,5,5,10,9,0.5,0.7000000000000001
199,14,CLF_UNION,16,10,42,94,55,22,5,5,10,9,0.5,0.7000000000000001
200,14,ORD-UNION,0,0,1,94,14,22,5,5,10,9,0.5,0.7000000000000001
201,14,CARD,27,3,31,94,50,22,5,5,10,9,0.5,0.7000000000000001
202,14,CLF_UNION,29,4,46,94,55,22,5,5,10,9,0.5,0.7000000000000001
203,14,ORD-UNION,0,0,0,94,9,22,5,5,10,9,0.5,0.7000000000000001
204,14,CARD,23,3,30,94,46,22,5,5,10,9,0.5,0.7000000000000001
205,14,CLF_UNION,26,0,41,94,55,22,5,5,10,9,0.5,0.7000000000000001
206,14,ORD-UNION,5,0,6,94,20,22,5,5,10,9,0.5,0.7000000000000001
207,14,CARD,27,8,38,94,49,22,5,5,10,9,0.5,0.7000000000000001
208,14,CLF_UNION,28,9,52,94,55,22,5,5,10,9,0.5,0.7000000000000001
209,14,ORD-UNION,3,0,3,94,6,22,5,5,10,9,0.5,0.7000000000000001
210,15,CARD,21,4,29,107,49,22,5,5,10,9,0.5,0.7000000000000001
211,15,CLF_UNION,25,1,44,107,56,22,5,5,10,9,0.5,0.7000000000000001
212,15,ORD-UNION,0,0,0,107,12,22,5,5,10,9,0.5,0.7000000000000001
213,15,CARD,20,9,29,107,49,22,5,5,10,9,0.5,0.7000000000000001
214,15,CLF_UNION,20,10,44,107,56,22,5,5,10,9,0.5,0.7000000000000001
215,15,ORD-UNION,0,0,0,107,12,22,5,5,10,9,0.5,0.7000000000000001
216,15,CARD,27,2,34,107,46,22,5,5,10,9,0.5,0.7000000000000001
217,15,CLF_UNION,29,1,45,107,55,22,5,5,10,9,0.5,0.7000000000000001
218,15,ORD-UNION,10,0,11,107,21,22,5,5,10,9,0.5,0.7000000000000001
219,15,CARD,19,3,29,107,49,22,5,5,10,9,0.5,0.7000000000000001
220,15,CLF_UNION,23,0,44,107,56,22,5,5,10,9,0.5,0.7000000000000001
221,15,ORD-UNION,6,0,6,107,18,22,5,5,10,9,0.5,0.7000000000000001
222,15,CARD,23,3,29,107,46,22,5,5,10,9,0.5,0.7000000000000001
223,15,CLF_UNION,27,0,40,107,55,22,5,5,10,9,0.5,0.7000000000000001
224,15,ORD-UNION,5,0,6,107,21,22,5,5,10,9,0.5,0.7000000000000001
225,16,CARD,28,1,34,120,51,22,5,5,10,9,0.5,0.7000000000000001
226,16,CLF_UNION,31,1,51,120,56,22,5,5,10,9,0.5,0.7000000000000001
227,16,ORD-UNION,6,0,7,120,12,22,5,5,10,9,0.5,0.7000000000000001
228,16,CARD,23,0,27,120,49,22,5,5,10,9,0.5,0.7000000000000001
229,16,CLF_UNION,24,0,42,120,56,22,5,5,10,9,0.5,0.7000000000000001
230,16,ORD-UNION,5,0,6,120,20,22,5,5,10,9,0.5,0.7000000000000001
231,16,CARD,26,1,29,120,47,22,5,5,10,9,0.5,0.7000000000000001
232,16,CLF_UNION,25,3,41,120,55,22,5,5,10,9,0.5,0.7000000000000001
233,16,ORD-UNION,10,0,11,120,25,22,5,5,10,9,0.5,0.7000000000000001
234,16,CARD,30,0,33,120,48,22,5,5,10,9,0.5,0.7000000000000001
235,16,CLF_UNION,30,2,46,120,55,22,5,5,10,9,0.5,0.7000000000000001
236,16,ORD-UNION,4,0,5,120,14,22,5,5,10,9,0.5,0.7000000000000001
237,16,CARD,27,9,38,120,47,22,5,5,10,9,0.5,0.7000000000000001
238,16,CLF_UNION,28,10,50,120,55,22,5,5,10,9,0.5,0.7000000000000001
239,16,ORD-UNION,5,0,5,120,10,22,5,5,10,9,0.5,0.7000000000000001
240,17,CARD,29,2,32,135,49,22,5,5,10,9,0.5,0.7000000000000001
241,17,CLF_UNION,28,4,46,135,55,22,5,5,10,9,0.5,0.7000000000000001
242,17,ORD-UNION,8,0,8,135,17,22,5,5,10,9,0.5,0.7000000000000001
243,17,CARD,25,0,29,135,48,22,5,5,10,9,0.5,0.7000000000000001
244,17,CLF_UNION,25,0,42,135,55,22,5,5,10,9,0.5,0.7000000000000001
245,17,ORD-UNION,5,0,7,135,20,22,5,5,10,9,0.5,0.7000000000000001
246,17,CARD,30,9,41,135,46,22,5,5,10,9,0.5,0.7000000000000001
247,17,CLF_UNION,31,9,52,135,55,22,5,5,10,9,0.5,0.7000000000000001
248,17,ORD-UNION,3,0,4,135,7,22,5,5,10,9,0.5,0.7000000000000001
249,17,CARD,17,1,23,135,49,22,5,5,10,9,0.5,0.7000000000000001
250,17,CLF_UNION,17,1,38,135,56,22,5,5,10,9,0.5,0.7000000000000001
251,17,ORD-UNION,3,0,3,135,21,22,5,5,10,9,0.5,0.7000000000000001
252,17,CARD,18,7,28,135,48,22,5,5,10,9,0.5,0.7000000000000001
253,17,CLF_UNION,19,9,41,135,55,22,5,5,10,9,0.5,0.7000000000000001
254,17,ORD-UNION,0,0,1,135,15,22,5,5,10,9,0.5,0.7000000000000001
255,18,CARD,25,3,28,152,48,22,5,5,10,9,0.5,0.7000000000000001
256,18,CLF_UNION,22,8,45,152,59,22,5,5,10,9,0.5,0.7000000000000001
257,18,ORD-UNION,3,0,3,152,17,22,5,5,10,9,0.5,0.7000000000000001
258,18,CARD,4,16,22,152,48,22,5,5,10,9,0.5,0.7000000000000001
259,18,CLF_UNION,6,20,40,152,60,22,5,5,10,9,0.5,0.7000000000000001
260,18,ORD-UNION,2,0,2,152,22,22,5,5,10,9,0.5,0.7000000000000001
261,18,CARD,15,0,17,152,45,22,5,5,10,9,0.5,0.7000000000000001
262,18,CLF_UNION,15,2,29,152,57,22,5,5,10,9,0.5,0.7000000000000001
263,18,ORD-UNION,6,0,7,152,35,22,5,5,10,9,0.5,0.7000000000000001
264,18,CARD,18,2,27,152,50,22,5,5,10,9,0.5,0.7000000000000001
265,18,CLF_UNION,15,7,45,152,58,22,5,5,10,9,0.5,0.7000000000000001
266,18,ORD-UNION,8,0,8,152,21,22,5,5,10,9,0.5,0.7000000000000001
267,18,CARD,18,13,33,152,47,22,5,5,10,9,0.5,0.7000000000000001
268,18,CLF_UNION,15,18,45,152,55,22,5,5,10,9,0.5,0.7000000000000001
269,18,ORD-UNION,0,0,0,152,10,22,5,5,10,9,0.5,0.7000000000000001
270,19,CARD,23,4,29,171,46,22,5,5,10,9,0.5,0.7000000000000001
271,19,CLF_UNION,25,4,41,171,55,22,5,5,10,9,0.5,0.7000000000000001
272,19,ORD-UNION,6,0,6,171,21,22,5,5,10,9,0.5,0.7000000000000001
273,19,CARD,22,0,24,171,46,22,5,5,10,9,0.5,0.7000000000000001
274,19,CLF_UNION,22,3,38,171,56,22,5,5,10,9,0.5,0.7000000000000001
275,19,ORD-UNION,11,0,12,171,32,22,5,5,10,9,0.5,0.7000000000000001
276,19,CARD,23,4,28,171,48,22,5,5,10,9,0.5,0.7000000000000001
277,19,CLF_UNION,22,6,42,171,56,22,5,5,10,9,0.5,0.7000000000000001
278,19,ORD-UNION,2,0,2,171,16,22,5,5,10,9,0.5,0.7000000000000001
279,19,CARD,0,0,0,171,49,22,5,5,10,9,0.5,0.7000000000000001
280,19,CLF_UNION,0,1,16,171,57,22,5,5,10,9,0.5,0.7000000000000001
281,19,ORD-UNION,0,0,0,171,41,22,5,5,10,9,0.5,0.7000000000000001
282,19,CARD,29,3,36,171,45,22,5,5,10,9,0.5,0.7000000000000001
283,19,CLF_UNION,29,3,46,171,55,22,5,5,10,9,0.5,0.7000000000000001
284,19,ORD-UNION,11,1,12,171,21,22,5,5,10,9,0.5,0.7000000000000001
285,20,CARD,8,0,11,188,49,22,5,5,10,9,0.5,0.7000000000000001
286,20,CLF_UNION,8,0,25,188,55,22,5,5,10,9,0.5,0.7000000000000001
287,20,ORD-UNION,8,0,9,188,39,22,5,5,10,9,0.5,0.7000000000000001
288,20,CARD,18,1,27,188,46,22,5,5,10,9,0.5,0.7000000000000001
289,20,CLF_UNION,15,4,38,188,55,22,5,5,10,9,0.5,0.7000000000000001
290,20,ORD-UNION,0,0,1,188,18,22,5,5,10,9,0.5,0.7000000000000001
291,20,CARD,32,5,39,188,46,22,5,5,10,9,0.5,0.7000000000000001
292,20,CLF_UNION,29,8,50,188,55,22,5,5,10,9,0.5,0.7000000000000001
293,20,ORD-UNION,7,1,8,188,13,22,5,5,10,9,0.5,0.7000000000000001
294,20,CARD,16,0,19,188,47,22,5,5,10,9,0.5,0.7000000000000001
295,20,CLF_UNION,16,1,32,188,55,22,5,5,10,9,0.5,0.7000000000000001
296,20,ORD-UNION,8,0,8,188,32,22,5,5,10,9,0.5,0.7000000000000001
297,20,CARD,15,0,17,188,52,22,5,5,10,9,0.5,0.7000000000000001
298,20,CLF_UNION,14,2,35,188,56,22,5,5,10,9,0.5,0.7000000000000001
299,20,ORD-UNION,7,0,7,188,28,22,5,5,10,9,0.5,0.7000000000000001
300,21,CARD,16,0,17,208,52,22,5,5,10,9,0.5,0.7000000000000001
301,21,CLF_UNION,16,0,35,208,56,22,5,5,10,9,0.5,0.7000000000000001
302,21,ORD-UNION,8,0,8,208,29,22,5,5,10,9,0.5,0.7000000000000001
303,21,CARD,14,7,24,208,46,22,5,5,10,9,0.5,0.7000000000000001
304,21,CLF_UNION,15,7,35,208,55,22,5,5,10,9,0.5,0.7000000000000001
305,21,ORD-UNION,0,0,0,208,20,22,5,5,10,9,0.5,0.7000000000000001
306,21,CARD,21,1,24,208,47,22,5,5,10,9,0.5,0.7000000000000001
307,21,CLF_UNION,20,4,38,208,56,22,5,5,10,9,0.5,0.7000000000000001
308,21,ORD-UNION,0,0,0,208,19,22,5,5,10,9,0.5,0.7000000000000001
309,21,CARD,27,0,29,208,49,22,5,5,10,9,0.5,0.7000000000000001
310,21,CLF_UNION,27,2,45,208,56,22,5,5,10,9,0.5,0.7000000000000001
311,21,ORD-UNION,1,0,1,208,13,22,5,5,10,9,0.5,0.7000000000000001
312,21,CARD,19,0,22,208,49,22,5,5,10,9,0.5,0.7000000000000001
313,21,CLF_UNION,21,1,37,208,55,22,5,5,10,9,0.5,0.7000000000000001
314,21,ORD-UNION,7,0,8,208,27,22,5,5,10,9,0.5,0.7000000000000001
315,22,CARD,9,0,11,227,48,22,5,5,10,9,0.5,0.7000000000000001
316,22,CLF_UNION,9,2,27,227,56,22,5,5,10,9,0.5,0.7000000000000001
317,22,ORD-UNION,0,0,1,227,32,22,5,5,10,9,0.5,0.7000000000000001
318,22,CARD,14,3,18,227,47,22,5,5,10,9,0.5,0.7000000000000001
319,22,CLF_UNION,14,3,32,227,57,22,5,5,10,9,0.5,0.7000000000000001
320,22,ORD-UNION,0,0,0,227,25,22,5,5,10,9,0.5,0.7000000000000001
321,22,CARD,19,0,23,227,49,22,5,5,10,9,0.5,0.7000000000000001
322,22,CLF_UNION,20,1,38,227,56,22,5,5,10,9,0.5,0.7000000000000001
323,22,ORD-UNION,12,0,14,227,32,22,5,5,10,9,0.5,0.7000000000000001
324,22,CARD,13,1,17,227,46,22,5,5,10,9,0.5,0.7000000000000001
325,22,CLF_UNION,13,2,29,227,55,22,5,5,10,9,0.5,0.7000000000000001
326,22,ORD-UNION,5,0,6,227,33,22,5,5,10,9,0.5,0.7000000000000001
327,22,CARD,20,2,24,227,46,22,5,5,10,9,0.5,0.7000000000000001
328,22,CLF_UNION,19,4,36,227,55,22,5,5,10,9,0.5,0.7000000000000001
329,22,ORD-UNION,11,1,13,227,33,22,5,5,10,9,0.5,0.7000000000000001
330,23,CARD,0,0,1,246,46,22,5,5,10,9,0.5,0.7000000000000001
331,23,CLF_UNION,0,3,15,246,55,22,5,5,10,9,0.5,0.7000000000000001
332,23,ORD-UNION,0,0,1,246,44,22,5,5,10,9,0.5,0.7000000000000001
333,23,CARD,27,0,31,246,46,22,5,5,10,9,0.5,0.7000000000000001
334,23,CLF_UNION,27,0,42,246,55,22,5,5,10,9,0.5,0.7000000000000001
335,23,ORD-UNION,12,0,14,246,27,22,5,5,10,9,0.5,0.7000000000000001
336,23,CARD,17,3,23,246,47,22,5,5,10,9,0.5,0.7000000000000001
337,23,CLF_UNION,18,4,36,246,56,22,5,5,10,9,0.5,0.7000000000000001
338,23,ORD-UNION,8,1,10,246,30,22,5,5,10,9,0.5,0.7000000000000001
339,23,CARD,19,0,24,246,52,22,5,5,10,9,0.5,0.7000000000000001
340,23,CLF_UNION,19,0,41,246,55,22,5,5,10,9,0.5,0.7000000000000001
341,23,ORD-UNION,5,0,5,246,19,22,5,5,10,9,0.5,0.7000000000000001
342,23,CARD,22,1,29,246,47,22,5,5,10,9,0.5,0.7000000000000001
343,23,CLF_UNION,22,2,42,246,56,22,5,5,10,9,0.5,0.7000000000000001
344,23,ORD-UNION,16,0,16,246,30,22,5,5,10,9,0.5,0.7000000000000001
345,24,CARD,18,4,24,266,46,22,5,5,10,9,0.5,0.7000000000000001
346,24,CLF_UNION,19,6,37,266,55,22,5,5,10,9,0.5,0.7000000000000001
347,24,ORD-UNION,0,0,1,266,21,22,5,5,10,9,0.5,0.7000000000000001
348,24,CARD,9,0,11,266,45,22,5,5,10,9,0.5,0.7000000000000001
349,24,CLF_UNION,9,3,24,266,56,22,5,5,10,9,0.5,0.7000000000000001
350,24,ORD-UNION,0,0,2,266,36,22,5,5,10,9,0.5,0.7000000000000001
351,24,CARD,12,0,17,266,52,22,5,5,10,9,0.5,0.7000000000000001
352,24,CLF_UNION,12,0,34,266,55,22,5,5,10,9,0.5,0.7000000000000001
353,24,ORD-UNION,2,0,2,266,23,22,5,5,10,9,0.5,0.7000000000000001
354,24,CARD,0,0,0,266,49,22,5,5,10,9,0.5,0.7000000000000001
355,24,CLF_UNION,0,1,15,266,55,22,5,5,10,9,0.5,0.7000000000000001
356,24,ORD-UNION,0,0,0,266,41,22,5,5,10,9,0.5,0.7000000000000001
357,24,CARD,14,2,17,266,49,22,5,5,10,9,0.5,0.7000000000000001
358,24,CLF_UNION,14,2,31,266,55,22,5,5,10,9,0.5,0.7000000000000001
359,24,ORD-UNION,7,1,8,266,32,22,5,5,10,9,0.5,0.7000000000000001
360,1,CARD,3,6,21,1,69,22,5,5,10,9,0.5,0.7000000000000001
361,1,CLF_UNION,17,19,71,1,71,22,5,5,10,9,0.5,0.7000000000000001
362,1,ORD-UNION,0,0,0,1,0,22,5,5,10,9,0.5,0.7000000000000001
363,1,CARD,8,13,25,1,65,22,5,5,10,9,0.5,0.7000000000000001
364,1,CLF_UNION,25,20,62,1,62,22,5,5,10,9,0.5,0.7000000000000001
365,1,ORD-UNION,0,0,0,1,0,22,5,5,10,9,0.5,0.7000000000000001
366,1,CARD,7,15,25,1,65,22,5,5,10,9,0.5,0.7000000000000001
367,1,CLF_UNION,31,30,76,1,76,22,5,5,10,9,0.5,0.7000000000000001
368,1,ORD-UNION,0,0,0,1,0,22,5,5,10,9,0.5,0.7000000000000001
369,1,CARD,8,12,24,1,66,22,5,5,10,9,0.5,0.7000000000000001
370,1,CLF_UNION,21,22,61,1,61,22,5,5,10,9,0.5,0.7000000000000001
371,1,ORD-UNION,0,0,0,1,0,22,5,5,10,9,0.5,0.7000000000000001
372,1,CARD,11,9,25,1,65,22,5,5,10,9,0.5,0.7000000000000001
373,1,CLF_UNION,30,19,71,1,71,22,5,5,10,9,0.5,0.7000000000000001
374,1,ORD-UNION,0,0,0,1,0,22,5,5,10,9,0.5,0.7000000000000001
375,2,CARD,25,4,37,3,53,22,5,5,10,9,0.5,0.7000000000000001
376,2,CLF_UNION,11,22,57,3,57,22,5,5,10,9,0.5,0.7000000000000001
377,2,ORD-UNION,0,0,0,3,0,22,5,5,10,9,0.5,0.7000000000000001
378,2,CARD,24,6,35,3,55,22,5,5,10,9,0.5,0.7000000000000001
379,2,CLF_UNION,18,23,58,3,58,22,5,5,10,9,0.5,0.7000000000000001
380,2,ORD-UNION,0,0,0,3,0,22,5,5,10,9,0.5,0.7000000000000001
381,2,CARD,17,14,35,3,55,22,5,5,10,9,0.5,0.7000000000000001
382,2,CLF_UNION,16,28,59,3,59,22,5,5,10,9,0.5,0.7000000000000001
383,2,ORD-UNION,0,0,0,3,0,22,5,5,10,9,0.5,0.7000000000000001
384,2,CARD,18,9,33,3,57,22,5,5,10,9,0.5,0.7000000000000001
385,2,CLF_UNION,16,24,57,3,57,22,5,5,10,9,0.5,0.7000000000000001
386,2,ORD-UNION,0,0,0,3,0,22,5,5,10,9,0.5,0.7000000000000001
387,2,CARD,18,14,35,3,54,22,5,5,10,9,0.5,0.7000000000000001
388,2,CLF_UNION,16,25,58,3,59,22,5,5,10,9,0.5,0.7000000000000001
389,2,ORD-UNION,0,0,0,3,1,22,5,5,10,9,0.5,0.7000000000000001
390,3,CARD,19,11,35,6,55,22,5,5,10,9,0.5,0.7000000000000001
391,3,CLF_UNION,14,25,55,6,55,22,5,5,10,9,0.5,0.7000000000000001
392,3,ORD-UNION,0,0,0,6,0,22,5,5,10,9,0.5,0.7000000000000001
393,3,CARD,21,10,35,6,55,22,5,5,10,9,0.5,0.7000000000000001
394,3,CLF_UNION,14,27,56,6,56,22,5,5,10,9,0.5,0.7000000000000001
395,3,ORD-UNION,0,0,0,6,0,22,5,5,10,9,0.5,0.7000000000000001
396,3,CARD,19,9,37,6,53,22,5,5,10,9,0.5,0.7000000000000001
397,3,CLF_UNION,17,18,55,6,55,22,5,5,10,9,0.5,0.7000000000000001
398,3,ORD-UNION,0,0,0,6,0,22,5,5,10,9,0.5,0.7000000000000001
399,3,CARD,14,15,38,6,52,22,5,5,10,9,0.5,0.7000000000000001
400,3,CLF_UNION,10,26,55,6,55,22,5,5,10,9,0.5,0.7000000000000001
401,3,ORD-UNION,0,0,0,6,0,22,5,5,10,9,0.5,0.7000000000000001
402,3,CARD,15,14,35,6,55,22,5,5,10,9,0.5,0.7000000000000001
403,3,CLF_UNION,14,24,56,6,56,22,5,5,10,9,0.5,0.7000000000000001
404,3,ORD-UNION,0,0,0,6,0,22,5,5,10,9,0.5,0.7000000000000001
405,4,CARD,22,11,39,10,51,22,5,5,10,9,0.5,0.7000000000000001
406,4,CLF_UNION,26,14,58,10,58,22,5,5,10,9,0.5,0.7000000000000001
407,4,ORD-UNION,1,0,1,10,1,22,5,5,10,9,0.5,0.7000000000000001
408,4,CARD,26,8,40,10,50,22,5,5,10,9,0.5,0.7000000000000001
409,4,CLF_UNION,30,11,57,10,57,22,5,5,10,9,0.5,0.7000000000000001
410,4,ORD-UNION,0,0,0,10,0,22,5,5,10,9,0.5,0.7000000000000001
411,4,CARD,27,4,38,10,52,22,5,5,10,9,0.5,0.7000000000000001
412,4,CLF_UNION,33,7,58,10,58,22,5,5,10,9,0.5,0.7000000000000001
413,4,ORD-UNION,0,0,0,10,0,22,5,5,10,9,0.5,0.7000000000000001
414,4,CARD,25,10,40,10,49,22,5,5,10,9,0.5,0.7000000000000001
415,4,CLF_UNION,29,12,56,10,57,22,5,5,10,9,0.5,0.7000000000000001
416,4,ORD-UNION,0,0,0,10,1,22,5,5,10,9,0.5,0.7000000000000001
417,4,CARD,26,5,41,10,49,22,5,5,10,9,0.5,0.7000000000000001
418,4,CLF_UNION,31,4,55,10,55,22,5,5,10,9,0.5,0.7000000000000001
419,4,ORD-UNION,0,0,0,10,0,22,5,5,10,9,0.5,0.7000000000000001
420,5,CARD,27,8,40,15,47,22,5,5,10,9,0.5,0.7000000000000001
421,5,CLF_UNION,27,10,52,15,55,22,5,5,10,9,0.5,0.7000000000000001
422,5,ORD-UNION,0,0,0,15,3,22,5,5,10,9,0.5,0.7000000000000001
423,5,CARD,23,12,44,15,46,22,5,5,10,9,0.5,0.7000000000000001
424,5,CLF_UNION,25,11,55,15,55,22,5,5,10,9,0.5,0.7000000000000001
425,5,ORD-UNION,1,0,1,15,1,22,5,5,10,9,0.5,0.7000000000000001
426,5,CARD,23,16,42,15,48,22,5,5,10,9,0.5,0.7000000000000001
427,5,CLF_UNION,27,14,55,15,55,22,5,5,10,9,0.5,0.7000000000000001
428,5,ORD-UNION,0,0,0,15,0,22,5,5,10,9,0.5,0.7000000000000001
429,5,CARD,34,6,43,15,47,22,5,5,10,9,0.5,0.7000000000000001
430,5,CLF_UNION,36,5,55,15,55,22,5,5,10,9,0.5,0.7000000000000001
431,5,ORD-UNION,1,0,1,15,1,22,5,5,10,9,0.5,0.7000000000000001
432,5,CARD,18,13,43,15,47,22,5,5,10,9,0.5,0.7000000000000001
433,5,CLF_UNION,19,14,55,15,55,22,5,5,10,9,0.5,0.7000000000000001
434,5,ORD-UNION,0,0,0,15,0,22,5,5,10,9,0.5,0.7000000000000001
435,6,CARD,30,9,44,20,46,22,5,5,10,9,0.5,0.7000000000000001
436,6,CLF_UNION,30,11,56,20,56,22,5,5,10,9,0.5,0.7000000000000001
437,6,ORD-UNION,0,0,0,20,0,22,5,5,10,9,0.5,0.7000000000000001
438,6,CARD,24,7,37,20,47,22,5,5,10,9,0.5,0.7000000000000001
439,6,CLF_UNION,24,10,50,20,55,22,5,5,10,9,0.5,0.7000000000000001
440,6,ORD-UNION,0,0,0,20,6,22,5,5,10,9,0.5,0.7000000000000001
441,6,CARD,25,13,45,20,45,22,5,5,10,9,0.5,0.7000000000000001
442,6,CLF_UNION,23,15,55,20,55,22,5,5,10,9,0.5,0.7000000000000001
443,6,ORD-UNION,0,0,0,20,0,22,5,5,10,9,0.5,0.7000000000000001
444,6,CARD,28,9,45,20,45,22,5,5,10,9,0.5,0.7000000000000001
445,6,CLF_UNION,26,12,56,20,56,22,5,5,10,9,0.5,0.7000000000000001
446,6,ORD-UNION,0,0,0,20,0,22,5,5,10,9,0.5,0.7000000000000001
447,6,CARD,30,7,41,20,49,22,5,5,10,9,0.5,0.7000000000000001
448,6,CLF_UNION,35,5,55,20,55,22,5,5,10,9,0.5,0.7000000000000001
449,6,ORD-UNION,0,0,0,20,0,22,5,5,10,9,0.5,0.7000000000000001
450,7,CARD,30,5,43,26,46,22,5,5,10,9,0.5,0.7000000000000001
451,7,CLF_UNION,30,7,55,26,56,22,5,5,10,9,0.5,0.7000000000000001
452,7,ORD-UNION,1,0,1,26,2,22,5,5,10,9,0.5,0.7000000000000001
453,7,CARD,35,5,43,26,47,22,5,5,10,9,0.5,0.7000000000000001
454,7,CLF_UNION,37,6,56,26,56,22,5,5,10,9,0.5,0.7000000000000001
455,7,ORD-UNION,0,0,0,26,0,22,5,5,10,9,0.5,0.7000000000000001
456,7,CARD,28,2,36,26,53,22,5,5,10,9,0.5,0.7000000000000001
457,7,CLF_UNION,29,7,54,26,55,22,5,5,10,9,0.5,0.7000000000000001
458,7,ORD-UNION,0,0,0,26,1,22,5,5,10,9,0.5,0.7000000000000001
459,7,CARD,22,9,39,26,48,22,5,5,10,9,0.5,0.7000000000000001
460,7,CLF_UNION,21,13,53,26,56,22,5,5,10,9,0.5,0.7000000000000001
461,7,ORD-UNION,0,0,0,26,3,22,5,5,10,9,0.5,0.7000000000000001
462,7,CARD,27,12,44,26,46,22,5,5,10,9,0.5,0.7000000000000001
463,7,CLF_UNION,26,14,55,26,55,22,5,5,10,9,0.5,0.7000000000000001
464,7,ORD-UNION,1,0,1,26,1,22,5,5,10,9,0.5,0.7000000000000001
465,8,CARD,27,7,40,33,50,22,5,5,10,9,0.5,0.7000000000000001
466,8,CLF_UNION,29,8,56,33,56,22,5,5,10,9,0.5,0.7000000000000001
467,8,ORD-UNION,0,0,0,33,0,22,5,5,10,9,0.5,0.7000000000000001
468,8,CARD,14,16,35,33,50,22,5,5,10,9,0.5,0.7000000000000001
469,8,CLF_UNION,15,18,51,33,56,22,5,5,10,9,0.5,0.7000000000000001
470,8,ORD-UNION,0,0,0,33,5,22,5,5,10,9,0.5,0.7000000000000001
471,8,CARD,30,2,38,33,52,22,5,5,10,9,0.5,0.7000000000000001
472,8,CLF_UNION,31,5,56,33,56,22,5,5,10,9,0.5,0.7000000000000001
473,8,ORD-UNION,1,0,1,33,1,22,5,5,10,9,0.5,0.7000000000000001
474,8,CARD,23,6,37,33,50,22,5,5,10,9,0.5,0.7000000000000001
475,8,CLF_UNION,27,6,52,33,55,22,5,5,10,9,0.5,0.7000000000000001
476,8,ORD-UNION,0,0,0,33,3,22,5,5,10,9,0.5,0.7000000000000001
477,8,CARD,26,10,41,33,49,22,5,5,10,9,0.5,0.7000000000000001
478,8,CLF_UNION,27,11,55,33,55,22,5,5,10,9,0.5,0.7000000000000001
479,8,ORD-UNION,0,0,0,33,0,22,5,5,10,9,0.5,0.7000000000000001
480,9,CARD,33,4,41,41,46,22,5,5,10,9,0.5,0.7000000000000001
481,9,CLF_UNION,30,8,52,41,55,22,5,5,10,9,0.5,0.7000000000000001
482,9,ORD-UNION,0,0,0,41,3,22,5,5,10,9,0.5,0.7000000000000001
483,9,CARD,22,2,33,41,48,22,5,5,10,9,0.5,0.7000000000000001
484,9,CLF_UNION,19,5,46,41,55,22,5,5,10,9,0.5,0.7000000000000001
485,9,ORD-UNION,1,0,1,41,10,22,5,5,10,9,0.5,0.7000000000000001
486,9,CARD,27,7,35,41,49,22,5,5,10,9,0.5,0.7000000000000001
487,9,CLF_UNION,27,10,49,41,55,22,5,5,10,9,0.5,0.7000000000000001
488,9,ORD-UNION,1,0,1,41,7,22,5,5,10,9,0.5,0.7000000000000001
489,9,CARD,26,2,42,41,48,22,5,5,10,9,0.5,0.7000000000000001
490,9,CLF_UNION,26,3,55,41,55,22,5,5,10,9,0.5,0.7000000000000001
491,9,ORD-UNION,1,0,1,41,1,22,5,5,10,9,0.5,0.7000000000000001
492,9,CARD,18,8,40,41,49,22,5,5,10,9,0.5,0.7000000000000001
493,9,CLF_UNION,20,9,54,41,55,22,5,5,10,9,0.5,0.7000000000000001
494,9,ORD-UNION,1,0,1,41,2,22,5,5,10,9,0.5,0.7000000000000001
495,10,CARD,27,5,34,51,47,22,5,5,10,9,0.5,0.7000000000000001
496,10,CLF_UNION,26,7,46,51,55,22,5,5,10,9,0.5,0.7000000000000001
497,10,ORD-UNION,1,0,1,51,10,22,5,5,10,9,0.5,0.7000000000000001
498,10,CARD,31,7,40,51,48,22,5,5,10,9,0.5,0.7000000000000001
499,10,CLF_UNION,25,14,53,51,55,22,5,5,10,9,0.5,0.7000000000000001
500,10,ORD-UNION,3,1,4,51,6,22,5,5,10,9,0.5,0.7000000000000001
501,10,CARD,27,6,39,51,48,22,5,5,10,9,0.5,0.7000000000000001
502,10,CLF_UNION,25,10,52,51,55,22,5,5,10,9,0.5,0.7000000000000001
503,10,ORD-UNION,0,0,0,51,3,22,5,5,10,9,0.5,0.7000000000000001
504,10,CARD,26,11,38,51,46,22,5,5,10,9,0.5,0.7000000000000001
505,10,CLF_UNION,28,9,49,51,55,22,5,5,10,9,0.5,0.7000000000000001
506,10,ORD-UNION,3,2,5,51,11,22,5,5,10,9,0.5,0.7000000000000001
507,10,CARD,23,8,40,51,50,22,5,5,10,9,0.5,0.7000000000000001
508,10,CLF_UNION,28,7,55,51,55,22,5,5,10,9,0.5,0.7000000000000001
509,10,ORD-UNION,3,0,3,51,3,22,5,5,10,9,0.5,0.7000000000000001
