,budget,model,correct,wrong,total,n_pref_input,n_pref_output,theta_size,theta_additivity,n_items,n_test_subsets,n_tiers,alpha,p
0,1,CARD,12,12,25,1,65,28,5,5,10,15,0.7000000000000001,0.30000000000000004
1,1,CLF_UNION,36,25,73,1,73,28,5,5,10,15,0.7000000000000001,0.30000000000000004
2,1,ORD-UNION,0,0,0,1,0,28,5,5,10,15,0.7000000000000001,0.30000000000000004
3,1,CARD,18,5,24,1,66,28,5,5,10,15,0.7000000000000001,0.30000000000000004
4,1,CLF_UNION,38,14,65,1,65,28,5,5,10,15,0.7000000000000001,0.30000000000000004
5,1,ORD-UNION,0,0,0,1,0,28,5,5,10,15,0.7000000000000001,0.30000000000000004
6,1,CARD,5,11,21,1,69,28,5,5,10,15,0.7000000000000001,0.30000000000000004
7,1,CLF_UNION,19,28,67,1,67,28,5,5,10,15,0.7000000000000001,0.30000000000000004
8,1,ORD-UNION,0,0,0,1,0,28,5,5,10,15,0.7000000000000001,0.30000000000000004
9,1,CARD,18,4,25,1,65,28,5,5,10,15,0.7000000000000001,0.30000000000000004
10,1,CLF_UNION,32,25,73,1,73,28,5,5,10,15,0.7000000000000001,0.30000000000000004
11,1,ORD-UNION,0,0,0,1,0,28,5,5,10,15,0.7000000000000001,0.30000000000000004
12,1,CARD,15,8,25,1,65,28,5,5,10,15,0.7000000000000001,0.30000000000000004
13,1,CLF_UNION,31,21,65,1,65,28,5,5,10,15,0.7000000000000001,0.30000000000000004
14,1,ORD-UNION,0,0,0,1,0,28,5,5,10,15,0.7000000000000001,0.30000000000000004
15,2,CARD,20,10,35,3,55,28,5,5,10,15,0.7000000000000001,0.30000000000000004
16,2,CLF_UNION,27,20,62,3,62,28,5,5,10,15,0.7000000000000001,0.30000000000000004
17,2,ORD-UNION,0,0,0,3,0,28,5,5,10,15,0.7000000000000001,0.30000000000000004
18,2,CARD,23,12,37,3,53,28,5,5,10,15,0.7000000000000001,0.30000000000000004
19,2,CLF_UNION,35,12,60,3,60,28,5,5,10,15,0.7000000000000001,0.30000000000000004
20,2,ORD-UNION,0,0,0,3,0,28,5,5,10,15,0.7000000000000001,0.30000000000000004
21,2,CARD,22,12,36,3,54,28,5,5,10,15,0.7000000000000001,0.30000000000000004
22,2,CLF_UNION,32,16,60,3,60,28,5,5,10,15,0.7000000000000001,0.30000000000000004
23,2,ORD-UNION,0,0,0,3,0,28,5,5,10,15,0.7000000000000001,0.30000000000000004
24,2,CARD,20,12,33,3,57,28,5,5,10,15,0.7000000000000001,0.30000000000000004
25,2,CLF_UNION,29,18,59,3,59,28,5,5,10,15,0.7000000000000001,0.30000000000000004
26,2,ORD-UNION,0,0,0,3,0,28,5,5,10,15,0.7000000000000001,0.30000000000000004
27,2,CARD,13,20,35,3,55,28,5,5,10,15,0.7000000000000001,0.30000000000000004
28,2,CLF_UNION,29,15,58,3,58,28,5,5,10,15,0.7000000000000001,0.30000000000000004
29,2,ORD-UNION,0,0,0,3,0,28,5,5,10,15,0.7000000000000001,0.30000000000000004
30,3,CARD,29,7,38,6,52,28,5,5,10,15,0.7000000000000001,0.30000000000000004
31,3,CLF_UNION,32,18,62,6,62,28,5,5,10,15,0.7000000000000001,0.30000000000000004
32,3,ORD-UNION,0,0,0,6,0,28,5,5,10,15,0.7000000000000001,0.30000000000000004
33,3,CARD,32,6,40,6,50,28,5,5,10,15,0.7000000000000001,0.30000000000000004
34,3,CLF_UNION,31,16,59,6,59,28,5,5,10,15,0.7000000000000001,0.30000000000000004
35,3,ORD-UNION,0,0,0,6,0,28,5,5,10,15,0.7000000000000001,0.30000000000000004
36,3,CARD,27,8,38,6,52,28,5,5,10,15,0.7000000000000001,0.30000000000000004
37,3,CLF_UNION,32,13,60,6,60,28,5,5,10,15,0.7000000000000001,0.30000000000000004
38,3,ORD-UNION,0,0,0,6,0,28,5,5,10,15,0.7000000000000001,0.30000000000000004
39,3,CARD,24,8,35,6,55,28,5,5,10,15,0.7000000000000001,0.30000000000000004
40,3,CLF_UNION,28,18,59,6,59,28,5,5,10,15,0.7000000000000001,0.30000000000000004
41,3,ORD-UNION,0,0,0,6,0,28,5,5,10,15,0.7000000000000001,0.30000000000000004
42,3,CARD,26,5,36,6,54,28,5,5,10,15,0.7000000000000001,0.30000000000000004
43,3,CLF_UNION,36,13,66,6,66,28,5,5,10,15,0.7000000000000001,0.30000000000000004
44,3,ORD-UNION,0,0,0,6,0,28,5,5,10,15,0.7000000000000001,0.30000000000000004
45,4,CARD,33,5,41,10,48,28,5,5,10,15,0.7000000000000001,0.30000000000000004
46,4,CLF_UNION,34,9,56,10,57,28,5,5,10,15,0.7000000000000001,0.30000000000000004
47,4,ORD-UNION,0,0,0,10,1,28,5,5,10,15,0.7000000000000001,0.30000000000000004
48,4,CARD,35,2,41,10,46,28,5,5,10,15,0.7000000000000001,0.30000000000000004
49,4,CLF_UNION,33,5,53,10,56,28,5,5,10,15,0.7000000000000001,0.30000000000000004
50,4,ORD-UNION,0,0,0,10,3,28,5,5,10,15,0.7000000000000001,0.30000000000000004
51,4,CARD,36,6,44,10,46,28,5,5,10,15,0.7000000000000001,0.30000000000000004
52,4,CLF_UNION,34,10,56,10,56,28,5,5,10,15,0.7000000000000001,0.30000000000000004
53,4,ORD-UNION,0,0,0,10,0,28,5,5,10,15,0.7000000000000001,0.30000000000000004
54,4,CARD,35,4,43,10,47,28,5,5,10,15,0.7000000000000001,0.30000000000000004
55,4,CLF_UNION,38,5,58,10,58,28,5,5,10,15,0.7000000000000001,0.30000000000000004
56,4,ORD-UNION,0,0,0,10,0,28,5,5,10,15,0.7000000000000001,0.30000000000000004
57,4,CARD,36,5,43,10,47,28,5,5,10,15,0.7000000000000001,0.30000000000000004
58,4,CLF_UNION,28,15,57,10,57,28,5,5,10,15,0.7000000000000001,0.30000000000000004
59,4,ORD-UNION,0,0,0,10,0,28,5,5,10,15,0.7000000000000001,0.30000000000000004
60,5,CARD,30,6,40,15,50,28,5,5,10,15,0.7000000000000001,0.30000000000000004
61,5,CLF_UNION,33,7,55,15,55,28,5,5,10,15,0.7000000000000001,0.30000000000000004
62,5,ORD-UNION,0,0,0,15,0,28,5,5,10,15,0.7000000000000001,0.30000000000000004
63,5,CARD,19,17,39,15,48,28,5,5,10,15,0.7000000000000001,0.30000000000000004
64,5,CLF_UNION,26,13,52,15,55,28,5,5,10,15,0.7000000000000001,0.30000000000000004
65,5,ORD-UNION,0,0,0,15,3,28,5,5,10,15,0.7000000000000001,0.30000000000000004
66,5,CARD,31,11,42,15,47,28,5,5,10,15,0.7000000000000001,0.30000000000000004
67,5,CLF_UNION,39,5,54,15,55,28,5,5,10,15,0.7000000000000001,0.30000000000000004
68,5,ORD-UNION,0,0,0,15,1,28,5,5,10,15,0.7000000000000001,0.30000000000000004
69,5,CARD,32,8,41,15,46,28,5,5,10,15,0.7000000000000001,0.30000000000000004
70,5,CLF_UNION,37,4,52,15,55,28,5,5,10,15,0.7000000000000001,0.30000000000000004
71,5,ORD-UNION,0,0,0,15,3,28,5,5,10,15,0.7000000000000001,0.30000000000000004
72,5,CARD,28,12,42,15,47,28,5,5,10,15,0.7000000000000001,0.30000000000000004
73,5,CLF_UNION,32,9,54,15,55,28,5,5,10,15,0.7000000000000001,0.30000000000000004
74,5,ORD-UNION,0,0,0,15,1,28,5,5,10,15,0.7000000000000001,0.30000000000000004
75,6,CARD,33,7,42,20,47,28,5,5,10,15,0.7000000000000001,0.30000000000000004
76,6,CLF_UNION,39,3,54,20,55,28,5,5,10,15,0.7000000000000001,0.30000000000000004
77,6,ORD-UNION,0,0,0,20,1,28,5,5,10,15,0.7000000000000001,0.30000000000000004
78,6,CARD,26,15,43,20,47,28,5,5,10,15,0.7000000000000001,0.30000000000000004
79,6,CLF_UNION,31,12,55,20,55,28,5,5,10,15,0.7000000000000001,0.30000000000000004
80,6,ORD-UNION,0,0,0,20,0,28,5,5,10,15,0.7000000000000001,0.30000000000000004
81,6,CARD,31,8,39,20,49,28,5,5,10,15,0.7000000000000001,0.30000000000000004
82,6,CLF_UNION,34,6,53,20,55,28,5,5,10,15,0.7000000000000001,0.30000000000000004
83,6,ORD-UNION,0,0,0,20,2,28,5,5,10,15,0.7000000000000001,0.30000000000000004
84,6,CARD,33,9,43,20,47,28,5,5,10,15,0.7000000000000001,0.30000000000000004
85,6,CLF_UNION,36,8,55,20,55,28,5,5,10,15,0.7000000000000001,0.30000000000000004
86,6,ORD-UNION,0,0,0,20,0,28,5,5,10,15,0.7000000000000001,0.30000000000000004
87,6,CARD,24,15,43,20,47,28,5,5,10,15,0.7000000000000001,0.30000000000000004
88,6,CLF_UNION,31,9,55,20,55,28,5,5,10,15,0.7000000000000001,0.30000000000000004
89,6,ORD-UNION,0,0,0,20,0,28,5,5,10,15,0.7000000000000001,0.30000000000000004
90,7,CARD,34,4,40,27,49,28,5,5,10,15,0.7000000000000001,0.30000000000000004
91,7,CLF_UNION,36,5,54,27,55,28,5,5,10,15,0.7000000000000001,0.30000000000000004
92,7,ORD-UNION,0,0,0,27,1,28,5,5,10,15,0.7000000000000001,0.30000000000000004
93,7,CARD,33,3,39,27,50,28,5,5,10,15,0.7000000000000001,0.30000000000000004
94,7,CLF_UNION,38,2,54,27,55,28,5,5,10,15,0.7000000000000001,0.30000000000000004
95,7,ORD-UNION,0,0,0,27,1,28,5,5,10,15,0.7000000000000001,0.30000000000000004
96,7,CARD,27,7,34,27,50,28,5,5,10,15,0.7000000000000001,0.30000000000000004
97,7,CLF_UNION,35,4,49,27,55,28,5,5,10,15,0.7000000000000001,0.30000000000000004
98,7,ORD-UNION,0,0,0,27,6,28,5,5,10,15,0.7000000000000001,0.30000000000000004
99,7,CARD,27,3,34,27,50,28,5,5,10,15,0.7000000000000001,0.30000000000000004
100,7,CLF_UNION,32,3,49,27,55,28,5,5,10,15,0.7000000000000001,0.30000000000000004
101,7,ORD-UNION,0,0,0,27,6,28,5,5,10,15,0.7000000000000001,0.30000000000000004
102,7,CARD,34,6,42,27,47,28,5,5,10,15,0.7000000000000001,0.30000000000000004
103,7,CLF_UNION,35,7,54,27,55,28,5,5,10,15,0.7000000000000001,0.30000000000000004
104,7,ORD-UNION,0,0,0,27,1,28,5,5,10,15,0.7000000000000001,0.30000000000000004
105,8,CARD,27,4,33,35,48,28,5,5,10,15,0.7000000000000001,0.30000000000000004
106,8,CLF_UNION,29,4,47,35,56,28,5,5,10,15,0.7000000000000001,0.30000000000000004
107,8,ORD-UNION,0,0,0,35,9,28,5,5,10,15,0.7000000000000001,0.30000000000000004
108,8,CARD,29,5,37,35,47,28,5,5,10,15,0.7000000000000001,0.30000000000000004
109,8,CLF_UNION,33,2,49,35,55,28,5,5,10,15,0.7000000000000001,0.30000000000000004
110,8,ORD-UNION,0,0,0,35,6,28,5,5,10,15,0.7000000000000001,0.30000000000000004
111,8,CARD,33,5,42,35,48,28,5,5,10,15,0.7000000000000001,0.30000000000000004
112,8,CLF_UNION,39,2,55,35,55,28,5,5,10,15,0.7000000000000001,0.30000000000000004
113,8,ORD-UNION,0,0,0,35,0,28,5,5,10,15,0.7000000000000001,0.30000000000000004
114,8,CARD,26,5,32,35,48,28,5,5,10,15,0.7000000000000001,0.30000000000000004
115,8,CLF_UNION,30,4,45,35,55,28,5,5,10,15,0.7000000000000001,0.30000000000000004
116,8,ORD-UNION,0,0,0,35,10,28,5,5,10,15,0.7000000000000001,0.30000000000000004
117,8,CARD,33,3,40,35,47,28,5,5,10,15,0.7000000000000001,0.30000000000000004
118,8,CLF_UNION,37,1,52,35,55,28,5,5,10,15,0.7000000000000001,0.30000000000000004
119,8,ORD-UNION,0,0,0,35,3,28,5,5,10,15,0.7000000000000001,0.30000000000000004
120,9,CARD,29,5,36,43,48,28,5,5,10,15,0.7000000000000001,0.30000000000000004
121,9,CLF_UNION,31,6,49,43,55,28,5,5,10,15,0.7000000000000001,0.30000000000000004
122,9,ORD-UNION,0,0,0,43,6,28,5,5,10,15,0.7000000000000001,0.30000000000000004
123,9,CARD,34,4,42,43,47,28,5,5,10,15,0.7000000000000001,0.30000000000000004
124,9,CLF_UNION,35,5,54,43,55,28,5,5,10,15,0.7000000000000001,0.30000000000000004
125,9,ORD-UNION,0,0,0,43,1,28,5,5,10,15,0.7000000000000001,0.30000000000000004
126,9,CARD,28,1,32,43,48,28,5,5,10,15,0.7000000000000001,0.30000000000000004
127,9,CLF_UNION,31,1,45,43,55,28,5,5,10,15,0.7000000000000001,0.30000000000000004
128,9,ORD-UNION,0,0,0,43,10,28,5,5,10,15,0.7000000000000001,0.30000000000000004
129,9,CARD,28,3,34,43,46,28,5,5,10,15,0.7000000000000001,0.30000000000000004
130,9,CLF_UNION,31,1,45,43,55,28,5,5,10,15,0.7000000000000001,0.30000000000000004
131,9,ORD-UNION,0,0,0,43,10,28,5,5,10,15,0.7000000000000001,0.30000000000000004
132,9,CARD,25,8,34,43,51,28,5,5,10,15,0.7000000000000001,0.30000000000000004
133,9,CLF_UNION,32,4,51,43,56,28,5,5,10,15,0.7000000000000001,0.30000000000000004
134,9,ORD-UNION,0,0,0,43,5,28,5,5,10,15,0.7000000000000001,0.30000000000000004
135,10,CARD,33,4,39,52,48,28,5,5,10,15,0.7000000000000001,0.30000000000000004
136,10,CLF_UNION,37,2,52,52,55,28,5,5,10,15,0.7000000000000001,0.30000000000000004
137,10,ORD-UNION,0,0,0,52,3,28,5,5,10,15,0.7000000000000001,0.30000000000000004
138,10,CARD,33,3,37,52,47,28,5,5,10,15,0.7000000000000001,0.30000000000000004
139,10,CLF_UNION,34,4,49,52,55,28,5,5,10,15,0.7000000000000001,0.30000000000000004
140,10,ORD-UNION,0,0,0,52,6,28,5,5,10,15,0.7000000000000001,0.30000000000000004
141,10,CARD,34,6,42,52,47,28,5,5,10,15,0.7000000000000001,0.30000000000000004
142,10,CLF_UNION,38,4,54,52,55,28,5,5,10,15,0.7000000000000001,0.30000000000000004
143,10,ORD-UNION,0,0,0,52,1,28,5,5,10,15,0.7000000000000001,0.30000000000000004
144,10,CARD,28,2,32,52,48,28,5,5,10,15,0.7000000000000001,0.30000000000000004
145,10,CLF_UNION,31,2,45,52,55,28,5,5,10,15,0.7000000000000001,0.30000000000000004
146,10,ORD-UNION,0,0,0,52,10,28,5,5,10,15,0.7000000000000001,0.30000000000000004
147,10,CARD,27,7,38,52,46,28,5,5,10,15,0.7000000000000001,0.30000000000000004
148,10,CLF_UNION,35,0,49,52,55,28,5,5,10,15,0.7000000000000001,0.30000000000000004
149,10,ORD-UNION,0,0,0,52,6,28,5,5,10,15,0.7000000000000001,0.30000000000000004
150,11,CARD,27,4,34,63,46,28,5,5,10,15,0.7000000000000001,0.30000000000000004
151,11,CLF_UNION,31,1,45,63,55,28,5,5,10,15,0.7000000000000001,0.30000000000000004
152,11,ORD-UNION,0,0,0,63,10,28,5,5,10,15,0.7000000000000001,0.30000000000000004
153,11,CARD,24,9,36,63,49,28,5,5,10,15,0.7000000000000001,0.30000000000000004
154,11,CLF_UNION,29,7,51,63,56,28,5,5,10,15,0.7000000000000001,0.30000000000000004
155,11,ORD-UNION,0,0,0,63,5,28,5,5,10,15,0.7000000000000001,0.30000000000000004
156,11,CARD,29,8,39,63,45,28,5,5,10,15,0.7000000000000001,0.30000000000000004
157,11,CLF_UNION,34,3,49,63,55,28,5,5,10,15,0.7000000000000001,0.30000000000000004
158,11,ORD-UNION,0,0,0,63,6,28,5,5,10,15,0.7000000000000001,0.30000000000000004
159,11,CARD,25,4,30,63,45,28,5,5,10,15,0.7000000000000001,0.30000000000000004
160,11,CLF_UNION,29,0,40,63,55,28,5,5,10,15,0.7000000000000001,0.30000000000000004
161,11,ORD-UNION,0,0,0,63,15,28,5,5,10,15,0.7000000000000001,0.30000000000000004
162,11,CARD,29,6,38,63,46,28,5,5,10,15,0.7000000000000001,0.30000000000000004
163,11,CLF_UNION,33,2,49,63,55,28,5,5,10,15,0.7000000000000001,0.30000000000000004
164,11,ORD-UNION,0,0,0,63,6,28,5,5,10,15,0.7000000000000001,0.30000000000000004
165,12,CARD,27,2,29,74,47,28,5,5,10,15,0.7000000000000001,0.30000000000000004
166,12,CLF_UNION,29,0,42,74,56,28,5,5,10,15,0.7000000000000001,0.30000000000000004
167,12,ORD-UNION,0,0,0,74,14,28,5,5,10,15,0.7000000000000001,0.30000000000000004
168,12,CARD,32,2,37,74,48,28,5,5,10,15,0.7000000000000001,0.30000000000000004
169,12,CLF_UNION,34,1,51,74,56,28,5,5,10,15,0.7000000000000001,0.30000000000000004
170,12,ORD-UNION,0,0,0,74,5,28,5,5,10,15,0.7000000000000001,0.30000000000000004
171,12,CARD,35,4,41,74,46,28,5,5,10,15,0.7000000000000001,0.30000000000000004
172,12,CLF_UNION,36,4,52,74,55,28,5,5,10,15,0.7000000000000001,0.30000000000000004
173,12,ORD-UNION,0,0,0,74,3,28,5,5,10,15,0.7000000000000001,0.30000000000000004
174,12,CARD,22,3,28,74,47,28,5,5,10,15,0.7000000000000001,0.30000000000000004
175,12,CLF_UNION,25,1,40,74,55,28,5,5,10,15,0.7000000000000001,0.30000000000000004
176,12,ORD-UNION,0,0,0,74,15,28,5,5,10,15,0.7000000000000001,0.30000000000000004
177,12,CARD,27,9,39,74,48,28,5,5,10,15,0.7000000000000001,0.30000000000000004
178,12,CLF_UNION,34,4,52,74,55,28,5,5,10,15,0.7000000000000001,0.30000000000000004
179,12,ORD-UNION,0,0,0,74,3,28,5,5,10,15,0.7000000000000001,0.30000000000000004
180,13,CARD,29,2,32,86,49,28,5,5,10,15,0.7000000000000001,0.30000000000000004
181,13,CLF_UNION,32,1,46,86,55,28,5,5,10,15,0.7000000000000001,0.30000000000000004
182,13,ORD-UNION,0,0,0,86,9,28,5,5,10,15,0.7000000000000001,0.30000000000000004
183,13,CARD,27,4,34,86,47,28,5,5,10,15,0.7000000000000001,0.30000000000000004
184,13,CLF_UNION,29,2,47,86,56,28,5,5,10,15,0.7000000000000001,0.30000000000000004
185,13,ORD-UNION,0,0,0,86,9,28,5,5,10,15,0.7000000000000001,0.30000000000000004
186,13,CARD,20,17,40,86,47,28,5,5,10,15,0.7000000000000001,0.30000000000000004
187,13,CLF_UNION,34,5,52,86,55,28,5,5,10,15,0.7000000000000001,0.30000000000000004
188,13,ORD-UNION,0,0,0,86,3,28,5,5,10,15,0.7000000000000001,0.30000000000000004
189,13,CARD,27,12,43,86,46,28,5,5,10,15,0.7000000000000001,0.30000000000000004
190,13,CLF_UNION,36,4,54,86,55,28,5,5,10,15,0.7000000000000001,0.30000000000000004
191,13,ORD-UNION,0,0,0,86,1,28,5,5,10,15,0.7000000000000001,0.30000000000000004
192,13,CARD,32,2,38,86,46,28,5,5,10,15,0.7000000000000001,0.30000000000000004
193,13,CLF_UNION,30,5,49,86,55,28,5,5,10,15,0.7000000000000001,0.30000000000000004
194,13,ORD-UNION,0,0,0,86,6,28,5,5,10,15,0.7000000000000001,0.30000000000000004
195,14,CARD,22,0,26,100,49,28,5,5,10,15,0.7000000000000001,0.30000000000000004
196,14,CLF_UNION,25,0,40,100,55,28,5,5,10,15,0.7000000000000001,0.30000000000000004
197,14,ORD-UNION,0,0,0,100,15,28,5,5,10,15,0.7000000000000001,0.30000000000000004
198,14,CARD,18,3,22,100,47,28,5,5,10,15,0.7000000000000001,0.30000000000000004
199,14,CLF_UNION,21,1,34,100,55,28,5,5,10,15,0.7000000000000001,0.30000000000000004
200,14,ORD-UNION,0,0,0,100,21,28,5,5,10,15,0.7000000000000001,0.30000000000000004
201,14,CARD,25,6,36,100,48,28,5,5,10,15,0.7000000000000001,0.30000000000000004
202,14,CLF_UNION,25,7,49,100,55,28,5,5,10,15,0.7000000000000001,0.30000000000000004
203,14,ORD-UNION,0,0,0,100,6,28,5,5,10,15,0.7000000000000001,0.30000000000000004
204,14,CARD,29,11,43,100,46,28,5,5,10,15,0.7000000000000001,0.30000000000000004
205,14,CLF_UNION,32,9,54,100,55,28,5,5,10,15,0.7000000000000001,0.30000000000000004
206,14,ORD-UNION,0,0,0,100,1,28,5,5,10,15,0.7000000000000001,0.30000000000000004
207,14,CARD,29,4,34,100,46,28,5,5,10,15,0.7000000000000001,0.30000000000000004
208,14,CLF_UNION,31,3,45,100,55,28,5,5,10,15,0.7000000000000001,0.30000000000000004
209,14,ORD-UNION,0,0,0,100,10,28,5,5,10,15,0.7000000000000001,0.30000000000000004
210,15,CARD,28,1,30,114,45,28,5,5,10,15,0.7000000000000001,0.30000000000000004
211,15,CLF_UNION,28,1,40,114,55,28,5,5,10,15,0.7000000000000001,0.30000000000000004
212,15,ORD-UNION,0,0,0,114,15,28,5,5,10,15,0.7000000000000001,0.30000000000000004
213,15,CARD,28,14,44,114,45,28,5,5,10,15,0.7000000000000001,0.30000000000000004
214,15,CLF_UNION,34,8,54,114,55,28,5,5,10,15,0.7000000000000001,0.30000000000000004
215,15,ORD-UNION,1,0,1,114,2,28,5,5,10,15,0.7000000000000001,0.30000000000000004
216,15,CARD,31,7,39,114,45,28,5,5,10,15,0.7000000000000001,0.30000000000000004
217,15,CLF_UNION,35,3,49,114,55,28,5,5,10,15,0.7000000000000001,0.30000000000000004
218,15,ORD-UNION,1,0,1,114,7,28,5,5,10,15,0.7000000000000001,0.30000000000000004
219,15,CARD,27,5,35,114,47,28,5,5,10,15,0.7000000000000001,0.30000000000000004
220,15,CLF_UNION,30,2,48,114,56,28,5,5,10,15,0.7000000000000001,0.30000000000000004
221,15,ORD-UNION,1,0,1,114,9,28,5,5,10,15,0.7000000000000001,0.30000000000000004
222,15,CARD,30,8,42,114,45,28,5,5,10,15,0.7000000000000001,0.30000000000000004
223,15,CLF_UNION,34,4,53,114,56,28,5,5,10,15,0.7000000000000001,0.30000000000000004
224,15,ORD-UNION,1,0,1,114,4,28,5,5,10,15,0.7000000000000001,0.30000000000000004
225,16,CARD,31,5,37,129,47,28,5,5,10,15,0.7000000000000001,0.30000000000000004
226,16,CLF_UNION,32,5,50,129,56,28,5,5,10,15,0.7000000000000001,0.30000000000000004
227,16,ORD-UNION,0,0,0,129,6,28,5,5,10,15,0.7000000000000001,0.30000000000000004
228,16,CARD,27,8,38,129,46,28,5,5,10,15,0.7000000000000001,0.30000000000000004
229,16,CLF_UNION,28,7,49,129,55,28,5,5,10,15,0.7000000000000001,0.30000000000000004
230,16,ORD-UNION,0,0,0,129,6,28,5,5,10,15,0.7000000000000001,0.30000000000000004
231,16,CARD,18,3,22,129,48,28,5,5,10,15,0.7000000000000001,0.30000000000000004
232,16,CLF_UNION,19,3,36,129,56,28,5,5,10,15,0.7000000000000001,0.30000000000000004
233,16,ORD-UNION,0,0,0,129,20,28,5,5,10,15,0.7000000000000001,0.30000000000000004
234,16,CARD,31,2,34,129,46,28,5,5,10,15,0.7000000000000001,0.30000000000000004
235,16,CLF_UNION,32,1,45,129,55,28,5,5,10,15,0.7000000000000001,0.30000000000000004
236,16,ORD-UNION,0,0,0,129,10,28,5,5,10,15,0.7000000000000001,0.30000000000000004
237,16,CARD,29,6,38,129,47,28,5,5,10,15,0.7000000000000001,0.30000000000000004
238,16,CLF_UNION,31,5,50,129,55,28,5,5,10,15,0.7000000000000001,0.30000000000000004
239,16,ORD-UNION,0,0,0,129,5,28,5,5,10,15,0.7000000000000001,0.30000000000000004
240,17,CARD,23,7,30,146,46,28,5,5,10,15,0.7000000000000001,0.30000000000000004
241,17,CLF_UNION,28,2,42,146,56,28,5,5,10,15,0.7000000000000001,0.30000000000000004
242,17,ORD-UNION,0,0,0,146,14,28,5,5,10,15,0.7000000000000001,0.30000000000000004
243,17,CARD,29,1,33,146,47,28,5,5,10,15,0.7000000000000001,0.30000000000000004
244,17,CLF_UNION,32,0,45,146,55,28,5,5,10,15,0.7000000000000001,0.30000000000000004
245,17,ORD-UNION,0,0,0,146,10,28,5,5,10,15,0.7000000000000001,0.30000000000000004
246,17,CARD,27,10,38,146,46,28,5,5,10,15,0.7000000000000001,0.30000000000000004
247,17,CLF_UNION,30,8,49,146,55,28,5,5,10,15,0.7000000000000001,0.30000000000000004
248,17,ORD-UNION,1,0,1,146,7,28,5,5,10,15,0.7000000000000001,0.30000000000000004
249,17,CARD,10,5,16,146,47,28,5,5,10,15,0.7000000000000001,0.30000000000000004
250,17,CLF_UNION,11,5,28,146,55,28,5,5,10,15,0.7000000000000001,0.30000000000000004
251,17,ORD-UNION,0,0,0,146,27,28,5,5,10,15,0.7000000000000001,0.30000000000000004
252,17,CARD,16,1,22,146,49,28,5,5,10,15,0.7000000000000001,0.30000000000000004
253,17,CLF_UNION,19,0,37,146,56,28,5,5,10,15,0.7000000000000001,0.30000000000000004
254,17,ORD-UNION,0,0,0,146,19,28,5,5,10,15,0.7000000000000001,0.30000000000000004
255,18,CARD,9,0,9,162,47,28,5,5,10,15,0.7000000000000001,0.30000000000000004
256,18,CLF_UNION,9,0,21,162,55,28,5,5,10,15,0.7000000000000001,0.30000000000000004
257,18,ORD-UNION,0,0,0,162,34,28,5,5,10,15,0.7000000000000001,0.30000000000000004
258,18,CARD,25,4,32,162,48,28,5,5,10,15,0.7000000000000001,0.30000000000000004
259,18,CLF_UNION,29,3,45,162,55,28,5,5,10,15,0.7000000000000001,0.30000000000000004
260,18,ORD-UNION,0,0,0,162,10,28,5,5,10,15,0.7000000000000001,0.30000000000000004
261,18,CARD,24,0,29,162,47,28,5,5,10,15,0.7000000000000001,0.30000000000000004
262,18,CLF_UNION,24,1,41,162,55,28,5,5,10,15,0.7000000000000001,0.30000000000000004
263,18,ORD-UNION,1,0,1,162,15,28,5,5,10,15,0.7000000000000001,0.30000000000000004
264,18,CARD,24,7,33,162,47,28,5,5,10,15,0.7000000000000001,0.30000000000000004
265,18,CLF_UNION,29,4,45,162,55,28,5,5,10,15,0.7000000000000001,0.30000000000000004
266,18,ORD-UNION,0,0,0,162,10,28,5,5,10,15,0.7000000000000001,0.30000000000000004
267,18,CARD,31,9,43,162,46,28,5,5,10,15,0.7000000000000001,0.30000000000000004
268,18,CLF_UNION,33,8,54,162,55,28,5,5,10,15,0.7000000000000001,0.30000000000000004
269,18,ORD-UNION,0,0,0,162,1,28,5,5,10,15,0.7000000000000001,0.30000000000000004
270,19,CARD,10,4,17,181,46,28,5,5,10,15,0.7000000000000001,0.30000000000000004
271,19,CLF_UNION,12,2,28,181,55,28,5,5,10,15,0.7000000000000001,0.30000000000000004
272,19,ORD-UNION,0,0,0,181,27,28,5,5,10,15,0.7000000000000001,0.30000000000000004
273,19,CARD,23,7,32,181,48,28,5,5,10,15,0.7000000000000001,0.30000000000000004
274,19,CLF_UNION,28,5,45,181,55,28,5,5,10,15,0.7000000000000001,0.30000000000000004
275,19,ORD-UNION,0,0,0,181,10,28,5,5,10,15,0.7000000000000001,0.30000000000000004
276,19,CARD,13,3,17,181,49,28,5,5,10,15,0.7000000000000001,0.30000000000000004
277,19,CLF_UNION,14,2,31,181,55,28,5,5,10,15,0.7000000000000001,0.30000000000000004
278,19,ORD-UNION,0,0,0,181,24,28,5,5,10,15,0.7000000000000001,0.30000000000000004
279,19,CARD,18,4,23,181,47,28,5,5,10,15,0.7000000000000001,0.30000000000000004
280,19,CLF_UNION,21,2,35,181,55,28,5,5,10,15,0.7000000000000001,0.30000000000000004
281,19,ORD-UNION,0,0,0,181,20,28,5,5,10,15,0.7000000000000001,0.30000000000000004
282,19,CARD,9,6,16,181,47,28,5,5,10,15,0.7000000000000001,0.30000000000000004
283,19,CLF_UNION,16,0,28,181,55,28,5,5,10,15,0.7000000000000001,0.30000000000000004
284,19,ORD-UNION,0,0,0,181,27,28,5,5,10,15,0.7000000000000001,0.30000000000000004
285,20,CARD,18,4,25,199,46,28,5,5,10,15,0.7000000000000001,0.30000000000000004
286,20,CLF_UNION,21,1,36,199,55,28,5,5,10,15,0.7000000000000001,0.30000000000000004
287,20,ORD-UNION,0,0,0,199,19,28,5,5,10,15,0.7000000000000001,0.30000000000000004
288,20,CARD,23,10,35,199,45,28,5,5,10,15,0.7000000000000001,0.30000000000000004
289,20,CLF_UNION,32,1,45,199,55,28,5,5,10,15,0.7000000000000001,0.30000000000000004
290,20,ORD-UNION,0,0,0,199,10,28,5,5,10,15,0.7000000000000001,0.30000000000000004
291,20,CARD,26,8,34,199,47,28,5,5,10,15,0.7000000000000001,0.30000000000000004
292,20,CLF_UNION,35,0,46,199,55,28,5,5,10,15,0.7000000000000001,0.30000000000000004
293,20,ORD-UNION,0,0,0,199,9,28,5,5,10,15,0.7000000000000001,0.30000000000000004
294,20,CARD,20,7,29,199,46,28,5,5,10,15,0.7000000000000001,0.30000000000000004
295,20,CLF_UNION,27,1,40,199,55,28,5,5,10,15,0.7000000000000001,0.30000000000000004
296,20,ORD-UNION,0,0,0,199,15,28,5,5,10,15,0.7000000000000001,0.30000000000000004
297,20,CARD,7,1,9,199,48,28,5,5,10,15,0.7000000000000001,0.30000000000000004
298,20,CLF_UNION,7,1,22,199,55,28,5,5,10,15,0.7000000000000001,0.30000000000000004
299,20,ORD-UNION,0,0,0,199,33,28,5,5,10,15,0.7000000000000001,0.30000000000000004
300,21,CARD,20,1,23,220,46,28,5,5,10,15,0.7000000000000001,0.30000000000000004
301,21,CLF_UNION,20,1,34,220,55,28,5,5,10,15,0.7000000000000001,0.30000000000000004
302,21,ORD-UNION,0,0,0,220,21,28,5,5,10,15,0.7000000000000001,0.30000000000000004
303,21,CARD,20,3,24,220,45,28,5,5,10,15,0.7000000000000001,0.30000000000000004
304,21,CLF_UNION,22,1,34,220,55,28,5,5,10,15,0.7000000000000001,0.30000000000000004
305,21,ORD-UNION,0,0,0,220,21,28,5,5,10,15,0.7000000000000001,0.30000000000000004
306,21,CARD,9,0,10,220,46,28,5,5,10,15,0.7000000000000001,0.30000000000000004
307,21,CLF_UNION,9,0,21,220,55,28,5,5,10,15,0.7000000000000001,0.30000000000000004
308,21,ORD-UNION,0,0,0,220,34,28,5,5,10,15,0.7000000000000001,0.30000000000000004
309,21,CARD,19,2,24,220,47,28,5,5,10,15,0.7000000000000001,0.30000000000000004
310,21,CLF_UNION,21,0,36,220,55,28,5,5,10,15,0.7000000000000001,0.30000000000000004
311,21,ORD-UNION,6,0,6,220,25,28,5,5,10,15,0.7000000000000001,0.30000000000000004
312,21,CARD,13,1,18,220,46,28,5,5,10,15,0.7000000000000001,0.30000000000000004
313,21,CLF_UNION,14,0,29,220,55,28,5,5,10,15,0.7000000000000001,0.30000000000000004
314,21,ORD-UNION,0,0,0,220,26,28,5,5,10,15,0.7000000000000001,0.30000000000000004
315,22,CARD,28,0,28,240,48,28,5,5,10,15,0.7000000000000001,0.30000000000000004
316,22,CLF_UNION,27,2,41,240,55,28,5,5,10,15,0.7000000000000001,0.30000000000000004
317,22,ORD-UNION,0,0,0,240,14,28,5,5,10,15,0.7000000000000001,0.30000000000000004
318,22,CARD,12,3,16,240,47,28,5,5,10,15,0.7000000000000001,0.30000000000000004
319,22,CLF_UNION,16,0,28,240,55,28,5,5,10,15,0.7000000000000001,0.30000000000000004
320,22,ORD-UNION,5,0,5,240,32,28,5,5,10,15,0.7000000000000001,0.30000000000000004
321,22,CARD,16,0,16,240,46,28,5,5,10,15,0.7000000000000001,0.30000000000000004
322,22,CLF_UNION,16,0,27,240,55,28,5,5,10,15,0.7000000000000001,0.30000000000000004
323,22,ORD-UNION,0,0,0,240,28,28,5,5,10,15,0.7000000000000001,0.30000000000000004
324,22,CARD,24,2,29,240,50,28,5,5,10,15,0.7000000000000001,0.30000000000000004
325,22,CLF_UNION,23,4,44,240,55,28,5,5,10,15,0.7000000000000001,0.30000000000000004
326,22,ORD-UNION,4,0,4,240,15,28,5,5,10,15,0.7000000000000001,0.30000000000000004
327,22,CARD,14,4,22,240,48,28,5,5,10,15,0.7000000000000001,0.30000000000000004
328,22,CLF_UNION,18,0,35,240,55,28,5,5,10,15,0.7000000000000001,0.30000000000000004
329,22,ORD-UNION,0,0,0,240,20,28,5,5,10,15,0.7000000000000001,0.30000000000000004
330,23,CARD,23,4,29,261,46,28,5,5,10,15,0.7000000000000001,0.30000000000000004
331,23,CLF_UNION,27,1,40,261,55,28,5,5,10,15,0.7000000000000001,0.30000000000000004
332,23,ORD-UNION,3,0,3,261,18,28,5,5,10,15,0.7000000000000001,0.30000000000000004
333,23,CARD,21,6,30,261,46,28,5,5,10,15,0.7000000000000001,0.30000000000000004
334,23,CLF_UNION,27,0,41,261,55,28,5,5,10,15,0.7000000000000001,0.30000000000000004
335,23,ORD-UNION,3,0,3,261,17,28,5,5,10,15,0.7000000000000001,0.30000000000000004
336,23,CARD,0,0,0,261,46,28,5,5,10,15,0.7000000000000001,0.30000000000000004
337,23,CLF_UNION,0,0,11,261,55,28,5,5,10,15,0.7000000000000001,0.30000000000000004
338,23,ORD-UNION,0,0,0,261,44,28,5,5,10,15,0.7000000000000001,0.30000000000000004
339,23,CARD,14,1,17,261,46,28,5,5,10,15,0.7000000000000001,0.30000000000000004
340,23,CLF_UNION,15,0,28,261,55,28,5,5,10,15,0.7000000000000001,0.30000000000000004
341,23,ORD-UNION,4,0,4,261,31,28,5,5,10,15,0.7000000000000001,0.30000000000000004
342,23,CARD,14,0,16,261,47,28,5,5,10,15,0.7000000000000001,0.30000000000000004
343,23,CLF_UNION,14,0,28,261,55,28,5,5,10,15,0.7000000000000001,0.30000000000000004
344,23,ORD-UNION,0,0,0,261,27,28,5,5,10,15,0.7000000000000001,0.30000000000000004
345,24,CARD,9,0,10,282,45,28,5,5,10,15,0.7000000000000001,0.30000000000000004
346,24,CLF_UNION,9,0,21,282,56,28,5,5,10,15,0.7000000000000001,0.30000000000000004
347,24,ORD-UNION,0,0,0,282,35,28,5,5,10,15,0.7000000000000001,0.30000000000000004
348,24,CARD,7,0,7,282,51,28,5,5,10,15,0.7000000000000001,0.30000000000000004
349,24,CLF_UNION,7,0,25,282,57,28,5,5,10,15,0.7000000000000001,0.30000000000000004
350,24,ORD-UNION,0,0,0,282,32,28,5,5,10,15,0.7000000000000001,0.30000000000000004
351,24,CARD,8,0,9,282,47,28,5,5,10,15,0.7000000000000001,0.30000000000000004
352,24,CLF_UNION,8,0,22,282,56,28,5,5,10,15,0.7000000000000001,0.30000000000000004
353,24,ORD-UNION,5,0,5,282,39,28,5,5,10,15,0.7000000000000001,0.30000000000000004
354,24,CARD,13,1,18,282,45,28,5,5,10,15,0.7000000000000001,0.30000000000000004
355,24,CLF_UNION,14,0,28,282,55,28,5,5,10,15,0.7000000000000001,0.30000000000000004
356,24,ORD-UNION,0,0,0,282,27,28,5,5,10,15,0.7000000000000001,0.30000000000000004
357,24,CARD,15,6,23,282,48,28,5,5,10,15,0.7000000000000001,0.30000000000000004
358,24,CLF_UNION,21,0,36,282,55,28,5,5,10,15,0.7000000000000001,0.30000000000000004
359,24,ORD-UNION,0,0,0,282,19,28,5,5,10,15,0.7000000000000001,0.30000000000000004
360,1,CARD,16,7,24,1,66,28,5,5,10,15,0.7000000000000001,0.30000000000000004
361,1,CLF_UNION,26,27,65,1,65,28,5,5,10,15,0.7000000000000001,0.30000000000000004
362,1,ORD-UNION,0,0,0,1,0,28,5,5,10,15,0.7000000000000001,0.30000000000000004
363,1,CARD,7,13,21,1,69,28,5,5,10,15,0.7000000000000001,0.30000000000000004
364,1,CLF_UNION,19,34,67,1,67,28,5,5,10,15,0.7000000000000001,0.30000000000000004
365,1,ORD-UNION,0,0,0,1,0,28,5,5,10,15,0.7000000000000001,0.30000000000000004
366,1,CARD,18,4,24,1,66,28,5,5,10,15,0.7000000000000001,0.30000000000000004
367,1,CLF_UNION,25,26,64,1,64,28,5,5,10,15,0.7000000000000001,0.30000000000000004
368,1,ORD-UNION,0,0,0,1,0,28,5,5,10,15,0.7000000000000001,0.30000000000000004
369,1,CARD,10,10,21,1,69,28,5,5,10,15,0.7000000000000001,0.30000000000000004
370,1,CLF_UNION,24,35,71,1,71,28,5,5,10,15,0.7000000000000001,0.30000000000000004
371,1,ORD-UNION,0,0,0,1,0,28,5,5,10,15,0.7000000000000001,0.30000000000000004
372,1,CARD,8,12,25,1,65,28,5,5,10,15,0.7000000000000001,0.30000000000000004
373,1,CLF_UNION,21,23,64,1,64,28,5,5,10,15,0.7000000000000001,0.30000000000000004
374,1,ORD-UNION,0,0,0,1,0,28,5,5,10,15,0.7000000000000001,0.30000000000000004
375,2,CARD,19,14,36,3,54,28,5,5,10,15,0.7000000000000001,0.30000000000000004
376,2,CLF_UNION,24,26,64,3,64,28,5,5,10,15,0.7000000000000001,0.30000000000000004
377,2,ORD-UNION,0,0,0,3,0,28,5,5,10,15,0.7000000000000001,0.30000000000000004
378,2,CARD,21,13,35,3,55,28,5,5,10,15,0.7000000000000001,0.30000000000000004
379,2,CLF_UNION,19,28,60,3,60,28,5,5,10,15,0.7000000000000001,0.30000000000000004
380,2,ORD-UNION,0,0,0,3,0,28,5,5,10,15,0.7000000000000001,0.30000000000000004
381,2,CARD,10,17,34,3,55,28,5,5,10,15,0.7000000000000001,0.30000000000000004
382,2,CLF_UNION,15,24,58,3,59,28,5,5,10,15,0.7000000000000001,0.30000000000000004
383,2,ORD-UNION,0,0,0,3,1,28,5,5,10,15,0.7000000000000001,0.30000000000000004
384,2,CARD,18,14,35,3,55,28,5,5,10,15,0.7000000000000001,0.30000000000000004
385,2,CLF_UNION,21,27,62,3,62,28,5,5,10,15,0.7000000000000001,0.30000000000000004
386,2,ORD-UNION,0,0,0,3,0,28,5,5,10,15,0.7000000000000001,0.30000000000000004
387,2,CARD,17,13,35,3,55,28,5,5,10,15,0.7000000000000001,0.30000000000000004
388,2,CLF_UNION,19,25,61,3,61,28,5,5,10,15,0.7000000000000001,0.30000000000000004
389,2,ORD-UNION,0,0,0,3,0,28,5,5,10,15,0.7000000000000001,0.30000000000000004
390,3,CARD,13,15,32,6,58,28,5,5,10,15,0.7000000000000001,0.30000000000000004
391,3,CLF_UNION,16,28,59,6,59,28,5,5,10,15,0.7000000000000001,0.30000000000000004
392,3,ORD-UNION,0,0,0,6,0,28,5,5,10,15,0.7000000000000001,0.30000000000000004
393,3,CARD,22,11,37,6,53,28,5,5,10,15,0.7000000000000001,0.30000000000000004
394,3,CLF_UNION,23,18,56,6,56,28,5,5,10,15,0.7000000000000001,0.30000000000000004
395,3,ORD-UNION,0,0,0,6,0,28,5,5,10,15,0.7000000000000001,0.30000000000000004
396,3,CARD,15,13,30,6,59,28,5,5,10,15,0.7000000000000001,0.30000000000000004
397,3,CLF_UNION,20,22,55,6,56,28,5,5,10,15,0.7000000000000001,0.30000000000000004
398,3,ORD-UNION,0,0,0,6,1,28,5,5,10,15,0.7000000000000001,0.30000000000000004
399,3,CARD,22,7,36,6,54,28,5,5,10,15,0.7000000000000001,0.30000000000000004
400,3,CLF_UNION,20,19,57,6,57,28,5,5,10,15,0.7000000000000001,0.30000000000000004
401,3,ORD-UNION,0,0,0,6,0,28,5,5,10,15,0.7000000000000001,0.30000000000000004
402,3,CARD,13,16,32,6,57,28,5,5,10,15,0.7000000000000001,0.30000000000000004
403,3,CLF_UNION,22,19,55,6,56,28,5,5,10,15,0.7000000000000001,0.30000000000000004
404,3,ORD-UNION,0,0,0,6,1,28,5,5,10,15,0.7000000000000001,0.30000000000000004
405,4,CARD,18,13,35,10,54,28,5,5,10,15,0.7000000000000001,0.30000000000000004
406,4,CLF_UNION,25,13,54,10,55,28,5,5,10,15,0.7000000000000001,0.30000000000000004
407,4,ORD-UNION,0,0,0,10,1,28,5,5,10,15,0.7000000000000001,0.30000000000000004
408,4,CARD,27,9,40,10,50,28,5,5,10,15,0.7000000000000001,0.30000000000000004
409,4,CLF_UNION,25,14,55,10,55,28,5,5,10,15,0.7000000000000001,0.30000000000000004
410,4,ORD-UNION,0,0,0,10,0,28,5,5,10,15,0.7000000000000001,0.30000000000000004
411,4,CARD,22,11,38,10,49,28,5,5,10,15,0.7000000000000001,0.30000000000000004
412,4,CLF_UNION,22,15,52,10,55,28,5,5,10,15,0.7000000000000001,0.30000000000000004
413,4,ORD-UNION,0,0,0,10,3,28,5,5,10,15,0.7000000000000001,0.30000000000000004
414,4,CARD,24,11,40,10,50,28,5,5,10,15,0.7000000000000001,0.30000000000000004
415,4,CLF_UNION,22,19,56,10,56,28,5,5,10,15,0.7000000000000001,0.30000000000000004
416,4,ORD-UNION,0,0,0,10,0,28,5,5,10,15,0.7000000000000001,0.30000000000000004
417,4,CARD,16,19,39,10,50,28,5,5,10,15,0.7000000000000001,0.30000000000000004
418,4,CLF_UNION,19,21,54,10,55,28,5,5,10,15,0.7000000000000001,0.30000000000000004
419,4,ORD-UNION,0,0,0,10,1,28,5,5,10,15,0.7000000000000001,0.30000000000000004
420,5,CARD,24,7,35,15,49,28,5,5,10,15,0.7000000000000001,0.30000000000000004
421,5,CLF_UNION,27,8,49,15,55,28,5,5,10,15,0.7000000000000001,0.30000000000000004
422,5,ORD-UNION,0,0,0,15,6,28,5,5,10,15,0.7000000000000001,0.30000000000000004
423,5,CARD,25,14,43,15,46,28,5,5,10,15,0.7000000000000001,0.30000000000000004
424,5,CLF_UNION,27,13,54,15,55,28,5,5,10,15,0.7000000000000001,0.30000000000000004
425,5,ORD-UNION,0,0,0,15,1,28,5,5,10,15,0.7000000000000001,0.30000000000000004
426,5,CARD,17,21,40,15,47,28,5,5,10,15,0.7000000000000001,0.30000000000000004
427,5,CLF_UNION,21,19,52,15,55,28,5,5,10,15,0.7000000000000001,0.30000000000000004
428,5,ORD-UNION,0,0,0,15,3,28,5,5,10,15,0.7000000000000001,0.30000000000000004
429,5,CARD,18,16,43,15,47,28,5,5,10,15,0.7000000000000001,0.30000000000000004
430,5,CLF_UNION,16,19,55,15,55,28,5,5,10,15,0.7000000000000001,0.30000000000000004
431,5,ORD-UNION,0,0,0,15,0,28,5,5,10,15,0.7000000000000001,0.30000000000000004
432,5,CARD,24,9,37,15,47,28,5,5,10,15,0.7000000000000001,0.30000000000000004
433,5,CLF_UNION,26,9,49,15,55,28,5,5,10,15,0.7000000000000001,0.30000000000000004
434,5,ORD-UNION,0,0,0,15,6,28,5,5,10,15,0.7000000000000001,0.30000000000000004
435,6,CARD,20,19,42,20,45,28,5,5,10,15,0.7000000000000001,0.30000000000000004
436,6,CLF_UNION,25,15,53,20,55,28,5,5,10,15,0.7000000000000001,0.30000000000000004
437,6,ORD-UNION,0,0,0,20,3,28,5,5,10,15,0.7000000000000001,0.30000000000000004
438,6,CARD,19,19,44,20,45,28,5,5,10,15,0.7000000000000001,0.30000000000000004
439,6,CLF_UNION,24,14,54,20,55,28,5,5,10,15,0.7000000000000001,0.30000000000000004
440,6,ORD-UNION,0,0,0,20,1,28,5,5,10,15,0.7000000000000001,0.30000000000000004
441,6,CARD,28,9,41,20,46,28,5,5,10,15,0.7000000000000001,0.30000000000000004
442,6,CLF_UNION,31,7,54,20,57,28,5,5,10,15,0.7000000000000001,0.30000000000000004
443,6,ORD-UNION,0,0,0,20,3,28,5,5,10,15,0.7000000000000001,0.30000000000000004
444,6,CARD,20,18,41,20,48,28,5,5,10,15,0.7000000000000001,0.30000000000000004
445,6,CLF_UNION,24,16,54,20,55,28,5,5,10,15,0.7000000000000001,0.30000000000000004
446,6,ORD-UNION,0,0,0,20,1,28,5,5,10,15,0.7000000000000001,0.30000000000000004
447,6,CARD,21,11,38,20,47,28,5,5,10,15,0.7000000000000001,0.30000000000000004
448,6,CLF_UNION,29,4,51,20,56,28,5,5,10,15,0.7000000000000001,0.30000000000000004
449,6,ORD-UNION,0,0,0,20,5,28,5,5,10,15,0.7000000000000001,0.30000000000000004
450,7,CARD,27,12,43,27,47,28,5,5,10,15,0.7000000000000001,0.30000000000000004
451,7,CLF_UNION,30,11,55,27,55,28,5,5,10,15,0.7000000000000001,0.30000000000000004
452,7,ORD-UNION,0,0,0,27,0,28,5,5,10,15,0.7000000000000001,0.30000000000000004
453,7,CARD,25,16,44,27,46,28,5,5,10,15,0.7000000000000001,0.30000000000000004
454,7,CLF_UNION,24,18,55,27,55,28,5,5,10,15,0.7000000000000001,0.30000000000000004
455,7,ORD-UNION,0,0,0,27,0,28,5,5,10,15,0.7000000000000001,0.30000000000000004
456,7,CARD,21,14,38,27,51,28,5,5,10,15,0.7000000000000001,0.30000000000000004
457,7,CLF_UNION,25,16,54,27,55,28,5,5,10,15,0.7000000000000001,0.30000000000000004
458,7,ORD-UNION,0,0,0,27,1,28,5,5,10,15,0.7000000000000001,0.30000000000000004
459,7,CARD,23,14,39,27,50,28,5,5,10,15,0.7000000000000001,0.30000000000000004
460,7,CLF_UNION,26,15,54,27,55,28,5,5,10,15,0.7000000000000001,0.30000000000000004
461,7,ORD-UNION,0,0,0,27,1,28,5,5,10,15,0.7000000000000001,0.30000000000000004
462,7,CARD,28,10,39,27,48,28,5,5,10,15,0.7000000000000001,0.30000000000000004
463,7,CLF_UNION,26,15,52,27,55,28,5,5,10,15,0.7000000000000001,0.30000000000000004
464,7,ORD-UNION,0,0,0,27,3,28,5,5,10,15,0.7000000000000001,0.30000000000000004
465,8,CARD,24,10,39,33,50,28,5,5,10,15,0.7000000000000001,0.30000000000000004
466,8,CLF_UNION,25,14,54,33,55,28,5,5,10,15,0.7000000000000001,0.30000000000000004
467,8,ORD-UNION,0,0,0,33,1,28,5,5,10,15,0.7000000000000001,0.30000000000000004
468,8,CARD,26,5,33,33,55,28,5,5,10,15,0.7000000000000001,0.30000000000000004
469,8,CLF_UNION,29,11,53,33,55,28,5,5,10,15,0.7000000000000001,0.30000000000000004
470,8,ORD-UNION,0,0,0,33,2,28,5,5,10,15,0.7000000000000001,0.30000000000000004
471,8,CARD,19,16,38,33,46,28,5,5,10,15,0.7000000000000001,0.30000000000000004
472,8,CLF_UNION,19,18,50,33,56,28,5,5,10,15,0.7000000000000001,0.30000000000000004
473,8,ORD-UNION,0,0,0,33,6,28,5,5,10,15,0.7000000000000001,0.30000000000000004
474,8,CARD,32,1,36,33,49,28,5,5,10,15,0.7000000000000001,0.30000000000000004
475,8,CLF_UNION,30,6,50,33,55,28,5,5,10,15,0.7000000000000001,0.30000000000000004
476,8,ORD-UNION,0,0,0,33,5,28,5,5,10,15,0.7000000000000001,0.30000000000000004
477,8,CARD,25,7,37,33,50,28,5,5,10,15,0.7000000000000001,0.30000000000000004
478,8,CLF_UNION,29,6,52,33,55,28,5,5,10,15,0.7000000000000001,0.30000000000000004
479,8,ORD-UNION,0,0,0,33,3,28,5,5,10,15,0.7000000000000001,0.30000000000000004
480,9,CARD,23,10,35,42,50,28,5,5,10,15,0.7000000000000001,0.30000000000000004
481,9,CLF_UNION,24,13,50,42,55,28,5,5,10,15,0.7000000000000001,0.30000000000000004
482,9,ORD-UNION,0,0,0,42,5,28,5,5,10,15,0.7000000000000001,0.30000000000000004
483,9,CARD,33,8,44,42,46,28,5,5,10,15,0.7000000000000001,0.30000000000000004
484,9,CLF_UNION,26,16,55,42,55,28,5,5,10,15,0.7000000000000001,0.30000000000000004
485,9,ORD-UNION,0,0,0,42,0,28,5,5,10,15,0.7000000000000001,0.30000000000000004
486,9,CARD,19,16,39,42,46,28,5,5,10,15,0.7000000000000001,0.30000000000000004
487,9,CLF_UNION,15,20,51,42,56,28,5,5,10,15,0.7000000000000001,0.30000000000000004
488,9,ORD-UNION,0,0,0,42,5,28,5,5,10,15,0.7000000000000001,0.30000000000000004
489,9,CARD,24,7,32,42,49,28,5,5,10,15,0.7000000000000001,0.30000000000000004
490,9,CLF_UNION,24,10,46,42,55,28,5,5,10,15,0.7000000000000001,0.30000000000000004
491,9,ORD-UNION,0,0,0,42,9,28,5,5,10,15,0.7000000000000001,0.30000000000000004
492,9,CARD,21,13,39,42,46,28,5,5,10,15,0.7000000000000001,0.30000000000000004
493,9,CLF_UNION,16,18,50,42,55,28,5,5,10,15,0.7000000000000001,0.30000000000000004
494,9,ORD-UNION,0,0,0,42,5,28,5,5,10,15,0.7000000000000001,0.30000000000000004
495,10,CARD,22,16,39,52,45,28,5,5,10,15,0.7000000000000001,0.30000000000000004
496,10,CLF_UNION,26,13,50,52,56,28,5,5,10,15,0.7000000000000001,0.30000000000000004
497,10,ORD-UNION,0,0,0,52,6,28,5,5,10,15,0.7000000000000001,0.30000000000000004
498,10,CARD,21,11,35,52,46,28,5,5,10,15,0.7000000000000001,0.30000000000000004
499,10,CLF_UNION,21,11,46,52,55,28,5,5,10,15,0.7000000000000001,0.30000000000000004
500,10,ORD-UNION,0,0,0,52,9,28,5,5,10,15,0.7000000000000001,0.30000000000000004
501,10,CARD,22,13,38,52,46,28,5,5,10,15,0.7000000000000001,0.30000000000000004
502,10,CLF_UNION,27,9,49,52,55,28,5,5,10,15,0.7000000000000001,0.30000000000000004
503,10,ORD-UNION,0,0,0,52,6,28,5,5,10,15,0.7000000000000001,0.30000000000000004
504,10,CARD,25,17,44,52,46,28,5,5,10,15,0.7000000000000001,0.30000000000000004
505,10,CLF_UNION,23,20,56,52,56,28,5,5,10,15,0.7000000000000001,0.30000000000000004
506,10,ORD-UNION,0,0,0,52,0,28,5,5,10,15,0.7000000000000001,0.30000000000000004
507,10,CARD,15,13,31,52,45,28,5,5,10,15,0.7000000000000001,0.30000000000000004
508,10,CLF_UNION,16,12,41,52,55,28,5,5,10,15,0.7000000000000001,0.30000000000000004
509,10,ORD-UNION,0,0,0,52,14,28,5,5,10,15,0.7000000000000001,0.30000000000000004
510,11,CARD,23,8,36,60,47,28,5,5,10,15,0.7000000000000001,0.30000000000000004
511,11,CLF_UNION,22,9,48,60,55,28,5,5,10,15,0.7000000000000001,0.30000000000000004
512,11,ORD-UNION,0,0,0,60,7,28,5,5,10,15,0.7000000000000001,0.30000000000000004
513,11,CARD,23,14,41,60,46,28,5,5,10,15,0.7000000000000001,0.30000000000000004
514,11,CLF_UNION,19,19,52,60,55,28,5,5,10,15,0.7000000000000001,0.30000000000000004
515,11,ORD-UNION,0,0,0,60,3,28,5,5,10,15,0.7000000000000001,0.30000000000000004
516,11,CARD,14,20,42,60,46,28,5,5,10,15,0.7000000000000001,0.30000000000000004
517,11,CLF_UNION,12,23,53,60,55,28,5,5,10,15,0.7000000000000001,0.30000000000000004
518,11,ORD-UNION,0,0,0,60,2,28,5,5,10,15,0.7000000000000001,0.30000000000000004
519,11,CARD,25,10,40,60,45,28,5,5,10,15,0.7000000000000001,0.30000000000000004
520,11,CLF_UNION,25,10,50,60,55,28,5,5,10,15,0.7000000000000001,0.30000000000000004
521,11,ORD-UNION,0,0,0,60,5,28,5,5,10,15,0.7000000000000001,0.30000000000000004
522,11,CARD,29,7,42,60,46,28,5,5,10,15,0.7000000000000001,0.30000000000000004
523,11,CLF_UNION,25,12,53,60,55,28,5,5,10,15,0.7000000000000001,0.30000000000000004
524,11,ORD-UNION,0,0,0,60,2,28,5,5,10,15,0.7000000000000001,0.30000000000000004
525,12,CARD,29,11,43,71,47,28,5,5,10,15,0.7000000000000001,0.30000000000000004
526,12,CLF_UNION,25,16,55,71,55,28,5,5,10,15,0.7000000000000001,0.30000000000000004
527,12,ORD-UNION,0,0,0,71,0,28,5,5,10,15,0.7000000000000001,0.30000000000000004
528,12,CARD,27,9,38,71,46,28,5,5,10,15,0.7000000000000001,0.30000000000000004
529,12,CLF_UNION,24,13,49,71,55,28,5,5,10,15,0.7000000000000001,0.30000000000000004
530,12,ORD-UNION,0,0,0,71,6,28,5,5,10,15,0.7000000000000001,0.30000000000000004
531,12,CARD,15,20,38,71,46,28,5,5,10,15,0.7000000000000001,0.30000000000000004
532,12,CLF_UNION,11,25,49,71,55,28,5,5,10,15,0.7000000000000001,0.30000000000000004
533,12,ORD-UNION,0,0,0,71,6,28,5,5,10,15,0.7000000000000001,0.30000000000000004
534,12,CARD,24,13,42,71,45,28,5,5,10,15,0.7000000000000001,0.30000000000000004
535,12,CLF_UNION,26,11,52,71,55,28,5,5,10,15,0.7000000000000001,0.30000000000000004
536,12,ORD-UNION,0,0,0,71,3,28,5,5,10,15,0.7000000000000001,0.30000000000000004
537,12,CARD,25,10,39,71,45,28,5,5,10,15,0.7000000000000001,0.30000000000000004
538,12,CLF_UNION,29,6,49,71,55,28,5,5,10,15,0.7000000000000001,0.30000000000000004
539,12,ORD-UNION,0,0,0,71,6,28,5,5,10,15,0.7000000000000001,0.30000000000000004
540,13,CARD,14,16,31,80,55,28,5,5,10,15,0.7000000000000001,0.30000000000000004
541,13,CLF_UNION,14,20,52,80,56,28,5,5,10,15,0.7000000000000001,0.30000000000000004
542,13,ORD-UNION,0,0,0,80,4,28,5,5,10,15,0.7000000000000001,0.30000000000000004
543,13,CARD,9,16,29,80,49,28,5,5,10,15,0.7000000000000001,0.30000000000000004
544,13,CLF_UNION,16,10,44,80,56,28,5,5,10,15,0.7000000000000001,0.30000000000000004
545,13,ORD-UNION,0,0,0,80,12,28,5,5,10,15,0.7000000000000001,0.30000000000000004
546,13,CARD,18,8,29,80,49,28,5,5,10,15,0.7000000000000001,0.30000000000000004
547,13,CLF_UNION,18,9,43,80,55,28,5,5,10,15,0.7000000000000001,0.30000000000000004
548,13,ORD-UNION,0,0,0,80,12,28,5,5,10,15,0.7000000000000001,0.30000000000000004
549,13,CARD,15,5,24,80,46,28,5,5,10,15,0.7000000000000001,0.30000000000000004
550,13,CLF_UNION,13,7,35,80,55,28,5,5,10,15,0.7000000000000001,0.30000000000000004
551,13,ORD-UNION,0,0,0,80,20,28,5,5,10,15,0.7000000000000001,0.30000000000000004
552,13,CARD,27,6,36,80,49,28,5,5,10,15,0.7000000000000001,0.30000000000000004
553,13,CLF_UNION,27,9,50,80,55,28,5,5,10,15,0.7000000000000001,0.30000000000000004
554,13,ORD-UNION,0,0,0,80,5,28,5,5,10,15,0.7000000000000001,0.30000000000000004
555,14,CARD,15,23,43,92,46,28,5,5,10,15,0.7000000000000001,0.30000000000000004
556,14,CLF_UNION,19,20,54,92,55,28,5,5,10,15,0.7000000000000001,0.30000000000000004
557,14,ORD-UNION,0,0,0,92,1,28,5,5,10,15,0.7000000000000001,0.30000000000000004
558,14,CARD,13,16,33,92,48,28,5,5,10,15,0.7000000000000001,0.30000000000000004
559,14,CLF_UNION,16,15,46,92,55,28,5,5,10,15,0.7000000000000001,0.30000000000000004
560,14,ORD-UNION,0,0,0,92,9,28,5,5,10,15,0.7000000000000001,0.30000000000000004
561,14,CARD,18,9,27,92,50,28,5,5,10,15,0.7000000000000001,0.30000000000000004
562,14,CLF_UNION,22,8,43,92,56,28,5,5,10,15,0.7000000000000001,0.30000000000000004
563,14,ORD-UNION,0,0,0,92,13,28,5,5,10,15,0.7000000000000001,0.30000000000000004
564,14,CARD,16,15,34,92,49,28,5,5,10,15,0.7000000000000001,0.30000000000000004
565,14,CLF_UNION,24,8,48,92,55,28,5,5,10,15,0.7000000000000001,0.30000000000000004
566,14,ORD-UNION,0,0,0,92,7,28,5,5,10,15,0.7000000000000001,0.30000000000000004
567,14,CARD,19,16,39,92,48,28,5,5,10,15,0.7000000000000001,0.30000000000000004
568,14,CLF_UNION,20,18,52,92,55,28,5,5,10,15,0.7000000000000001,0.30000000000000004
569,14,ORD-UNION,0,0,0,92,3,28,5,5,10,15,0.7000000000000001,0.30000000000000004
570,15,CARD,16,18,35,106,48,28,5,5,10,15,0.7000000000000001,0.30000000000000004
571,15,CLF_UNION,23,11,50,106,57,28,5,5,10,15,0.7000000000000001,0.30000000000000004
572,15,ORD-UNION,0,0,0,106,7,28,5,5,10,15,0.7000000000000001,0.30000000000000004
573,15,CARD,9,14,24,106,48,28,5,5,10,15,0.7000000000000001,0.30000000000000004
574,15,CLF_UNION,19,4,39,106,57,28,5,5,10,15,0.7000000000000001,0.30000000000000004
575,15,ORD-UNION,0,0,0,106,18,28,5,5,10,15,0.7000000000000001,0.30000000000000004
576,15,CARD,12,11,24,106,47,28,5,5,10,15,0.7000000000000001,0.30000000000000004
577,15,CLF_UNION,18,6,38,106,56,28,5,5,10,15,0.7000000000000001,0.30000000000000004
578,15,ORD-UNION,0,0,0,106,19,28,5,5,10,15,0.7000000000000001,0.30000000000000004
579,15,CARD,12,11,24,106,52,28,5,5,10,15,0.7000000000000001,0.30000000000000004
580,15,CLF_UNION,12,11,43,106,57,28,5,5,10,15,0.7000000000000001,0.30000000000000004
581,15,ORD-UNION,0,0,0,106,14,28,5,5,10,15,0.7000000000000001,0.30000000000000004
582,15,CARD,12,1,17,106,51,28,5,5,10,15,0.7000000000000001,0.30000000000000004
583,15,CLF_UNION,12,2,38,106,59,28,5,5,10,15,0.7000000000000001,0.30000000000000004
584,15,ORD-UNION,0,0,0,106,22,28,5,5,10,15,0.7000000000000001,0.30000000000000004
585,16,CARD,15,5,25,121,47,28,5,5,10,15,0.7000000000000001,0.30000000000000004
586,16,CLF_UNION,17,5,39,121,57,28,5,5,10,15,0.7000000000000001,0.30000000000000004
587,16,ORD-UNION,0,0,0,121,18,28,5,5,10,15,0.7000000000000001,0.30000000000000004
588,16,CARD,17,4,31,121,48,28,5,5,10,15,0.7000000000000001,0.30000000000000004
589,16,CLF_UNION,19,3,45,121,56,28,5,5,10,15,0.7000000000000001,0.30000000000000004
590,16,ORD-UNION,0,0,0,121,11,28,5,5,10,15,0.7000000000000001,0.30000000000000004
591,16,CARD,11,12,24,121,46,28,5,5,10,15,0.7000000000000001,0.30000000000000004
592,16,CLF_UNION,14,11,37,121,57,28,5,5,10,15,0.7000000000000001,0.30000000000000004
593,16,ORD-UNION,0,0,0,121,20,28,5,5,10,15,0.7000000000000001,0.30000000000000004
594,16,CARD,15,18,39,121,48,28,5,5,10,15,0.7000000000000001,0.30000000000000004
595,16,CLF_UNION,25,11,52,121,55,28,5,5,10,15,0.7000000000000001,0.30000000000000004
596,16,ORD-UNION,0,0,0,121,3,28,5,5,10,15,0.7000000000000001,0.30000000000000004
597,16,CARD,24,10,39,121,46,28,5,5,10,15,0.7000000000000001,0.30000000000000004
598,16,CLF_UNION,25,10,51,121,56,28,5,5,10,15,0.7000000000000001,0.30000000000000004
599,16,ORD-UNION,0,0,0,121,5,28,5,5,10,15,0.7000000000000001,0.30000000000000004
600,17,CARD,16,7,24,136,51,28,5,5,10,15,0.7000000000000001,0.30000000000000004
601,17,CLF_UNION,16,7,42,136,57,28,5,5,10,15,0.7000000000000001,0.30000000000000004
602,17,ORD-UNION,0,0,0,136,15,28,5,5,10,15,0.7000000000000001,0.30000000000000004
603,17,CARD,24,1,30,136,51,28,5,5,10,15,0.7000000000000001,0.30000000000000004
604,17,CLF_UNION,24,1,48,136,57,28,5,5,10,15,0.7000000000000001,0.30000000000000004
605,17,ORD-UNION,0,0,0,136,9,28,5,5,10,15,0.7000000000000001,0.30000000000000004
606,17,CARD,19,15,35,136,45,28,5,5,10,15,0.7000000000000001,0.30000000000000004
607,17,CLF_UNION,23,11,45,136,55,28,5,5,10,15,0.7000000000000001,0.30000000000000004
608,17,ORD-UNION,0,0,0,136,10,28,5,5,10,15,0.7000000000000001,0.30000000000000004
609,17,CARD,25,5,34,136,47,28,5,5,10,15,0.7000000000000001,0.30000000000000004
610,17,CLF_UNION,29,2,46,136,55,28,5,5,10,15,0.7000000000000001,0.30000000000000004
611,17,ORD-UNION,0,0,0,136,9,28,5,5,10,15,0.7000000000000001,0.30000000000000004
612,17,CARD,14,7,24,136,47,28,5,5,10,15,0.7000000000000001,0.30000000000000004
613,17,CLF_UNION,21,0,37,136,56,28,5,5,10,15,0.7000000000000001,0.30000000000000004
614,17,ORD-UNION,0,0,0,136,19,28,5,5,10,15,0.7000000000000001,0.30000000000000004
615,18,CARD,17,5,26,154,52,28,5,5,10,15,0.7000000000000001,0.30000000000000004
616,18,CLF_UNION,22,4,43,154,55,28,5,5,10,15,0.7000000000000001,0.30000000000000004
617,18,ORD-UNION,0,0,0,154,12,28,5,5,10,15,0.7000000000000001,0.30000000000000004
618,18,CARD,16,16,35,154,46,28,5,5,10,15,0.7000000000000001,0.30000000000000004
619,18,CLF_UNION,20,13,47,154,56,28,5,5,10,15,0.7000000000000001,0.30000000000000004
620,18,ORD-UNION,0,0,0,154,9,28,5,5,10,15,0.7000000000000001,0.30000000000000004
621,18,CARD,23,3,28,154,48,28,5,5,10,15,0.7000000000000001,0.30000000000000004
622,18,CLF_UNION,21,7,41,154,55,28,5,5,10,15,0.7000000000000001,0.30000000000000004
623,18,ORD-UNION,0,0,0,154,14,28,5,5,10,15,0.7000000000000001,0.30000000000000004
624,18,CARD,16,8,27,154,49,28,5,5,10,15,0.7000000000000001,0.30000000000000004
625,18,CLF_UNION,20,7,42,154,56,28,5,5,10,15,0.7000000000000001,0.30000000000000004
626,18,ORD-UNION,0,0,0,154,14,28,5,5,10,15,0.7000000000000001,0.30000000000000004
627,18,CARD,22,7,30,154,48,28,5,5,10,15,0.7000000000000001,0.30000000000000004
628,18,CLF_UNION,25,4,44,154,56,28,5,5,10,15,0.7000000000000001,0.30000000000000004
629,18,ORD-UNION,0,0,0,154,12,28,5,5,10,15,0.7000000000000001,0.30000000000000004
630,19,CARD,22,6,30,172,45,28,5,5,10,15,0.7000000000000001,0.30000000000000004
631,19,CLF_UNION,26,3,41,172,55,28,5,5,10,15,0.7000000000000001,0.30000000000000004
632,19,ORD-UNION,0,0,0,172,15,28,5,5,10,15,0.7000000000000001,0.30000000000000004
633,19,CARD,16,14,35,172,48,28,5,5,10,15,0.7000000000000001,0.30000000000000004
634,19,CLF_UNION,17,13,49,172,56,28,5,5,10,15,0.7000000000000001,0.30000000000000004
635,19,ORD-UNION,0,0,0,172,7,28,5,5,10,15,0.7000000000000001,0.30000000000000004
636,19,CARD,21,6,30,172,46,28,5,5,10,15,0.7000000000000001,0.30000000000000004
637,19,CLF_UNION,25,2,41,172,55,28,5,5,10,15,0.7000000000000001,0.30000000000000004
638,19,ORD-UNION,0,0,0,172,14,28,5,5,10,15,0.7000000000000001,0.30000000000000004
639,19,CARD,21,13,38,172,47,28,5,5,10,15,0.7000000000000001,0.30000000000000004
640,19,CLF_UNION,18,17,50,172,55,28,5,5,10,15,0.7000000000000001,0.30000000000000004
641,19,ORD-UNION,0,0,0,172,5,28,5,5,10,15,0.7000000000000001,0.30000000000000004
642,19,CARD,13,1,17,172,47,28,5,5,10,15,0.7000000000000001,0.30000000000000004
643,19,CLF_UNION,12,2,29,172,55,28,5,5,10,15,0.7000000000000001,0.30000000000000004
644,19,ORD-UNION,0,0,0,172,26,28,5,5,10,15,0.7000000000000001,0.30000000000000004
645,20,CARD,20,7,30,189,46,28,5,5,10,15,0.7000000000000001,0.30000000000000004
646,20,CLF_UNION,15,12,41,189,55,28,5,5,10,15,0.7000000000000001,0.30000000000000004
647,20,ORD-UNION,0,0,0,189,14,28,5,5,10,15,0.7000000000000001,0.30000000000000004
648,20,CARD,12,20,35,189,46,28,5,5,10,15,0.7000000000000001,0.30000000000000004
649,20,CLF_UNION,12,20,46,189,55,28,5,5,10,15,0.7000000000000001,0.30000000000000004
650,20,ORD-UNION,0,0,0,189,9,28,5,5,10,15,0.7000000000000001,0.30000000000000004
651,20,CARD,16,8,24,189,46,28,5,5,10,15,0.7000000000000001,0.30000000000000004
652,20,CLF_UNION,13,11,35,189,55,28,5,5,10,15,0.7000000000000001,0.30000000000000004
653,20,ORD-UNION,0,0,0,189,20,28,5,5,10,15,0.7000000000000001,0.30000000000000004
654,20,CARD,7,2,9,189,47,28,5,5,10,15,0.7000000000000001,0.30000000000000004
655,20,CLF_UNION,7,2,21,189,55,28,5,5,10,15,0.7000000000000001,0.30000000000000004
656,20,ORD-UNION,0,0,0,189,34,28,5,5,10,15,0.7000000000000001,0.30000000000000004
657,20,CARD,8,8,17,189,46,28,5,5,10,15,0.7000000000000001,0.30000000000000004
658,20,CLF_UNION,14,2,28,189,55,28,5,5,10,15,0.7000000000000001,0.30000000000000004
659,20,ORD-UNION,0,0,0,189,27,28,5,5,10,15,0.7000000000000001,0.30000000000000004
660,21,CARD,16,13,30,210,47,28,5,5,10,15,0.7000000000000001,0.30000000000000004
661,21,CLF_UNION,13,16,42,210,55,28,5,5,10,15,0.7000000000000001,0.30000000000000004
662,21,ORD-UNION,0,0,0,210,13,28,5,5,10,15,0.7000000000000001,0.30000000000000004
663,21,CARD,14,10,30,210,48,28,5,5,10,15,0.7000000000000001,0.30000000000000004
664,21,CLF_UNION,13,11,43,210,55,28,5,5,10,15,0.7000000000000001,0.30000000000000004
665,21,ORD-UNION,0,0,0,210,12,28,5,5,10,15,0.7000000000000001,0.30000000000000004
666,21,CARD,21,2,24,210,49,28,5,5,10,15,0.7000000000000001,0.30000000000000004
667,21,CLF_UNION,21,2,39,210,56,28,5,5,10,15,0.7000000000000001,0.30000000000000004
668,21,ORD-UNION,0,0,0,210,17,28,5,5,10,15,0.7000000000000001,0.30000000000000004
669,21,CARD,0,9,9,210,48,28,5,5,10,15,0.7000000000000001,0.30000000000000004
670,21,CLF_UNION,0,9,22,210,55,28,5,5,10,15,0.7000000000000001,0.30000000000000004
671,21,ORD-UNION,0,0,0,210,33,28,5,5,10,15,0.7000000000000001,0.30000000000000004
672,21,CARD,10,4,17,210,49,28,5,5,10,15,0.7000000000000001,0.30000000000000004
673,21,CLF_UNION,13,1,31,210,55,28,5,5,10,15,0.7000000000000001,0.30000000000000004
674,21,ORD-UNION,0,0,0,210,24,28,5,5,10,15,0.7000000000000001,0.30000000000000004
675,22,CARD,11,2,17,231,48,28,5,5,10,15,0.7000000000000001,0.30000000000000004
676,22,CLF_UNION,10,3,30,231,55,28,5,5,10,15,0.7000000000000001,0.30000000000000004
677,22,ORD-UNION,0,0,0,231,25,28,5,5,10,15,0.7000000000000001,0.30000000000000004
678,22,CARD,12,2,16,231,47,28,5,5,10,15,0.7000000000000001,0.30000000000000004
679,22,CLF_UNION,13,2,29,231,56,28,5,5,10,15,0.7000000000000001,0.30000000000000004
680,22,ORD-UNION,0,0,0,231,27,28,5,5,10,15,0.7000000000000001,0.30000000000000004
681,22,CARD,7,13,23,231,49,28,5,5,10,15,0.7000000000000001,0.30000000000000004
682,22,CLF_UNION,6,15,37,231,55,28,5,5,10,15,0.7000000000000001,0.30000000000000004
683,22,ORD-UNION,0,0,0,231,18,28,5,5,10,15,0.7000000000000001,0.30000000000000004
684,22,CARD,6,6,16,231,49,28,5,5,10,15,0.7000000000000001,0.30000000000000004
685,22,CLF_UNION,13,0,30,231,55,28,5,5,10,15,0.7000000000000001,0.30000000000000004
686,22,ORD-UNION,0,0,0,231,25,28,5,5,10,15,0.7000000000000001,0.30000000000000004
687,22,CARD,9,4,15,231,48,28,5,5,10,15,0.7000000000000001,0.30000000000000004
688,22,CLF_UNION,12,3,28,231,55,28,5,5,10,15,0.7000000000000001,0.30000000000000004
689,22,ORD-UNION,0,0,0,231,27,28,5,5,10,15,0.7000000000000001,0.30000000000000004
690,23,CARD,8,1,9,252,49,28,5,5,10,15,0.7000000000000001,0.30000000000000004
691,23,CLF_UNION,6,3,24,252,56,28,5,5,10,15,0.7000000000000001,0.30000000000000004
692,23,ORD-UNION,0,0,0,252,32,28,5,5,10,15,0.7000000000000001,0.30000000000000004
693,23,CARD,8,7,17,252,49,28,5,5,10,15,0.7000000000000001,0.30000000000000004
694,23,CLF_UNION,10,7,34,252,58,28,5,5,10,15,0.7000000000000001,0.30000000000000004
695,23,ORD-UNION,0,0,0,252,24,28,5,5,10,15,0.7000000000000001,0.30000000000000004
696,23,CARD,12,3,17,252,47,28,5,5,10,15,0.7000000000000001,0.30000000000000004
697,23,CLF_UNION,11,5,30,252,56,28,5,5,10,15,0.7000000000000001,0.30000000000000004
698,23,ORD-UNION,0,0,0,252,26,28,5,5,10,15,0.7000000000000001,0.30000000000000004
699,23,CARD,13,1,17,252,49,28,5,5,10,15,0.7000000000000001,0.30000000000000004
700,23,CLF_UNION,11,3,31,252,55,28,5,5,10,15,0.7000000000000001,0.30000000000000004
701,23,ORD-UNION,0,0,0,252,24,28,5,5,10,15,0.7000000000000001,0.30000000000000004
702,23,CARD,7,9,17,252,47,28,5,5,10,15,0.7000000000000001,0.30000000000000004
703,23,CLF_UNION,6,10,29,252,55,28,5,5,10,15,0.7000000000000001,0.30000000000000004
704,23,ORD-UNION,0,0,0,252,26,28,5,5,10,15,0.7000000000000001,0.30000000000000004
705,24,CARD,11,5,17,274,47,28,5,5,10,15,0.7000000000000001,0.30000000000000004
706,24,CLF_UNION,14,2,31,274,57,28,5,5,10,15,0.7000000000000001,0.30000000000000004
707,24,ORD-UNION,0,0,0,274,26,28,5,5,10,15,0.7000000000000001,0.30000000000000004
708,24,CARD,11,12,24,274,47,28,5,5,10,15,0.7000000000000001,0.30000000000000004
709,24,CLF_UNION,7,17,37,274,56,28,5,5,10,15,0.7000000000000001,0.30000000000000004
710,24,ORD-UNION,0,0,0,274,19,28,5,5,10,15,0.7000000000000001,0.30000000000000004
711,24,CARD,0,0,0,274,48,28,5,5,10,15,0.7000000000000001,0.30000000000000004
712,24,CLF_UNION,0,0,14,274,56,28,5,5,10,15,0.7000000000000001,0.30000000000000004
713,24,ORD-UNION,0,0,0,274,42,28,5,5,10,15,0.7000000000000001,0.30000000000000004
714,24,CARD,0,0,0,274,52,28,5,5,10,15,0.7000000000000001,0.30000000000000004
715,24,CLF_UNION,0,0,18,274,56,28,5,5,10,15,0.7000000000000001,0.30000000000000004
716,24,ORD-UNION,0,0,0,274,38,28,5,5,10,15,0.7000000000000001,0.30000000000000004
717,24,CARD,14,7,24,274,51,28,5,5,10,15,0.7000000000000001,0.30000000000000004
718,24,CLF_UNION,14,7,41,274,56,28,5,5,10,15,0.7000000000000001,0.30000000000000004
719,24,ORD-UNION,0,0,0,274,15,28,5,5,10,15,0.7000000000000001,0.30000000000000004
720,1,CARD,14,10,24,1,66,28,5,5,10,15,0.7000000000000001,0.30000000000000004
721,1,CLF_UNION,34,29,73,1,73,28,5,5,10,15,0.7000000000000001,0.30000000000000004
722,1,ORD-UNION,0,0,0,1,0,28,5,5,10,15,0.7000000000000001,0.30000000000000004
723,1,CARD,10,13,24,1,66,28,5,5,10,15,0.7000000000000001,0.30000000000000004
724,1,CLF_UNION,26,30,69,1,69,28,5,5,10,15,0.7000000000000001,0.30000000000000004
725,1,ORD-UNION,0,0,0,1,0,28,5,5,10,15,0.7000000000000001,0.30000000000000004
726,1,CARD,16,8,24,1,66,28,5,5,10,15,0.7000000000000001,0.30000000000000004
727,1,CLF_UNION,33,33,77,1,77,28,5,5,10,15,0.7000000000000001,0.30000000000000004
728,1,ORD-UNION,0,0,0,1,0,28,5,5,10,15,0.7000000000000001,0.30000000000000004
729,1,CARD,12,11,25,1,65,28,5,5,10,15,0.7000000000000001,0.30000000000000004
730,1,CLF_UNION,30,33,77,1,77,28,5,5,10,15,0.7000000000000001,0.30000000000000004
731,1,ORD-UNION,0,0,0,1,0,28,5,5,10,15,0.7000000000000001,0.30000000000000004
732,1,CARD,10,12,25,1,65,28,5,5,10,15,0.7000000000000001,0.30000000000000004
733,1,CLF_UNION,27,25,67,1,67,28,5,5,10,15,0.7000000000000001,0.30000000000000004
734,1,ORD-UNION,0,0,0,1,0,28,5,5,10,15,0.7000000000000001,0.30000000000000004
735,2,CARD,15,9,25,2,65,28,5,5,10,15,0.7000000000000001,0.30000000000000004
736,2,CLF_UNION,33,27,75,2,75,28,5,5,10,15,0.7000000000000001,0.30000000000000004
737,2,ORD-UNION,0,0,0,2,0,28,5,5,10,15,0.7000000000000001,0.30000000000000004
738,2,CARD,5,17,24,2,66,28,5,5,10,15,0.7000000000000001,0.30000000000000004
739,2,CLF_UNION,26,38,76,2,76,28,5,5,10,15,0.7000000000000001,0.30000000000000004
740,2,ORD-UNION,0,0,0,2,0,28,5,5,10,15,0.7000000000000001,0.30000000000000004
741,2,CARD,12,11,25,2,65,28,5,5,10,15,0.7000000000000001,0.30000000000000004
742,2,CLF_UNION,30,29,75,2,75,28,5,5,10,15,0.7000000000000001,0.30000000000000004
743,2,ORD-UNION,0,0,0,2,0,28,5,5,10,15,0.7000000000000001,0.30000000000000004
744,2,CARD,9,14,25,2,65,28,5,5,10,15,0.7000000000000001,0.30000000000000004
745,2,CLF_UNION,29,34,75,2,75,28,5,5,10,15,0.7000000000000001,0.30000000000000004
746,2,ORD-UNION,0,0,0,2,0,28,5,5,10,15,0.7000000000000001,0.30000000000000004
747,2,CARD,15,8,25,2,65,28,5,5,10,15,0.7000000000000001,0.30000000000000004
748,2,CLF_UNION,34,27,75,2,75,28,5,5,10,15,0.7000000000000001,0.30000000000000004
749,2,ORD-UNION,0,0,0,2,0,28,5,5,10,15,0.7000000000000001,0.30000000000000004
750,3,CARD,34,0,35,5,54,28,5,5,10,15,0.7000000000000001,0.30000000000000004
751,3,CLF_UNION,30,13,56,5,57,28,5,5,10,15,0.7000000000000001,0.30000000000000004
752,3,ORD-UNION,0,0,0,5,1,28,5,5,10,15,0.7000000000000001,0.30000000000000004
753,3,CARD,28,7,36,5,53,28,5,5,10,15,0.7000000000000001,0.30000000000000004
754,3,CLF_UNION,24,21,57,5,58,28,5,5,10,15,0.7000000000000001,0.30000000000000004
755,3,ORD-UNION,0,0,0,5,1,28,5,5,10,15,0.7000000000000001,0.30000000000000004
756,3,CARD,33,3,37,5,53,28,5,5,10,15,0.7000000000000001,0.30000000000000004
757,3,CLF_UNION,29,16,57,5,57,28,5,5,10,15,0.7000000000000001,0.30000000000000004
758,3,ORD-UNION,0,0,0,5,0,28,5,5,10,15,0.7000000000000001,0.30000000000000004
759,3,CARD,28,3,35,5,55,28,5,5,10,15,0.7000000000000001,0.30000000000000004
760,3,CLF_UNION,30,13,61,5,61,28,5,5,10,15,0.7000000000000001,0.30000000000000004
761,3,ORD-UNION,0,0,0,5,0,28,5,5,10,15,0.7000000000000001,0.30000000000000004
762,3,CARD,30,6,37,5,53,28,5,5,10,15,0.7000000000000001,0.30000000000000004
763,3,CLF_UNION,30,15,58,5,58,28,5,5,10,15,0.7000000000000001,0.30000000000000004
764,3,ORD-UNION,0,0,0,5,0,28,5,5,10,15,0.7000000000000001,0.30000000000000004
765,4,CARD,29,12,41,7,49,28,5,5,10,15,0.7000000000000001,0.30000000000000004
766,4,CLF_UNION,26,21,57,7,57,28,5,5,10,15,0.7000000000000001,0.30000000000000004
767,4,ORD-UNION,0,0,0,7,0,28,5,5,10,15,0.7000000000000001,0.30000000000000004
768,4,CARD,23,12,41,7,49,28,5,5,10,15,0.7000000000000001,0.30000000000000004
769,4,CLF_UNION,23,16,55,7,55,28,5,5,10,15,0.7000000000000001,0.30000000000000004
770,4,ORD-UNION,0,0,0,7,0,28,5,5,10,15,0.7000000000000001,0.30000000000000004
771,4,CARD,27,10,40,7,50,28,5,5,10,15,0.7000000000000001,0.30000000000000004
772,4,CLF_UNION,26,18,57,7,57,28,5,5,10,15,0.7000000000000001,0.30000000000000004
773,4,ORD-UNION,0,0,0,7,0,28,5,5,10,15,0.7000000000000001,0.30000000000000004
774,4,CARD,16,23,42,7,48,28,5,5,10,15,0.7000000000000001,0.30000000000000004
775,4,CLF_UNION,17,25,55,7,55,28,5,5,10,15,0.7000000000000001,0.30000000000000004
776,4,ORD-UNION,0,0,0,7,0,28,5,5,10,15,0.7000000000000001,0.30000000000000004
777,4,CARD,25,10,38,7,51,28,5,5,10,15,0.7000000000000001,0.30000000000000004
778,4,CLF_UNION,24,18,55,7,56,28,5,5,10,15,0.7000000000000001,0.30000000000000004
779,4,ORD-UNION,0,0,0,7,1,28,5,5,10,15,0.7000000000000001,0.30000000000000004
780,5,CARD,23,15,38,12,52,28,5,5,10,15,0.7000000000000001,0.30000000000000004
781,5,CLF_UNION,25,20,56,12,56,28,5,5,10,15,0.7000000000000001,0.30000000000000004
782,5,ORD-UNION,0,0,0,12,0,28,5,5,10,15,0.7000000000000001,0.30000000000000004
783,5,CARD,26,7,34,12,54,28,5,5,10,15,0.7000000000000001,0.30000000000000004
784,5,CLF_UNION,30,12,54,12,56,28,5,5,10,15,0.7000000000000001,0.30000000000000004
785,5,ORD-UNION,0,0,0,12,2,28,5,5,10,15,0.7000000000000001,0.30000000000000004
786,5,CARD,24,12,38,12,50,28,5,5,10,15,0.7000000000000001,0.30000000000000004
787,5,CLF_UNION,26,14,54,12,56,28,5,5,10,15,0.7000000000000001,0.30000000000000004
788,5,ORD-UNION,0,0,0,12,2,28,5,5,10,15,0.7000000000000001,0.30000000000000004
789,5,CARD,31,7,40,12,50,28,5,5,10,15,0.7000000000000001,0.30000000000000004
790,5,CLF_UNION,31,11,55,12,55,28,5,5,10,15,0.7000000000000001,0.30000000000000004
791,5,ORD-UNION,0,0,0,12,0,28,5,5,10,15,0.7000000000000001,0.30000000000000004
792,5,CARD,28,10,39,12,51,28,5,5,10,15,0.7000000000000001,0.30000000000000004
793,5,CLF_UNION,32,15,58,12,58,28,5,5,10,15,0.7000000000000001,0.30000000000000004
794,5,ORD-UNION,0,0,0,12,0,28,5,5,10,15,0.7000000000000001,0.30000000000000004
795,6,CARD,27,14,43,15,47,28,5,5,10,15,0.7000000000000001,0.30000000000000004
796,6,CLF_UNION,31,12,55,15,55,28,5,5,10,15,0.7000000000000001,0.30000000000000004
797,6,ORD-UNION,0,0,0,15,0,28,5,5,10,15,0.7000000000000001,0.30000000000000004
798,6,CARD,28,8,39,15,50,28,5,5,10,15,0.7000000000000001,0.30000000000000004
799,6,CLF_UNION,29,12,55,15,56,28,5,5,10,15,0.7000000000000001,0.30000000000000004
800,6,ORD-UNION,0,0,0,15,1,28,5,5,10,15,0.7000000000000001,0.30000000000000004
801,6,CARD,19,14,34,15,56,28,5,5,10,15,0.7000000000000001,0.30000000000000004
802,6,CLF_UNION,26,20,57,15,57,28,5,5,10,15,0.7000000000000001,0.30000000000000004
803,6,ORD-UNION,0,0,0,15,0,28,5,5,10,15,0.7000000000000001,0.30000000000000004
804,6,CARD,20,13,37,15,50,28,5,5,10,15,0.7000000000000001,0.30000000000000004
805,6,CLF_UNION,28,11,53,15,56,28,5,5,10,15,0.7000000000000001,0.30000000000000004
806,6,ORD-UNION,0,0,0,15,3,28,5,5,10,15,0.7000000000000001,0.30000000000000004
807,6,CARD,26,9,36,15,53,28,5,5,10,15,0.7000000000000001,0.30000000000000004
808,6,CLF_UNION,31,12,54,15,55,28,5,5,10,15,0.7000000000000001,0.30000000000000004
809,6,ORD-UNION,0,0,0,15,1,28,5,5,10,15,0.7000000000000001,0.30000000000000004
810,7,CARD,24,16,42,22,47,28,5,5,10,15,0.7000000000000001,0.30000000000000004
811,7,CLF_UNION,30,12,54,22,55,28,5,5,10,15,0.7000000000000001,0.30000000000000004
812,7,ORD-UNION,0,0,0,22,1,28,5,5,10,15,0.7000000000000001,0.30000000000000004
813,7,CARD,26,10,39,22,48,28,5,5,10,15,0.7000000000000001,0.30000000000000004
814,7,CLF_UNION,33,6,52,22,55,28,5,5,10,15,0.7000000000000001,0.30000000000000004
815,7,ORD-UNION,0,0,0,22,3,28,5,5,10,15,0.7000000000000001,0.30000000000000004
816,7,CARD,24,15,40,22,50,28,5,5,10,15,0.7000000000000001,0.30000000000000004
817,7,CLF_UNION,27,16,55,22,55,28,5,5,10,15,0.7000000000000001,0.30000000000000004
818,7,ORD-UNION,0,0,0,22,0,28,5,5,10,15,0.7000000000000001,0.30000000000000004
819,7,CARD,24,15,42,22,48,28,5,5,10,15,0.7000000000000001,0.30000000000000004
820,7,CLF_UNION,32,10,55,22,55,28,5,5,10,15,0.7000000000000001,0.30000000000000004
821,7,ORD-UNION,0,0,0,22,0,28,5,5,10,15,0.7000000000000001,0.30000000000000004
822,7,CARD,30,12,43,22,47,28,5,5,10,15,0.7000000000000001,0.30000000000000004
823,7,CLF_UNION,32,12,55,22,55,28,5,5,10,15,0.7000000000000001,0.30000000000000004
824,7,ORD-UNION,0,0,0,22,0,28,5,5,10,15,0.7000000000000001,0.30000000000000004
825,8,CARD,23,11,37,30,51,28,5,5,10,15,0.7000000000000001,0.30000000000000004
826,8,CLF_UNION,24,15,53,30,55,28,5,5,10,15,0.7000000000000001,0.30000000000000004
827,8,ORD-UNION,0,0,0,30,2,28,5,5,10,15,0.7000000000000001,0.30000000000000004
828,8,CARD,15,23,40,30,47,28,5,5,10,15,0.7000000000000001,0.30000000000000004
829,8,CLF_UNION,19,21,52,30,55,28,5,5,10,15,0.7000000000000001,0.30000000000000004
830,8,ORD-UNION,0,0,0,30,3,28,5,5,10,15,0.7000000000000001,0.30000000000000004
831,8,CARD,18,15,35,30,49,28,5,5,10,15,0.7000000000000001,0.30000000000000004
832,8,CLF_UNION,25,12,50,30,56,28,5,5,10,15,0.7000000000000001,0.30000000000000004
833,8,ORD-UNION,0,0,0,30,6,28,5,5,10,15,0.7000000000000001,0.30000000000000004
834,8,CARD,23,17,42,30,48,28,5,5,10,15,0.7000000000000001,0.30000000000000004
835,8,CLF_UNION,29,14,55,30,55,28,5,5,10,15,0.7000000000000001,0.30000000000000004
836,8,ORD-UNION,0,0,0,30,0,28,5,5,10,15,0.7000000000000001,0.30000000000000004
837,8,CARD,30,4,38,30,49,28,5,5,10,15,0.7000000000000001,0.30000000000000004
838,8,CLF_UNION,28,7,52,30,55,28,5,5,10,15,0.7000000000000001,0.30000000000000004
839,8,ORD-UNION,0,0,0,30,3,28,5,5,10,15,0.7000000000000001,0.30000000000000004
840,9,CARD,32,6,40,39,47,28,5,5,10,15,0.7000000000000001,0.30000000000000004
841,9,CLF_UNION,35,5,52,39,55,28,5,5,10,15,0.7000000000000001,0.30000000000000004
842,9,ORD-UNION,0,0,0,39,3,28,5,5,10,15,0.7000000000000001,0.30000000000000004
843,9,CARD,27,10,39,39,48,28,5,5,10,15,0.7000000000000001,0.30000000000000004
844,9,CLF_UNION,36,4,52,39,55,28,5,5,10,15,0.7000000000000001,0.30000000000000004
845,9,ORD-UNION,0,0,0,39,3,28,5,5,10,15,0.7000000000000001,0.30000000000000004
846,9,CARD,29,10,39,39,48,28,5,5,10,15,0.7000000000000001,0.30000000000000004
847,9,CLF_UNION,36,3,54,39,57,28,5,5,10,15,0.7000000000000001,0.30000000000000004
848,9,ORD-UNION,0,0,0,39,3,28,5,5,10,15,0.7000000000000001,0.30000000000000004
849,9,CARD,28,11,43,39,46,28,5,5,10,15,0.7000000000000001,0.30000000000000004
850,9,CLF_UNION,27,13,54,39,55,28,5,5,10,15,0.7000000000000001,0.30000000000000004
851,9,ORD-UNION,0,0,0,39,1,28,5,5,10,15,0.7000000000000001,0.30000000000000004
852,9,CARD,26,12,41,39,48,28,5,5,10,15,0.7000000000000001,0.30000000000000004
853,9,CLF_UNION,27,14,54,39,55,28,5,5,10,15,0.7000000000000001,0.30000000000000004
854,9,ORD-UNION,0,0,0,39,1,28,5,5,10,15,0.7000000000000001,0.30000000000000004
855,10,CARD,31,7,38,48,51,28,5,5,10,15,0.7000000000000001,0.30000000000000004
856,10,CLF_UNION,35,8,54,48,55,28,5,5,10,15,0.7000000000000001,0.30000000000000004
857,10,ORD-UNION,0,0,0,48,1,28,5,5,10,15,0.7000000000000001,0.30000000000000004
858,10,CARD,25,15,41,48,47,28,5,5,10,15,0.7000000000000001,0.30000000000000004
859,10,CLF_UNION,34,7,53,48,55,28,5,5,10,15,0.7000000000000001,0.30000000000000004
860,10,ORD-UNION,0,0,0,48,2,28,5,5,10,15,0.7000000000000001,0.30000000000000004
861,10,CARD,19,20,39,48,48,28,5,5,10,15,0.7000000000000001,0.30000000000000004
862,10,CLF_UNION,25,17,52,48,55,28,5,5,10,15,0.7000000000000001,0.30000000000000004
863,10,ORD-UNION,0,0,0,48,3,28,5,5,10,15,0.7000000000000001,0.30000000000000004
864,10,CARD,22,17,43,48,46,28,5,5,10,15,0.7000000000000001,0.30000000000000004
865,10,CLF_UNION,26,14,54,48,55,28,5,5,10,15,0.7000000000000001,0.30000000000000004
866,10,ORD-UNION,0,0,0,48,1,28,5,5,10,15,0.7000000000000001,0.30000000000000004
867,10,CARD,23,16,41,48,47,28,5,5,10,15,0.7000000000000001,0.30000000000000004
868,10,CLF_UNION,27,13,53,48,55,28,5,5,10,15,0.7000000000000001,0.30000000000000004
869,10,ORD-UNION,0,0,0,48,2,28,5,5,10,15,0.7000000000000001,0.30000000000000004
870,11,CARD,25,12,39,59,45,28,5,5,10,15,0.7000000000000001,0.30000000000000004
871,11,CLF_UNION,27,10,49,59,55,28,5,5,10,15,0.7000000000000001,0.30000000000000004
872,11,ORD-UNION,0,0,0,59,6,28,5,5,10,15,0.7000000000000001,0.30000000000000004
873,11,CARD,35,6,43,59,46,28,5,5,10,15,0.7000000000000001,0.30000000000000004
874,11,CLF_UNION,38,4,54,59,55,28,5,5,10,15,0.7000000000000001,0.30000000000000004
875,11,ORD-UNION,0,0,0,59,1,28,5,5,10,15,0.7000000000000001,0.30000000000000004
876,11,CARD,30,10,41,59,48,28,5,5,10,15,0.7000000000000001,0.30000000000000004
877,11,CLF_UNION,35,8,54,59,55,28,5,5,10,15,0.7000000000000001,0.30000000000000004
878,11,ORD-UNION,0,0,0,59,1,28,5,5,10,15,0.7000000000000001,0.30000000000000004
879,11,CARD,22,10,34,59,46,28,5,5,10,15,0.7000000000000001,0.30000000000000004
880,11,CLF_UNION,28,6,46,59,55,28,5,5,10,15,0.7000000000000001,0.30000000000000004
881,11,ORD-UNION,0,0,0,59,10,28,5,5,10,15,0.7000000000000001,0.30000000000000004
882,11,CARD,19,20,40,59,47,28,5,5,10,15,0.7000000000000001,0.30000000000000004
883,11,CLF_UNION,25,16,52,59,55,28,5,5,10,15,0.7000000000000001,0.30000000000000004
884,11,ORD-UNION,0,0,0,59,3,28,5,5,10,15,0.7000000000000001,0.30000000000000004
885,12,CARD,22,9,33,70,52,28,5,5,10,15,0.7000000000000001,0.30000000000000004
886,12,CLF_UNION,29,8,50,70,55,28,5,5,10,15,0.7000000000000001,0.30000000000000004
887,12,ORD-UNION,0,0,0,70,5,28,5,5,10,15,0.7000000000000001,0.30000000000000004
888,12,CARD,19,14,34,70,49,28,5,5,10,15,0.7000000000000001,0.30000000000000004
889,12,CLF_UNION,22,12,48,70,55,28,5,5,10,15,0.7000000000000001,0.30000000000000004
890,12,ORD-UNION,0,0,0,70,7,28,5,5,10,15,0.7000000000000001,0.30000000000000004
891,12,CARD,26,6,34,70,46,28,5,5,10,15,0.7000000000000001,0.30000000000000004
892,12,CLF_UNION,27,7,46,70,55,28,5,5,10,15,0.7000000000000001,0.30000000000000004
893,12,ORD-UNION,0,0,0,70,10,28,5,5,10,15,0.7000000000000001,0.30000000000000004
894,12,CARD,22,10,34,70,52,28,5,5,10,15,0.7000000000000001,0.30000000000000004
895,12,CLF_UNION,29,8,51,70,55,28,5,5,10,15,0.7000000000000001,0.30000000000000004
896,12,ORD-UNION,0,0,0,70,4,28,5,5,10,15,0.7000000000000001,0.30000000000000004
897,12,CARD,18,11,36,70,50,28,5,5,10,15,0.7000000000000001,0.30000000000000004
898,12,CLF_UNION,25,7,51,70,55,28,5,5,10,15,0.7000000000000001,0.30000000000000004
899,12,ORD-UNION,0,0,0,70,4,28,5,5,10,15,0.7000000000000001,0.30000000000000004
900,13,CARD,22,7,30,82,46,28,5,5,10,15,0.7000000000000001,0.30000000000000004
901,13,CLF_UNION,23,7,42,82,55,28,5,5,10,15,0.7000000000000001,0.30000000000000004
902,13,ORD-UNION,0,0,0,82,14,28,5,5,10,15,0.7000000000000001,0.30000000000000004
903,13,CARD,28,12,41,82,46,28,5,5,10,15,0.7000000000000001,0.30000000000000004
904,13,CLF_UNION,36,6,53,82,55,28,5,5,10,15,0.7000000000000001,0.30000000000000004
905,13,ORD-UNION,0,0,0,82,3,28,5,5,10,15,0.7000000000000001,0.30000000000000004
906,13,CARD,18,6,33,82,53,28,5,5,10,15,0.7000000000000001,0.30000000000000004
907,13,CLF_UNION,24,2,52,82,56,28,5,5,10,15,0.7000000000000001,0.30000000000000004
908,13,ORD-UNION,0,0,0,82,4,28,5,5,10,15,0.7000000000000001,0.30000000000000004
909,13,CARD,16,19,38,82,47,28,5,5,10,15,0.7000000000000001,0.30000000000000004
910,13,CLF_UNION,18,18,50,82,55,28,5,5,10,15,0.7000000000000001,0.30000000000000004
911,13,ORD-UNION,0,0,0,82,5,28,5,5,10,15,0.7000000000000001,0.30000000000000004
912,13,CARD,23,11,35,82,46,28,5,5,10,15,0.7000000000000001,0.30000000000000004
913,13,CLF_UNION,24,10,46,82,55,28,5,5,10,15,0.7000000000000001,0.30000000000000004
914,13,ORD-UNION,0,0,0,82,9,28,5,5,10,15,0.7000000000000001,0.30000000000000004
915,14,CARD,30,3,34,95,47,28,5,5,10,15,0.7000000000000001,0.30000000000000004
916,14,CLF_UNION,26,8,46,95,55,28,5,5,10,15,0.7000000000000001,0.30000000000000004
917,14,ORD-UNION,0,0,0,95,9,28,5,5,10,15,0.7000000000000001,0.30000000000000004
918,14,CARD,34,5,42,95,45,28,5,5,10,15,0.7000000000000001,0.30000000000000004
919,14,CLF_UNION,30,9,52,95,55,28,5,5,10,15,0.7000000000000001,0.30000000000000004
920,14,ORD-UNION,0,0,0,95,3,28,5,5,10,15,0.7000000000000001,0.30000000000000004
921,14,CARD,13,3,17,95,48,28,5,5,10,15,0.7000000000000001,0.30000000000000004
922,14,CLF_UNION,9,8,31,95,55,28,5,5,10,15,0.7000000000000001,0.30000000000000004
923,14,ORD-UNION,0,0,0,95,25,28,5,5,10,15,0.7000000000000001,0.30000000000000004
924,14,CARD,22,12,39,95,46,28,5,5,10,15,0.7000000000000001,0.30000000000000004
925,14,CLF_UNION,23,11,50,95,55,28,5,5,10,15,0.7000000000000001,0.30000000000000004
926,14,ORD-UNION,0,0,0,95,5,28,5,5,10,15,0.7000000000000001,0.30000000000000004
927,14,CARD,24,9,34,95,47,28,5,5,10,15,0.7000000000000001,0.30000000000000004
928,14,CLF_UNION,24,10,46,95,55,28,5,5,10,15,0.7000000000000001,0.30000000000000004
929,14,ORD-UNION,0,0,0,95,9,28,5,5,10,15,0.7000000000000001,0.30000000000000004
930,15,CARD,24,6,30,110,47,28,5,5,10,15,0.7000000000000001,0.30000000000000004
931,15,CLF_UNION,22,8,42,110,55,28,5,5,10,15,0.7000000000000001,0.30000000000000004
932,15,ORD-UNION,0,0,0,110,13,28,5,5,10,15,0.7000000000000001,0.30000000000000004
933,15,CARD,31,2,35,110,45,28,5,5,10,15,0.7000000000000001,0.30000000000000004
934,15,CLF_UNION,22,11,45,110,55,28,5,5,10,15,0.7000000000000001,0.30000000000000004
935,15,ORD-UNION,0,0,0,110,10,28,5,5,10,15,0.7000000000000001,0.30000000000000004
936,15,CARD,23,10,35,110,45,28,5,5,10,15,0.7000000000000001,0.30000000000000004
937,15,CLF_UNION,25,8,45,110,55,28,5,5,10,15,0.7000000000000001,0.30000000000000004
938,15,ORD-UNION,0,0,0,110,10,28,5,5,10,15,0.7000000000000001,0.30000000000000004
939,15,CARD,25,4,30,110,48,28,5,5,10,15,0.7000000000000001,0.30000000000000004
940,15,CLF_UNION,23,6,44,110,56,28,5,5,10,15,0.7000000000000001,0.30000000000000004
941,15,ORD-UNION,0,0,0,110,12,28,5,5,10,15,0.7000000000000001,0.30000000000000004
942,15,CARD,18,7,29,110,47,28,5,5,10,15,0.7000000000000001,0.30000000000000004
943,15,CLF_UNION,16,11,42,110,55,28,5,5,10,15,0.7000000000000001,0.30000000000000004
944,15,ORD-UNION,0,0,0,110,14,28,5,5,10,15,0.7000000000000001,0.30000000000000004
945,16,CARD,25,4,30,122,46,28,5,5,10,15,0.7000000000000001,0.30000000000000004
946,16,CLF_UNION,25,4,41,122,55,28,5,5,10,15,0.7000000000000001,0.30000000000000004
947,16,ORD-UNION,0,0,0,122,14,28,5,5,10,15,0.7000000000000001,0.30000000000000004
948,16,CARD,15,6,24,122,47,28,5,5,10,15,0.7000000000000001,0.30000000000000004
949,16,CLF_UNION,11,10,36,122,55,28,5,5,10,15,0.7000000000000001,0.30000000000000004
950,16,ORD-UNION,0,0,0,122,19,28,5,5,10,15,0.7000000000000001,0.30000000000000004
951,16,CARD,17,5,23,122,49,28,5,5,10,15,0.7000000000000001,0.30000000000000004
952,16,CLF_UNION,17,6,37,122,55,28,5,5,10,15,0.7000000000000001,0.30000000000000004
953,16,ORD-UNION,0,0,0,122,18,28,5,5,10,15,0.7000000000000001,0.30000000000000004
954,16,CARD,26,9,37,122,47,28,5,5,10,15,0.7000000000000001,0.30000000000000004
955,16,CLF_UNION,28,9,49,122,55,28,5,5,10,15,0.7000000000000001,0.30000000000000004
956,16,ORD-UNION,0,0,0,122,6,28,5,5,10,15,0.7000000000000001,0.30000000000000004
957,16,CARD,27,8,38,122,46,28,5,5,10,15,0.7000000000000001,0.30000000000000004
958,16,CLF_UNION,26,10,49,122,55,28,5,5,10,15,0.7000000000000001,0.30000000000000004
959,16,ORD-UNION,0,0,0,122,6,28,5,5,10,15,0.7000000000000001,0.30000000000000004
960,17,CARD,23,0,24,137,47,28,5,5,10,15,0.7000000000000001,0.30000000000000004
961,17,CLF_UNION,19,5,37,137,55,28,5,5,10,15,0.7000000000000001,0.30000000000000004
962,17,ORD-UNION,0,0,0,137,19,28,5,5,10,15,0.7000000000000001,0.30000000000000004
963,17,CARD,17,13,30,137,46,28,5,5,10,15,0.7000000000000001,0.30000000000000004
964,17,CLF_UNION,20,10,41,137,55,28,5,5,10,15,0.7000000000000001,0.30000000000000004
965,17,ORD-UNION,0,0,0,137,14,28,5,5,10,15,0.7000000000000001,0.30000000000000004
966,17,CARD,26,8,35,137,46,28,5,5,10,15,0.7000000000000001,0.30000000000000004
967,17,CLF_UNION,27,7,46,137,55,28,5,5,10,15,0.7000000000000001,0.30000000000000004
968,17,ORD-UNION,0,0,0,137,9,28,5,5,10,15,0.7000000000000001,0.30000000000000004
969,17,CARD,24,9,33,137,47,28,5,5,10,15,0.7000000000000001,0.30000000000000004
970,17,CLF_UNION,27,9,46,137,55,28,5,5,10,15,0.7000000000000001,0.30000000000000004
971,17,ORD-UNION,0,0,0,137,10,28,5,5,10,15,0.7000000000000001,0.30000000000000004
972,17,CARD,13,4,17,137,46,28,5,5,10,15,0.7000000000000001,0.30000000000000004
973,17,CLF_UNION,14,3,28,137,55,28,5,5,10,15,0.7000000000000001,0.30000000000000004
974,17,ORD-UNION,0,0,0,137,27,28,5,5,10,15,0.7000000000000001,0.30000000000000004
975,18,CARD,23,1,24,154,49,28,5,5,10,15,0.7000000000000001,0.30000000000000004
976,18,CLF_UNION,20,4,38,154,55,28,5,5,10,15,0.7000000000000001,0.30000000000000004
977,18,ORD-UNION,0,0,0,154,17,28,5,5,10,15,0.7000000000000001,0.30000000000000004
978,18,CARD,20,14,37,154,48,28,5,5,10,15,0.7000000000000001,0.30000000000000004
979,18,CLF_UNION,24,11,50,154,55,28,5,5,10,15,0.7000000000000001,0.30000000000000004
980,18,ORD-UNION,0,0,0,154,5,28,5,5,10,15,0.7000000000000001,0.30000000000000004
981,18,CARD,15,11,30,154,46,28,5,5,10,15,0.7000000000000001,0.30000000000000004
982,18,CLF_UNION,16,11,42,154,56,28,5,5,10,15,0.7000000000000001,0.30000000000000004
983,18,ORD-UNION,0,0,0,154,14,28,5,5,10,15,0.7000000000000001,0.30000000000000004
984,18,CARD,26,8,34,154,46,28,5,5,10,15,0.7000000000000001,0.30000000000000004
985,18,CLF_UNION,28,8,46,154,55,28,5,5,10,15,0.7000000000000001,0.30000000000000004
986,18,ORD-UNION,0,0,0,154,10,28,5,5,10,15,0.7000000000000001,0.30000000000000004
987,18,CARD,15,2,17,154,49,28,5,5,10,15,0.7000000000000001,0.30000000000000004
988,18,CLF_UNION,15,2,32,154,56,28,5,5,10,15,0.7000000000000001,0.30000000000000004
989,18,ORD-UNION,0,0,0,154,24,28,5,5,10,15,0.7000000000000001,0.30000000000000004
990,19,CARD,13,3,17,173,48,28,5,5,10,15,0.7000000000000001,0.30000000000000004
991,19,CLF_UNION,14,3,31,173,55,28,5,5,10,15,0.7000000000000001,0.30000000000000004
992,19,ORD-UNION,0,0,0,173,25,28,5,5,10,15,0.7000000000000001,0.30000000000000004
993,19,CARD,15,1,17,173,47,28,5,5,10,15,0.7000000000000001,0.30000000000000004
994,19,CLF_UNION,10,6,29,173,55,28,5,5,10,15,0.7000000000000001,0.30000000000000004
995,19,ORD-UNION,0,0,0,173,26,28,5,5,10,15,0.7000000000000001,0.30000000000000004
996,19,CARD,18,4,24,173,46,28,5,5,10,15,0.7000000000000001,0.30000000000000004
997,19,CLF_UNION,15,8,36,173,56,28,5,5,10,15,0.7000000000000001,0.30000000000000004
998,19,ORD-UNION,0,0,0,173,20,28,5,5,10,15,0.7000000000000001,0.30000000000000004
999,19,CARD,13,4,17,173,49,28,5,5,10,15,0.7000000000000001,0.30000000000000004
1000,19,CLF_UNION,7,10,31,173,55,28,5,5,10,15,0.7000000000000001,0.30000000000000004
1001,19,ORD-UNION,0,0,0,173,24,28,5,5,10,15,0.7000000000000001,0.30000000000000004
1002,19,CARD,23,1,24,173,46,28,5,5,10,15,0.7000000000000001,0.30000000000000004
1003,19,CLF_UNION,22,3,36,173,56,28,5,5,10,15,0.7000000000000001,0.30000000000000004
1004,19,ORD-UNION,0,0,0,173,20,28,5,5,10,15,0.7000000000000001,0.30000000000000004
1005,20,CARD,14,12,29,192,49,28,5,5,10,15,0.7000000000000001,0.30000000000000004
1006,20,CLF_UNION,17,10,44,192,56,28,5,5,10,15,0.7000000000000001,0.30000000000000004
1007,20,ORD-UNION,0,0,0,192,12,28,5,5,10,15,0.7000000000000001,0.30000000000000004
1008,20,CARD,17,10,29,192,47,28,5,5,10,15,0.7000000000000001,0.30000000000000004
1009,20,CLF_UNION,23,5,41,192,55,28,5,5,10,15,0.7000000000000001,0.30000000000000004
1010,20,ORD-UNION,0,0,0,192,14,28,5,5,10,15,0.7000000000000001,0.30000000000000004
1011,20,CARD,27,6,35,192,46,28,5,5,10,15,0.7000000000000001,0.30000000000000004
1012,20,CLF_UNION,26,7,46,192,55,28,5,5,10,15,0.7000000000000001,0.30000000000000004
1013,20,ORD-UNION,0,0,0,192,9,28,5,5,10,15,0.7000000000000001,0.30000000000000004
1014,20,CARD,15,2,17,192,47,28,5,5,10,15,0.7000000000000001,0.30000000000000004
1015,20,CLF_UNION,16,1,29,192,55,28,5,5,10,15,0.7000000000000001,0.30000000000000004
1016,20,ORD-UNION,0,0,0,192,26,28,5,5,10,15,0.7000000000000001,0.30000000000000004
1017,20,CARD,14,9,24,192,47,28,5,5,10,15,0.7000000000000001,0.30000000000000004
1018,20,CLF_UNION,16,7,36,192,55,28,5,5,10,15,0.7000000000000001,0.30000000000000004
1019,20,ORD-UNION,0,0,0,192,19,28,5,5,10,15,0.7000000000000001,0.30000000000000004
1020,21,CARD,16,7,24,212,47,28,5,5,10,15,0.7000000000000001,0.30000000000000004
1021,21,CLF_UNION,21,3,37,212,55,28,5,5,10,15,0.7000000000000001,0.30000000000000004
1022,21,ORD-UNION,0,0,0,212,19,28,5,5,10,15,0.7000000000000001,0.30000000000000004
1023,21,CARD,9,0,9,212,52,28,5,5,10,15,0.7000000000000001,0.30000000000000004
1024,21,CLF_UNION,9,0,27,212,56,28,5,5,10,15,0.7000000000000001,0.30000000000000004
1025,21,ORD-UNION,0,0,0,212,29,28,5,5,10,15,0.7000000000000001,0.30000000000000004
1026,21,CARD,0,0,0,212,49,28,5,5,10,15,0.7000000000000001,0.30000000000000004
1027,21,CLF_UNION,0,0,14,212,55,28,5,5,10,15,0.7000000000000001,0.30000000000000004
1028,21,ORD-UNION,0,0,0,212,41,28,5,5,10,15,0.7000000000000001,0.30000000000000004
1029,21,CARD,20,4,26,212,52,28,5,5,10,15,0.7000000000000001,0.30000000000000004
1030,21,CLF_UNION,21,7,43,212,55,28,5,5,10,15,0.7000000000000001,0.30000000000000004
1031,21,ORD-UNION,0,0,0,212,12,28,5,5,10,15,0.7000000000000001,0.30000000000000004
1032,21,CARD,21,2,24,212,46,28,5,5,10,15,0.7000000000000001,0.30000000000000004
1033,21,CLF_UNION,22,1,35,212,55,28,5,5,10,15,0.7000000000000001,0.30000000000000004
1034,21,ORD-UNION,0,0,0,212,20,28,5,5,10,15,0.7000000000000001,0.30000000000000004
1035,22,CARD,11,3,16,233,48,28,5,5,10,15,0.7000000000000001,0.30000000000000004
1036,22,CLF_UNION,12,4,30,233,55,28,5,5,10,15,0.7000000000000001,0.30000000000000004
1037,22,ORD-UNION,0,0,0,233,26,28,5,5,10,15,0.7000000000000001,0.30000000000000004
1038,22,CARD,17,5,22,233,48,28,5,5,10,15,0.7000000000000001,0.30000000000000004
1039,22,CLF_UNION,18,6,35,233,55,28,5,5,10,15,0.7000000000000001,0.30000000000000004
1040,22,ORD-UNION,0,0,0,233,20,28,5,5,10,15,0.7000000000000001,0.30000000000000004
1041,22,CARD,25,4,30,233,46,28,5,5,10,15,0.7000000000000001,0.30000000000000004
1042,22,CLF_UNION,24,5,41,233,55,28,5,5,10,15,0.7000000000000001,0.30000000000000004
1043,22,ORD-UNION,0,0,0,233,14,28,5,5,10,15,0.7000000000000001,0.30000000000000004
1044,22,CARD,17,4,22,233,47,28,5,5,10,15,0.7000000000000001,0.30000000000000004
1045,22,CLF_UNION,17,6,35,233,55,28,5,5,10,15,0.7000000000000001,0.30000000000000004
1046,22,ORD-UNION,0,0,0,233,21,28,5,5,10,15,0.7000000000000001,0.30000000000000004
1047,22,CARD,0,0,0,233,48,28,5,5,10,15,0.7000000000000001,0.30000000000000004
1048,22,CLF_UNION,0,0,14,233,56,28,5,5,10,15,0.7000000000000001,0.30000000000000004
1049,22,ORD-UNION,0,0,0,233,42,28,5,5,10,15,0.7000000000000001,0.30000000000000004
1050,23,CARD,12,11,24,255,46,28,5,5,10,15,0.7000000000000001,0.30000000000000004
1051,23,CLF_UNION,18,6,36,255,55,28,5,5,10,15,0.7000000000000001,0.30000000000000004
1052,23,ORD-UNION,0,0,0,255,20,28,5,5,10,15,0.7000000000000001,0.30000000000000004
1053,23,CARD,23,4,28,255,47,28,5,5,10,15,0.7000000000000001,0.30000000000000004
1054,23,CLF_UNION,26,4,41,255,56,28,5,5,10,15,0.7000000000000001,0.30000000000000004
1055,23,ORD-UNION,0,0,0,255,15,28,5,5,10,15,0.7000000000000001,0.30000000000000004
1056,23,CARD,22,1,23,255,47,28,5,5,10,15,0.7000000000000001,0.30000000000000004
1057,23,CLF_UNION,22,1,35,255,55,28,5,5,10,15,0.7000000000000001,0.30000000000000004
1058,23,ORD-UNION,0,0,0,255,20,28,5,5,10,15,0.7000000000000001,0.30000000000000004
1059,23,CARD,9,7,17,255,47,28,5,5,10,15,0.7000000000000001,0.30000000000000004
1060,23,CLF_UNION,13,4,30,255,55,28,5,5,10,15,0.7000000000000001,0.30000000000000004
1061,23,ORD-UNION,0,0,0,255,26,28,5,5,10,15,0.7000000000000001,0.30000000000000004
1062,23,CARD,0,9,9,255,49,28,5,5,10,15,0.7000000000000001,0.30000000000000004
1063,23,CLF_UNION,4,6,24,255,55,28,5,5,10,15,0.7000000000000001,0.30000000000000004
1064,23,ORD-UNION,0,0,0,255,32,28,5,5,10,15,0.7000000000000001,0.30000000000000004
1065,24,CARD,4,3,8,279,47,28,5,5,10,15,0.7000000000000001,0.30000000000000004
1066,24,CLF_UNION,6,2,20,279,55,28,5,5,10,15,0.7000000000000001,0.30000000000000004
1067,24,ORD-UNION,0,0,0,279,35,28,5,5,10,15,0.7000000000000001,0.30000000000000004
1068,24,CARD,9,5,16,279,47,28,5,5,10,15,0.7000000000000001,0.30000000000000004
1069,24,CLF_UNION,11,4,28,279,55,28,5,5,10,15,0.7000000000000001,0.30000000000000004
1070,24,ORD-UNION,0,0,0,279,27,28,5,5,10,15,0.7000000000000001,0.30000000000000004
1071,24,CARD,0,0,0,279,51,28,5,5,10,15,0.7000000000000001,0.30000000000000004
1072,24,CLF_UNION,0,0,16,279,55,28,5,5,10,15,0.7000000000000001,0.30000000000000004
1073,24,ORD-UNION,0,0,0,279,39,28,5,5,10,15,0.7000000000000001,0.30000000000000004
1074,24,CARD,11,5,17,279,45,28,5,5,10,15,0.7000000000000001,0.30000000000000004
1075,24,CLF_UNION,10,6,27,279,55,28,5,5,10,15,0.7000000000000001,0.30000000000000004
1076,24,ORD-UNION,0,0,0,279,28,28,5,5,10,15,0.7000000000000001,0.30000000000000004
1077,24,CARD,0,0,0,279,52,28,5,5,10,15,0.7000000000000001,0.30000000000000004
1078,24,CLF_UNION,0,2,20,279,56,28,5,5,10,15,0.7000000000000001,0.30000000000000004
1079,24,ORD-UNION,0,0,0,279,38,28,5,5,10,15,0.7000000000000001,0.30000000000000004
