,budget,model,correct,wrong,total,n_pref_input,n_pref_output,theta_size,theta_additivity,n_items,n_test_subsets,n_tiers,alpha,p
0,1,CARD,5,17,25,1,65,9,3,5,10,15,0.1,0.7000000000000001
1,1,CLF_UNION,28,23,65,1,65,9,3,5,10,15,0.1,0.7000000000000001
2,1,ORD-UNION,0,0,0,1,0,9,3,5,10,15,0.1,0.7000000000000001
3,1,CARD,17,6,24,1,66,9,3,5,10,15,0.1,0.7000000000000001
4,1,CLF_UNION,34,15,61,1,61,9,3,5,10,15,0.1,0.7000000000000001
5,1,ORD-UNION,0,0,0,1,0,9,3,5,10,15,0.1,0.7000000000000001
6,1,CARD,13,7,21,1,69,9,3,5,10,15,0.1,0.7000000000000001
7,1,CLF_UNION,28,23,64,1,64,9,3,5,10,15,0.1,0.7000000000000001
8,1,ORD-UNION,0,0,0,1,0,9,3,5,10,15,0.1,0.7000000000000001
9,1,CARD,14,10,24,1,66,9,3,5,10,15,0.1,0.7000000000000001
10,1,CLF_UNION,34,24,68,1,68,9,3,5,10,15,0.1,0.7000000000000001
11,1,ORD-UNION,0,0,0,1,0,9,3,5,10,15,0.1,0.7000000000000001
12,1,CARD,14,8,24,1,66,9,3,5,10,15,0.1,0.7000000000000001
13,1,CLF_UNION,29,24,68,1,68,9,3,5,10,15,0.1,0.7000000000000001
14,1,ORD-UNION,0,0,0,1,0,9,3,5,10,15,0.1,0.7000000000000001
15,2,CARD,16,16,36,3,53,9,3,5,10,15,0.1,0.7000000000000001
16,2,CLF_UNION,24,21,59,3,60,9,3,5,10,15,0.1,0.7000000000000001
17,2,ORD-UNION,1,0,1,3,2,9,3,5,10,15,0.1,0.7000000000000001
18,2,CARD,20,10,33,3,57,9,3,5,10,15,0.1,0.7000000000000001
19,2,CLF_UNION,24,23,60,3,60,9,3,5,10,15,0.1,0.7000000000000001
20,2,ORD-UNION,1,0,1,3,1,9,3,5,10,15,0.1,0.7000000000000001
21,2,CARD,24,12,37,3,53,9,3,5,10,15,0.1,0.7000000000000001
22,2,CLF_UNION,33,15,59,3,59,9,3,5,10,15,0.1,0.7000000000000001
23,2,ORD-UNION,1,0,1,3,1,9,3,5,10,15,0.1,0.7000000000000001
24,2,CARD,26,9,37,3,53,9,3,5,10,15,0.1,0.7000000000000001
25,2,CLF_UNION,32,16,60,3,60,9,3,5,10,15,0.1,0.7000000000000001
26,2,ORD-UNION,1,0,1,3,1,9,3,5,10,15,0.1,0.7000000000000001
27,2,CARD,22,10,37,3,53,9,3,5,10,15,0.1,0.7000000000000001
28,2,CLF_UNION,27,17,59,3,59,9,3,5,10,15,0.1,0.7000000000000001
29,2,ORD-UNION,0,0,0,3,0,9,3,5,10,15,0.1,0.7000000000000001
30,3,CARD,29,7,40,6,50,9,3,5,10,15,0.1,0.7000000000000001
31,3,CLF_UNION,39,17,72,6,72,9,3,5,10,15,0.1,0.7000000000000001
32,3,ORD-UNION,3,0,3,6,3,9,3,5,10,15,0.1,0.7000000000000001
33,3,CARD,32,4,40,6,50,9,3,5,10,15,0.1,0.7000000000000001
34,3,CLF_UNION,35,18,69,6,69,9,3,5,10,15,0.1,0.7000000000000001
35,3,ORD-UNION,2,0,2,6,2,9,3,5,10,15,0.1,0.7000000000000001
36,3,CARD,30,6,41,6,48,9,3,5,10,15,0.1,0.7000000000000001
37,3,CLF_UNION,34,16,66,6,67,9,3,5,10,15,0.1,0.7000000000000001
38,3,ORD-UNION,1,0,1,6,2,9,3,5,10,15,0.1,0.7000000000000001
39,3,CARD,24,13,37,6,52,9,3,5,10,15,0.1,0.7000000000000001
40,3,CLF_UNION,36,30,76,6,77,9,3,5,10,15,0.1,0.7000000000000001
41,3,ORD-UNION,1,0,1,6,2,9,3,5,10,15,0.1,0.7000000000000001
42,3,CARD,26,12,40,6,50,9,3,5,10,15,0.1,0.7000000000000001
43,3,CLF_UNION,30,23,67,6,67,9,3,5,10,15,0.1,0.7000000000000001
44,3,ORD-UNION,1,0,1,6,1,9,3,5,10,15,0.1,0.7000000000000001
45,4,CARD,20,17,40,10,49,9,3,5,10,15,0.1,0.7000000000000001
46,4,CLF_UNION,28,15,56,10,57,9,3,5,10,15,0.1,0.7000000000000001
47,4,ORD-UNION,1,0,1,10,2,9,3,5,10,15,0.1,0.7000000000000001
48,4,CARD,23,11,34,10,56,9,3,5,10,15,0.1,0.7000000000000001
49,4,CLF_UNION,33,13,57,10,57,9,3,5,10,15,0.1,0.7000000000000001
50,4,ORD-UNION,3,0,3,10,3,9,3,5,10,15,0.1,0.7000000000000001
51,4,CARD,26,11,38,10,52,9,3,5,10,15,0.1,0.7000000000000001
52,4,CLF_UNION,34,16,61,10,61,9,3,5,10,15,0.1,0.7000000000000001
53,4,ORD-UNION,0,0,0,10,0,9,3,5,10,15,0.1,0.7000000000000001
54,4,CARD,29,7,38,10,52,9,3,5,10,15,0.1,0.7000000000000001
55,4,CLF_UNION,39,6,58,10,58,9,3,5,10,15,0.1,0.7000000000000001
56,4,ORD-UNION,2,0,2,10,2,9,3,5,10,15,0.1,0.7000000000000001
57,4,CARD,28,8,38,10,51,9,3,5,10,15,0.1,0.7000000000000001
58,4,CLF_UNION,37,8,57,10,58,9,3,5,10,15,0.1,0.7000000000000001
59,4,ORD-UNION,1,0,1,10,2,9,3,5,10,15,0.1,0.7000000000000001
60,5,CARD,31,11,44,15,46,9,3,5,10,15,0.1,0.7000000000000001
61,5,CLF_UNION,31,13,56,15,56,9,3,5,10,15,0.1,0.7000000000000001
62,5,ORD-UNION,5,0,5,15,5,9,3,5,10,15,0.1,0.7000000000000001
63,5,CARD,31,6,38,15,51,9,3,5,10,15,0.1,0.7000000000000001
64,5,CLF_UNION,41,5,58,15,59,9,3,5,10,15,0.1,0.7000000000000001
65,5,ORD-UNION,2,0,2,15,3,9,3,5,10,15,0.1,0.7000000000000001
66,5,CARD,27,13,42,15,47,9,3,5,10,15,0.1,0.7000000000000001
67,5,CLF_UNION,30,12,55,15,56,9,3,5,10,15,0.1,0.7000000000000001
68,5,ORD-UNION,2,0,2,15,3,9,3,5,10,15,0.1,0.7000000000000001
69,5,CARD,30,6,41,15,46,9,3,5,10,15,0.1,0.7000000000000001
70,5,CLF_UNION,35,3,53,15,56,9,3,5,10,15,0.1,0.7000000000000001
71,5,ORD-UNION,2,0,2,15,5,9,3,5,10,15,0.1,0.7000000000000001
72,5,CARD,33,4,39,15,50,9,3,5,10,15,0.1,0.7000000000000001
73,5,CLF_UNION,40,3,55,15,56,9,3,5,10,15,0.1,0.7000000000000001
74,5,ORD-UNION,2,0,2,15,3,9,3,5,10,15,0.1,0.7000000000000001
75,6,CARD,36,1,39,21,51,9,3,5,10,15,0.1,0.7000000000000001
76,6,CLF_UNION,42,1,55,21,55,9,3,5,10,15,0.1,0.7000000000000001
77,6,ORD-UNION,5,0,5,21,5,9,3,5,10,15,0.1,0.7000000000000001
78,6,CARD,28,10,41,21,49,9,3,5,10,15,0.1,0.7000000000000001
79,6,CLF_UNION,30,12,55,21,55,9,3,5,10,15,0.1,0.7000000000000001
80,6,ORD-UNION,3,0,3,21,3,9,3,5,10,15,0.1,0.7000000000000001
81,6,CARD,36,3,41,21,48,9,3,5,10,15,0.1,0.7000000000000001
82,6,CLF_UNION,37,6,55,21,56,9,3,5,10,15,0.1,0.7000000000000001
83,6,ORD-UNION,3,0,3,21,4,9,3,5,10,15,0.1,0.7000000000000001
84,6,CARD,28,13,42,21,48,9,3,5,10,15,0.1,0.7000000000000001
85,6,CLF_UNION,34,11,56,21,56,9,3,5,10,15,0.1,0.7000000000000001
86,6,ORD-UNION,1,0,1,21,1,9,3,5,10,15,0.1,0.7000000000000001
87,6,CARD,24,14,40,21,49,9,3,5,10,15,0.1,0.7000000000000001
88,6,CLF_UNION,31,11,54,21,55,9,3,5,10,15,0.1,0.7000000000000001
89,6,ORD-UNION,1,0,1,21,2,9,3,5,10,15,0.1,0.7000000000000001
90,7,CARD,32,6,41,27,46,9,3,5,10,15,0.1,0.7000000000000001
91,7,CLF_UNION,35,3,52,27,55,9,3,5,10,15,0.1,0.7000000000000001
92,7,ORD-UNION,4,0,4,27,7,9,3,5,10,15,0.1,0.7000000000000001
93,7,CARD,33,6,42,27,47,9,3,5,10,15,0.1,0.7000000000000001
94,7,CLF_UNION,38,3,54,27,55,9,3,5,10,15,0.1,0.7000000000000001
95,7,ORD-UNION,7,0,7,27,8,9,3,5,10,15,0.1,0.7000000000000001
96,7,CARD,28,12,43,27,46,9,3,5,10,15,0.1,0.7000000000000001
97,7,CLF_UNION,34,8,55,27,56,9,3,5,10,15,0.1,0.7000000000000001
98,7,ORD-UNION,6,0,6,27,7,9,3,5,10,15,0.1,0.7000000000000001
99,7,CARD,29,11,41,27,46,9,3,5,10,15,0.1,0.7000000000000001
100,7,CLF_UNION,32,9,52,27,55,9,3,5,10,15,0.1,0.7000000000000001
101,7,ORD-UNION,5,0,5,27,8,9,3,5,10,15,0.1,0.7000000000000001
102,7,CARD,30,13,44,27,46,9,3,5,10,15,0.1,0.7000000000000001
103,7,CLF_UNION,29,15,56,27,56,9,3,5,10,15,0.1,0.7000000000000001
104,7,ORD-UNION,6,1,7,27,7,9,3,5,10,15,0.1,0.7000000000000001
105,8,CARD,31,7,41,34,46,9,3,5,10,15,0.1,0.7000000000000001
106,8,CLF_UNION,37,3,53,34,56,9,3,5,10,15,0.1,0.7000000000000001
107,8,ORD-UNION,14,0,14,34,17,9,3,5,10,15,0.1,0.7000000000000001
108,8,CARD,21,16,42,34,46,9,3,5,10,15,0.1,0.7000000000000001
109,8,CLF_UNION,27,11,54,34,56,9,3,5,10,15,0.1,0.7000000000000001
110,8,ORD-UNION,8,0,8,34,10,9,3,5,10,15,0.1,0.7000000000000001
111,8,CARD,31,7,39,34,49,9,3,5,10,15,0.1,0.7000000000000001
112,8,CLF_UNION,38,4,55,34,57,9,3,5,10,15,0.1,0.7000000000000001
113,8,ORD-UNION,14,0,14,34,16,9,3,5,10,15,0.1,0.7000000000000001
114,8,CARD,29,8,40,34,49,9,3,5,10,15,0.1,0.7000000000000001
115,8,CLF_UNION,40,3,56,34,57,9,3,5,10,15,0.1,0.7000000000000001
116,8,ORD-UNION,13,0,13,34,14,9,3,5,10,15,0.1,0.7000000000000001
117,8,CARD,32,8,44,34,45,9,3,5,10,15,0.1,0.7000000000000001
118,8,CLF_UNION,38,2,54,34,55,9,3,5,10,15,0.1,0.7000000000000001
119,8,ORD-UNION,13,0,13,34,14,9,3,5,10,15,0.1,0.7000000000000001
120,9,CARD,35,7,43,43,47,9,3,5,10,15,0.1,0.7000000000000001
121,9,CLF_UNION,39,6,56,43,56,9,3,5,10,15,0.1,0.7000000000000001
122,9,ORD-UNION,12,0,12,43,12,9,3,5,10,15,0.1,0.7000000000000001
123,9,CARD,30,12,44,43,45,9,3,5,10,15,0.1,0.7000000000000001
124,9,CLF_UNION,31,11,54,43,55,9,3,5,10,15,0.1,0.7000000000000001
125,9,ORD-UNION,12,0,12,43,13,9,3,5,10,15,0.1,0.7000000000000001
126,9,CARD,36,0,39,43,48,9,3,5,10,15,0.1,0.7000000000000001
127,9,CLF_UNION,39,2,54,43,57,9,3,5,10,15,0.1,0.7000000000000001
128,9,ORD-UNION,21,0,21,43,24,9,3,5,10,15,0.1,0.7000000000000001
129,9,CARD,33,4,39,43,46,9,3,5,10,15,0.1,0.7000000000000001
130,9,CLF_UNION,34,4,51,43,56,9,3,5,10,15,0.1,0.7000000000000001
131,9,ORD-UNION,6,0,6,43,11,9,3,5,10,15,0.1,0.7000000000000001
132,9,CARD,36,0,39,43,49,9,3,5,10,15,0.1,0.7000000000000001
133,9,CLF_UNION,38,1,53,43,55,9,3,5,10,15,0.1,0.7000000000000001
134,9,ORD-UNION,15,0,15,43,17,9,3,5,10,15,0.1,0.7000000000000001
135,10,CARD,24,13,38,53,46,9,3,5,10,15,0.1,0.7000000000000001
136,10,CLF_UNION,25,13,49,53,55,9,3,5,10,15,0.1,0.7000000000000001
137,10,ORD-UNION,9,1,10,53,16,9,3,5,10,15,0.1,0.7000000000000001
138,10,CARD,35,0,39,53,46,9,3,5,10,15,0.1,0.7000000000000001
139,10,CLF_UNION,35,1,50,53,55,9,3,5,10,15,0.1,0.7000000000000001
140,10,ORD-UNION,16,0,16,53,21,9,3,5,10,15,0.1,0.7000000000000001
141,10,CARD,28,3,33,53,47,9,3,5,10,15,0.1,0.7000000000000001
142,10,CLF_UNION,29,4,45,53,55,9,3,5,10,15,0.1,0.7000000000000001
143,10,ORD-UNION,12,0,12,53,22,9,3,5,10,15,0.1,0.7000000000000001
144,10,CARD,36,0,39,53,50,9,3,5,10,15,0.1,0.7000000000000001
145,10,CLF_UNION,39,2,54,53,55,9,3,5,10,15,0.1,0.7000000000000001
146,10,ORD-UNION,13,0,13,53,14,9,3,5,10,15,0.1,0.7000000000000001
147,10,CARD,37,3,42,53,47,9,3,5,10,15,0.1,0.7000000000000001
148,10,CLF_UNION,40,3,55,53,56,9,3,5,10,15,0.1,0.7000000000000001
149,10,ORD-UNION,14,0,14,53,15,9,3,5,10,15,0.1,0.7000000000000001
150,11,CARD,24,14,40,64,47,9,3,5,10,15,0.1,0.7000000000000001
151,11,CLF_UNION,26,13,52,64,55,9,3,5,10,15,0.1,0.7000000000000001
152,11,ORD-UNION,11,0,11,64,14,9,3,5,10,15,0.1,0.7000000000000001
153,11,CARD,31,9,42,64,48,9,3,5,10,15,0.1,0.7000000000000001
154,11,CLF_UNION,34,8,55,64,55,9,3,5,10,15,0.1,0.7000000000000001
155,11,ORD-UNION,10,0,10,64,10,9,3,5,10,15,0.1,0.7000000000000001
156,11,CARD,29,2,34,64,46,9,3,5,10,15,0.1,0.7000000000000001
157,11,CLF_UNION,30,2,45,64,55,9,3,5,10,15,0.1,0.7000000000000001
158,11,ORD-UNION,19,0,20,64,30,9,3,5,10,15,0.1,0.7000000000000001
159,11,CARD,26,9,37,64,47,9,3,5,10,15,0.1,0.7000000000000001
160,11,CLF_UNION,28,9,49,64,55,9,3,5,10,15,0.1,0.7000000000000001
161,11,ORD-UNION,16,0,16,64,22,9,3,5,10,15,0.1,0.7000000000000001
162,11,CARD,24,16,40,64,47,9,3,5,10,15,0.1,0.7000000000000001
163,11,CLF_UNION,28,14,52,64,55,9,3,5,10,15,0.1,0.7000000000000001
164,11,ORD-UNION,10,1,11,64,14,9,3,5,10,15,0.1,0.7000000000000001
165,12,CARD,32,10,43,75,45,9,3,5,10,15,0.1,0.7000000000000001
166,12,CLF_UNION,33,9,53,75,55,9,3,5,10,15,0.1,0.7000000000000001
167,12,ORD-UNION,26,0,26,75,28,9,3,5,10,15,0.1,0.7000000000000001
168,12,CARD,29,9,41,75,46,9,3,5,10,15,0.1,0.7000000000000001
169,12,CLF_UNION,36,3,54,75,57,9,3,5,10,15,0.1,0.7000000000000001
170,12,ORD-UNION,18,0,18,75,21,9,3,5,10,15,0.1,0.7000000000000001
171,12,CARD,37,0,37,75,47,9,3,5,10,15,0.1,0.7000000000000001
172,12,CLF_UNION,36,1,49,75,55,9,3,5,10,15,0.1,0.7000000000000001
173,12,ORD-UNION,25,0,25,75,31,9,3,5,10,15,0.1,0.7000000000000001
174,12,CARD,36,1,38,75,46,9,3,5,10,15,0.1,0.7000000000000001
175,12,CLF_UNION,37,0,49,75,55,9,3,5,10,15,0.1,0.7000000000000001
176,12,ORD-UNION,25,0,25,75,31,9,3,5,10,15,0.1,0.7000000000000001
177,12,CARD,33,4,37,75,47,9,3,5,10,15,0.1,0.7000000000000001
178,12,CLF_UNION,35,2,49,75,55,9,3,5,10,15,0.1,0.7000000000000001
179,12,ORD-UNION,20,0,20,75,26,9,3,5,10,15,0.1,0.7000000000000001
180,13,CARD,24,13,39,87,46,9,3,5,10,15,0.1,0.7000000000000001
181,13,CLF_UNION,27,10,51,87,56,9,3,5,10,15,0.1,0.7000000000000001
182,13,ORD-UNION,12,1,13,87,18,9,3,5,10,15,0.1,0.7000000000000001
183,13,CARD,31,5,39,87,46,9,3,5,10,15,0.1,0.7000000000000001
184,13,CLF_UNION,35,1,50,87,55,9,3,5,10,15,0.1,0.7000000000000001
185,13,ORD-UNION,19,0,19,87,24,9,3,5,10,15,0.1,0.7000000000000001
186,13,CARD,31,9,41,87,46,9,3,5,10,15,0.1,0.7000000000000001
187,13,CLF_UNION,31,9,52,87,55,9,3,5,10,15,0.1,0.7000000000000001
188,13,ORD-UNION,24,0,24,87,27,9,3,5,10,15,0.1,0.7000000000000001
189,13,CARD,26,3,30,87,45,9,3,5,10,15,0.1,0.7000000000000001
190,13,CLF_UNION,26,3,40,87,55,9,3,5,10,15,0.1,0.7000000000000001
191,13,ORD-UNION,17,0,17,87,32,9,3,5,10,15,0.1,0.7000000000000001
192,13,CARD,25,14,39,87,45,9,3,5,10,15,0.1,0.7000000000000001
193,13,CLF_UNION,26,13,49,87,55,9,3,5,10,15,0.1,0.7000000000000001
194,13,ORD-UNION,14,1,15,87,21,9,3,5,10,15,0.1,0.7000000000000001
195,14,CARD,27,10,39,101,45,9,3,5,10,15,0.1,0.7000000000000001
196,14,CLF_UNION,28,9,49,101,55,9,3,5,10,15,0.1,0.7000000000000001
197,14,ORD-UNION,22,0,22,101,28,9,3,5,10,15,0.1,0.7000000000000001
198,14,CARD,25,12,37,101,48,9,3,5,10,15,0.1,0.7000000000000001
199,14,CLF_UNION,25,13,51,101,56,9,3,5,10,15,0.1,0.7000000000000001
200,14,ORD-UNION,14,1,15,101,20,9,3,5,10,15,0.1,0.7000000000000001
201,14,CARD,25,9,34,101,46,9,3,5,10,15,0.1,0.7000000000000001
202,14,CLF_UNION,25,9,45,101,55,9,3,5,10,15,0.1,0.7000000000000001
203,14,ORD-UNION,19,0,19,101,29,9,3,5,10,15,0.1,0.7000000000000001
204,14,CARD,27,6,35,101,46,9,3,5,10,15,0.1,0.7000000000000001
205,14,CLF_UNION,31,2,47,101,56,9,3,5,10,15,0.1,0.7000000000000001
206,14,ORD-UNION,18,0,18,101,27,9,3,5,10,15,0.1,0.7000000000000001
207,14,CARD,24,10,34,101,46,9,3,5,10,15,0.1,0.7000000000000001
208,14,CLF_UNION,25,10,46,101,56,9,3,5,10,15,0.1,0.7000000000000001
209,14,ORD-UNION,22,0,22,101,32,9,3,5,10,15,0.1,0.7000000000000001
210,15,CARD,22,11,35,115,45,9,3,5,10,15,0.1,0.7000000000000001
211,15,CLF_UNION,24,9,45,115,55,9,3,5,10,15,0.1,0.7000000000000001
212,15,ORD-UNION,15,1,16,115,26,9,3,5,10,15,0.1,0.7000000000000001
213,15,CARD,28,10,39,115,47,9,3,5,10,15,0.1,0.7000000000000001
214,15,CLF_UNION,29,9,51,115,55,9,3,5,10,15,0.1,0.7000000000000001
215,15,ORD-UNION,22,0,22,115,26,9,3,5,10,15,0.1,0.7000000000000001
216,15,CARD,27,3,30,115,47,9,3,5,10,15,0.1,0.7000000000000001
217,15,CLF_UNION,28,2,42,115,55,9,3,5,10,15,0.1,0.7000000000000001
218,15,ORD-UNION,17,0,17,115,30,9,3,5,10,15,0.1,0.7000000000000001
219,15,CARD,32,6,41,115,46,9,3,5,10,15,0.1,0.7000000000000001
220,15,CLF_UNION,36,4,54,115,57,9,3,5,10,15,0.1,0.7000000000000001
221,15,ORD-UNION,24,0,24,115,27,9,3,5,10,15,0.1,0.7000000000000001
222,15,CARD,33,6,42,115,45,9,3,5,10,15,0.1,0.7000000000000001
223,15,CLF_UNION,37,3,54,115,57,9,3,5,10,15,0.1,0.7000000000000001
224,15,ORD-UNION,18,0,18,115,21,9,3,5,10,15,0.1,0.7000000000000001
225,16,CARD,21,0,23,130,47,9,3,5,10,15,0.1,0.7000000000000001
226,16,CLF_UNION,21,1,35,130,55,9,3,5,10,15,0.1,0.7000000000000001
227,16,ORD-UNION,15,0,16,130,36,9,3,5,10,15,0.1,0.7000000000000001
228,16,CARD,28,1,30,130,46,9,3,5,10,15,0.1,0.7000000000000001
229,16,CLF_UNION,29,0,41,130,55,9,3,5,10,15,0.1,0.7000000000000001
230,16,ORD-UNION,21,0,21,130,35,9,3,5,10,15,0.1,0.7000000000000001
231,16,CARD,25,2,30,130,45,9,3,5,10,15,0.1,0.7000000000000001
232,16,CLF_UNION,27,1,42,130,56,9,3,5,10,15,0.1,0.7000000000000001
233,16,ORD-UNION,22,0,22,130,37,9,3,5,10,15,0.1,0.7000000000000001
234,16,CARD,15,0,15,130,47,9,3,5,10,15,0.1,0.7000000000000001
235,16,CLF_UNION,15,0,27,130,55,9,3,5,10,15,0.1,0.7000000000000001
236,16,ORD-UNION,13,0,13,130,41,9,3,5,10,15,0.1,0.7000000000000001
237,16,CARD,29,1,30,130,46,9,3,5,10,15,0.1,0.7000000000000001
238,16,CLF_UNION,30,0,41,130,55,9,3,5,10,15,0.1,0.7000000000000001
239,16,ORD-UNION,18,0,18,130,32,9,3,5,10,15,0.1,0.7000000000000001
240,17,CARD,21,9,35,145,46,9,3,5,10,15,0.1,0.7000000000000001
241,17,CLF_UNION,21,9,46,145,55,9,3,5,10,15,0.1,0.7000000000000001
242,17,ORD-UNION,18,9,27,145,36,9,3,5,10,15,0.1,0.7000000000000001
243,17,CARD,26,3,30,145,45,9,3,5,10,15,0.1,0.7000000000000001
244,17,CLF_UNION,27,2,40,145,55,9,3,5,10,15,0.1,0.7000000000000001
245,17,ORD-UNION,17,0,17,145,32,9,3,5,10,15,0.1,0.7000000000000001
246,17,CARD,30,0,30,145,47,9,3,5,10,15,0.1,0.7000000000000001
247,17,CLF_UNION,30,0,42,145,55,9,3,5,10,15,0.1,0.7000000000000001
248,17,ORD-UNION,27,0,27,145,40,9,3,5,10,15,0.1,0.7000000000000001
249,17,CARD,25,9,35,145,46,9,3,5,10,15,0.1,0.7000000000000001
250,17,CLF_UNION,25,9,46,145,55,9,3,5,10,15,0.1,0.7000000000000001
251,17,ORD-UNION,18,9,27,145,36,9,3,5,10,15,0.1,0.7000000000000001
252,17,CARD,25,9,34,145,47,9,3,5,10,15,0.1,0.7000000000000001
253,17,CLF_UNION,24,11,46,145,55,9,3,5,10,15,0.1,0.7000000000000001
254,17,ORD-UNION,19,9,28,145,37,9,3,5,10,15,0.1,0.7000000000000001
255,18,CARD,16,1,18,161,45,9,3,5,10,15,0.1,0.7000000000000001
256,18,CLF_UNION,17,0,29,161,56,9,3,5,10,15,0.1,0.7000000000000001
257,18,ORD-UNION,15,0,15,161,42,9,3,5,10,15,0.1,0.7000000000000001
258,18,CARD,17,0,17,161,46,9,3,5,10,15,0.1,0.7000000000000001
259,18,CLF_UNION,17,0,28,161,55,9,3,5,10,15,0.1,0.7000000000000001
260,18,ORD-UNION,17,0,17,161,44,9,3,5,10,15,0.1,0.7000000000000001
261,18,CARD,14,0,16,161,49,9,3,5,10,15,0.1,0.7000000000000001
262,18,CLF_UNION,14,3,32,161,57,9,3,5,10,15,0.1,0.7000000000000001
263,18,ORD-UNION,11,0,12,161,37,9,3,5,10,15,0.1,0.7000000000000001
264,18,CARD,15,1,17,161,47,9,3,5,10,15,0.1,0.7000000000000001
265,18,CLF_UNION,16,0,30,161,56,9,3,5,10,15,0.1,0.7000000000000001
266,18,ORD-UNION,15,0,15,161,41,9,3,5,10,15,0.1,0.7000000000000001
267,18,CARD,21,9,30,161,47,9,3,5,10,15,0.1,0.7000000000000001
268,18,CLF_UNION,21,9,42,161,55,9,3,5,10,15,0.1,0.7000000000000001
269,18,ORD-UNION,17,9,26,161,39,9,3,5,10,15,0.1,0.7000000000000001
270,19,CARD,20,1,23,180,46,9,3,5,10,15,0.1,0.7000000000000001
271,19,CLF_UNION,21,1,34,180,55,9,3,5,10,15,0.1,0.7000000000000001
272,19,ORD-UNION,17,0,18,180,39,9,3,5,10,15,0.1,0.7000000000000001
273,19,CARD,15,2,18,180,46,9,3,5,10,15,0.1,0.7000000000000001
274,19,CLF_UNION,17,0,29,180,55,9,3,5,10,15,0.1,0.7000000000000001
275,19,ORD-UNION,12,0,12,180,38,9,3,5,10,15,0.1,0.7000000000000001
276,19,CARD,19,9,30,180,46,9,3,5,10,15,0.1,0.7000000000000001
277,19,CLF_UNION,19,9,41,180,55,9,3,5,10,15,0.1,0.7000000000000001
278,19,ORD-UNION,19,9,28,180,42,9,3,5,10,15,0.1,0.7000000000000001
279,19,CARD,14,0,19,180,46,9,3,5,10,15,0.1,0.7000000000000001
280,19,CLF_UNION,14,0,30,180,55,9,3,5,10,15,0.1,0.7000000000000001
281,19,ORD-UNION,11,0,11,180,36,9,3,5,10,15,0.1,0.7000000000000001
282,19,CARD,19,9,29,180,46,9,3,5,10,15,0.1,0.7000000000000001
283,19,CLF_UNION,19,11,41,180,56,9,3,5,10,15,0.1,0.7000000000000001
284,19,ORD-UNION,16,9,25,180,40,9,3,5,10,15,0.1,0.7000000000000001
285,20,CARD,24,10,34,199,47,9,3,5,10,15,0.1,0.7000000000000001
286,20,CLF_UNION,22,12,47,199,56,9,3,5,10,15,0.1,0.7000000000000001
287,20,ORD-UNION,20,9,29,199,38,9,3,5,10,15,0.1,0.7000000000000001
288,20,CARD,20,3,24,199,47,9,3,5,10,15,0.1,0.7000000000000001
289,20,CLF_UNION,21,3,38,199,57,9,3,5,10,15,0.1,0.7000000000000001
290,20,ORD-UNION,16,0,16,199,35,9,3,5,10,15,0.1,0.7000000000000001
291,20,CARD,18,10,30,199,46,9,3,5,10,15,0.1,0.7000000000000001
292,20,CLF_UNION,19,10,43,199,56,9,3,5,10,15,0.1,0.7000000000000001
293,20,ORD-UNION,17,9,26,199,40,9,3,5,10,15,0.1,0.7000000000000001
294,20,CARD,13,10,24,199,45,9,3,5,10,15,0.1,0.7000000000000001
295,20,CLF_UNION,14,9,34,199,55,9,3,5,10,15,0.1,0.7000000000000001
296,20,ORD-UNION,11,9,20,199,41,9,3,5,10,15,0.1,0.7000000000000001
297,20,CARD,13,11,25,199,46,9,3,5,10,15,0.1,0.7000000000000001
298,20,CLF_UNION,14,10,36,199,55,9,3,5,10,15,0.1,0.7000000000000001
299,20,ORD-UNION,11,9,21,199,40,9,3,5,10,15,0.1,0.7000000000000001
300,21,CARD,0,0,1,219,47,9,3,5,10,15,0.1,0.7000000000000001
301,21,CLF_UNION,0,1,14,219,56,9,3,5,10,15,0.1,0.7000000000000001
302,21,ORD-UNION,0,0,1,219,43,9,3,5,10,15,0.1,0.7000000000000001
303,21,CARD,21,9,30,219,46,9,3,5,10,15,0.1,0.7000000000000001
304,21,CLF_UNION,21,10,42,219,56,9,3,5,10,15,0.1,0.7000000000000001
305,21,ORD-UNION,19,9,28,219,42,9,3,5,10,15,0.1,0.7000000000000001
306,21,CARD,13,10,24,219,46,9,3,5,10,15,0.1,0.7000000000000001
307,21,CLF_UNION,13,11,36,219,56,9,3,5,10,15,0.1,0.7000000000000001
308,21,ORD-UNION,11,9,20,219,40,9,3,5,10,15,0.1,0.7000000000000001
309,21,CARD,15,0,16,219,48,9,3,5,10,15,0.1,0.7000000000000001
310,21,CLF_UNION,16,0,29,219,55,9,3,5,10,15,0.1,0.7000000000000001
311,21,ORD-UNION,15,0,16,219,42,9,3,5,10,15,0.1,0.7000000000000001
312,21,CARD,16,0,16,219,47,9,3,5,10,15,0.1,0.7000000000000001
313,21,CLF_UNION,16,0,29,219,56,9,3,5,10,15,0.1,0.7000000000000001
314,21,ORD-UNION,15,0,15,219,42,9,3,5,10,15,0.1,0.7000000000000001
315,22,CARD,8,9,17,241,46,9,3,5,10,15,0.1,0.7000000000000001
316,22,CLF_UNION,8,9,28,241,55,9,3,5,10,15,0.1,0.7000000000000001
317,22,ORD-UNION,6,9,15,241,42,9,3,5,10,15,0.1,0.7000000000000001
318,22,CARD,23,0,24,241,46,9,3,5,10,15,0.1,0.7000000000000001
319,22,CLF_UNION,23,0,36,241,56,9,3,5,10,15,0.1,0.7000000000000001
320,22,ORD-UNION,22,0,22,241,42,9,3,5,10,15,0.1,0.7000000000000001
321,22,CARD,15,0,17,241,47,9,3,5,10,15,0.1,0.7000000000000001
322,22,CLF_UNION,15,0,29,241,55,9,3,5,10,15,0.1,0.7000000000000001
323,22,ORD-UNION,14,0,15,241,41,9,3,5,10,15,0.1,0.7000000000000001
324,22,CARD,19,9,31,241,45,9,3,5,10,15,0.1,0.7000000000000001
325,22,CLF_UNION,19,9,41,241,55,9,3,5,10,15,0.1,0.7000000000000001
326,22,ORD-UNION,17,9,27,241,41,9,3,5,10,15,0.1,0.7000000000000001
327,22,CARD,20,9,30,241,46,9,3,5,10,15,0.1,0.7000000000000001
328,22,CLF_UNION,20,9,41,241,55,9,3,5,10,15,0.1,0.7000000000000001
329,22,ORD-UNION,19,9,28,241,42,9,3,5,10,15,0.1,0.7000000000000001
