,budget,model,correct,wrong,total,n_pref_input,n_pref_output,theta_size,theta_additivity,n_items,n_test_subsets,n_tiers,alpha,p
0,1,CARD,8,8,25,1,65,9,3,5,10,3,0.1,0.30000000000000004
1,1,CLF_UNION,25,14,65,1,65,9,3,5,10,3,0.1,0.30000000000000004
2,1,ORD-UNION,0,0,0,1,0,9,3,5,10,3,0.1,0.30000000000000004
3,1,CARD,19,1,24,1,66,9,3,5,10,3,0.1,0.30000000000000004
4,1,CLF_UNION,29,6,61,1,61,9,3,5,10,3,0.1,0.30000000000000004
5,1,ORD-UNION,0,0,0,1,0,9,3,5,10,3,0.1,0.30000000000000004
6,1,CARD,12,2,21,1,69,9,3,5,10,3,0.1,0.30000000000000004
7,1,CLF_UNION,25,14,64,1,64,9,3,5,10,3,0.1,0.30000000000000004
8,1,ORD-UNION,0,0,0,1,0,9,3,5,10,3,0.1,0.30000000000000004
9,1,CARD,18,3,24,1,66,9,3,5,10,3,0.1,0.30000000000000004
10,1,CLF_UNION,33,8,68,1,68,9,3,5,10,3,0.1,0.30000000000000004
11,1,ORD-UNION,0,0,0,1,0,9,3,5,10,3,0.1,0.30000000000000004
12,1,CARD,14,0,24,1,66,9,3,5,10,3,0.1,0.30000000000000004
13,1,CLF_UNION,20,10,68,1,68,9,3,5,10,3,0.1,0.30000000000000004
14,1,ORD-UNION,0,0,0,1,0,9,3,5,10,3,0.1,0.30000000000000004
15,2,CARD,15,10,36,3,53,9,3,5,10,3,0.1,0.30000000000000004
16,2,CLF_UNION,19,15,59,3,60,9,3,5,10,3,0.1,0.30000000000000004
17,2,ORD-UNION,1,0,1,3,2,9,3,5,10,3,0.1,0.30000000000000004
18,2,CARD,19,5,33,3,57,9,3,5,10,3,0.1,0.30000000000000004
19,2,CLF_UNION,25,13,60,3,60,9,3,5,10,3,0.1,0.30000000000000004
20,2,ORD-UNION,1,0,1,3,1,9,3,5,10,3,0.1,0.30000000000000004
21,2,CARD,20,6,37,3,53,9,3,5,10,3,0.1,0.30000000000000004
22,2,CLF_UNION,26,9,59,3,59,9,3,5,10,3,0.1,0.30000000000000004
23,2,ORD-UNION,1,0,1,3,1,9,3,5,10,3,0.1,0.30000000000000004
24,2,CARD,16,9,37,3,53,9,3,5,10,3,0.1,0.30000000000000004
25,2,CLF_UNION,27,7,60,3,60,9,3,5,10,3,0.1,0.30000000000000004
26,2,ORD-UNION,1,0,1,3,1,9,3,5,10,3,0.1,0.30000000000000004
27,2,CARD,16,13,37,3,53,9,3,5,10,3,0.1,0.30000000000000004
28,2,CLF_UNION,23,14,59,3,59,9,3,5,10,3,0.1,0.30000000000000004
29,2,ORD-UNION,0,0,1,3,1,9,3,5,10,3,0.1,0.30000000000000004
30,3,CARD,21,2,39,5,51,9,3,5,10,3,0.1,0.30000000000000004
31,3,CLF_UNION,26,2,57,5,57,9,3,5,10,3,0.1,0.30000000000000004
32,3,ORD-UNION,3,0,3,5,3,9,3,5,10,3,0.1,0.30000000000000004
33,3,CARD,25,3,40,5,50,9,3,5,10,3,0.1,0.30000000000000004
34,3,CLF_UNION,26,9,60,5,60,9,3,5,10,3,0.1,0.30000000000000004
35,3,ORD-UNION,1,0,1,5,1,9,3,5,10,3,0.1,0.30000000000000004
36,3,CARD,21,3,39,5,50,9,3,5,10,3,0.1,0.30000000000000004
37,3,CLF_UNION,25,4,57,5,58,9,3,5,10,3,0.1,0.30000000000000004
38,3,ORD-UNION,2,0,2,5,3,9,3,5,10,3,0.1,0.30000000000000004
39,3,CARD,16,6,31,5,58,9,3,5,10,3,0.1,0.30000000000000004
40,3,CLF_UNION,28,3,58,5,59,9,3,5,10,3,0.1,0.30000000000000004
41,3,ORD-UNION,1,0,1,5,2,9,3,5,10,3,0.1,0.30000000000000004
42,3,CARD,20,5,38,5,52,9,3,5,10,3,0.1,0.30000000000000004
43,3,CLF_UNION,25,8,57,5,57,9,3,5,10,3,0.1,0.30000000000000004
44,3,ORD-UNION,2,0,3,5,3,9,3,5,10,3,0.1,0.30000000000000004
45,4,CARD,16,7,34,8,55,9,3,5,10,3,0.1,0.30000000000000004
46,4,CLF_UNION,24,8,57,8,58,9,3,5,10,3,0.1,0.30000000000000004
47,4,ORD-UNION,3,0,4,8,5,9,3,5,10,3,0.1,0.30000000000000004
48,4,CARD,23,4,37,8,53,9,3,5,10,3,0.1,0.30000000000000004
49,4,CLF_UNION,30,5,58,8,58,9,3,5,10,3,0.1,0.30000000000000004
50,4,ORD-UNION,0,0,1,8,1,9,3,5,10,3,0.1,0.30000000000000004
51,4,CARD,21,5,38,8,52,9,3,5,10,3,0.1,0.30000000000000004
52,4,CLF_UNION,27,6,58,8,58,9,3,5,10,3,0.1,0.30000000000000004
53,4,ORD-UNION,1,0,2,8,2,9,3,5,10,3,0.1,0.30000000000000004
54,4,CARD,22,1,34,8,56,9,3,5,10,3,0.1,0.30000000000000004
55,4,CLF_UNION,26,4,59,8,59,9,3,5,10,3,0.1,0.30000000000000004
56,4,ORD-UNION,3,0,3,8,3,9,3,5,10,3,0.1,0.30000000000000004
57,4,CARD,22,1,33,8,57,9,3,5,10,3,0.1,0.30000000000000004
58,4,CLF_UNION,26,5,58,8,58,9,3,5,10,3,0.1,0.30000000000000004
59,4,ORD-UNION,1,0,2,8,2,9,3,5,10,3,0.1,0.30000000000000004
60,5,CARD,25,5,43,13,47,9,3,5,10,3,0.1,0.30000000000000004
61,5,CLF_UNION,29,3,58,13,58,9,3,5,10,3,0.1,0.30000000000000004
62,5,ORD-UNION,3,0,3,13,3,9,3,5,10,3,0.1,0.30000000000000004
63,5,CARD,26,0,38,13,52,9,3,5,10,3,0.1,0.30000000000000004
64,5,CLF_UNION,29,0,58,13,58,9,3,5,10,3,0.1,0.30000000000000004
65,5,ORD-UNION,0,0,0,13,0,9,3,5,10,3,0.1,0.30000000000000004
66,5,CARD,25,3,39,13,50,9,3,5,10,3,0.1,0.30000000000000004
67,5,CLF_UNION,32,0,54,13,55,9,3,5,10,3,0.1,0.30000000000000004
68,5,ORD-UNION,3,0,4,13,5,9,3,5,10,3,0.1,0.30000000000000004
69,5,CARD,24,4,39,13,49,9,3,5,10,3,0.1,0.30000000000000004
70,5,CLF_UNION,29,3,55,13,57,9,3,5,10,3,0.1,0.30000000000000004
71,5,ORD-UNION,1,0,1,13,3,9,3,5,10,3,0.1,0.30000000000000004
72,5,CARD,22,3,40,13,49,9,3,5,10,3,0.1,0.30000000000000004
73,5,CLF_UNION,28,0,56,13,57,9,3,5,10,3,0.1,0.30000000000000004
74,5,ORD-UNION,0,0,1,13,2,9,3,5,10,3,0.1,0.30000000000000004
75,6,CARD,27,2,40,18,50,9,3,5,10,3,0.1,0.30000000000000004
76,6,CLF_UNION,29,0,56,18,56,9,3,5,10,3,0.1,0.30000000000000004
77,6,ORD-UNION,5,0,6,18,6,9,3,5,10,3,0.1,0.30000000000000004
78,6,CARD,28,0,37,18,53,9,3,5,10,3,0.1,0.30000000000000004
79,6,CLF_UNION,31,1,57,18,57,9,3,5,10,3,0.1,0.30000000000000004
80,6,ORD-UNION,6,0,7,18,7,9,3,5,10,3,0.1,0.30000000000000004
81,6,CARD,31,0,38,18,52,9,3,5,10,3,0.1,0.30000000000000004
82,6,CLF_UNION,31,1,57,18,57,9,3,5,10,3,0.1,0.30000000000000004
83,6,ORD-UNION,2,0,2,18,2,9,3,5,10,3,0.1,0.30000000000000004
84,6,CARD,28,3,41,18,49,9,3,5,10,3,0.1,0.30000000000000004
85,6,CLF_UNION,30,1,56,18,56,9,3,5,10,3,0.1,0.30000000000000004
86,6,ORD-UNION,12,0,13,18,13,9,3,5,10,3,0.1,0.30000000000000004
87,6,CARD,26,2,38,18,52,9,3,5,10,3,0.1,0.30000000000000004
88,6,CLF_UNION,26,4,57,18,57,9,3,5,10,3,0.1,0.30000000000000004
89,6,ORD-UNION,7,0,8,18,8,9,3,5,10,3,0.1,0.30000000000000004
90,7,CARD,24,0,35,23,52,9,3,5,10,3,0.1,0.30000000000000004
91,7,CLF_UNION,24,4,52,23,55,9,3,5,10,3,0.1,0.30000000000000004
92,7,ORD-UNION,3,0,3,23,6,9,3,5,10,3,0.1,0.30000000000000004
93,7,CARD,23,3,41,23,48,9,3,5,10,3,0.1,0.30000000000000004
94,7,CLF_UNION,25,3,54,23,55,9,3,5,10,3,0.1,0.30000000000000004
95,7,ORD-UNION,7,0,9,23,10,9,3,5,10,3,0.1,0.30000000000000004
96,7,CARD,21,0,42,23,48,9,3,5,10,3,0.1,0.30000000000000004
97,7,CLF_UNION,21,0,55,23,55,9,3,5,10,3,0.1,0.30000000000000004
98,7,ORD-UNION,7,0,9,23,9,9,3,5,10,3,0.1,0.30000000000000004
99,7,CARD,31,0,40,23,48,9,3,5,10,3,0.1,0.30000000000000004
100,7,CLF_UNION,30,1,53,23,55,9,3,5,10,3,0.1,0.30000000000000004
101,7,ORD-UNION,13,0,15,23,17,9,3,5,10,3,0.1,0.30000000000000004
102,7,CARD,27,2,42,23,48,9,3,5,10,3,0.1,0.30000000000000004
103,7,CLF_UNION,28,3,55,23,55,9,3,5,10,3,0.1,0.30000000000000004
104,7,ORD-UNION,12,0,14,23,14,9,3,5,10,3,0.1,0.30000000000000004
105,8,CARD,28,0,37,29,50,9,3,5,10,3,0.1,0.30000000000000004
106,8,CLF_UNION,29,2,53,29,56,9,3,5,10,3,0.1,0.30000000000000004
107,8,ORD-UNION,5,0,6,29,9,9,3,5,10,3,0.1,0.30000000000000004
108,8,CARD,28,0,43,29,47,9,3,5,10,3,0.1,0.30000000000000004
109,8,CLF_UNION,28,0,55,29,55,9,3,5,10,3,0.1,0.30000000000000004
110,8,ORD-UNION,12,0,12,29,12,9,3,5,10,3,0.1,0.30000000000000004
111,8,CARD,27,0,39,29,49,9,3,5,10,3,0.1,0.30000000000000004
112,8,CLF_UNION,27,0,53,29,55,9,3,5,10,3,0.1,0.30000000000000004
113,8,ORD-UNION,2,0,4,29,6,9,3,5,10,3,0.1,0.30000000000000004
114,8,CARD,27,2,41,29,48,9,3,5,10,3,0.1,0.30000000000000004
115,8,CLF_UNION,30,1,54,29,55,9,3,5,10,3,0.1,0.30000000000000004
116,8,ORD-UNION,4,0,5,29,6,9,3,5,10,3,0.1,0.30000000000000004
117,8,CARD,30,0,38,29,52,9,3,5,10,3,0.1,0.30000000000000004
118,8,CLF_UNION,32,2,56,29,56,9,3,5,10,3,0.1,0.30000000000000004
119,8,ORD-UNION,7,0,7,29,7,9,3,5,10,3,0.1,0.30000000000000004
120,9,CARD,30,0,42,35,48,9,3,5,10,3,0.1,0.30000000000000004
121,9,CLF_UNION,31,0,55,35,55,9,3,5,10,3,0.1,0.30000000000000004
122,9,ORD-UNION,8,0,8,35,8,9,3,5,10,3,0.1,0.30000000000000004
123,9,CARD,32,0,41,35,48,9,3,5,10,3,0.1,0.30000000000000004
124,9,CLF_UNION,32,0,55,35,56,9,3,5,10,3,0.1,0.30000000000000004
125,9,ORD-UNION,10,0,13,35,14,9,3,5,10,3,0.1,0.30000000000000004
126,9,CARD,22,0,38,35,50,9,3,5,10,3,0.1,0.30000000000000004
127,9,CLF_UNION,22,0,53,35,55,9,3,5,10,3,0.1,0.30000000000000004
128,9,ORD-UNION,4,0,9,35,11,9,3,5,10,3,0.1,0.30000000000000004
129,9,CARD,27,0,39,35,48,9,3,5,10,3,0.1,0.30000000000000004
130,9,CLF_UNION,28,1,53,35,56,9,3,5,10,3,0.1,0.30000000000000004
131,9,ORD-UNION,3,0,7,35,10,9,3,5,10,3,0.1,0.30000000000000004
132,9,CARD,29,0,37,35,51,9,3,5,10,3,0.1,0.30000000000000004
133,9,CLF_UNION,31,0,53,35,55,9,3,5,10,3,0.1,0.30000000000000004
134,9,ORD-UNION,4,0,4,35,6,9,3,5,10,3,0.1,0.30000000000000004
135,10,CARD,28,0,35,43,50,9,3,5,10,3,0.1,0.30000000000000004
136,10,CLF_UNION,28,0,51,43,56,9,3,5,10,3,0.1,0.30000000000000004
137,10,ORD-UNION,11,0,11,43,16,9,3,5,10,3,0.1,0.30000000000000004
138,10,CARD,29,0,37,43,49,9,3,5,10,3,0.1,0.30000000000000004
139,10,CLF_UNION,29,0,52,43,56,9,3,5,10,3,0.1,0.30000000000000004
140,10,ORD-UNION,15,0,16,43,20,9,3,5,10,3,0.1,0.30000000000000004
141,10,CARD,25,0,32,43,50,9,3,5,10,3,0.1,0.30000000000000004
142,10,CLF_UNION,25,0,48,43,56,9,3,5,10,3,0.1,0.30000000000000004
143,10,ORD-UNION,12,0,13,43,21,9,3,5,10,3,0.1,0.30000000000000004
144,10,CARD,28,0,37,43,52,9,3,5,10,3,0.1,0.30000000000000004
145,10,CLF_UNION,31,0,54,43,55,9,3,5,10,3,0.1,0.30000000000000004
146,10,ORD-UNION,7,0,8,43,9,9,3,5,10,3,0.1,0.30000000000000004
147,10,CARD,29,0,41,43,48,9,3,5,10,3,0.1,0.30000000000000004
148,10,CLF_UNION,30,0,55,43,56,9,3,5,10,3,0.1,0.30000000000000004
149,10,ORD-UNION,9,0,11,43,12,9,3,5,10,3,0.1,0.30000000000000004
150,11,CARD,27,2,41,51,46,9,3,5,10,3,0.1,0.30000000000000004
151,11,CLF_UNION,29,0,52,51,55,9,3,5,10,3,0.1,0.30000000000000004
152,11,ORD-UNION,16,0,18,51,21,9,3,5,10,3,0.1,0.30000000000000004
153,11,CARD,23,3,41,51,49,9,3,5,10,3,0.1,0.30000000000000004
154,11,CLF_UNION,28,2,56,51,56,9,3,5,10,3,0.1,0.30000000000000004
155,11,ORD-UNION,9,0,10,51,10,9,3,5,10,3,0.1,0.30000000000000004
156,11,CARD,23,0,32,51,50,9,3,5,10,3,0.1,0.30000000000000004
157,11,CLF_UNION,25,0,48,51,56,9,3,5,10,3,0.1,0.30000000000000004
158,11,ORD-UNION,13,0,15,51,23,9,3,5,10,3,0.1,0.30000000000000004
159,11,CARD,26,0,36,51,49,9,3,5,10,3,0.1,0.30000000000000004
160,11,CLF_UNION,26,0,51,51,56,9,3,5,10,3,0.1,0.30000000000000004
161,11,ORD-UNION,13,0,16,51,21,9,3,5,10,3,0.1,0.30000000000000004
162,11,CARD,26,3,40,51,47,9,3,5,10,3,0.1,0.30000000000000004
163,11,CLF_UNION,29,0,53,51,56,9,3,5,10,3,0.1,0.30000000000000004
164,11,ORD-UNION,13,0,17,51,20,9,3,5,10,3,0.1,0.30000000000000004
165,12,CARD,29,0,39,59,49,9,3,5,10,3,0.1,0.30000000000000004
166,12,CLF_UNION,30,0,54,59,56,9,3,5,10,3,0.1,0.30000000000000004
167,12,ORD-UNION,17,0,20,59,22,9,3,5,10,3,0.1,0.30000000000000004
168,12,CARD,14,5,38,59,49,9,3,5,10,3,0.1,0.30000000000000004
169,12,CLF_UNION,20,0,53,59,56,9,3,5,10,3,0.1,0.30000000000000004
170,12,ORD-UNION,2,0,6,59,9,9,3,5,10,3,0.1,0.30000000000000004
171,12,CARD,26,0,36,59,49,9,3,5,10,3,0.1,0.30000000000000004
172,12,CLF_UNION,26,0,51,59,56,9,3,5,10,3,0.1,0.30000000000000004
173,12,ORD-UNION,12,0,15,59,20,9,3,5,10,3,0.1,0.30000000000000004
174,12,CARD,29,0,37,59,50,9,3,5,10,3,0.1,0.30000000000000004
175,12,CLF_UNION,30,0,52,59,55,9,3,5,10,3,0.1,0.30000000000000004
176,12,ORD-UNION,8,0,9,59,12,9,3,5,10,3,0.1,0.30000000000000004
177,12,CARD,20,2,34,59,51,9,3,5,10,3,0.1,0.30000000000000004
178,12,CLF_UNION,22,0,51,59,56,9,3,5,10,3,0.1,0.30000000000000004
179,12,ORD-UNION,7,0,9,59,14,9,3,5,10,3,0.1,0.30000000000000004
180,13,CARD,21,0,38,68,47,9,3,5,10,3,0.1,0.30000000000000004
181,13,CLF_UNION,22,0,52,68,57,9,3,5,10,3,0.1,0.30000000000000004
182,13,ORD-UNION,7,0,9,68,14,9,3,5,10,3,0.1,0.30000000000000004
183,13,CARD,21,2,41,68,49,9,3,5,10,3,0.1,0.30000000000000004
184,13,CLF_UNION,24,1,59,68,59,9,3,5,10,3,0.1,0.30000000000000004
185,13,ORD-UNION,8,0,14,68,14,9,3,5,10,3,0.1,0.30000000000000004
186,13,CARD,26,0,39,68,48,9,3,5,10,3,0.1,0.30000000000000004
187,13,CLF_UNION,28,0,52,68,55,9,3,5,10,3,0.1,0.30000000000000004
188,13,ORD-UNION,10,0,10,68,13,9,3,5,10,3,0.1,0.30000000000000004
189,13,CARD,19,0,29,68,49,9,3,5,10,3,0.1,0.30000000000000004
190,13,CLF_UNION,20,1,45,68,57,9,3,5,10,3,0.1,0.30000000000000004
191,13,ORD-UNION,11,0,13,68,25,9,3,5,10,3,0.1,0.30000000000000004
192,13,CARD,26,2,38,68,47,9,3,5,10,3,0.1,0.30000000000000004
193,13,CLF_UNION,28,0,51,68,56,9,3,5,10,3,0.1,0.30000000000000004
194,13,ORD-UNION,13,0,14,68,19,9,3,5,10,3,0.1,0.30000000000000004
195,14,CARD,22,0,36,77,49,9,3,5,10,3,0.1,0.30000000000000004
196,14,CLF_UNION,22,0,51,77,56,9,3,5,10,3,0.1,0.30000000000000004
197,14,ORD-UNION,9,0,12,77,17,9,3,5,10,3,0.1,0.30000000000000004
198,14,CARD,28,0,37,77,50,9,3,5,10,3,0.1,0.30000000000000004
199,14,CLF_UNION,28,0,53,77,56,9,3,5,10,3,0.1,0.30000000000000004
200,14,ORD-UNION,12,0,14,77,17,9,3,5,10,3,0.1,0.30000000000000004
201,14,CARD,27,0,33,77,51,9,3,5,10,3,0.1,0.30000000000000004
202,14,CLF_UNION,27,0,50,77,56,9,3,5,10,3,0.1,0.30000000000000004
203,14,ORD-UNION,20,0,22,77,28,9,3,5,10,3,0.1,0.30000000000000004
204,14,CARD,18,3,33,77,49,9,3,5,10,3,0.1,0.30000000000000004
205,14,CLF_UNION,21,0,48,77,56,9,3,5,10,3,0.1,0.30000000000000004
206,14,ORD-UNION,7,0,9,77,17,9,3,5,10,3,0.1,0.30000000000000004
207,14,CARD,24,1,34,77,48,9,3,5,10,3,0.1,0.30000000000000004
208,14,CLF_UNION,25,0,48,77,56,9,3,5,10,3,0.1,0.30000000000000004
209,14,ORD-UNION,13,0,15,77,23,9,3,5,10,3,0.1,0.30000000000000004
210,15,CARD,26,0,37,89,47,9,3,5,10,3,0.1,0.30000000000000004
211,15,CLF_UNION,26,0,49,89,55,9,3,5,10,3,0.1,0.30000000000000004
212,15,ORD-UNION,7,0,11,89,17,9,3,5,10,3,0.1,0.30000000000000004
213,15,CARD,27,0,37,89,48,9,3,5,10,3,0.1,0.30000000000000004
214,15,CLF_UNION,28,0,50,89,55,9,3,5,10,3,0.1,0.30000000000000004
215,15,ORD-UNION,17,0,17,89,22,9,3,5,10,3,0.1,0.30000000000000004
216,15,CARD,21,0,30,89,49,9,3,5,10,3,0.1,0.30000000000000004
217,15,CLF_UNION,21,0,45,89,56,9,3,5,10,3,0.1,0.30000000000000004
218,15,ORD-UNION,8,0,10,89,21,9,3,5,10,3,0.1,0.30000000000000004
219,15,CARD,25,1,37,89,51,9,3,5,10,3,0.1,0.30000000000000004
220,15,CLF_UNION,29,0,53,89,55,9,3,5,10,3,0.1,0.30000000000000004
221,15,ORD-UNION,12,0,14,89,16,9,3,5,10,3,0.1,0.30000000000000004
222,15,CARD,22,4,38,89,50,9,3,5,10,3,0.1,0.30000000000000004
223,15,CLF_UNION,29,0,54,89,56,9,3,5,10,3,0.1,0.30000000000000004
224,15,ORD-UNION,8,0,9,89,11,9,3,5,10,3,0.1,0.30000000000000004
225,16,CARD,13,0,20,100,54,9,3,5,10,3,0.1,0.30000000000000004
226,16,CLF_UNION,15,1,42,100,58,9,3,5,10,3,0.1,0.30000000000000004
227,16,ORD-UNION,3,0,4,100,20,9,3,5,10,3,0.1,0.30000000000000004
228,16,CARD,15,0,30,100,49,9,3,5,10,3,0.1,0.30000000000000004
229,16,CLF_UNION,16,0,46,100,57,9,3,5,10,3,0.1,0.30000000000000004
230,16,ORD-UNION,7,0,10,100,21,9,3,5,10,3,0.1,0.30000000000000004
231,16,CARD,15,1,28,100,50,9,3,5,10,3,0.1,0.30000000000000004
232,16,CLF_UNION,19,0,46,100,58,9,3,5,10,3,0.1,0.30000000000000004
233,16,ORD-UNION,7,0,9,100,21,9,3,5,10,3,0.1,0.30000000000000004
234,16,CARD,12,0,24,100,47,9,3,5,10,3,0.1,0.30000000000000004
235,16,CLF_UNION,12,0,37,100,56,9,3,5,10,3,0.1,0.30000000000000004
236,16,ORD-UNION,4,0,9,100,28,9,3,5,10,3,0.1,0.30000000000000004
237,16,CARD,15,1,27,100,52,9,3,5,10,3,0.1,0.30000000000000004
238,16,CLF_UNION,20,0,46,100,57,9,3,5,10,3,0.1,0.30000000000000004
239,16,ORD-UNION,9,0,11,100,22,9,3,5,10,3,0.1,0.30000000000000004
240,17,CARD,21,0,37,113,47,9,3,5,10,3,0.1,0.30000000000000004
241,17,CLF_UNION,21,0,49,113,55,9,3,5,10,3,0.1,0.30000000000000004
242,17,ORD-UNION,15,0,18,113,24,9,3,5,10,3,0.1,0.30000000000000004
243,17,CARD,17,2,33,113,48,9,3,5,10,3,0.1,0.30000000000000004
244,17,CLF_UNION,19,1,46,113,55,9,3,5,10,3,0.1,0.30000000000000004
245,17,ORD-UNION,7,0,12,113,21,9,3,5,10,3,0.1,0.30000000000000004
246,17,CARD,19,0,27,113,54,9,3,5,10,3,0.1,0.30000000000000004
247,17,CLF_UNION,22,0,50,113,59,9,3,5,10,3,0.1,0.30000000000000004
248,17,ORD-UNION,14,0,15,113,24,9,3,5,10,3,0.1,0.30000000000000004
249,17,CARD,24,0,36,113,47,9,3,5,10,3,0.1,0.30000000000000004
250,17,CLF_UNION,25,0,49,113,56,9,3,5,10,3,0.1,0.30000000000000004
251,17,ORD-UNION,17,0,18,113,25,9,3,5,10,3,0.1,0.30000000000000004
252,17,CARD,23,0,33,113,49,9,3,5,10,3,0.1,0.30000000000000004
253,17,CLF_UNION,24,1,48,113,56,9,3,5,10,3,0.1,0.30000000000000004
254,17,ORD-UNION,10,0,14,113,22,9,3,5,10,3,0.1,0.30000000000000004
255,18,CARD,13,1,18,126,53,9,3,5,10,3,0.1,0.30000000000000004
256,18,CLF_UNION,14,1,39,126,58,9,3,5,10,3,0.1,0.30000000000000004
257,18,ORD-UNION,13,0,13,126,32,9,3,5,10,3,0.1,0.30000000000000004
258,18,CARD,8,1,21,126,50,9,3,5,10,3,0.1,0.30000000000000004
259,18,CLF_UNION,10,1,39,126,58,9,3,5,10,3,0.1,0.30000000000000004
260,18,ORD-UNION,6,0,9,126,28,9,3,5,10,3,0.1,0.30000000000000004
261,18,CARD,11,1,22,126,51,9,3,5,10,3,0.1,0.30000000000000004
262,18,CLF_UNION,12,0,41,126,58,9,3,5,10,3,0.1,0.30000000000000004
263,18,ORD-UNION,3,0,5,126,22,9,3,5,10,3,0.1,0.30000000000000004
264,18,CARD,12,2,23,126,48,9,3,5,10,3,0.1,0.30000000000000004
265,18,CLF_UNION,14,1,39,126,58,9,3,5,10,3,0.1,0.30000000000000004
266,18,ORD-UNION,12,0,15,126,34,9,3,5,10,3,0.1,0.30000000000000004
267,18,CARD,21,0,33,126,46,9,3,5,10,3,0.1,0.30000000000000004
268,18,CLF_UNION,21,0,49,126,60,9,3,5,10,3,0.1,0.30000000000000004
269,18,ORD-UNION,16,0,20,126,31,9,3,5,10,3,0.1,0.30000000000000004
270,19,CARD,13,2,29,139,47,9,3,5,10,3,0.1,0.30000000000000004
271,19,CLF_UNION,15,0,43,139,57,9,3,5,10,3,0.1,0.30000000000000004
272,19,ORD-UNION,8,0,11,139,25,9,3,5,10,3,0.1,0.30000000000000004
273,19,CARD,10,2,20,139,49,9,3,5,10,3,0.1,0.30000000000000004
274,19,CLF_UNION,12,0,35,139,56,9,3,5,10,3,0.1,0.30000000000000004
275,19,ORD-UNION,7,0,9,139,30,9,3,5,10,3,0.1,0.30000000000000004
276,19,CARD,17,3,33,139,46,9,3,5,10,3,0.1,0.30000000000000004
277,19,CLF_UNION,20,0,45,139,56,9,3,5,10,3,0.1,0.30000000000000004
278,19,ORD-UNION,11,0,14,139,25,9,3,5,10,3,0.1,0.30000000000000004
279,19,CARD,8,0,25,139,49,9,3,5,10,3,0.1,0.30000000000000004
280,19,CLF_UNION,8,0,44,139,60,9,3,5,10,3,0.1,0.30000000000000004
281,19,ORD-UNION,3,0,6,139,22,9,3,5,10,3,0.1,0.30000000000000004
282,19,CARD,20,1,30,139,48,9,3,5,10,3,0.1,0.30000000000000004
283,19,CLF_UNION,21,0,46,139,58,9,3,5,10,3,0.1,0.30000000000000004
284,19,ORD-UNION,15,0,18,139,30,9,3,5,10,3,0.1,0.30000000000000004
285,20,CARD,22,1,34,153,49,9,3,5,10,3,0.1,0.30000000000000004
286,20,CLF_UNION,25,0,48,153,55,9,3,5,10,3,0.1,0.30000000000000004
287,20,ORD-UNION,18,0,22,153,29,9,3,5,10,3,0.1,0.30000000000000004
288,20,CARD,11,3,26,153,48,9,3,5,10,3,0.1,0.30000000000000004
289,20,CLF_UNION,15,0,40,153,56,9,3,5,10,3,0.1,0.30000000000000004
290,20,ORD-UNION,10,0,16,153,32,9,3,5,10,3,0.1,0.30000000000000004
291,20,CARD,18,0,28,153,51,9,3,5,10,3,0.1,0.30000000000000004
292,20,CLF_UNION,22,0,45,153,56,9,3,5,10,3,0.1,0.30000000000000004
293,20,ORD-UNION,17,0,19,153,30,9,3,5,10,3,0.1,0.30000000000000004
294,20,CARD,14,3,27,153,47,9,3,5,10,3,0.1,0.30000000000000004
295,20,CLF_UNION,17,0,39,153,55,9,3,5,10,3,0.1,0.30000000000000004
296,20,ORD-UNION,14,0,18,153,34,9,3,5,10,3,0.1,0.30000000000000004
297,20,CARD,14,3,26,153,48,9,3,5,10,3,0.1,0.30000000000000004
298,20,CLF_UNION,17,0,39,153,55,9,3,5,10,3,0.1,0.30000000000000004
299,20,ORD-UNION,14,0,19,153,35,9,3,5,10,3,0.1,0.30000000000000004
300,21,CARD,0,0,8,167,49,9,3,5,10,3,0.1,0.30000000000000004
301,21,CLF_UNION,0,0,24,167,57,9,3,5,10,3,0.1,0.30000000000000004
302,21,ORD-UNION,0,0,1,167,34,9,3,5,10,3,0.1,0.30000000000000004
303,21,CARD,18,2,33,167,46,9,3,5,10,3,0.1,0.30000000000000004
304,21,CLF_UNION,20,0,44,167,55,9,3,5,10,3,0.1,0.30000000000000004
305,21,ORD-UNION,13,0,15,167,26,9,3,5,10,3,0.1,0.30000000000000004
306,21,CARD,15,2,27,167,47,9,3,5,10,3,0.1,0.30000000000000004
307,21,CLF_UNION,17,0,43,167,59,9,3,5,10,3,0.1,0.30000000000000004
308,21,ORD-UNION,13,0,16,167,32,9,3,5,10,3,0.1,0.30000000000000004
309,21,CARD,10,0,25,167,48,9,3,5,10,3,0.1,0.30000000000000004
310,21,CLF_UNION,10,0,40,167,57,9,3,5,10,3,0.1,0.30000000000000004
311,21,ORD-UNION,9,0,15,167,32,9,3,5,10,3,0.1,0.30000000000000004
312,21,CARD,10,1,23,167,47,9,3,5,10,3,0.1,0.30000000000000004
313,21,CLF_UNION,11,0,39,167,59,9,3,5,10,3,0.1,0.30000000000000004
314,21,ORD-UNION,7,0,10,167,30,9,3,5,10,3,0.1,0.30000000000000004
315,22,CARD,12,0,23,181,46,9,3,5,10,3,0.1,0.30000000000000004
316,22,CLF_UNION,12,0,37,181,58,9,3,5,10,3,0.1,0.30000000000000004
317,22,ORD-UNION,12,0,17,181,38,9,3,5,10,3,0.1,0.30000000000000004
318,22,CARD,12,2,28,181,47,9,3,5,10,3,0.1,0.30000000000000004
319,22,CLF_UNION,13,1,41,181,56,9,3,5,10,3,0.1,0.30000000000000004
320,22,ORD-UNION,10,0,19,181,34,9,3,5,10,3,0.1,0.30000000000000004
321,22,CARD,7,4,24,181,46,9,3,5,10,3,0.1,0.30000000000000004
322,22,CLF_UNION,10,2,38,181,58,9,3,5,10,3,0.1,0.30000000000000004
323,22,ORD-UNION,7,0,12,181,32,9,3,5,10,3,0.1,0.30000000000000004
324,22,CARD,19,0,32,181,47,9,3,5,10,3,0.1,0.30000000000000004
325,22,CLF_UNION,20,0,46,181,57,9,3,5,10,3,0.1,0.30000000000000004
326,22,ORD-UNION,17,0,20,181,31,9,3,5,10,3,0.1,0.30000000000000004
327,22,CARD,19,2,32,181,46,9,3,5,10,3,0.1,0.30000000000000004
328,22,CLF_UNION,20,1,43,181,55,9,3,5,10,3,0.1,0.30000000000000004
329,22,ORD-UNION,16,0,20,181,32,9,3,5,10,3,0.1,0.30000000000000004
330,23,CARD,15,1,27,198,47,9,3,5,10,3,0.1,0.30000000000000004
331,23,CLF_UNION,17,0,41,198,57,9,3,5,10,3,0.1,0.30000000000000004
332,23,ORD-UNION,12,0,17,198,33,9,3,5,10,3,0.1,0.30000000000000004
333,23,CARD,10,1,23,198,46,9,3,5,10,3,0.1,0.30000000000000004
334,23,CLF_UNION,11,0,35,198,56,9,3,5,10,3,0.1,0.30000000000000004
335,23,ORD-UNION,8,0,11,198,32,9,3,5,10,3,0.1,0.30000000000000004
336,23,CARD,4,0,16,198,48,9,3,5,10,3,0.1,0.30000000000000004
337,23,CLF_UNION,5,0,29,198,55,9,3,5,10,3,0.1,0.30000000000000004
338,23,ORD-UNION,3,0,6,198,32,9,3,5,10,3,0.1,0.30000000000000004
339,23,CARD,5,1,17,198,47,9,3,5,10,3,0.1,0.30000000000000004
340,23,CLF_UNION,6,0,29,198,55,9,3,5,10,3,0.1,0.30000000000000004
341,23,ORD-UNION,5,0,9,198,35,9,3,5,10,3,0.1,0.30000000000000004
342,23,CARD,21,2,36,198,46,9,3,5,10,3,0.1,0.30000000000000004
343,23,CLF_UNION,22,1,47,198,55,9,3,5,10,3,0.1,0.30000000000000004
344,23,ORD-UNION,15,0,19,198,27,9,3,5,10,3,0.1,0.30000000000000004
345,24,CARD,9,1,23,215,48,9,3,5,10,3,0.1,0.30000000000000004
346,24,CLF_UNION,10,1,39,215,58,9,3,5,10,3,0.1,0.30000000000000004
347,24,ORD-UNION,8,0,17,215,36,9,3,5,10,3,0.1,0.30000000000000004
348,24,CARD,15,0,31,215,48,9,3,5,10,3,0.1,0.30000000000000004
349,24,CLF_UNION,15,1,45,215,56,9,3,5,10,3,0.1,0.30000000000000004
350,24,ORD-UNION,11,0,22,215,33,9,3,5,10,3,0.1,0.30000000000000004
351,24,CARD,6,0,19,215,47,9,3,5,10,3,0.1,0.30000000000000004
352,24,CLF_UNION,6,1,32,215,56,9,3,5,10,3,0.1,0.30000000000000004
353,24,ORD-UNION,6,0,8,215,32,9,3,5,10,3,0.1,0.30000000000000004
354,24,CARD,6,0,18,215,46,9,3,5,10,3,0.1,0.30000000000000004
355,24,CLF_UNION,6,0,29,215,55,9,3,5,10,3,0.1,0.30000000000000004
356,24,ORD-UNION,6,0,11,215,37,9,3,5,10,3,0.1,0.30000000000000004
357,24,CARD,10,2,23,215,47,9,3,5,10,3,0.1,0.30000000000000004
358,24,CLF_UNION,11,2,37,215,57,9,3,5,10,3,0.1,0.30000000000000004
359,24,ORD-UNION,10,0,16,215,36,9,3,5,10,3,0.1,0.30000000000000004
360,1,CARD,14,6,21,1,69,9,2,5,10,3,0.1,0.30000000000000004
361,1,CLF_UNION,25,13,71,1,71,9,2,5,10,3,0.1,0.30000000000000004
362,1,ORD-UNION,0,0,0,1,0,9,2,5,10,3,0.1,0.30000000000000004
363,1,CARD,15,5,25,1,65,9,2,5,10,3,0.1,0.30000000000000004
364,1,CLF_UNION,24,14,73,1,73,9,2,5,10,3,0.1,0.30000000000000004
365,1,ORD-UNION,0,0,0,1,0,9,2,5,10,3,0.1,0.30000000000000004
366,1,CARD,12,7,21,1,69,9,2,5,10,3,0.1,0.30000000000000004
367,1,CLF_UNION,24,18,79,1,79,9,2,5,10,3,0.1,0.30000000000000004
368,1,ORD-UNION,0,0,0,1,0,9,2,5,10,3,0.1,0.30000000000000004
369,1,CARD,4,13,25,1,65,9,2,5,10,3,0.1,0.30000000000000004
370,1,CLF_UNION,21,25,72,1,72,9,2,5,10,3,0.1,0.30000000000000004
371,1,ORD-UNION,0,0,0,1,0,9,2,5,10,3,0.1,0.30000000000000004
372,1,CARD,18,0,24,1,66,9,2,5,10,3,0.1,0.30000000000000004
373,1,CLF_UNION,26,16,69,1,69,9,2,5,10,3,0.1,0.30000000000000004
374,1,ORD-UNION,0,0,0,1,0,9,2,5,10,3,0.1,0.30000000000000004
375,2,CARD,9,7,27,3,63,9,2,5,10,3,0.1,0.30000000000000004
376,2,CLF_UNION,22,8,58,3,58,9,2,5,10,3,0.1,0.30000000000000004
377,2,ORD-UNION,1,0,1,3,1,9,2,5,10,3,0.1,0.30000000000000004
378,2,CARD,22,0,35,3,55,9,2,5,10,3,0.1,0.30000000000000004
379,2,CLF_UNION,22,6,59,3,59,9,2,5,10,3,0.1,0.30000000000000004
380,2,ORD-UNION,0,0,0,3,0,9,2,5,10,3,0.1,0.30000000000000004
381,2,CARD,6,14,35,3,55,9,2,5,10,3,0.1,0.30000000000000004
382,2,CLF_UNION,21,9,59,3,59,9,2,5,10,3,0.1,0.30000000000000004
383,2,ORD-UNION,0,0,0,3,0,9,2,5,10,3,0.1,0.30000000000000004
384,2,CARD,13,12,36,3,54,9,2,5,10,3,0.1,0.30000000000000004
385,2,CLF_UNION,23,8,58,3,58,9,2,5,10,3,0.1,0.30000000000000004
386,2,ORD-UNION,0,0,0,3,0,9,2,5,10,3,0.1,0.30000000000000004
387,2,CARD,8,11,36,3,54,9,2,5,10,3,0.1,0.30000000000000004
388,2,CLF_UNION,19,7,60,3,60,9,2,5,10,3,0.1,0.30000000000000004
389,2,ORD-UNION,1,0,1,3,1,9,2,5,10,3,0.1,0.30000000000000004
390,3,CARD,13,13,40,5,50,9,2,5,10,3,0.1,0.30000000000000004
391,3,CLF_UNION,11,19,56,5,56,9,2,5,10,3,0.1,0.30000000000000004
392,3,ORD-UNION,0,0,1,5,1,9,2,5,10,3,0.1,0.30000000000000004
393,3,CARD,14,8,43,5,47,9,2,5,10,3,0.1,0.30000000000000004
394,3,CLF_UNION,13,10,55,5,55,9,2,5,10,3,0.1,0.30000000000000004
395,3,ORD-UNION,0,0,2,5,2,9,2,5,10,3,0.1,0.30000000000000004
396,3,CARD,18,7,40,5,49,9,2,5,10,3,0.1,0.30000000000000004
397,3,CLF_UNION,22,5,56,5,57,9,2,5,10,3,0.1,0.30000000000000004
398,3,ORD-UNION,0,0,2,5,3,9,2,5,10,3,0.1,0.30000000000000004
399,3,CARD,18,8,40,5,50,9,2,5,10,3,0.1,0.30000000000000004
400,3,CLF_UNION,12,18,57,5,57,9,2,5,10,3,0.1,0.30000000000000004
401,3,ORD-UNION,0,0,1,5,1,9,2,5,10,3,0.1,0.30000000000000004
402,3,CARD,18,7,40,5,48,9,2,5,10,3,0.1,0.30000000000000004
403,3,CLF_UNION,21,6,53,5,55,9,2,5,10,3,0.1,0.30000000000000004
404,3,ORD-UNION,0,0,0,5,2,9,2,5,10,3,0.1,0.30000000000000004
405,4,CARD,13,4,35,7,55,9,2,5,10,3,0.1,0.30000000000000004
406,4,CLF_UNION,23,1,58,7,58,9,2,5,10,3,0.1,0.30000000000000004
407,4,ORD-UNION,0,0,1,7,1,9,2,5,10,3,0.1,0.30000000000000004
408,4,CARD,9,5,32,7,57,9,2,5,10,3,0.1,0.30000000000000004
409,4,CLF_UNION,13,9,59,7,60,9,2,5,10,3,0.1,0.30000000000000004
410,4,ORD-UNION,0,0,0,7,1,9,2,5,10,3,0.1,0.30000000000000004
411,4,CARD,15,8,36,7,54,9,2,5,10,3,0.1,0.30000000000000004
412,4,CLF_UNION,19,10,56,7,56,9,2,5,10,3,0.1,0.30000000000000004
413,4,ORD-UNION,0,0,0,7,0,9,2,5,10,3,0.1,0.30000000000000004
414,4,CARD,13,10,37,7,53,9,2,5,10,3,0.1,0.30000000000000004
415,4,CLF_UNION,14,19,59,7,59,9,2,5,10,3,0.1,0.30000000000000004
416,4,ORD-UNION,0,0,2,7,2,9,2,5,10,3,0.1,0.30000000000000004
417,4,CARD,13,8,32,7,58,9,2,5,10,3,0.1,0.30000000000000004
418,4,CLF_UNION,23,11,59,7,59,9,2,5,10,3,0.1,0.30000000000000004
419,4,ORD-UNION,0,0,0,7,0,9,2,5,10,3,0.1,0.30000000000000004
420,5,CARD,3,23,37,9,53,9,2,5,10,3,0.1,0.30000000000000004
421,5,CLF_UNION,22,17,64,9,64,9,2,5,10,3,0.1,0.30000000000000004
422,5,ORD-UNION,0,0,2,9,2,9,2,5,10,3,0.1,0.30000000000000004
423,5,CARD,14,6,35,9,53,9,2,5,10,3,0.1,0.30000000000000004
424,5,CLF_UNION,25,3,59,9,61,9,2,5,10,3,0.1,0.30000000000000004
425,5,ORD-UNION,0,0,2,9,4,9,2,5,10,3,0.1,0.30000000000000004
426,5,CARD,19,4,36,9,54,9,2,5,10,3,0.1,0.30000000000000004
427,5,CLF_UNION,14,16,60,9,60,9,2,5,10,3,0.1,0.30000000000000004
428,5,ORD-UNION,0,1,1,9,1,9,2,5,10,3,0.1,0.30000000000000004
429,5,CARD,14,12,33,9,57,9,2,5,10,3,0.1,0.30000000000000004
430,5,CLF_UNION,19,20,60,9,60,9,2,5,10,3,0.1,0.30000000000000004
431,5,ORD-UNION,1,0,1,9,1,9,2,5,10,3,0.1,0.30000000000000004
432,5,CARD,21,6,34,9,55,9,2,5,10,3,0.1,0.30000000000000004
433,5,CLF_UNION,28,10,62,9,63,9,2,5,10,3,0.1,0.30000000000000004
434,5,ORD-UNION,1,0,2,9,3,9,2,5,10,3,0.1,0.30000000000000004
435,6,CARD,17,9,38,11,52,9,2,5,10,3,0.1,0.30000000000000004
436,6,CLF_UNION,18,11,56,11,56,9,2,5,10,3,0.1,0.30000000000000004
437,6,ORD-UNION,1,0,2,11,2,9,2,5,10,3,0.1,0.30000000000000004
438,6,CARD,19,5,39,11,51,9,2,5,10,3,0.1,0.30000000000000004
439,6,CLF_UNION,15,12,55,11,55,9,2,5,10,3,0.1,0.30000000000000004
440,6,ORD-UNION,0,0,1,11,1,9,2,5,10,3,0.1,0.30000000000000004
441,6,CARD,27,2,40,11,50,9,2,5,10,3,0.1,0.30000000000000004
442,6,CLF_UNION,27,8,58,11,58,9,2,5,10,3,0.1,0.30000000000000004
443,6,ORD-UNION,0,1,3,11,3,9,2,5,10,3,0.1,0.30000000000000004
444,6,CARD,14,15,41,11,49,9,2,5,10,3,0.1,0.30000000000000004
445,6,CLF_UNION,16,16,55,11,55,9,2,5,10,3,0.1,0.30000000000000004
446,6,ORD-UNION,0,0,2,11,2,9,2,5,10,3,0.1,0.30000000000000004
447,6,CARD,25,3,37,11,53,9,2,5,10,3,0.1,0.30000000000000004
448,6,CLF_UNION,24,10,57,11,57,9,2,5,10,3,0.1,0.30000000000000004
449,6,ORD-UNION,0,0,0,11,0,9,2,5,10,3,0.1,0.30000000000000004
450,7,CARD,17,10,38,13,52,9,2,5,10,3,0.1,0.30000000000000004
451,7,CLF_UNION,19,15,59,13,59,9,2,5,10,3,0.1,0.30000000000000004
452,7,ORD-UNION,0,0,1,13,1,9,2,5,10,3,0.1,0.30000000000000004
453,7,CARD,12,10,35,13,55,9,2,5,10,3,0.1,0.30000000000000004
454,7,CLF_UNION,14,17,57,13,57,9,2,5,10,3,0.1,0.30000000000000004
455,7,ORD-UNION,0,2,4,13,4,9,2,5,10,3,0.1,0.30000000000000004
456,7,CARD,17,3,36,13,51,9,2,5,10,3,0.1,0.30000000000000004
457,7,CLF_UNION,19,8,58,13,61,9,2,5,10,3,0.1,0.30000000000000004
458,7,ORD-UNION,1,1,2,13,5,9,2,5,10,3,0.1,0.30000000000000004
459,7,CARD,9,5,39,13,51,9,2,5,10,3,0.1,0.30000000000000004
460,7,CLF_UNION,10,9,62,13,62,9,2,5,10,3,0.1,0.30000000000000004
461,7,ORD-UNION,0,1,3,13,3,9,2,5,10,3,0.1,0.30000000000000004
462,7,CARD,15,4,34,13,53,9,2,5,10,3,0.1,0.30000000000000004
463,7,CLF_UNION,20,10,63,13,66,9,2,5,10,3,0.1,0.30000000000000004
464,7,ORD-UNION,3,0,5,13,8,9,2,5,10,3,0.1,0.30000000000000004
465,8,CARD,12,6,33,15,57,9,2,5,10,3,0.1,0.30000000000000004
466,8,CLF_UNION,16,7,56,15,56,9,2,5,10,3,0.1,0.30000000000000004
467,8,ORD-UNION,0,1,2,15,2,9,2,5,10,3,0.1,0.30000000000000004
468,8,CARD,26,2,36,15,53,9,2,5,10,3,0.1,0.30000000000000004
469,8,CLF_UNION,29,3,54,15,55,9,2,5,10,3,0.1,0.30000000000000004
470,8,ORD-UNION,0,0,2,15,3,9,2,5,10,3,0.1,0.30000000000000004
471,8,CARD,17,3,33,15,57,9,2,5,10,3,0.1,0.30000000000000004
472,8,CLF_UNION,19,8,55,15,55,9,2,5,10,3,0.1,0.30000000000000004
473,8,ORD-UNION,0,0,2,15,2,9,2,5,10,3,0.1,0.30000000000000004
474,8,CARD,15,10,38,15,52,9,2,5,10,3,0.1,0.30000000000000004
475,8,CLF_UNION,21,10,55,15,55,9,2,5,10,3,0.1,0.30000000000000004
476,8,ORD-UNION,0,1,3,15,3,9,2,5,10,3,0.1,0.30000000000000004
477,8,CARD,15,9,35,15,55,9,2,5,10,3,0.1,0.30000000000000004
478,8,CLF_UNION,18,15,55,15,55,9,2,5,10,3,0.1,0.30000000000000004
479,8,ORD-UNION,1,0,4,15,4,9,2,5,10,3,0.1,0.30000000000000004
480,9,CARD,16,7,37,17,53,9,2,5,10,3,0.1,0.30000000000000004
481,9,CLF_UNION,19,9,56,17,56,9,2,5,10,3,0.1,0.30000000000000004
482,9,ORD-UNION,0,0,3,17,3,9,2,5,10,3,0.1,0.30000000000000004
483,9,CARD,9,10,37,17,53,9,2,5,10,3,0.1,0.30000000000000004
484,9,CLF_UNION,11,12,55,17,55,9,2,5,10,3,0.1,0.30000000000000004
485,9,ORD-UNION,0,1,6,17,6,9,2,5,10,3,0.1,0.30000000000000004
486,9,CARD,12,12,38,17,52,9,2,5,10,3,0.1,0.30000000000000004
487,9,CLF_UNION,13,14,55,17,55,9,2,5,10,3,0.1,0.30000000000000004
488,9,ORD-UNION,0,1,3,17,3,9,2,5,10,3,0.1,0.30000000000000004
489,9,CARD,12,12,33,17,57,9,2,5,10,3,0.1,0.30000000000000004
490,9,CLF_UNION,15,17,55,17,55,9,2,5,10,3,0.1,0.30000000000000004
491,9,ORD-UNION,0,0,1,17,1,9,2,5,10,3,0.1,0.30000000000000004
492,9,CARD,13,1,36,17,54,9,2,5,10,3,0.1,0.30000000000000004
493,9,CLF_UNION,13,3,56,17,56,9,2,5,10,3,0.1,0.30000000000000004
494,9,ORD-UNION,0,0,5,17,5,9,2,5,10,3,0.1,0.30000000000000004
495,10,CARD,13,14,42,19,48,9,2,5,10,3,0.1,0.30000000000000004
496,10,CLF_UNION,15,18,60,19,60,9,2,5,10,3,0.1,0.30000000000000004
497,10,ORD-UNION,0,0,2,19,2,9,2,5,10,3,0.1,0.30000000000000004
498,10,CARD,5,11,38,19,52,9,2,5,10,3,0.1,0.30000000000000004
499,10,CLF_UNION,7,13,61,19,61,9,2,5,10,3,0.1,0.30000000000000004
500,10,ORD-UNION,0,2,4,19,4,9,2,5,10,3,0.1,0.30000000000000004
501,10,CARD,4,14,38,19,49,9,2,5,10,3,0.1,0.30000000000000004
502,10,CLF_UNION,6,16,54,19,57,9,2,5,10,3,0.1,0.30000000000000004
503,10,ORD-UNION,2,2,6,19,9,9,2,5,10,3,0.1,0.30000000000000004
504,10,CARD,4,12,37,19,53,9,2,5,10,3,0.1,0.30000000000000004
505,10,CLF_UNION,6,14,58,19,58,9,2,5,10,3,0.1,0.30000000000000004
506,10,ORD-UNION,0,0,2,19,2,9,2,5,10,3,0.1,0.30000000000000004
507,10,CARD,11,5,42,19,48,9,2,5,10,3,0.1,0.30000000000000004
508,10,CLF_UNION,13,6,59,19,59,9,2,5,10,3,0.1,0.30000000000000004
509,10,ORD-UNION,0,0,6,19,6,9,2,5,10,3,0.1,0.30000000000000004
510,11,CARD,16,5,39,29,51,9,2,5,10,3,0.1,0.30000000000000004
511,11,CLF_UNION,12,9,60,29,60,9,2,5,10,3,0.1,0.30000000000000004
512,11,ORD-UNION,1,1,6,29,6,9,2,5,10,3,0.1,0.30000000000000004
513,11,CARD,15,3,32,29,52,9,2,5,10,3,0.1,0.30000000000000004
514,11,CLF_UNION,15,6,53,29,59,9,2,5,10,3,0.1,0.30000000000000004
515,11,ORD-UNION,0,0,5,29,11,9,2,5,10,3,0.1,0.30000000000000004
516,11,CARD,21,4,40,29,48,9,2,5,10,3,0.1,0.30000000000000004
517,11,CLF_UNION,19,8,56,29,58,9,2,5,10,3,0.1,0.30000000000000004
518,11,ORD-UNION,2,0,6,29,8,9,2,5,10,3,0.1,0.30000000000000004
519,11,CARD,18,9,37,29,49,9,2,5,10,3,0.1,0.30000000000000004
520,11,CLF_UNION,20,15,60,29,64,9,2,5,10,3,0.1,0.30000000000000004
521,11,ORD-UNION,2,4,7,29,11,9,2,5,10,3,0.1,0.30000000000000004
522,11,CARD,15,10,38,29,49,9,2,5,10,3,0.1,0.30000000000000004
523,11,CLF_UNION,16,14,58,29,61,9,2,5,10,3,0.1,0.30000000000000004
524,11,ORD-UNION,3,2,10,29,13,9,2,5,10,3,0.1,0.30000000000000004
525,12,CARD,15,7,34,32,56,9,2,5,10,3,0.1,0.30000000000000004
526,12,CLF_UNION,10,17,55,32,55,9,2,5,10,3,0.1,0.30000000000000004
527,12,ORD-UNION,1,1,8,32,8,9,2,5,10,3,0.1,0.30000000000000004
528,12,CARD,15,14,39,32,51,9,2,5,10,3,0.1,0.30000000000000004
529,12,CLF_UNION,8,21,55,32,55,9,2,5,10,3,0.1,0.30000000000000004
530,12,ORD-UNION,1,5,8,32,8,9,2,5,10,3,0.1,0.30000000000000004
531,12,CARD,15,9,37,32,48,9,2,5,10,3,0.1,0.30000000000000004
532,12,CLF_UNION,13,11,51,32,56,9,2,5,10,3,0.1,0.30000000000000004
533,12,ORD-UNION,3,1,5,32,10,9,2,5,10,3,0.1,0.30000000000000004
534,12,CARD,26,0,43,32,47,9,2,5,10,3,0.1,0.30000000000000004
535,12,CLF_UNION,24,3,56,32,56,9,2,5,10,3,0.1,0.30000000000000004
536,12,ORD-UNION,3,0,6,32,6,9,2,5,10,3,0.1,0.30000000000000004
537,12,CARD,23,1,39,32,48,9,2,5,10,3,0.1,0.30000000000000004
538,12,CLF_UNION,22,3,52,32,55,9,2,5,10,3,0.1,0.30000000000000004
539,12,ORD-UNION,3,0,8,32,11,9,2,5,10,3,0.1,0.30000000000000004
540,13,CARD,9,5,32,43,50,9,2,5,10,3,0.1,0.30000000000000004
541,13,CLF_UNION,8,7,47,43,55,9,2,5,10,3,0.1,0.30000000000000004
542,13,ORD-UNION,5,0,8,43,16,9,2,5,10,3,0.1,0.30000000000000004
543,13,CARD,21,2,35,43,51,9,2,5,10,3,0.1,0.30000000000000004
544,13,CLF_UNION,23,4,52,43,56,9,2,5,10,3,0.1,0.30000000000000004
545,13,ORD-UNION,6,1,12,43,16,9,2,5,10,3,0.1,0.30000000000000004
546,13,CARD,25,0,35,43,51,9,2,5,10,3,0.1,0.30000000000000004
547,13,CLF_UNION,27,0,52,43,56,9,2,5,10,3,0.1,0.30000000000000004
548,13,ORD-UNION,8,0,11,43,15,9,2,5,10,3,0.1,0.30000000000000004
549,13,CARD,17,1,33,43,49,9,2,5,10,3,0.1,0.30000000000000004
550,13,CLF_UNION,17,3,48,43,56,9,2,5,10,3,0.1,0.30000000000000004
551,13,ORD-UNION,6,0,11,43,19,9,2,5,10,3,0.1,0.30000000000000004
552,13,CARD,22,5,36,43,54,9,2,5,10,3,0.1,0.30000000000000004
553,13,CLF_UNION,23,9,55,43,55,9,2,5,10,3,0.1,0.30000000000000004
554,13,ORD-UNION,5,2,10,43,10,9,2,5,10,3,0.1,0.30000000000000004
555,14,CARD,6,9,43,57,47,9,2,5,10,3,0.1,0.30000000000000004
556,14,CLF_UNION,9,7,55,57,55,9,2,5,10,3,0.1,0.30000000000000004
557,14,ORD-UNION,2,0,7,57,7,9,2,5,10,3,0.1,0.30000000000000004
558,14,CARD,19,3,34,57,50,9,2,5,10,3,0.1,0.30000000000000004
559,14,CLF_UNION,22,2,50,57,56,9,2,5,10,3,0.1,0.30000000000000004
560,14,ORD-UNION,11,0,15,57,21,9,2,5,10,3,0.1,0.30000000000000004
561,14,CARD,15,8,37,57,48,9,2,5,10,3,0.1,0.30000000000000004
562,14,CLF_UNION,16,8,51,57,56,9,2,5,10,3,0.1,0.30000000000000004
563,14,ORD-UNION,6,0,9,57,14,9,2,5,10,3,0.1,0.30000000000000004
564,14,CARD,17,9,41,57,46,9,2,5,10,3,0.1,0.30000000000000004
565,14,CLF_UNION,17,9,52,57,55,9,2,5,10,3,0.1,0.30000000000000004
566,14,ORD-UNION,10,5,19,57,22,9,2,5,10,3,0.1,0.30000000000000004
567,14,CARD,12,11,37,57,49,9,2,5,10,3,0.1,0.30000000000000004
568,14,CLF_UNION,15,9,51,57,55,9,2,5,10,3,0.1,0.30000000000000004
569,14,ORD-UNION,8,1,13,57,17,9,2,5,10,3,0.1,0.30000000000000004
570,15,CARD,17,1,38,62,47,9,2,5,10,3,0.1,0.30000000000000004
571,15,CLF_UNION,16,2,51,62,56,9,2,5,10,3,0.1,0.30000000000000004
572,15,ORD-UNION,7,0,9,62,14,9,2,5,10,3,0.1,0.30000000000000004
573,15,CARD,14,9,39,62,51,9,2,5,10,3,0.1,0.30000000000000004
574,15,CLF_UNION,15,9,57,62,57,9,2,5,10,3,0.1,0.30000000000000004
575,15,ORD-UNION,3,1,8,62,8,9,2,5,10,3,0.1,0.30000000000000004
576,15,CARD,5,9,32,62,51,9,2,5,10,3,0.1,0.30000000000000004
577,15,CLF_UNION,9,5,48,62,55,9,2,5,10,3,0.1,0.30000000000000004
578,15,ORD-UNION,1,0,5,62,12,9,2,5,10,3,0.1,0.30000000000000004
579,15,CARD,15,14,39,62,47,9,2,5,10,3,0.1,0.30000000000000004
580,15,CLF_UNION,15,14,51,62,55,9,2,5,10,3,0.1,0.30000000000000004
581,15,ORD-UNION,5,9,15,62,19,9,2,5,10,3,0.1,0.30000000000000004
582,15,CARD,11,13,33,62,49,9,2,5,10,3,0.1,0.30000000000000004
583,15,CLF_UNION,12,14,48,62,56,9,2,5,10,3,0.1,0.30000000000000004
584,15,ORD-UNION,0,8,10,62,18,9,2,5,10,3,0.1,0.30000000000000004
