,budget,model,correct,wrong,total,n_pref_input,n_pref_output,theta_size,theta_additivity,n_items,n_test_subsets,n_tiers,alpha,p
0,1,CARD,6,17,25,1,65,9,5,5,10,18,0.1,0.7000000000000001
1,1,CLF_UNION,35,25,73,1,73,9,5,5,10,18,0.1,0.7000000000000001
2,1,ORD-UNION,0,0,0,1,0,9,5,5,10,18,0.1,0.7000000000000001
3,1,CARD,17,6,24,1,66,9,5,5,10,18,0.1,0.7000000000000001
4,1,CLF_UNION,34,16,63,1,63,9,5,5,10,18,0.1,0.7000000000000001
5,1,ORD-UNION,0,0,0,1,0,9,5,5,10,18,0.1,0.7000000000000001
6,1,CARD,11,7,21,1,69,9,5,5,10,18,0.1,0.7000000000000001
7,1,CLF_UNION,27,26,68,1,68,9,5,5,10,18,0.1,0.7000000000000001
8,1,ORD-UNION,0,0,0,1,0,9,5,5,10,18,0.1,0.7000000000000001
9,1,CARD,14,10,24,1,66,9,5,5,10,18,0.1,0.7000000000000001
10,1,CLF_UNION,34,26,71,1,71,9,5,5,10,18,0.1,0.7000000000000001
11,1,ORD-UNION,0,0,0,1,0,9,5,5,10,18,0.1,0.7000000000000001
12,1,CARD,12,10,24,1,66,9,5,5,10,18,0.1,0.7000000000000001
13,1,CLF_UNION,26,28,68,1,68,9,5,5,10,18,0.1,0.7000000000000001
14,1,ORD-UNION,0,0,0,1,0,9,5,5,10,18,0.1,0.7000000000000001
15,2,CARD,21,13,36,3,53,9,5,5,10,18,0.1,0.7000000000000001
16,2,CLF_UNION,29,19,60,3,61,9,5,5,10,18,0.1,0.7000000000000001
17,2,ORD-UNION,1,0,1,3,2,9,5,5,10,18,0.1,0.7000000000000001
18,2,CARD,19,8,33,3,57,9,5,5,10,18,0.1,0.7000000000000001
19,2,CLF_UNION,22,22,61,3,61,9,5,5,10,18,0.1,0.7000000000000001
20,2,ORD-UNION,1,0,1,3,1,9,5,5,10,18,0.1,0.7000000000000001
21,2,CARD,25,10,37,3,53,9,5,5,10,18,0.1,0.7000000000000001
22,2,CLF_UNION,33,13,59,3,59,9,5,5,10,18,0.1,0.7000000000000001
23,2,ORD-UNION,1,0,1,3,1,9,5,5,10,18,0.1,0.7000000000000001
24,2,CARD,26,8,37,3,53,9,5,5,10,18,0.1,0.7000000000000001
25,2,CLF_UNION,33,15,61,3,61,9,5,5,10,18,0.1,0.7000000000000001
26,2,ORD-UNION,2,0,2,3,2,9,5,5,10,18,0.1,0.7000000000000001
27,2,CARD,23,12,37,3,53,9,5,5,10,18,0.1,0.7000000000000001
28,2,CLF_UNION,28,20,60,3,60,9,5,5,10,18,0.1,0.7000000000000001
29,2,ORD-UNION,2,1,3,3,3,9,5,5,10,18,0.1,0.7000000000000001
30,3,CARD,30,6,39,5,51,9,5,5,10,18,0.1,0.7000000000000001
31,3,CLF_UNION,39,7,59,5,59,9,5,5,10,18,0.1,0.7000000000000001
32,3,ORD-UNION,2,0,2,5,2,9,5,5,10,18,0.1,0.7000000000000001
33,3,CARD,34,3,40,5,50,9,5,5,10,18,0.1,0.7000000000000001
34,3,CLF_UNION,38,10,61,5,61,9,5,5,10,18,0.1,0.7000000000000001
35,3,ORD-UNION,0,0,0,5,0,9,5,5,10,18,0.1,0.7000000000000001
36,3,CARD,29,3,39,5,50,9,5,5,10,18,0.1,0.7000000000000001
37,3,CLF_UNION,32,6,58,5,59,9,5,5,10,18,0.1,0.7000000000000001
38,3,ORD-UNION,2,0,2,5,3,9,5,5,10,18,0.1,0.7000000000000001
39,3,CARD,19,11,31,5,58,9,5,5,10,18,0.1,0.7000000000000001
40,3,CLF_UNION,35,15,61,5,62,9,5,5,10,18,0.1,0.7000000000000001
41,3,ORD-UNION,0,0,0,5,1,9,5,5,10,18,0.1,0.7000000000000001
42,3,CARD,27,8,38,5,52,9,5,5,10,18,0.1,0.7000000000000001
43,3,CLF_UNION,31,14,59,5,59,9,5,5,10,18,0.1,0.7000000000000001
44,3,ORD-UNION,1,1,2,5,2,9,5,5,10,18,0.1,0.7000000000000001
45,4,CARD,19,16,36,9,53,9,5,5,10,18,0.1,0.7000000000000001
46,4,CLF_UNION,31,19,61,9,62,9,5,5,10,18,0.1,0.7000000000000001
47,4,ORD-UNION,1,1,2,9,3,9,5,5,10,18,0.1,0.7000000000000001
48,4,CARD,25,9,35,9,55,9,5,5,10,18,0.1,0.7000000000000001
49,4,CLF_UNION,34,13,60,9,60,9,5,5,10,18,0.1,0.7000000000000001
50,4,ORD-UNION,1,0,1,9,1,9,5,5,10,18,0.1,0.7000000000000001
51,4,CARD,28,8,38,9,52,9,5,5,10,18,0.1,0.7000000000000001
52,4,CLF_UNION,35,14,62,9,62,9,5,5,10,18,0.1,0.7000000000000001
53,4,ORD-UNION,1,1,2,9,2,9,5,5,10,18,0.1,0.7000000000000001
54,4,CARD,30,8,40,9,50,9,5,5,10,18,0.1,0.7000000000000001
55,4,CLF_UNION,41,11,64,9,64,9,5,5,10,18,0.1,0.7000000000000001
56,4,ORD-UNION,2,0,2,9,2,9,5,5,10,18,0.1,0.7000000000000001
57,4,CARD,29,7,38,9,51,9,5,5,10,18,0.1,0.7000000000000001
58,4,CLF_UNION,39,10,61,9,62,9,5,5,10,18,0.1,0.7000000000000001
59,4,ORD-UNION,1,0,1,9,2,9,5,5,10,18,0.1,0.7000000000000001
60,5,CARD,34,9,45,14,45,9,5,5,10,18,0.1,0.7000000000000001
61,5,CLF_UNION,32,12,56,14,56,9,5,5,10,18,0.1,0.7000000000000001
62,5,ORD-UNION,3,0,3,14,3,9,5,5,10,18,0.1,0.7000000000000001
63,5,CARD,29,9,41,14,49,9,5,5,10,18,0.1,0.7000000000000001
64,5,CLF_UNION,40,2,56,14,56,9,5,5,10,18,0.1,0.7000000000000001
65,5,ORD-UNION,0,0,0,14,0,9,5,5,10,18,0.1,0.7000000000000001
66,5,CARD,30,9,42,14,47,9,5,5,10,18,0.1,0.7000000000000001
67,5,CLF_UNION,32,9,54,14,55,9,5,5,10,18,0.1,0.7000000000000001
68,5,ORD-UNION,1,2,3,14,4,9,5,5,10,18,0.1,0.7000000000000001
69,5,CARD,29,7,40,14,47,9,5,5,10,18,0.1,0.7000000000000001
70,5,CLF_UNION,37,1,53,14,56,9,5,5,10,18,0.1,0.7000000000000001
71,5,ORD-UNION,1,0,1,14,4,9,5,5,10,18,0.1,0.7000000000000001
72,5,CARD,37,2,42,14,47,9,5,5,10,18,0.1,0.7000000000000001
73,5,CLF_UNION,40,1,54,14,55,9,5,5,10,18,0.1,0.7000000000000001
74,5,ORD-UNION,1,0,1,14,2,9,5,5,10,18,0.1,0.7000000000000001
75,6,CARD,37,1,41,19,49,9,5,5,10,18,0.1,0.7000000000000001
76,6,CLF_UNION,41,1,58,19,58,9,5,5,10,18,0.1,0.7000000000000001
77,6,ORD-UNION,8,0,8,19,8,9,5,5,10,18,0.1,0.7000000000000001
78,6,CARD,26,8,35,19,55,9,5,5,10,18,0.1,0.7000000000000001
79,6,CLF_UNION,32,12,62,19,62,9,5,5,10,18,0.1,0.7000000000000001
80,6,ORD-UNION,3,3,6,19,6,9,5,5,10,18,0.1,0.7000000000000001
81,6,CARD,34,2,38,19,51,9,5,5,10,18,0.1,0.7000000000000001
82,6,CLF_UNION,40,3,59,19,60,9,5,5,10,18,0.1,0.7000000000000001
83,6,ORD-UNION,2,0,2,19,3,9,5,5,10,18,0.1,0.7000000000000001
84,6,CARD,26,11,37,19,53,9,5,5,10,18,0.1,0.7000000000000001
85,6,CLF_UNION,35,9,56,19,56,9,5,5,10,18,0.1,0.7000000000000001
86,6,ORD-UNION,6,3,9,19,9,9,5,5,10,18,0.1,0.7000000000000001
87,6,CARD,24,13,40,19,49,9,5,5,10,18,0.1,0.7000000000000001
88,6,CLF_UNION,30,10,58,19,59,9,5,5,10,18,0.1,0.7000000000000001
89,6,ORD-UNION,2,3,5,19,6,9,5,5,10,18,0.1,0.7000000000000001
90,7,CARD,35,3,40,26,47,9,5,5,10,18,0.1,0.7000000000000001
91,7,CLF_UNION,39,2,54,26,57,9,5,5,10,18,0.1,0.7000000000000001
92,7,ORD-UNION,6,0,6,26,9,9,5,5,10,18,0.1,0.7000000000000001
93,7,CARD,33,5,43,26,46,9,5,5,10,18,0.1,0.7000000000000001
94,7,CLF_UNION,39,0,55,26,56,9,5,5,10,18,0.1,0.7000000000000001
95,7,ORD-UNION,6,0,6,26,7,9,5,5,10,18,0.1,0.7000000000000001
96,7,CARD,28,11,41,26,49,9,5,5,10,18,0.1,0.7000000000000001
97,7,CLF_UNION,42,4,58,26,58,9,5,5,10,18,0.1,0.7000000000000001
98,7,ORD-UNION,9,0,9,26,9,9,5,5,10,18,0.1,0.7000000000000001
99,7,CARD,27,11,40,26,47,9,5,5,10,18,0.1,0.7000000000000001
100,7,CLF_UNION,31,10,54,26,57,9,5,5,10,18,0.1,0.7000000000000001
101,7,ORD-UNION,2,4,6,26,9,9,5,5,10,18,0.1,0.7000000000000001
102,7,CARD,32,10,44,26,46,9,5,5,10,18,0.1,0.7000000000000001
103,7,CLF_UNION,34,10,56,26,56,9,5,5,10,18,0.1,0.7000000000000001
104,7,ORD-UNION,9,3,12,26,12,9,5,5,10,18,0.1,0.7000000000000001
105,8,CARD,37,1,40,32,47,9,5,5,10,18,0.1,0.7000000000000001
106,8,CLF_UNION,39,0,52,32,55,9,5,5,10,18,0.1,0.7000000000000001
107,8,ORD-UNION,5,0,5,32,8,9,5,5,10,18,0.1,0.7000000000000001
108,8,CARD,28,10,43,32,47,9,5,5,10,18,0.1,0.7000000000000001
109,8,CLF_UNION,29,10,55,32,55,9,5,5,10,18,0.1,0.7000000000000001
110,8,ORD-UNION,4,5,9,32,9,9,5,5,10,18,0.1,0.7000000000000001
111,8,CARD,31,6,39,32,48,9,5,5,10,18,0.1,0.7000000000000001
112,8,CLF_UNION,38,3,53,32,56,9,5,5,10,18,0.1,0.7000000000000001
113,8,ORD-UNION,5,0,5,32,8,9,5,5,10,18,0.1,0.7000000000000001
114,8,CARD,34,4,42,32,47,9,5,5,10,18,0.1,0.7000000000000001
115,8,CLF_UNION,37,2,54,32,55,9,5,5,10,18,0.1,0.7000000000000001
116,8,ORD-UNION,7,0,7,32,8,9,5,5,10,18,0.1,0.7000000000000001
117,8,CARD,36,3,41,32,48,9,5,5,10,18,0.1,0.7000000000000001
118,8,CLF_UNION,40,2,55,32,56,9,5,5,10,18,0.1,0.7000000000000001
119,8,ORD-UNION,12,0,12,32,13,9,5,5,10,18,0.1,0.7000000000000001
120,9,CARD,36,5,42,41,48,9,5,5,10,18,0.1,0.7000000000000001
121,9,CLF_UNION,42,2,55,41,55,9,5,5,10,18,0.1,0.7000000000000001
122,9,ORD-UNION,8,0,8,41,8,9,5,5,10,18,0.1,0.7000000000000001
123,9,CARD,30,11,42,41,47,9,5,5,10,18,0.1,0.7000000000000001
124,9,CLF_UNION,33,10,54,41,55,9,5,5,10,18,0.1,0.7000000000000001
125,9,ORD-UNION,10,5,15,41,16,9,5,5,10,18,0.1,0.7000000000000001
126,9,CARD,33,4,42,41,45,9,5,5,10,18,0.1,0.7000000000000001
127,9,CLF_UNION,37,0,53,41,56,9,5,5,10,18,0.1,0.7000000000000001
128,9,ORD-UNION,8,0,8,41,11,9,5,5,10,18,0.1,0.7000000000000001
129,9,CARD,31,5,38,41,46,9,5,5,10,18,0.1,0.7000000000000001
130,9,CLF_UNION,37,2,51,41,57,9,5,5,10,18,0.1,0.7000000000000001
131,9,ORD-UNION,11,0,11,41,17,9,5,5,10,18,0.1,0.7000000000000001
132,9,CARD,36,2,41,41,46,9,5,5,10,18,0.1,0.7000000000000001
133,9,CLF_UNION,39,1,53,41,56,9,5,5,10,18,0.1,0.7000000000000001
134,9,ORD-UNION,4,0,4,41,7,9,5,5,10,18,0.1,0.7000000000000001
135,10,CARD,22,13,36,51,49,9,5,5,10,18,0.1,0.7000000000000001
136,10,CLF_UNION,26,10,50,51,55,9,5,5,10,18,0.1,0.7000000000000001
137,10,ORD-UNION,9,5,14,51,19,9,5,5,10,18,0.1,0.7000000000000001
138,10,CARD,30,3,38,51,47,9,5,5,10,18,0.1,0.7000000000000001
139,10,CLF_UNION,32,2,50,51,55,9,5,5,10,18,0.1,0.7000000000000001
140,10,ORD-UNION,16,0,16,51,21,9,5,5,10,18,0.1,0.7000000000000001
141,10,CARD,27,4,33,51,47,9,5,5,10,18,0.1,0.7000000000000001
142,10,CLF_UNION,28,4,45,51,55,9,5,5,10,18,0.1,0.7000000000000001
143,10,ORD-UNION,12,0,12,51,22,9,5,5,10,18,0.1,0.7000000000000001
144,10,CARD,31,5,41,51,48,9,5,5,10,18,0.1,0.7000000000000001
145,10,CLF_UNION,37,2,54,51,55,9,5,5,10,18,0.1,0.7000000000000001
146,10,ORD-UNION,12,0,13,51,14,9,5,5,10,18,0.1,0.7000000000000001
147,10,CARD,35,6,42,51,47,9,5,5,10,18,0.1,0.7000000000000001
148,10,CLF_UNION,38,5,54,51,55,9,5,5,10,18,0.1,0.7000000000000001
149,10,ORD-UNION,13,0,13,51,14,9,5,5,10,18,0.1,0.7000000000000001
150,11,CARD,27,11,41,61,46,9,5,5,10,18,0.1,0.7000000000000001
151,11,CLF_UNION,29,9,53,61,56,9,5,5,10,18,0.1,0.7000000000000001
152,11,ORD-UNION,13,6,19,61,22,9,5,5,10,18,0.1,0.7000000000000001
153,11,CARD,35,6,44,61,46,9,5,5,10,18,0.1,0.7000000000000001
154,11,CLF_UNION,36,6,57,61,57,9,5,5,10,18,0.1,0.7000000000000001
155,11,ORD-UNION,11,0,11,61,11,9,5,5,10,18,0.1,0.7000000000000001
156,11,CARD,29,0,32,61,49,9,5,5,10,18,0.1,0.7000000000000001
157,11,CLF_UNION,28,1,47,61,56,9,5,5,10,18,0.1,0.7000000000000001
158,11,ORD-UNION,17,0,20,61,29,9,5,5,10,18,0.1,0.7000000000000001
159,11,CARD,28,9,38,61,46,9,5,5,10,18,0.1,0.7000000000000001
160,11,CLF_UNION,30,10,52,61,58,9,5,5,10,18,0.1,0.7000000000000001
161,11,ORD-UNION,10,6,16,61,22,9,5,5,10,18,0.1,0.7000000000000001
162,11,CARD,27,13,41,61,46,9,5,5,10,18,0.1,0.7000000000000001
163,11,CLF_UNION,30,15,56,61,59,9,5,5,10,18,0.1,0.7000000000000001
164,11,ORD-UNION,13,7,20,61,23,9,5,5,10,18,0.1,0.7000000000000001
165,12,CARD,28,10,41,71,47,9,5,5,10,18,0.1,0.7000000000000001
166,12,CLF_UNION,27,12,55,71,57,9,5,5,10,18,0.1,0.7000000000000001
167,12,ORD-UNION,10,6,16,71,18,9,5,5,10,18,0.1,0.7000000000000001
168,12,CARD,29,8,40,71,47,9,5,5,10,18,0.1,0.7000000000000001
169,12,CLF_UNION,34,5,54,71,57,9,5,5,10,18,0.1,0.7000000000000001
170,12,ORD-UNION,11,0,12,71,15,9,5,5,10,18,0.1,0.7000000000000001
171,12,CARD,35,0,37,71,47,9,5,5,10,18,0.1,0.7000000000000001
172,12,CLF_UNION,34,4,50,71,56,9,5,5,10,18,0.1,0.7000000000000001
173,12,ORD-UNION,11,0,11,71,17,9,5,5,10,18,0.1,0.7000000000000001
174,12,CARD,34,1,37,71,48,9,5,5,10,18,0.1,0.7000000000000001
175,12,CLF_UNION,34,2,51,71,56,9,5,5,10,18,0.1,0.7000000000000001
176,12,ORD-UNION,21,0,21,71,26,9,5,5,10,18,0.1,0.7000000000000001
177,12,CARD,31,2,37,71,47,9,5,5,10,18,0.1,0.7000000000000001
178,12,CLF_UNION,33,2,50,71,56,9,5,5,10,18,0.1,0.7000000000000001
179,12,ORD-UNION,7,0,7,71,13,9,5,5,10,18,0.1,0.7000000000000001
180,13,CARD,22,14,38,83,47,9,5,5,10,18,0.1,0.7000000000000001
181,13,CLF_UNION,23,13,51,83,56,9,5,5,10,18,0.1,0.7000000000000001
182,13,ORD-UNION,6,5,11,83,16,9,5,5,10,18,0.1,0.7000000000000001
183,13,CARD,29,7,39,83,45,9,5,5,10,18,0.1,0.7000000000000001
184,13,CLF_UNION,32,4,49,83,55,9,5,5,10,18,0.1,0.7000000000000001
185,13,ORD-UNION,20,0,20,83,26,9,5,5,10,18,0.1,0.7000000000000001
186,13,CARD,29,10,40,83,47,9,5,5,10,18,0.1,0.7000000000000001
187,13,CLF_UNION,30,10,52,83,55,9,5,5,10,18,0.1,0.7000000000000001
188,13,ORD-UNION,10,3,14,83,17,9,5,5,10,18,0.1,0.7000000000000001
189,13,CARD,26,2,29,83,47,9,5,5,10,18,0.1,0.7000000000000001
190,13,CLF_UNION,28,1,41,83,55,9,5,5,10,18,0.1,0.7000000000000001
191,13,ORD-UNION,12,0,12,83,26,9,5,5,10,18,0.1,0.7000000000000001
192,13,CARD,23,13,37,83,48,9,5,5,10,18,0.1,0.7000000000000001
193,13,CLF_UNION,26,11,50,83,55,9,5,5,10,18,0.1,0.7000000000000001
194,13,ORD-UNION,9,6,16,83,21,9,5,5,10,18,0.1,0.7000000000000001
195,14,CARD,24,11,38,97,46,9,5,5,10,18,0.1,0.7000000000000001
196,14,CLF_UNION,26,11,50,97,56,9,5,5,10,18,0.1,0.7000000000000001
197,14,ORD-UNION,7,4,11,97,17,9,5,5,10,18,0.1,0.7000000000000001
198,14,CARD,25,10,38,97,47,9,5,5,10,18,0.1,0.7000000000000001
199,14,CLF_UNION,25,10,52,97,57,9,5,5,10,18,0.1,0.7000000000000001
200,14,ORD-UNION,7,4,12,97,17,9,5,5,10,18,0.1,0.7000000000000001
201,14,CARD,24,9,33,97,48,9,5,5,10,18,0.1,0.7000000000000001
202,14,CLF_UNION,25,9,48,97,57,9,5,5,10,18,0.1,0.7000000000000001
203,14,ORD-UNION,5,4,9,97,18,9,5,5,10,18,0.1,0.7000000000000001
204,14,CARD,28,4,35,97,46,9,5,5,10,18,0.1,0.7000000000000001
205,14,CLF_UNION,33,2,49,97,58,9,5,5,10,18,0.1,0.7000000000000001
206,14,ORD-UNION,9,0,9,97,18,9,5,5,10,18,0.1,0.7000000000000001
207,14,CARD,24,10,35,97,46,9,5,5,10,18,0.1,0.7000000000000001
208,14,CLF_UNION,25,9,47,97,56,9,5,5,10,18,0.1,0.7000000000000001
209,14,ORD-UNION,6,5,11,97,20,9,5,5,10,18,0.1,0.7000000000000001
210,15,CARD,22,12,34,112,47,9,5,5,10,18,0.1,0.7000000000000001
211,15,CLF_UNION,24,11,46,112,55,9,5,5,10,18,0.1,0.7000000000000001
212,15,ORD-UNION,19,8,27,112,36,9,5,5,10,18,0.1,0.7000000000000001
213,15,CARD,26,10,39,112,46,9,5,5,10,18,0.1,0.7000000000000001
214,15,CLF_UNION,26,10,51,112,56,9,5,5,10,18,0.1,0.7000000000000001
215,15,ORD-UNION,22,7,30,112,35,9,5,5,10,18,0.1,0.7000000000000001
216,15,CARD,27,2,30,112,46,9,5,5,10,18,0.1,0.7000000000000001
217,15,CLF_UNION,28,1,42,112,56,9,5,5,10,18,0.1,0.7000000000000001
218,15,ORD-UNION,23,0,23,112,37,9,5,5,10,18,0.1,0.7000000000000001
219,15,CARD,31,5,42,112,45,9,5,5,10,18,0.1,0.7000000000000001
220,15,CLF_UNION,34,2,53,112,56,9,5,5,10,18,0.1,0.7000000000000001
221,15,ORD-UNION,25,0,26,112,29,9,5,5,10,18,0.1,0.7000000000000001
222,15,CARD,34,5,41,112,46,9,5,5,10,18,0.1,0.7000000000000001
223,15,CLF_UNION,40,0,53,112,56,9,5,5,10,18,0.1,0.7000000000000001
224,15,ORD-UNION,29,0,29,112,32,9,5,5,10,18,0.1,0.7000000000000001
225,16,CARD,18,1,23,126,49,9,5,5,10,18,0.1,0.7000000000000001
226,16,CLF_UNION,18,1,40,126,58,9,5,5,10,18,0.1,0.7000000000000001
227,16,ORD-UNION,16,0,20,126,38,9,5,5,10,18,0.1,0.7000000000000001
228,16,CARD,27,0,29,126,47,9,5,5,10,18,0.1,0.7000000000000001
229,16,CLF_UNION,28,0,43,126,57,9,5,5,10,18,0.1,0.7000000000000001
230,16,ORD-UNION,16,0,16,126,30,9,5,5,10,18,0.1,0.7000000000000001
231,16,CARD,27,0,28,126,47,9,5,5,10,18,0.1,0.7000000000000001
232,16,CLF_UNION,29,2,42,126,57,9,5,5,10,18,0.1,0.7000000000000001
233,16,ORD-UNION,22,0,23,126,38,9,5,5,10,18,0.1,0.7000000000000001
234,16,CARD,15,0,16,126,47,9,5,5,10,18,0.1,0.7000000000000001
235,16,CLF_UNION,15,1,29,126,56,9,5,5,10,18,0.1,0.7000000000000001
236,16,ORD-UNION,14,0,14,126,41,9,5,5,10,18,0.1,0.7000000000000001
237,16,CARD,27,1,30,126,47,9,5,5,10,18,0.1,0.7000000000000001
238,16,CLF_UNION,28,0,43,126,56,9,5,5,10,18,0.1,0.7000000000000001
239,16,ORD-UNION,18,0,19,126,32,9,5,5,10,18,0.1,0.7000000000000001
240,17,CARD,21,9,32,143,49,9,5,5,10,18,0.1,0.7000000000000001
241,17,CLF_UNION,22,10,46,143,55,9,5,5,10,18,0.1,0.7000000000000001
242,17,ORD-UNION,14,9,24,143,33,9,5,5,10,18,0.1,0.7000000000000001
243,17,CARD,28,0,29,143,46,9,5,5,10,18,0.1,0.7000000000000001
244,17,CLF_UNION,29,1,41,143,56,9,5,5,10,18,0.1,0.7000000000000001
245,17,ORD-UNION,24,0,25,143,40,9,5,5,10,18,0.1,0.7000000000000001
246,17,CARD,28,0,29,143,47,9,5,5,10,18,0.1,0.7000000000000001
247,17,CLF_UNION,29,0,41,143,55,9,5,5,10,18,0.1,0.7000000000000001
248,17,ORD-UNION,25,0,26,143,40,9,5,5,10,18,0.1,0.7000000000000001
249,17,CARD,23,9,34,143,47,9,5,5,10,18,0.1,0.7000000000000001
250,17,CLF_UNION,23,10,46,143,55,9,5,5,10,18,0.1,0.7000000000000001
251,17,ORD-UNION,15,8,24,143,33,9,5,5,10,18,0.1,0.7000000000000001
252,17,CARD,25,9,34,143,46,9,5,5,10,18,0.1,0.7000000000000001
253,17,CLF_UNION,24,11,46,143,56,9,5,5,10,18,0.1,0.7000000000000001
254,17,ORD-UNION,19,7,26,143,36,9,5,5,10,18,0.1,0.7000000000000001
255,18,CARD,16,0,17,161,48,9,5,5,10,18,0.1,0.7000000000000001
256,18,CLF_UNION,17,0,31,161,56,9,5,5,10,18,0.1,0.7000000000000001
257,18,ORD-UNION,14,0,14,161,39,9,5,5,10,18,0.1,0.7000000000000001
258,18,CARD,16,0,18,161,45,9,5,5,10,18,0.1,0.7000000000000001
259,18,CLF_UNION,16,1,30,161,57,9,5,5,10,18,0.1,0.7000000000000001
260,18,ORD-UNION,9,0,10,161,37,9,5,5,10,18,0.1,0.7000000000000001
261,18,CARD,16,0,18,161,48,9,5,5,10,18,0.1,0.7000000000000001
262,18,CLF_UNION,17,0,31,161,55,9,5,5,10,18,0.1,0.7000000000000001
263,18,ORD-UNION,7,0,8,161,32,9,5,5,10,18,0.1,0.7000000000000001
264,18,CARD,16,0,19,161,46,9,5,5,10,18,0.1,0.7000000000000001
265,18,CLF_UNION,16,0,32,161,57,9,5,5,10,18,0.1,0.7000000000000001
266,18,ORD-UNION,14,0,14,161,39,9,5,5,10,18,0.1,0.7000000000000001
267,18,CARD,20,9,30,161,46,9,5,5,10,18,0.1,0.7000000000000001
268,18,CLF_UNION,20,9,41,161,55,9,5,5,10,18,0.1,0.7000000000000001
269,18,ORD-UNION,12,8,21,161,35,9,5,5,10,18,0.1,0.7000000000000001
270,19,CARD,20,0,24,179,47,9,5,5,10,18,0.1,0.7000000000000001
271,19,CLF_UNION,20,2,37,179,56,9,5,5,10,18,0.1,0.7000000000000001
272,19,ORD-UNION,16,0,17,179,36,9,5,5,10,18,0.1,0.7000000000000001
273,19,CARD,16,1,18,179,46,9,5,5,10,18,0.1,0.7000000000000001
274,19,CLF_UNION,17,0,30,179,56,9,5,5,10,18,0.1,0.7000000000000001
275,19,ORD-UNION,13,0,13,179,39,9,5,5,10,18,0.1,0.7000000000000001
276,19,CARD,18,9,29,179,46,9,5,5,10,18,0.1,0.7000000000000001
277,19,CLF_UNION,17,13,43,179,58,9,5,5,10,18,0.1,0.7000000000000001
278,19,ORD-UNION,14,9,24,179,39,9,5,5,10,18,0.1,0.7000000000000001
279,19,CARD,15,0,18,179,46,9,5,5,10,18,0.1,0.7000000000000001
280,19,CLF_UNION,15,1,30,179,56,9,5,5,10,18,0.1,0.7000000000000001
281,19,ORD-UNION,13,0,14,179,40,9,5,5,10,18,0.1,0.7000000000000001
282,19,CARD,16,11,28,179,47,9,5,5,10,18,0.1,0.7000000000000001
283,19,CLF_UNION,18,11,43,179,58,9,5,5,10,18,0.1,0.7000000000000001
284,19,ORD-UNION,14,9,23,179,38,9,5,5,10,18,0.1,0.7000000000000001
285,20,CARD,23,9,37,198,46,9,5,5,10,18,0.1,0.7000000000000001
286,20,CLF_UNION,23,9,52,198,59,9,5,5,10,18,0.1,0.7000000000000001
287,20,ORD-UNION,22,7,31,198,38,9,5,5,10,18,0.1,0.7000000000000001
288,20,CARD,21,2,24,198,46,9,5,5,10,18,0.1,0.7000000000000001
289,20,CLF_UNION,24,3,39,198,59,9,5,5,10,18,0.1,0.7000000000000001
290,20,ORD-UNION,19,0,20,198,40,9,5,5,10,18,0.1,0.7000000000000001
291,20,CARD,19,9,29,198,46,9,5,5,10,18,0.1,0.7000000000000001
292,20,CLF_UNION,20,12,43,198,58,9,5,5,10,18,0.1,0.7000000000000001
293,20,ORD-UNION,18,9,27,198,42,9,5,5,10,18,0.1,0.7000000000000001
294,20,CARD,12,11,24,198,46,9,5,5,10,18,0.1,0.7000000000000001
295,20,CLF_UNION,13,11,38,198,58,9,5,5,10,18,0.1,0.7000000000000001
296,20,ORD-UNION,12,8,20,198,40,9,5,5,10,18,0.1,0.7000000000000001
297,20,CARD,13,10,24,198,46,9,5,5,10,18,0.1,0.7000000000000001
298,20,CLF_UNION,15,12,39,198,59,9,5,5,10,18,0.1,0.7000000000000001
299,20,ORD-UNION,13,8,22,198,42,9,5,5,10,18,0.1,0.7000000000000001
300,21,CARD,0,0,1,216,46,9,5,5,10,18,0.1,0.7000000000000001
301,21,CLF_UNION,0,1,15,216,58,9,5,5,10,18,0.1,0.7000000000000001
302,21,ORD-UNION,0,0,0,216,43,9,5,5,10,18,0.1,0.7000000000000001
303,21,CARD,18,10,30,216,45,9,5,5,10,18,0.1,0.7000000000000001
304,21,CLF_UNION,19,11,42,216,57,9,5,5,10,18,0.1,0.7000000000000001
305,21,ORD-UNION,14,8,24,216,39,9,5,5,10,18,0.1,0.7000000000000001
306,21,CARD,12,10,25,216,46,9,5,5,10,18,0.1,0.7000000000000001
307,21,CLF_UNION,14,10,39,216,58,9,5,5,10,18,0.1,0.7000000000000001
308,21,ORD-UNION,12,7,21,216,40,9,5,5,10,18,0.1,0.7000000000000001
309,21,CARD,15,0,17,216,45,9,5,5,10,18,0.1,0.7000000000000001
310,21,CLF_UNION,15,2,30,216,58,9,5,5,10,18,0.1,0.7000000000000001
311,21,ORD-UNION,13,0,15,216,43,9,5,5,10,18,0.1,0.7000000000000001
312,21,CARD,15,0,20,216,45,9,5,5,10,18,0.1,0.7000000000000001
313,21,CLF_UNION,15,3,36,216,61,9,5,5,10,18,0.1,0.7000000000000001
314,21,ORD-UNION,15,0,18,216,43,9,5,5,10,18,0.1,0.7000000000000001
315,22,CARD,7,9,16,237,47,9,5,5,10,18,0.1,0.7000000000000001
316,22,CLF_UNION,7,10,29,237,56,9,5,5,10,18,0.1,0.7000000000000001
317,22,ORD-UNION,7,8,15,237,42,9,5,5,10,18,0.1,0.7000000000000001
318,22,CARD,20,1,25,237,46,9,5,5,10,18,0.1,0.7000000000000001
319,22,CLF_UNION,22,1,38,237,57,9,5,5,10,18,0.1,0.7000000000000001
320,22,ORD-UNION,19,0,22,237,41,9,5,5,10,18,0.1,0.7000000000000001
321,22,CARD,15,0,17,237,46,9,5,5,10,18,0.1,0.7000000000000001
322,22,CLF_UNION,14,2,29,237,56,9,5,5,10,18,0.1,0.7000000000000001
323,22,ORD-UNION,14,0,15,237,42,9,5,5,10,18,0.1,0.7000000000000001
324,22,CARD,18,9,31,237,46,9,5,5,10,18,0.1,0.7000000000000001
325,22,CLF_UNION,18,9,42,237,55,9,5,5,10,18,0.1,0.7000000000000001
326,22,ORD-UNION,18,8,28,237,41,9,5,5,10,18,0.1,0.7000000000000001
327,22,CARD,20,10,30,237,46,9,5,5,10,18,0.1,0.7000000000000001
328,22,CLF_UNION,21,9,41,237,55,9,5,5,10,18,0.1,0.7000000000000001
329,22,ORD-UNION,20,8,28,237,42,9,5,5,10,18,0.1,0.7000000000000001
