,budget,model,correct,wrong,total,n_pref_input,n_pref_output,theta_size,theta_additivity,n_items,n_test_subsets,n_tiers,alpha,p
0,1,CARD,6,8,24,1,66,22,5,5,10,3,0.5,0.7000000000000001
1,1,CLF_UNION,25,7,60,1,60,22,5,5,10,3,0.5,0.7000000000000001
2,1,ORD-UNION,0,0,0,1,0,22,5,5,10,3,0.5,0.7000000000000001
3,1,CARD,6,9,21,1,69,22,5,5,10,3,0.5,0.7000000000000001
4,1,CLF_UNION,23,10,57,1,57,22,5,5,10,3,0.5,0.7000000000000001
5,1,ORD-UNION,0,0,0,1,0,22,5,5,10,3,0.5,0.7000000000000001
6,1,CARD,9,9,24,1,66,22,5,5,10,3,0.5,0.7000000000000001
7,1,CLF_UNION,20,15,58,1,58,22,5,5,10,3,0.5,0.7000000000000001
8,1,ORD-UNION,0,0,0,1,0,22,5,5,10,3,0.5,0.7000000000000001
9,1,CARD,4,11,24,1,66,22,5,5,10,3,0.5,0.7000000000000001
10,1,CLF_UNION,20,15,71,1,71,22,5,5,10,3,0.5,0.7000000000000001
11,1,ORD-UNION,0,0,0,1,0,22,5,5,10,3,0.5,0.7000000000000001
12,1,CARD,6,9,25,1,65,22,5,5,10,3,0.5,0.7000000000000001
13,1,CLF_UNION,21,13,63,1,63,22,5,5,10,3,0.5,0.7000000000000001
14,1,ORD-UNION,0,0,0,1,0,22,5,5,10,3,0.5,0.7000000000000001
15,2,CARD,8,4,21,2,69,22,5,5,10,3,0.5,0.7000000000000001
16,2,CLF_UNION,22,17,71,2,71,22,5,5,10,3,0.5,0.7000000000000001
17,2,ORD-UNION,0,0,0,2,0,22,5,5,10,3,0.5,0.7000000000000001
18,2,CARD,11,3,24,2,66,22,5,5,10,3,0.5,0.7000000000000001
19,2,CLF_UNION,24,8,67,2,67,22,5,5,10,3,0.5,0.7000000000000001
20,2,ORD-UNION,0,0,0,2,0,22,5,5,10,3,0.5,0.7000000000000001
21,2,CARD,17,0,21,2,69,22,5,5,10,3,0.5,0.7000000000000001
22,2,CLF_UNION,29,7,69,2,69,22,5,5,10,3,0.5,0.7000000000000001
23,2,ORD-UNION,0,0,0,2,0,22,5,5,10,3,0.5,0.7000000000000001
24,2,CARD,14,2,24,2,66,22,5,5,10,3,0.5,0.7000000000000001
25,2,CLF_UNION,24,14,73,2,73,22,5,5,10,3,0.5,0.7000000000000001
26,2,ORD-UNION,0,0,0,2,0,22,5,5,10,3,0.5,0.7000000000000001
27,2,CARD,12,4,24,2,66,22,5,5,10,3,0.5,0.7000000000000001
28,2,CLF_UNION,25,9,68,2,68,22,5,5,10,3,0.5,0.7000000000000001
29,2,ORD-UNION,0,0,0,2,0,22,5,5,10,3,0.5,0.7000000000000001
30,3,CARD,19,0,33,5,55,22,5,5,10,3,0.5,0.7000000000000001
31,3,CLF_UNION,21,4,63,5,65,22,5,5,10,3,0.5,0.7000000000000001
32,3,ORD-UNION,0,0,0,5,2,22,5,5,10,3,0.5,0.7000000000000001
33,3,CARD,19,3,34,5,55,22,5,5,10,3,0.5,0.7000000000000001
34,3,CLF_UNION,26,8,64,5,65,22,5,5,10,3,0.5,0.7000000000000001
35,3,ORD-UNION,0,0,0,5,1,22,5,5,10,3,0.5,0.7000000000000001
36,3,CARD,22,7,37,5,53,22,5,5,10,3,0.5,0.7000000000000001
37,3,CLF_UNION,28,15,63,5,63,22,5,5,10,3,0.5,0.7000000000000001
38,3,ORD-UNION,0,0,0,5,0,22,5,5,10,3,0.5,0.7000000000000001
39,3,CARD,22,2,31,5,58,22,5,5,10,3,0.5,0.7000000000000001
40,3,CLF_UNION,30,10,67,5,68,22,5,5,10,3,0.5,0.7000000000000001
41,3,ORD-UNION,0,0,0,5,1,22,5,5,10,3,0.5,0.7000000000000001
42,3,CARD,18,6,32,5,58,22,5,5,10,3,0.5,0.7000000000000001
43,3,CLF_UNION,28,14,68,5,68,22,5,5,10,3,0.5,0.7000000000000001
44,3,ORD-UNION,0,0,0,5,0,22,5,5,10,3,0.5,0.7000000000000001
45,4,CARD,14,6,27,8,62,22,5,5,10,3,0.5,0.7000000000000001
46,4,CLF_UNION,20,12,56,8,57,22,5,5,10,3,0.5,0.7000000000000001
47,4,ORD-UNION,0,0,0,8,1,22,5,5,10,3,0.5,0.7000000000000001
48,4,CARD,18,4,31,8,57,22,5,5,10,3,0.5,0.7000000000000001
49,4,CLF_UNION,26,6,56,8,58,22,5,5,10,3,0.5,0.7000000000000001
50,4,ORD-UNION,0,0,0,8,2,22,5,5,10,3,0.5,0.7000000000000001
51,4,CARD,15,1,27,8,63,22,5,5,10,3,0.5,0.7000000000000001
52,4,CLF_UNION,26,1,58,8,58,22,5,5,10,3,0.5,0.7000000000000001
53,4,ORD-UNION,0,0,0,8,0,22,5,5,10,3,0.5,0.7000000000000001
54,4,CARD,11,1,23,8,67,22,5,5,10,3,0.5,0.7000000000000001
55,4,CLF_UNION,22,1,58,8,58,22,5,5,10,3,0.5,0.7000000000000001
56,4,ORD-UNION,0,0,0,8,0,22,5,5,10,3,0.5,0.7000000000000001
57,4,CARD,4,2,16,8,74,22,5,5,10,3,0.5,0.7000000000000001
58,4,CLF_UNION,14,9,58,8,58,22,5,5,10,3,0.5,0.7000000000000001
59,4,ORD-UNION,0,0,0,8,0,22,5,5,10,3,0.5,0.7000000000000001
60,5,CARD,22,2,31,11,59,22,5,5,10,3,0.5,0.7000000000000001
61,5,CLF_UNION,31,2,56,11,56,22,5,5,10,3,0.5,0.7000000000000001
62,5,ORD-UNION,0,0,0,11,0,22,5,5,10,3,0.5,0.7000000000000001
63,5,CARD,21,3,31,11,59,22,5,5,10,3,0.5,0.7000000000000001
64,5,CLF_UNION,28,7,55,11,55,22,5,5,10,3,0.5,0.7000000000000001
65,5,ORD-UNION,0,0,0,11,0,22,5,5,10,3,0.5,0.7000000000000001
66,5,CARD,25,3,33,11,57,22,5,5,10,3,0.5,0.7000000000000001
67,5,CLF_UNION,29,6,56,11,56,22,5,5,10,3,0.5,0.7000000000000001
68,5,ORD-UNION,0,0,0,11,0,22,5,5,10,3,0.5,0.7000000000000001
69,5,CARD,21,0,31,11,59,22,5,5,10,3,0.5,0.7000000000000001
70,5,CLF_UNION,23,1,58,11,58,22,5,5,10,3,0.5,0.7000000000000001
71,5,ORD-UNION,0,0,0,11,0,22,5,5,10,3,0.5,0.7000000000000001
72,5,CARD,11,3,23,11,67,22,5,5,10,3,0.5,0.7000000000000001
73,5,CLF_UNION,20,9,58,11,58,22,5,5,10,3,0.5,0.7000000000000001
74,5,ORD-UNION,0,0,0,11,0,22,5,5,10,3,0.5,0.7000000000000001
75,6,CARD,21,4,32,15,57,22,5,5,10,3,0.5,0.7000000000000001
76,6,CLF_UNION,27,12,61,15,62,22,5,5,10,3,0.5,0.7000000000000001
77,6,ORD-UNION,0,0,0,15,1,22,5,5,10,3,0.5,0.7000000000000001
78,6,CARD,10,4,27,15,63,22,5,5,10,3,0.5,0.7000000000000001
79,6,CLF_UNION,12,14,65,15,65,22,5,5,10,3,0.5,0.7000000000000001
80,6,ORD-UNION,0,0,1,15,1,22,5,5,10,3,0.5,0.7000000000000001
81,6,CARD,17,2,25,15,63,22,5,5,10,3,0.5,0.7000000000000001
82,6,CLF_UNION,27,14,62,15,64,22,5,5,10,3,0.5,0.7000000000000001
83,6,ORD-UNION,0,0,0,15,2,22,5,5,10,3,0.5,0.7000000000000001
84,6,CARD,20,0,28,15,58,22,5,5,10,3,0.5,0.7000000000000001
85,6,CLF_UNION,23,3,63,15,67,22,5,5,10,3,0.5,0.7000000000000001
86,6,ORD-UNION,0,0,0,15,4,22,5,5,10,3,0.5,0.7000000000000001
87,6,CARD,14,6,31,15,58,22,5,5,10,3,0.5,0.7000000000000001
88,6,CLF_UNION,18,13,60,15,61,22,5,5,10,3,0.5,0.7000000000000001
89,6,ORD-UNION,0,0,0,15,1,22,5,5,10,3,0.5,0.7000000000000001
90,7,CARD,17,0,25,19,63,22,5,5,10,3,0.5,0.7000000000000001
91,7,CLF_UNION,20,10,58,19,60,22,5,5,10,3,0.5,0.7000000000000001
92,7,ORD-UNION,0,0,0,19,2,22,5,5,10,3,0.5,0.7000000000000001
93,7,CARD,14,0,29,19,59,22,5,5,10,3,0.5,0.7000000000000001
94,7,CLF_UNION,14,1,56,19,58,22,5,5,10,3,0.5,0.7000000000000001
95,7,ORD-UNION,0,0,1,19,3,22,5,5,10,3,0.5,0.7000000000000001
96,7,CARD,21,2,32,19,57,22,5,5,10,3,0.5,0.7000000000000001
97,7,CLF_UNION,26,7,57,19,58,22,5,5,10,3,0.5,0.7000000000000001
98,7,ORD-UNION,0,0,1,19,2,22,5,5,10,3,0.5,0.7000000000000001
99,7,CARD,17,5,31,19,57,22,5,5,10,3,0.5,0.7000000000000001
100,7,CLF_UNION,22,12,56,19,58,22,5,5,10,3,0.5,0.7000000000000001
101,7,ORD-UNION,0,0,0,19,2,22,5,5,10,3,0.5,0.7000000000000001
102,7,CARD,19,1,23,19,67,22,5,5,10,3,0.5,0.7000000000000001
103,7,CLF_UNION,28,9,58,19,58,22,5,5,10,3,0.5,0.7000000000000001
104,7,ORD-UNION,0,0,0,19,0,22,5,5,10,3,0.5,0.7000000000000001
105,8,CARD,20,2,29,23,61,22,5,5,10,3,0.5,0.7000000000000001
106,8,CLF_UNION,26,10,58,23,58,22,5,5,10,3,0.5,0.7000000000000001
107,8,ORD-UNION,0,0,0,23,0,22,5,5,10,3,0.5,0.7000000000000001
108,8,CARD,7,3,21,23,66,22,5,5,10,3,0.5,0.7000000000000001
109,8,CLF_UNION,14,11,53,23,56,22,5,5,10,3,0.5,0.7000000000000001
110,8,ORD-UNION,0,0,0,23,3,22,5,5,10,3,0.5,0.7000000000000001
111,8,CARD,16,0,24,23,63,22,5,5,10,3,0.5,0.7000000000000001
112,8,CLF_UNION,24,3,53,23,56,22,5,5,10,3,0.5,0.7000000000000001
113,8,ORD-UNION,0,0,1,23,4,22,5,5,10,3,0.5,0.7000000000000001
114,8,CARD,9,6,17,23,73,22,5,5,10,3,0.5,0.7000000000000001
115,8,CLF_UNION,22,6,55,23,55,22,5,5,10,3,0.5,0.7000000000000001
116,8,ORD-UNION,0,0,0,23,0,22,5,5,10,3,0.5,0.7000000000000001
117,8,CARD,7,4,22,23,66,22,5,5,10,3,0.5,0.7000000000000001
118,8,CLF_UNION,18,11,57,23,59,22,5,5,10,3,0.5,0.7000000000000001
119,8,ORD-UNION,0,0,0,23,2,22,5,5,10,3,0.5,0.7000000000000001
120,9,CARD,12,10,32,32,58,22,5,5,10,3,0.5,0.7000000000000001
121,9,CLF_UNION,15,14,55,32,55,22,5,5,10,3,0.5,0.7000000000000001
122,9,ORD-UNION,0,0,0,32,0,22,5,5,10,3,0.5,0.7000000000000001
123,9,CARD,18,0,29,32,55,22,5,5,10,3,0.5,0.7000000000000001
124,9,CLF_UNION,19,4,49,32,55,22,5,5,10,3,0.5,0.7000000000000001
125,9,ORD-UNION,0,0,0,32,6,22,5,5,10,3,0.5,0.7000000000000001
126,9,CARD,19,0,30,32,53,22,5,5,10,3,0.5,0.7000000000000001
127,9,CLF_UNION,16,6,49,32,56,22,5,5,10,3,0.5,0.7000000000000001
128,9,ORD-UNION,0,0,0,32,7,22,5,5,10,3,0.5,0.7000000000000001
129,9,CARD,18,9,36,32,54,22,5,5,10,3,0.5,0.7000000000000001
130,9,CLF_UNION,21,11,55,32,55,22,5,5,10,3,0.5,0.7000000000000001
131,9,ORD-UNION,0,0,0,32,0,22,5,5,10,3,0.5,0.7000000000000001
132,9,CARD,14,8,33,32,57,22,5,5,10,3,0.5,0.7000000000000001
133,9,CLF_UNION,14,15,56,32,56,22,5,5,10,3,0.5,0.7000000000000001
134,9,ORD-UNION,0,0,1,32,1,22,5,5,10,3,0.5,0.7000000000000001
135,10,CARD,18,8,31,37,56,22,5,5,10,3,0.5,0.7000000000000001
136,10,CLF_UNION,11,15,52,37,55,22,5,5,10,3,0.5,0.7000000000000001
137,10,ORD-UNION,0,0,0,37,3,22,5,5,10,3,0.5,0.7000000000000001
138,10,CARD,25,0,36,37,52,22,5,5,10,3,0.5,0.7000000000000001
139,10,CLF_UNION,26,0,54,37,56,22,5,5,10,3,0.5,0.7000000000000001
140,10,ORD-UNION,0,0,0,37,2,22,5,5,10,3,0.5,0.7000000000000001
141,10,CARD,20,8,38,37,52,22,5,5,10,3,0.5,0.7000000000000001
142,10,CLF_UNION,21,8,55,37,55,22,5,5,10,3,0.5,0.7000000000000001
143,10,ORD-UNION,0,0,0,37,0,22,5,5,10,3,0.5,0.7000000000000001
144,10,CARD,17,0,27,37,57,22,5,5,10,3,0.5,0.7000000000000001
145,10,CLF_UNION,17,1,50,37,56,22,5,5,10,3,0.5,0.7000000000000001
146,10,ORD-UNION,0,0,0,37,6,22,5,5,10,3,0.5,0.7000000000000001
147,10,CARD,20,3,24,37,58,22,5,5,10,3,0.5,0.7000000000000001
148,10,CLF_UNION,20,3,48,37,56,22,5,5,10,3,0.5,0.7000000000000001
149,10,ORD-UNION,0,0,0,37,8,22,5,5,10,3,0.5,0.7000000000000001
150,11,CARD,23,0,25,47,61,22,5,5,10,3,0.5,0.7000000000000001
151,11,CLF_UNION,23,0,52,47,56,22,5,5,10,3,0.5,0.7000000000000001
152,11,ORD-UNION,0,0,0,47,4,22,5,5,10,3,0.5,0.7000000000000001
153,11,CARD,18,0,25,47,60,22,5,5,10,3,0.5,0.7000000000000001
154,11,CLF_UNION,18,0,52,47,57,22,5,5,10,3,0.5,0.7000000000000001
155,11,ORD-UNION,0,0,1,47,6,22,5,5,10,3,0.5,0.7000000000000001
156,11,CARD,20,7,32,47,56,22,5,5,10,3,0.5,0.7000000000000001
157,11,CLF_UNION,22,9,53,47,55,22,5,5,10,3,0.5,0.7000000000000001
158,11,ORD-UNION,0,0,0,47,2,22,5,5,10,3,0.5,0.7000000000000001
159,11,CARD,16,0,26,47,61,22,5,5,10,3,0.5,0.7000000000000001
160,11,CLF_UNION,16,6,54,47,57,22,5,5,10,3,0.5,0.7000000000000001
161,11,ORD-UNION,0,0,0,47,3,22,5,5,10,3,0.5,0.7000000000000001
162,11,CARD,22,6,30,47,53,22,5,5,10,3,0.5,0.7000000000000001
163,11,CLF_UNION,22,7,50,47,57,22,5,5,10,3,0.5,0.7000000000000001
164,11,ORD-UNION,0,0,0,47,7,22,5,5,10,3,0.5,0.7000000000000001
165,12,CARD,6,9,17,56,67,22,5,5,10,3,0.5,0.7000000000000001
166,12,CLF_UNION,12,9,49,56,55,22,5,5,10,3,0.5,0.7000000000000001
167,12,ORD-UNION,0,0,0,56,6,22,5,5,10,3,0.5,0.7000000000000001
168,12,CARD,27,0,27,56,63,22,5,5,10,3,0.5,0.7000000000000001
169,12,CLF_UNION,25,2,55,56,55,22,5,5,10,3,0.5,0.7000000000000001
170,12,ORD-UNION,0,0,0,56,0,22,5,5,10,3,0.5,0.7000000000000001
171,12,CARD,22,8,36,56,53,22,5,5,10,3,0.5,0.7000000000000001
172,12,CLF_UNION,24,10,54,56,55,22,5,5,10,3,0.5,0.7000000000000001
173,12,ORD-UNION,0,0,0,56,1,22,5,5,10,3,0.5,0.7000000000000001
174,12,CARD,12,11,31,56,53,22,5,5,10,3,0.5,0.7000000000000001
175,12,CLF_UNION,16,10,49,56,55,22,5,5,10,3,0.5,0.7000000000000001
176,12,ORD-UNION,0,0,0,56,6,22,5,5,10,3,0.5,0.7000000000000001
177,12,CARD,15,0,19,56,57,22,5,5,10,3,0.5,0.7000000000000001
178,12,CLF_UNION,15,0,42,56,56,22,5,5,10,3,0.5,0.7000000000000001
179,12,ORD-UNION,0,0,0,56,14,22,5,5,10,3,0.5,0.7000000000000001
180,13,CARD,15,10,28,63,60,22,5,5,10,3,0.5,0.7000000000000001
181,13,CLF_UNION,21,9,53,63,55,22,5,5,10,3,0.5,0.7000000000000001
182,13,ORD-UNION,0,0,0,63,2,22,5,5,10,3,0.5,0.7000000000000001
183,13,CARD,8,8,22,63,57,22,5,5,10,3,0.5,0.7000000000000001
184,13,CLF_UNION,13,8,44,63,55,22,5,5,10,3,0.5,0.7000000000000001
185,13,ORD-UNION,0,0,0,63,11,22,5,5,10,3,0.5,0.7000000000000001
186,13,CARD,12,0,23,63,59,22,5,5,10,3,0.5,0.7000000000000001
187,13,CLF_UNION,16,0,47,63,55,22,5,5,10,3,0.5,0.7000000000000001
188,13,ORD-UNION,0,0,0,63,8,22,5,5,10,3,0.5,0.7000000000000001
189,13,CARD,12,9,26,63,61,22,5,5,10,3,0.5,0.7000000000000001
190,13,CLF_UNION,13,13,52,63,55,22,5,5,10,3,0.5,0.7000000000000001
191,13,ORD-UNION,0,0,0,63,3,22,5,5,10,3,0.5,0.7000000000000001
192,13,CARD,10,0,17,63,58,22,5,5,10,3,0.5,0.7000000000000001
193,13,CLF_UNION,13,1,40,63,55,22,5,5,10,3,0.5,0.7000000000000001
194,13,ORD-UNION,0,0,0,63,15,22,5,5,10,3,0.5,0.7000000000000001
195,14,CARD,20,1,26,70,61,22,5,5,10,3,0.5,0.7000000000000001
196,14,CLF_UNION,25,1,52,70,55,22,5,5,10,3,0.5,0.7000000000000001
197,14,ORD-UNION,0,0,0,70,3,22,5,5,10,3,0.5,0.7000000000000001
198,14,CARD,12,0,15,70,66,22,5,5,10,3,0.5,0.7000000000000001
199,14,CLF_UNION,16,2,46,70,55,22,5,5,10,3,0.5,0.7000000000000001
200,14,ORD-UNION,0,0,0,70,9,22,5,5,10,3,0.5,0.7000000000000001
201,14,CARD,16,10,29,70,53,22,5,5,10,3,0.5,0.7000000000000001
202,14,CLF_UNION,18,9,47,70,55,22,5,5,10,3,0.5,0.7000000000000001
203,14,ORD-UNION,0,0,0,70,8,22,5,5,10,3,0.5,0.7000000000000001
204,14,CARD,16,0,25,70,57,22,5,5,10,3,0.5,0.7000000000000001
205,14,CLF_UNION,15,1,47,70,55,22,5,5,10,3,0.5,0.7000000000000001
206,14,ORD-UNION,2,0,3,70,11,22,5,5,10,3,0.5,0.7000000000000001
207,14,CARD,19,10,39,70,49,22,5,5,10,3,0.5,0.7000000000000001
208,14,CLF_UNION,23,8,53,70,55,22,5,5,10,3,0.5,0.7000000000000001
209,14,ORD-UNION,3,0,3,70,5,22,5,5,10,3,0.5,0.7000000000000001
210,15,CARD,16,0,22,81,57,22,5,5,10,3,0.5,0.7000000000000001
211,15,CLF_UNION,17,0,45,81,56,22,5,5,10,3,0.5,0.7000000000000001
212,15,ORD-UNION,0,0,0,81,11,22,5,5,10,3,0.5,0.7000000000000001
213,15,CARD,7,0,13,81,69,22,5,5,10,3,0.5,0.7000000000000001
214,15,CLF_UNION,21,0,48,81,56,22,5,5,10,3,0.5,0.7000000000000001
215,15,ORD-UNION,0,0,0,81,8,22,5,5,10,3,0.5,0.7000000000000001
216,15,CARD,16,1,32,81,50,22,5,5,10,3,0.5,0.7000000000000001
217,15,CLF_UNION,19,0,47,81,55,22,5,5,10,3,0.5,0.7000000000000001
218,15,ORD-UNION,3,0,3,81,11,22,5,5,10,3,0.5,0.7000000000000001
219,15,CARD,11,9,26,81,53,22,5,5,10,3,0.5,0.7000000000000001
220,15,CLF_UNION,16,8,44,81,55,22,5,5,10,3,0.5,0.7000000000000001
221,15,ORD-UNION,0,0,0,81,11,22,5,5,10,3,0.5,0.7000000000000001
222,15,CARD,16,7,29,81,53,22,5,5,10,3,0.5,0.7000000000000001
223,15,CLF_UNION,17,7,47,81,55,22,5,5,10,3,0.5,0.7000000000000001
224,15,ORD-UNION,2,0,2,81,10,22,5,5,10,3,0.5,0.7000000000000001
225,16,CARD,21,5,29,89,56,22,5,5,10,3,0.5,0.7000000000000001
226,16,CLF_UNION,24,6,50,89,55,22,5,5,10,3,0.5,0.7000000000000001
227,16,ORD-UNION,3,0,3,89,8,22,5,5,10,3,0.5,0.7000000000000001
228,16,CARD,15,7,27,89,54,22,5,5,10,3,0.5,0.7000000000000001
229,16,CLF_UNION,16,8,46,89,55,22,5,5,10,3,0.5,0.7000000000000001
230,16,ORD-UNION,2,0,2,89,11,22,5,5,10,3,0.5,0.7000000000000001
231,16,CARD,20,0,25,89,54,22,5,5,10,3,0.5,0.7000000000000001
232,16,CLF_UNION,20,0,44,89,55,22,5,5,10,3,0.5,0.7000000000000001
233,16,ORD-UNION,3,0,3,89,14,22,5,5,10,3,0.5,0.7000000000000001
234,16,CARD,14,9,30,89,56,22,5,5,10,3,0.5,0.7000000000000001
235,16,CLF_UNION,14,9,51,89,55,22,5,5,10,3,0.5,0.7000000000000001
236,16,ORD-UNION,1,0,1,89,5,22,5,5,10,3,0.5,0.7000000000000001
237,16,CARD,17,8,34,89,52,22,5,5,10,3,0.5,0.7000000000000001
238,16,CLF_UNION,20,8,51,89,55,22,5,5,10,3,0.5,0.7000000000000001
239,16,ORD-UNION,2,0,2,89,6,22,5,5,10,3,0.5,0.7000000000000001
240,17,CARD,12,11,34,97,50,22,5,5,10,3,0.5,0.7000000000000001
241,17,CLF_UNION,14,9,50,97,56,22,5,5,10,3,0.5,0.7000000000000001
242,17,ORD-UNION,2,0,3,97,9,22,5,5,10,3,0.5,0.7000000000000001
243,17,CARD,21,1,27,97,52,22,5,5,10,3,0.5,0.7000000000000001
244,17,CLF_UNION,22,0,45,97,56,22,5,5,10,3,0.5,0.7000000000000001
245,17,ORD-UNION,0,0,0,97,11,22,5,5,10,3,0.5,0.7000000000000001
246,17,CARD,15,8,29,97,61,22,5,5,10,3,0.5,0.7000000000000001
247,17,CLF_UNION,20,9,55,97,55,22,5,5,10,3,0.5,0.7000000000000001
248,17,ORD-UNION,0,0,0,97,0,22,5,5,10,3,0.5,0.7000000000000001
249,17,CARD,15,3,22,97,54,22,5,5,10,3,0.5,0.7000000000000001
250,17,CLF_UNION,18,0,41,97,55,22,5,5,10,3,0.5,0.7000000000000001
251,17,ORD-UNION,0,0,0,97,14,22,5,5,10,3,0.5,0.7000000000000001
252,17,CARD,14,6,21,97,61,22,5,5,10,3,0.5,0.7000000000000001
253,17,CLF_UNION,21,6,48,97,56,22,5,5,10,3,0.5,0.7000000000000001
254,17,ORD-UNION,0,0,0,97,8,22,5,5,10,3,0.5,0.7000000000000001
255,18,CARD,17,1,24,110,61,22,5,5,10,3,0.5,0.7000000000000001
256,18,CLF_UNION,17,1,50,110,55,22,5,5,10,3,0.5,0.7000000000000001
257,18,ORD-UNION,0,0,0,110,5,22,5,5,10,3,0.5,0.7000000000000001
258,18,CARD,12,8,22,110,57,22,5,5,10,3,0.5,0.7000000000000001
259,18,CLF_UNION,13,8,44,110,55,22,5,5,10,3,0.5,0.7000000000000001
260,18,ORD-UNION,0,0,0,110,11,22,5,5,10,3,0.5,0.7000000000000001
261,18,CARD,12,0,16,110,55,22,5,5,10,3,0.5,0.7000000000000001
262,18,CLF_UNION,12,0,36,110,55,22,5,5,10,3,0.5,0.7000000000000001
263,18,ORD-UNION,4,0,4,110,23,22,5,5,10,3,0.5,0.7000000000000001
264,18,CARD,18,0,25,110,56,22,5,5,10,3,0.5,0.7000000000000001
265,18,CLF_UNION,18,0,46,110,55,22,5,5,10,3,0.5,0.7000000000000001
266,18,ORD-UNION,2,0,2,110,11,22,5,5,10,3,0.5,0.7000000000000001
267,18,CARD,18,7,28,110,54,22,5,5,10,3,0.5,0.7000000000000001
268,18,CLF_UNION,19,8,47,110,55,22,5,5,10,3,0.5,0.7000000000000001
269,18,ORD-UNION,0,0,0,110,8,22,5,5,10,3,0.5,0.7000000000000001
270,19,CARD,15,9,30,123,52,22,5,5,10,3,0.5,0.7000000000000001
271,19,CLF_UNION,15,9,51,123,59,22,5,5,10,3,0.5,0.7000000000000001
272,19,ORD-UNION,4,0,4,123,12,22,5,5,10,3,0.5,0.7000000000000001
273,19,CARD,12,0,18,123,61,22,5,5,10,3,0.5,0.7000000000000001
274,19,CLF_UNION,12,0,44,123,55,22,5,5,10,3,0.5,0.7000000000000001
275,19,ORD-UNION,2,0,2,123,13,22,5,5,10,3,0.5,0.7000000000000001
276,19,CARD,19,0,21,123,61,22,5,5,10,3,0.5,0.7000000000000001
277,19,CLF_UNION,19,0,48,123,56,22,5,5,10,3,0.5,0.7000000000000001
278,19,ORD-UNION,0,0,0,123,8,22,5,5,10,3,0.5,0.7000000000000001
279,19,CARD,0,0,0,123,58,22,5,5,10,3,0.5,0.7000000000000001
280,19,CLF_UNION,0,0,25,123,57,22,5,5,10,3,0.5,0.7000000000000001
281,19,ORD-UNION,0,0,0,123,32,22,5,5,10,3,0.5,0.7000000000000001
282,19,CARD,21,0,29,123,55,22,5,5,10,3,0.5,0.7000000000000001
283,19,CLF_UNION,21,0,50,123,56,22,5,5,10,3,0.5,0.7000000000000001
284,19,ORD-UNION,0,0,0,123,6,22,5,5,10,3,0.5,0.7000000000000001
285,20,CARD,2,0,9,136,67,22,5,5,10,3,0.5,0.7000000000000001
286,20,CLF_UNION,2,0,44,136,58,22,5,5,10,3,0.5,0.7000000000000001
287,20,ORD-UNION,2,0,3,136,17,22,5,5,10,3,0.5,0.7000000000000001
288,20,CARD,11,9,20,136,58,22,5,5,10,3,0.5,0.7000000000000001
289,20,CLF_UNION,11,9,44,136,56,22,5,5,10,3,0.5,0.7000000000000001
290,20,ORD-UNION,0,0,0,136,12,22,5,5,10,3,0.5,0.7000000000000001
291,20,CARD,20,9,33,136,53,22,5,5,10,3,0.5,0.7000000000000001
292,20,CLF_UNION,20,9,52,136,56,22,5,5,10,3,0.5,0.7000000000000001
293,20,ORD-UNION,0,0,0,136,4,22,5,5,10,3,0.5,0.7000000000000001
294,20,CARD,11,0,16,136,57,22,5,5,10,3,0.5,0.7000000000000001
295,20,CLF_UNION,11,0,41,136,58,22,5,5,10,3,0.5,0.7000000000000001
296,20,ORD-UNION,3,0,3,136,20,22,5,5,10,3,0.5,0.7000000000000001
297,20,CARD,12,0,16,136,55,22,5,5,10,3,0.5,0.7000000000000001
298,20,CLF_UNION,12,0,37,136,56,22,5,5,10,3,0.5,0.7000000000000001
299,20,ORD-UNION,4,0,5,136,24,22,5,5,10,3,0.5,0.7000000000000001
300,21,CARD,3,9,19,147,55,22,5,5,10,3,0.5,0.7000000000000001
301,21,CLF_UNION,4,9,42,147,58,22,5,5,10,3,0.5,0.7000000000000001
302,21,ORD-UNION,0,0,0,147,16,22,5,5,10,3,0.5,0.7000000000000001
303,21,CARD,14,9,23,147,57,22,5,5,10,3,0.5,0.7000000000000001
304,21,CLF_UNION,14,9,46,147,56,22,5,5,10,3,0.5,0.7000000000000001
305,21,ORD-UNION,0,0,0,147,10,22,5,5,10,3,0.5,0.7000000000000001
306,21,CARD,16,0,22,147,54,22,5,5,10,3,0.5,0.7000000000000001
307,21,CLF_UNION,17,0,42,147,56,22,5,5,10,3,0.5,0.7000000000000001
308,21,ORD-UNION,0,0,0,147,14,22,5,5,10,3,0.5,0.7000000000000001
309,21,CARD,8,9,27,147,54,22,5,5,10,3,0.5,0.7000000000000001
310,21,CLF_UNION,12,8,46,147,55,22,5,5,10,3,0.5,0.7000000000000001
311,21,ORD-UNION,0,0,1,147,10,22,5,5,10,3,0.5,0.7000000000000001
312,21,CARD,8,9,23,147,51,22,5,5,10,3,0.5,0.7000000000000001
313,21,CLF_UNION,9,8,40,147,56,22,5,5,10,3,0.5,0.7000000000000001
314,21,ORD-UNION,0,0,0,147,16,22,5,5,10,3,0.5,0.7000000000000001
315,22,CARD,0,9,14,158,58,22,5,5,10,3,0.5,0.7000000000000001
316,22,CLF_UNION,0,9,39,158,57,22,5,5,10,3,0.5,0.7000000000000001
317,22,ORD-UNION,0,0,0,158,18,22,5,5,10,3,0.5,0.7000000000000001
318,22,CARD,16,0,20,158,55,22,5,5,10,3,0.5,0.7000000000000001
319,22,CLF_UNION,16,0,40,158,55,22,5,5,10,3,0.5,0.7000000000000001
320,22,ORD-UNION,0,0,1,158,16,22,5,5,10,3,0.5,0.7000000000000001
321,22,CARD,10,9,21,158,53,22,5,5,10,3,0.5,0.7000000000000001
322,22,CLF_UNION,11,8,40,158,56,22,5,5,10,3,0.5,0.7000000000000001
323,22,ORD-UNION,0,0,0,158,16,22,5,5,10,3,0.5,0.7000000000000001
324,22,CARD,2,9,11,158,66,22,5,5,10,3,0.5,0.7000000000000001
325,22,CLF_UNION,3,8,42,158,55,22,5,5,10,3,0.5,0.7000000000000001
326,22,ORD-UNION,0,0,0,158,13,22,5,5,10,3,0.5,0.7000000000000001
327,22,CARD,17,0,19,158,57,22,5,5,10,3,0.5,0.7000000000000001
328,22,CLF_UNION,17,0,41,158,55,22,5,5,10,3,0.5,0.7000000000000001
329,22,ORD-UNION,0,0,0,158,14,22,5,5,10,3,0.5,0.7000000000000001
330,23,CARD,0,0,5,173,61,22,5,5,10,3,0.5,0.7000000000000001
331,23,CLF_UNION,0,0,33,173,57,22,5,5,10,3,0.5,0.7000000000000001
332,23,ORD-UNION,0,0,2,173,26,22,5,5,10,3,0.5,0.7000000000000001
333,23,CARD,13,9,29,173,61,22,5,5,10,3,0.5,0.7000000000000001
334,23,CLF_UNION,14,9,55,173,55,22,5,5,10,3,0.5,0.7000000000000001
335,23,ORD-UNION,0,0,0,173,0,22,5,5,10,3,0.5,0.7000000000000001
336,23,CARD,16,0,21,173,53,22,5,5,10,3,0.5,0.7000000000000001
337,23,CLF_UNION,16,1,39,173,55,22,5,5,10,3,0.5,0.7000000000000001
338,23,ORD-UNION,0,0,0,173,16,22,5,5,10,3,0.5,0.7000000000000001
339,23,CARD,8,9,21,173,57,22,5,5,10,3,0.5,0.7000000000000001
340,23,CLF_UNION,8,9,44,173,56,22,5,5,10,3,0.5,0.7000000000000001
341,23,ORD-UNION,0,0,0,173,12,22,5,5,10,3,0.5,0.7000000000000001
342,23,CARD,17,0,27,173,54,22,5,5,10,3,0.5,0.7000000000000001
343,23,CLF_UNION,18,1,46,173,55,22,5,5,10,3,0.5,0.7000000000000001
344,23,ORD-UNION,0,0,0,173,9,22,5,5,10,3,0.5,0.7000000000000001
345,24,CARD,14,9,24,185,60,22,5,5,10,3,0.5,0.7000000000000001
346,24,CLF_UNION,14,9,50,185,56,22,5,5,10,3,0.5,0.7000000000000001
347,24,ORD-UNION,0,0,0,185,6,22,5,5,10,3,0.5,0.7000000000000001
348,24,CARD,8,0,13,185,57,22,5,5,10,3,0.5,0.7000000000000001
349,24,CLF_UNION,8,0,36,185,56,22,5,5,10,3,0.5,0.7000000000000001
350,24,ORD-UNION,0,0,0,185,20,22,5,5,10,3,0.5,0.7000000000000001
351,24,CARD,14,0,18,185,57,22,5,5,10,3,0.5,0.7000000000000001
352,24,CLF_UNION,14,0,43,185,58,22,5,5,10,3,0.5,0.7000000000000001
353,24,ORD-UNION,0,0,0,185,15,22,5,5,10,3,0.5,0.7000000000000001
354,24,CARD,0,0,0,185,58,22,5,5,10,3,0.5,0.7000000000000001
355,24,CLF_UNION,0,0,23,185,55,22,5,5,10,3,0.5,0.7000000000000001
356,24,ORD-UNION,0,0,0,185,32,22,5,5,10,3,0.5,0.7000000000000001
357,24,CARD,3,9,21,185,54,22,5,5,10,3,0.5,0.7000000000000001
358,24,CLF_UNION,5,9,41,185,56,22,5,5,10,3,0.5,0.7000000000000001
359,24,ORD-UNION,0,0,1,185,16,22,5,5,10,3,0.5,0.7000000000000001
360,1,CARD,0,13,21,1,69,22,5,5,10,3,0.5,0.7000000000000001
361,1,CLF_UNION,16,20,71,1,71,22,5,5,10,3,0.5,0.7000000000000001
362,1,ORD-UNION,0,0,0,1,0,22,5,5,10,3,0.5,0.7000000000000001
363,1,CARD,8,7,25,1,65,22,5,5,10,3,0.5,0.7000000000000001
364,1,CLF_UNION,19,14,62,1,62,22,5,5,10,3,0.5,0.7000000000000001
365,1,ORD-UNION,0,0,0,1,0,22,5,5,10,3,0.5,0.7000000000000001
366,1,CARD,4,9,25,1,65,22,5,5,10,3,0.5,0.7000000000000001
367,1,CLF_UNION,23,13,76,1,76,22,5,5,10,3,0.5,0.7000000000000001
368,1,ORD-UNION,0,0,0,1,0,22,5,5,10,3,0.5,0.7000000000000001
369,1,CARD,4,8,24,1,66,22,5,5,10,3,0.5,0.7000000000000001
370,1,CLF_UNION,14,14,61,1,61,22,5,5,10,3,0.5,0.7000000000000001
371,1,ORD-UNION,0,0,0,1,0,22,5,5,10,3,0.5,0.7000000000000001
372,1,CARD,0,9,25,1,65,22,5,5,10,3,0.5,0.7000000000000001
373,1,CLF_UNION,6,16,71,1,71,22,5,5,10,3,0.5,0.7000000000000001
374,1,ORD-UNION,0,0,0,1,0,22,5,5,10,3,0.5,0.7000000000000001
375,2,CARD,15,4,37,3,53,22,5,5,10,3,0.5,0.7000000000000001
376,2,CLF_UNION,17,8,57,3,57,22,5,5,10,3,0.5,0.7000000000000001
377,2,ORD-UNION,0,0,0,3,0,22,5,5,10,3,0.5,0.7000000000000001
378,2,CARD,17,6,35,3,55,22,5,5,10,3,0.5,0.7000000000000001
379,2,CLF_UNION,17,15,59,3,59,22,5,5,10,3,0.5,0.7000000000000001
380,2,ORD-UNION,0,0,0,3,0,22,5,5,10,3,0.5,0.7000000000000001
381,2,CARD,14,8,35,3,55,22,5,5,10,3,0.5,0.7000000000000001
382,2,CLF_UNION,13,19,60,3,60,22,5,5,10,3,0.5,0.7000000000000001
383,2,ORD-UNION,0,0,0,3,0,22,5,5,10,3,0.5,0.7000000000000001
384,2,CARD,13,5,33,3,57,22,5,5,10,3,0.5,0.7000000000000001
385,2,CLF_UNION,12,17,57,3,57,22,5,5,10,3,0.5,0.7000000000000001
386,2,ORD-UNION,0,0,0,3,0,22,5,5,10,3,0.5,0.7000000000000001
387,2,CARD,10,11,35,3,54,22,5,5,10,3,0.5,0.7000000000000001
388,2,CLF_UNION,10,20,58,3,59,22,5,5,10,3,0.5,0.7000000000000001
389,2,ORD-UNION,0,0,0,3,1,22,5,5,10,3,0.5,0.7000000000000001
390,3,CARD,11,9,38,5,52,22,5,5,10,3,0.5,0.7000000000000001
391,3,CLF_UNION,12,11,55,5,55,22,5,5,10,3,0.5,0.7000000000000001
392,3,ORD-UNION,0,0,0,5,0,22,5,5,10,3,0.5,0.7000000000000001
393,3,CARD,18,5,38,5,52,22,5,5,10,3,0.5,0.7000000000000001
394,3,CLF_UNION,19,5,56,5,56,22,5,5,10,3,0.5,0.7000000000000001
395,3,ORD-UNION,0,0,0,5,0,22,5,5,10,3,0.5,0.7000000000000001
396,3,CARD,15,6,40,5,50,22,5,5,10,3,0.5,0.7000000000000001
397,3,CLF_UNION,17,4,55,5,55,22,5,5,10,3,0.5,0.7000000000000001
398,3,ORD-UNION,0,0,1,5,1,22,5,5,10,3,0.5,0.7000000000000001
399,3,CARD,18,3,40,5,50,22,5,5,10,3,0.5,0.7000000000000001
400,3,CLF_UNION,19,5,55,5,55,22,5,5,10,3,0.5,0.7000000000000001
401,3,ORD-UNION,0,0,0,5,0,22,5,5,10,3,0.5,0.7000000000000001
402,3,CARD,22,6,37,5,53,22,5,5,10,3,0.5,0.7000000000000001
403,3,CLF_UNION,22,9,56,5,56,22,5,5,10,3,0.5,0.7000000000000001
404,3,ORD-UNION,0,0,0,5,0,22,5,5,10,3,0.5,0.7000000000000001
405,4,CARD,15,2,38,9,52,22,5,5,10,3,0.5,0.7000000000000001
406,4,CLF_UNION,21,0,55,9,55,22,5,5,10,3,0.5,0.7000000000000001
407,4,ORD-UNION,0,0,0,9,0,22,5,5,10,3,0.5,0.7000000000000001
408,4,CARD,17,8,43,9,47,22,5,5,10,3,0.5,0.7000000000000001
409,4,CLF_UNION,18,9,55,9,55,22,5,5,10,3,0.5,0.7000000000000001
410,4,ORD-UNION,0,0,0,9,0,22,5,5,10,3,0.5,0.7000000000000001
411,4,CARD,22,9,42,9,48,22,5,5,10,3,0.5,0.7000000000000001
412,4,CLF_UNION,25,8,55,9,55,22,5,5,10,3,0.5,0.7000000000000001
413,4,ORD-UNION,0,0,0,9,0,22,5,5,10,3,0.5,0.7000000000000001
414,4,CARD,27,2,40,9,49,22,5,5,10,3,0.5,0.7000000000000001
415,4,CLF_UNION,32,0,54,9,55,22,5,5,10,3,0.5,0.7000000000000001
416,4,ORD-UNION,0,0,0,9,1,22,5,5,10,3,0.5,0.7000000000000001
417,4,CARD,18,11,42,9,48,22,5,5,10,3,0.5,0.7000000000000001
418,4,CLF_UNION,17,15,55,9,55,22,5,5,10,3,0.5,0.7000000000000001
419,4,ORD-UNION,0,0,0,9,0,22,5,5,10,3,0.5,0.7000000000000001
420,5,CARD,18,10,38,12,49,22,5,5,10,3,0.5,0.7000000000000001
421,5,CLF_UNION,20,10,52,12,55,22,5,5,10,3,0.5,0.7000000000000001
422,5,ORD-UNION,0,0,0,12,3,22,5,5,10,3,0.5,0.7000000000000001
423,5,CARD,23,0,42,12,48,22,5,5,10,3,0.5,0.7000000000000001
424,5,CLF_UNION,23,0,55,12,55,22,5,5,10,3,0.5,0.7000000000000001
425,5,ORD-UNION,0,0,0,12,0,22,5,5,10,3,0.5,0.7000000000000001
426,5,CARD,26,1,42,12,48,22,5,5,10,3,0.5,0.7000000000000001
427,5,CLF_UNION,29,0,55,12,55,22,5,5,10,3,0.5,0.7000000000000001
428,5,ORD-UNION,0,0,0,12,0,22,5,5,10,3,0.5,0.7000000000000001
429,5,CARD,18,2,40,12,50,22,5,5,10,3,0.5,0.7000000000000001
430,5,CLF_UNION,23,0,55,12,55,22,5,5,10,3,0.5,0.7000000000000001
431,5,ORD-UNION,0,0,0,12,0,22,5,5,10,3,0.5,0.7000000000000001
432,5,CARD,29,2,42,12,48,22,5,5,10,3,0.5,0.7000000000000001
433,5,CLF_UNION,30,1,55,12,55,22,5,5,10,3,0.5,0.7000000000000001
434,5,ORD-UNION,0,0,0,12,0,22,5,5,10,3,0.5,0.7000000000000001
435,6,CARD,21,2,42,17,48,22,5,5,10,3,0.5,0.7000000000000001
436,6,CLF_UNION,23,0,55,17,55,22,5,5,10,3,0.5,0.7000000000000001
437,6,ORD-UNION,0,0,1,17,1,22,5,5,10,3,0.5,0.7000000000000001
438,6,CARD,10,13,38,17,47,22,5,5,10,3,0.5,0.7000000000000001
439,6,CLF_UNION,14,10,50,17,55,22,5,5,10,3,0.5,0.7000000000000001
440,6,ORD-UNION,0,0,0,17,5,22,5,5,10,3,0.5,0.7000000000000001
441,6,CARD,18,13,43,17,47,22,5,5,10,3,0.5,0.7000000000000001
442,6,CLF_UNION,22,10,55,17,55,22,5,5,10,3,0.5,0.7000000000000001
443,6,ORD-UNION,0,0,0,17,0,22,5,5,10,3,0.5,0.7000000000000001
444,6,CARD,20,11,44,17,46,22,5,5,10,3,0.5,0.7000000000000001
445,6,CLF_UNION,22,10,55,17,55,22,5,5,10,3,0.5,0.7000000000000001
446,6,ORD-UNION,0,0,0,17,0,22,5,5,10,3,0.5,0.7000000000000001
447,6,CARD,14,14,41,17,49,22,5,5,10,3,0.5,0.7000000000000001
448,6,CLF_UNION,19,10,55,17,55,22,5,5,10,3,0.5,0.7000000000000001
449,6,ORD-UNION,0,0,1,17,1,22,5,5,10,3,0.5,0.7000000000000001
450,7,CARD,7,9,37,22,52,22,5,5,10,3,0.5,0.7000000000000001
451,7,CLF_UNION,7,9,54,22,55,22,5,5,10,3,0.5,0.7000000000000001
452,7,ORD-UNION,0,0,1,22,2,22,5,5,10,3,0.5,0.7000000000000001
453,7,CARD,13,9,40,22,50,22,5,5,10,3,0.5,0.7000000000000001
454,7,CLF_UNION,15,9,55,22,55,22,5,5,10,3,0.5,0.7000000000000001
455,7,ORD-UNION,0,0,1,22,1,22,5,5,10,3,0.5,0.7000000000000001
456,7,CARD,17,12,38,22,51,22,5,5,10,3,0.5,0.7000000000000001
457,7,CLF_UNION,23,9,54,22,55,22,5,5,10,3,0.5,0.7000000000000001
458,7,ORD-UNION,0,0,0,22,1,22,5,5,10,3,0.5,0.7000000000000001
459,7,CARD,17,11,39,22,49,22,5,5,10,3,0.5,0.7000000000000001
460,7,CLF_UNION,20,10,53,22,55,22,5,5,10,3,0.5,0.7000000000000001
461,7,ORD-UNION,0,0,0,22,2,22,5,5,10,3,0.5,0.7000000000000001
462,7,CARD,16,7,42,22,48,22,5,5,10,3,0.5,0.7000000000000001
463,7,CLF_UNION,14,9,55,22,55,22,5,5,10,3,0.5,0.7000000000000001
464,7,ORD-UNION,0,0,0,22,0,22,5,5,10,3,0.5,0.7000000000000001
465,8,CARD,10,8,35,27,54,22,5,5,10,3,0.5,0.7000000000000001
466,8,CLF_UNION,22,0,55,27,56,22,5,5,10,3,0.5,0.7000000000000001
467,8,ORD-UNION,1,0,1,27,2,22,5,5,10,3,0.5,0.7000000000000001
468,8,CARD,19,0,35,27,51,22,5,5,10,3,0.5,0.7000000000000001
469,8,CLF_UNION,18,2,51,27,55,22,5,5,10,3,0.5,0.7000000000000001
470,8,ORD-UNION,0,0,0,27,4,22,5,5,10,3,0.5,0.7000000000000001
471,8,CARD,17,2,33,27,56,22,5,5,10,3,0.5,0.7000000000000001
472,8,CLF_UNION,20,0,56,27,57,22,5,5,10,3,0.5,0.7000000000000001
473,8,ORD-UNION,0,0,0,27,1,22,5,5,10,3,0.5,0.7000000000000001
474,8,CARD,3,13,34,27,54,22,5,5,10,3,0.5,0.7000000000000001
475,8,CLF_UNION,9,12,54,27,56,22,5,5,10,3,0.5,0.7000000000000001
476,8,ORD-UNION,0,0,0,27,2,22,5,5,10,3,0.5,0.7000000000000001
477,8,CARD,14,13,37,27,53,22,5,5,10,3,0.5,0.7000000000000001
478,8,CLF_UNION,20,9,56,27,56,22,5,5,10,3,0.5,0.7000000000000001
479,8,ORD-UNION,0,0,0,27,0,22,5,5,10,3,0.5,0.7000000000000001
480,9,CARD,23,2,35,35,53,22,5,5,10,3,0.5,0.7000000000000001
481,9,CLF_UNION,15,11,56,35,58,22,5,5,10,3,0.5,0.7000000000000001
482,9,ORD-UNION,0,0,0,35,2,22,5,5,10,3,0.5,0.7000000000000001
483,9,CARD,12,1,31,35,51,22,5,5,10,3,0.5,0.7000000000000001
484,9,CLF_UNION,14,1,48,35,56,22,5,5,10,3,0.5,0.7000000000000001
485,9,ORD-UNION,0,0,0,35,8,22,5,5,10,3,0.5,0.7000000000000001
486,9,CARD,17,0,32,35,55,22,5,5,10,3,0.5,0.7000000000000001
487,9,CLF_UNION,16,4,53,35,56,22,5,5,10,3,0.5,0.7000000000000001
488,9,ORD-UNION,0,0,0,35,3,22,5,5,10,3,0.5,0.7000000000000001
489,9,CARD,19,2,41,35,49,22,5,5,10,3,0.5,0.7000000000000001
490,9,CLF_UNION,17,7,57,35,57,22,5,5,10,3,0.5,0.7000000000000001
491,9,ORD-UNION,0,0,0,35,0,22,5,5,10,3,0.5,0.7000000000000001
492,9,CARD,21,7,42,35,47,22,5,5,10,3,0.5,0.7000000000000001
493,9,CLF_UNION,25,3,54,35,55,22,5,5,10,3,0.5,0.7000000000000001
494,9,ORD-UNION,0,0,0,35,1,22,5,5,10,3,0.5,0.7000000000000001
495,10,CARD,16,4,32,44,49,22,5,5,10,3,0.5,0.7000000000000001
496,10,CLF_UNION,19,5,47,44,56,22,5,5,10,3,0.5,0.7000000000000001
497,10,ORD-UNION,0,0,0,44,9,22,5,5,10,3,0.5,0.7000000000000001
498,10,CARD,24,1,40,44,47,22,5,5,10,3,0.5,0.7000000000000001
499,10,CLF_UNION,26,1,53,44,56,22,5,5,10,3,0.5,0.7000000000000001
500,10,ORD-UNION,1,0,1,44,4,22,5,5,10,3,0.5,0.7000000000000001
501,10,CARD,9,11,39,44,51,22,5,5,10,3,0.5,0.7000000000000001
502,10,CLF_UNION,15,8,55,44,55,22,5,5,10,3,0.5,0.7000000000000001
503,10,ORD-UNION,0,0,0,44,0,22,5,5,10,3,0.5,0.7000000000000001
504,10,CARD,14,3,36,44,49,22,5,5,10,3,0.5,0.7000000000000001
505,10,CLF_UNION,16,5,52,44,57,22,5,5,10,3,0.5,0.7000000000000001
506,10,ORD-UNION,0,0,1,44,6,22,5,5,10,3,0.5,0.7000000000000001
507,10,CARD,8,13,42,44,48,22,5,5,10,3,0.5,0.7000000000000001
508,10,CLF_UNION,15,8,55,44,55,22,5,5,10,3,0.5,0.7000000000000001
509,10,ORD-UNION,1,0,1,44,1,22,5,5,10,3,0.5,0.7000000000000001
510,11,CARD,9,5,42,51,45,22,5,5,10,3,0.5,0.7000000000000001
511,11,CLF_UNION,13,1,52,51,55,22,5,5,10,3,0.5,0.7000000000000001
512,11,ORD-UNION,0,0,0,51,3,22,5,5,10,3,0.5,0.7000000000000001
513,11,CARD,19,8,42,51,46,22,5,5,10,3,0.5,0.7000000000000001
514,11,CLF_UNION,24,3,53,51,55,22,5,5,10,3,0.5,0.7000000000000001
515,11,ORD-UNION,0,0,0,51,2,22,5,5,10,3,0.5,0.7000000000000001
516,11,CARD,12,1,42,51,45,22,5,5,10,3,0.5,0.7000000000000001
517,11,CLF_UNION,12,1,53,51,56,22,5,5,10,3,0.5,0.7000000000000001
518,11,ORD-UNION,0,0,0,51,3,22,5,5,10,3,0.5,0.7000000000000001
519,11,CARD,14,7,41,51,46,22,5,5,10,3,0.5,0.7000000000000001
520,11,CLF_UNION,20,1,52,51,55,22,5,5,10,3,0.5,0.7000000000000001
521,11,ORD-UNION,0,0,0,51,3,22,5,5,10,3,0.5,0.7000000000000001
522,11,CARD,10,6,37,51,46,22,5,5,10,3,0.5,0.7000000000000001
523,11,CLF_UNION,13,3,49,51,56,22,5,5,10,3,0.5,0.7000000000000001
524,11,ORD-UNION,0,0,1,51,8,22,5,5,10,3,0.5,0.7000000000000001
525,12,CARD,9,8,35,58,51,22,5,5,10,3,0.5,0.7000000000000001
526,12,CLF_UNION,19,0,51,58,55,22,5,5,10,3,0.5,0.7000000000000001
527,12,ORD-UNION,0,0,3,58,7,22,5,5,10,3,0.5,0.7000000000000001
528,12,CARD,21,5,41,58,47,22,5,5,10,3,0.5,0.7000000000000001
529,12,CLF_UNION,25,2,53,58,55,22,5,5,10,3,0.5,0.7000000000000001
530,12,ORD-UNION,0,0,0,58,2,22,5,5,10,3,0.5,0.7000000000000001
531,12,CARD,6,14,38,58,48,22,5,5,10,3,0.5,0.7000000000000001
532,12,CLF_UNION,17,3,51,58,55,22,5,5,10,3,0.5,0.7000000000000001
533,12,ORD-UNION,0,0,0,58,4,22,5,5,10,3,0.5,0.7000000000000001
534,12,CARD,21,5,40,58,48,22,5,5,10,3,0.5,0.7000000000000001
535,12,CLF_UNION,25,2,53,58,55,22,5,5,10,3,0.5,0.7000000000000001
536,12,ORD-UNION,0,0,0,58,2,22,5,5,10,3,0.5,0.7000000000000001
537,12,CARD,10,18,40,58,48,22,5,5,10,3,0.5,0.7000000000000001
538,12,CLF_UNION,20,9,54,58,56,22,5,5,10,3,0.5,0.7000000000000001
539,12,ORD-UNION,0,0,0,58,2,22,5,5,10,3,0.5,0.7000000000000001
540,13,CARD,10,10,38,65,45,22,5,5,10,3,0.5,0.7000000000000001
541,13,CLF_UNION,12,8,48,65,55,22,5,5,10,3,0.5,0.7000000000000001
542,13,ORD-UNION,1,1,4,65,11,22,5,5,10,3,0.5,0.7000000000000001
543,13,CARD,16,5,42,65,47,22,5,5,10,3,0.5,0.7000000000000001
544,13,CLF_UNION,22,0,54,65,55,22,5,5,10,3,0.5,0.7000000000000001
545,13,ORD-UNION,1,0,3,65,4,22,5,5,10,3,0.5,0.7000000000000001
546,13,CARD,3,17,37,65,46,22,5,5,10,3,0.5,0.7000000000000001
547,13,CLF_UNION,12,8,48,65,55,22,5,5,10,3,0.5,0.7000000000000001
548,13,ORD-UNION,0,1,1,65,8,22,5,5,10,3,0.5,0.7000000000000001
549,13,CARD,4,10,32,65,49,22,5,5,10,3,0.5,0.7000000000000001
550,13,CLF_UNION,13,1,46,65,55,22,5,5,10,3,0.5,0.7000000000000001
551,13,ORD-UNION,1,0,4,65,13,22,5,5,10,3,0.5,0.7000000000000001
552,13,CARD,8,19,42,65,48,22,5,5,10,3,0.5,0.7000000000000001
553,13,CLF_UNION,20,7,56,65,56,22,5,5,10,3,0.5,0.7000000000000001
554,13,ORD-UNION,0,0,0,65,0,22,5,5,10,3,0.5,0.7000000000000001
555,14,CARD,5,6,28,72,52,22,5,5,10,3,0.5,0.7000000000000001
556,14,CLF_UNION,7,4,47,72,57,22,5,5,10,3,0.5,0.7000000000000001
557,14,ORD-UNION,0,0,2,72,12,22,5,5,10,3,0.5,0.7000000000000001
558,14,CARD,18,2,31,72,51,22,5,5,10,3,0.5,0.7000000000000001
559,14,CLF_UNION,18,2,47,72,55,22,5,5,10,3,0.5,0.7000000000000001
560,14,ORD-UNION,0,0,1,72,9,22,5,5,10,3,0.5,0.7000000000000001
561,14,CARD,4,1,33,72,53,22,5,5,10,3,0.5,0.7000000000000001
562,14,CLF_UNION,5,0,53,72,57,22,5,5,10,3,0.5,0.7000000000000001
563,14,ORD-UNION,1,0,3,72,7,22,5,5,10,3,0.5,0.7000000000000001
564,14,CARD,16,2,31,72,56,22,5,5,10,3,0.5,0.7000000000000001
565,14,CLF_UNION,17,1,53,72,56,22,5,5,10,3,0.5,0.7000000000000001
566,14,ORD-UNION,0,0,0,72,3,22,5,5,10,3,0.5,0.7000000000000001
567,14,CARD,18,2,37,72,50,22,5,5,10,3,0.5,0.7000000000000001
568,14,CLF_UNION,20,0,52,72,55,22,5,5,10,3,0.5,0.7000000000000001
569,14,ORD-UNION,0,0,1,72,4,22,5,5,10,3,0.5,0.7000000000000001
570,15,CARD,9,11,36,79,51,22,5,5,10,3,0.5,0.7000000000000001
571,15,CLF_UNION,19,1,53,79,56,22,5,5,10,3,0.5,0.7000000000000001
572,15,ORD-UNION,0,0,0,79,3,22,5,5,10,3,0.5,0.7000000000000001
573,15,CARD,7,9,39,79,51,22,5,5,10,3,0.5,0.7000000000000001
574,15,CLF_UNION,8,8,55,79,55,22,5,5,10,3,0.5,0.7000000000000001
575,15,ORD-UNION,0,0,3,79,3,22,5,5,10,3,0.5,0.7000000000000001
576,15,CARD,6,3,28,79,48,22,5,5,10,3,0.5,0.7000000000000001
577,15,CLF_UNION,9,0,41,79,55,22,5,5,10,3,0.5,0.7000000000000001
578,15,ORD-UNION,0,0,2,79,16,22,5,5,10,3,0.5,0.7000000000000001
579,15,CARD,3,1,34,79,51,22,5,5,10,3,0.5,0.7000000000000001
580,15,CLF_UNION,4,0,51,79,56,22,5,5,10,3,0.5,0.7000000000000001
581,15,ORD-UNION,0,0,0,79,5,22,5,5,10,3,0.5,0.7000000000000001
582,15,CARD,10,10,30,79,49,22,5,5,10,3,0.5,0.7000000000000001
583,15,CLF_UNION,20,0,44,79,55,22,5,5,10,3,0.5,0.7000000000000001
584,15,ORD-UNION,0,0,0,79,11,22,5,5,10,3,0.5,0.7000000000000001
585,16,CARD,15,10,40,86,46,22,5,5,10,3,0.5,0.7000000000000001
586,16,CLF_UNION,24,1,51,86,55,22,5,5,10,3,0.5,0.7000000000000001
587,16,ORD-UNION,2,0,2,86,6,22,5,5,10,3,0.5,0.7000000000000001
588,16,CARD,9,7,32,86,47,22,5,5,10,3,0.5,0.7000000000000001
589,16,CLF_UNION,16,0,44,86,55,22,5,5,10,3,0.5,0.7000000000000001
590,16,ORD-UNION,3,0,5,86,16,22,5,5,10,3,0.5,0.7000000000000001
591,16,CARD,12,5,36,86,47,22,5,5,10,3,0.5,0.7000000000000001
592,16,CLF_UNION,15,2,49,86,56,22,5,5,10,3,0.5,0.7000000000000001
593,16,ORD-UNION,1,0,3,86,10,22,5,5,10,3,0.5,0.7000000000000001
594,16,CARD,17,4,35,86,49,22,5,5,10,3,0.5,0.7000000000000001
595,16,CLF_UNION,21,0,49,86,55,22,5,5,10,3,0.5,0.7000000000000001
596,16,ORD-UNION,2,0,3,86,9,22,5,5,10,3,0.5,0.7000000000000001
597,16,CARD,7,2,38,86,52,22,5,5,10,3,0.5,0.7000000000000001
598,16,CLF_UNION,9,0,55,86,55,22,5,5,10,3,0.5,0.7000000000000001
599,16,ORD-UNION,0,0,2,86,2,22,5,5,10,3,0.5,0.7000000000000001
600,17,CARD,14,8,35,101,49,22,5,5,10,3,0.5,0.7000000000000001
601,17,CLF_UNION,21,1,49,101,55,22,5,5,10,3,0.5,0.7000000000000001
602,17,ORD-UNION,0,0,1,101,7,22,5,5,10,3,0.5,0.7000000000000001
603,17,CARD,6,2,30,101,51,22,5,5,10,3,0.5,0.7000000000000001
604,17,CLF_UNION,8,0,46,101,55,22,5,5,10,3,0.5,0.7000000000000001
605,17,ORD-UNION,1,0,2,101,11,22,5,5,10,3,0.5,0.7000000000000001
606,17,CARD,2,4,27,101,53,22,5,5,10,3,0.5,0.7000000000000001
607,17,CLF_UNION,4,2,45,101,55,22,5,5,10,3,0.5,0.7000000000000001
608,17,ORD-UNION,0,0,0,101,10,22,5,5,10,3,0.5,0.7000000000000001
609,17,CARD,14,8,37,101,46,22,5,5,10,3,0.5,0.7000000000000001
610,17,CLF_UNION,20,2,48,101,55,22,5,5,10,3,0.5,0.7000000000000001
611,17,ORD-UNION,0,0,0,101,7,22,5,5,10,3,0.5,0.7000000000000001
612,17,CARD,3,9,26,101,49,22,5,5,10,3,0.5,0.7000000000000001
613,17,CLF_UNION,9,3,40,101,55,22,5,5,10,3,0.5,0.7000000000000001
614,17,ORD-UNION,0,0,0,101,15,22,5,5,10,3,0.5,0.7000000000000001
615,18,CARD,16,2,29,109,50,22,5,5,10,3,0.5,0.7000000000000001
616,18,CLF_UNION,20,0,46,109,57,22,5,5,10,3,0.5,0.7000000000000001
617,18,ORD-UNION,0,0,0,109,11,22,5,5,10,3,0.5,0.7000000000000001
618,18,CARD,14,3,29,109,48,22,5,5,10,3,0.5,0.7000000000000001
619,18,CLF_UNION,18,2,43,109,56,22,5,5,10,3,0.5,0.7000000000000001
620,18,ORD-UNION,0,0,0,109,13,22,5,5,10,3,0.5,0.7000000000000001
621,18,CARD,10,1,23,109,49,22,5,5,10,3,0.5,0.7000000000000001
622,18,CLF_UNION,11,1,38,109,56,22,5,5,10,3,0.5,0.7000000000000001
623,18,ORD-UNION,0,0,1,109,19,22,5,5,10,3,0.5,0.7000000000000001
624,18,CARD,16,0,24,109,49,22,5,5,10,3,0.5,0.7000000000000001
625,18,CLF_UNION,16,1,40,109,57,22,5,5,10,3,0.5,0.7000000000000001
626,18,ORD-UNION,3,0,4,109,21,22,5,5,10,3,0.5,0.7000000000000001
627,18,CARD,10,2,30,109,49,22,5,5,10,3,0.5,0.7000000000000001
628,18,CLF_UNION,12,0,46,109,57,22,5,5,10,3,0.5,0.7000000000000001
629,18,ORD-UNION,3,0,5,109,16,22,5,5,10,3,0.5,0.7000000000000001
630,19,CARD,9,1,27,117,56,22,5,5,10,3,0.5,0.7000000000000001
631,19,CLF_UNION,10,0,57,117,64,22,5,5,10,3,0.5,0.7000000000000001
632,19,ORD-UNION,0,0,1,117,8,22,5,5,10,3,0.5,0.7000000000000001
633,19,CARD,3,6,20,117,53,22,5,5,10,3,0.5,0.7000000000000001
634,19,CLF_UNION,5,7,42,117,59,22,5,5,10,3,0.5,0.7000000000000001
635,19,ORD-UNION,0,0,0,117,17,22,5,5,10,3,0.5,0.7000000000000001
636,19,CARD,8,12,31,117,48,22,5,5,10,3,0.5,0.7000000000000001
637,19,CLF_UNION,12,8,47,117,58,22,5,5,10,3,0.5,0.7000000000000001
638,19,ORD-UNION,1,1,2,117,13,22,5,5,10,3,0.5,0.7000000000000001
639,19,CARD,6,2,21,117,52,22,5,5,10,3,0.5,0.7000000000000001
640,19,CLF_UNION,6,5,43,117,60,22,5,5,10,3,0.5,0.7000000000000001
641,19,ORD-UNION,0,0,0,117,17,22,5,5,10,3,0.5,0.7000000000000001
642,19,CARD,12,3,30,117,51,22,5,5,10,3,0.5,0.7000000000000001
643,19,CLF_UNION,18,1,51,117,60,22,5,5,10,3,0.5,0.7000000000000001
644,19,ORD-UNION,0,0,0,117,9,22,5,5,10,3,0.5,0.7000000000000001
645,20,CARD,8,8,31,125,48,22,5,5,10,3,0.5,0.7000000000000001
646,20,CLF_UNION,8,8,46,125,57,22,5,5,10,3,0.5,0.7000000000000001
647,20,ORD-UNION,0,0,0,125,11,22,5,5,10,3,0.5,0.7000000000000001
648,20,CARD,11,9,40,125,46,22,5,5,10,3,0.5,0.7000000000000001
649,20,CLF_UNION,12,8,53,125,57,22,5,5,10,3,0.5,0.7000000000000001
650,20,ORD-UNION,0,0,0,125,4,22,5,5,10,3,0.5,0.7000000000000001
651,20,CARD,10,3,24,125,50,22,5,5,10,3,0.5,0.7000000000000001
652,20,CLF_UNION,13,2,39,125,55,22,5,5,10,3,0.5,0.7000000000000001
653,20,ORD-UNION,2,0,4,125,20,22,5,5,10,3,0.5,0.7000000000000001
654,20,CARD,8,8,35,125,47,22,5,5,10,3,0.5,0.7000000000000001
655,20,CLF_UNION,14,2,47,125,55,22,5,5,10,3,0.5,0.7000000000000001
656,20,ORD-UNION,0,0,2,125,10,22,5,5,10,3,0.5,0.7000000000000001
657,20,CARD,6,2,21,125,48,22,5,5,10,3,0.5,0.7000000000000001
658,20,CLF_UNION,8,1,36,125,56,22,5,5,10,3,0.5,0.7000000000000001
659,20,ORD-UNION,2,0,3,125,24,22,5,5,10,3,0.5,0.7000000000000001
660,21,CARD,3,12,27,143,52,22,5,5,10,3,0.5,0.7000000000000001
661,21,CLF_UNION,10,8,44,143,55,22,5,5,10,3,0.5,0.7000000000000001
662,21,ORD-UNION,1,0,1,143,12,22,5,5,10,3,0.5,0.7000000000000001
663,21,CARD,4,3,21,143,52,22,5,5,10,3,0.5,0.7000000000000001
664,21,CLF_UNION,7,3,38,143,55,22,5,5,10,3,0.5,0.7000000000000001
665,21,ORD-UNION,0,0,2,143,19,22,5,5,10,3,0.5,0.7000000000000001
666,21,CARD,5,5,23,143,50,22,5,5,10,3,0.5,0.7000000000000001
667,21,CLF_UNION,10,0,38,143,55,22,5,5,10,3,0.5,0.7000000000000001
668,21,ORD-UNION,0,0,2,143,19,22,5,5,10,3,0.5,0.7000000000000001
669,21,CARD,3,0,35,143,49,22,5,5,10,3,0.5,0.7000000000000001
670,21,CLF_UNION,3,0,49,143,55,22,5,5,10,3,0.5,0.7000000000000001
671,21,ORD-UNION,1,0,3,143,9,22,5,5,10,3,0.5,0.7000000000000001
672,21,CARD,5,12,30,143,51,22,5,5,10,3,0.5,0.7000000000000001
673,21,CLF_UNION,12,8,46,143,55,22,5,5,10,3,0.5,0.7000000000000001
674,21,ORD-UNION,0,0,1,143,10,22,5,5,10,3,0.5,0.7000000000000001
675,22,CARD,7,5,17,152,50,22,5,5,10,3,0.5,0.7000000000000001
676,22,CLF_UNION,9,4,33,152,55,22,5,5,10,3,0.5,0.7000000000000001
677,22,ORD-UNION,3,0,3,152,26,22,5,5,10,3,0.5,0.7000000000000001
678,22,CARD,9,0,27,152,50,22,5,5,10,3,0.5,0.7000000000000001
679,22,CLF_UNION,10,0,42,152,55,22,5,5,10,3,0.5,0.7000000000000001
680,22,ORD-UNION,0,0,1,152,14,22,5,5,10,3,0.5,0.7000000000000001
681,22,CARD,4,1,30,152,49,22,5,5,10,3,0.5,0.7000000000000001
682,22,CLF_UNION,6,0,45,152,56,22,5,5,10,3,0.5,0.7000000000000001
683,22,ORD-UNION,1,0,2,152,13,22,5,5,10,3,0.5,0.7000000000000001
684,22,CARD,2,2,30,152,50,22,5,5,10,3,0.5,0.7000000000000001
685,22,CLF_UNION,6,0,46,152,56,22,5,5,10,3,0.5,0.7000000000000001
686,22,ORD-UNION,2,0,3,152,13,22,5,5,10,3,0.5,0.7000000000000001
687,22,CARD,4,14,32,152,47,22,5,5,10,3,0.5,0.7000000000000001
688,22,CLF_UNION,7,11,45,152,56,22,5,5,10,3,0.5,0.7000000000000001
689,22,ORD-UNION,2,0,5,152,16,22,5,5,10,3,0.5,0.7000000000000001
690,23,CARD,5,5,20,161,49,22,5,5,10,3,0.5,0.7000000000000001
691,23,CLF_UNION,7,3,34,161,55,22,5,5,10,3,0.5,0.7000000000000001
692,23,ORD-UNION,0,0,0,161,21,22,5,5,10,3,0.5,0.7000000000000001
693,23,CARD,3,0,24,161,53,22,5,5,10,3,0.5,0.7000000000000001
694,23,CLF_UNION,4,0,43,161,56,22,5,5,10,3,0.5,0.7000000000000001
695,23,ORD-UNION,1,0,2,161,15,22,5,5,10,3,0.5,0.7000000000000001
696,23,CARD,6,0,20,161,52,22,5,5,10,3,0.5,0.7000000000000001
697,23,CLF_UNION,6,0,37,161,55,22,5,5,10,3,0.5,0.7000000000000001
698,23,ORD-UNION,0,0,2,161,20,22,5,5,10,3,0.5,0.7000000000000001
699,23,CARD,6,0,21,161,52,22,5,5,10,3,0.5,0.7000000000000001
700,23,CLF_UNION,6,0,38,161,55,22,5,5,10,3,0.5,0.7000000000000001
701,23,ORD-UNION,3,0,3,161,20,22,5,5,10,3,0.5,0.7000000000000001
702,23,CARD,13,0,29,161,47,22,5,5,10,3,0.5,0.7000000000000001
703,23,CLF_UNION,13,0,41,161,55,22,5,5,10,3,0.5,0.7000000000000001
704,23,ORD-UNION,3,0,6,161,20,22,5,5,10,3,0.5,0.7000000000000001
705,24,CARD,1,6,19,181,52,22,5,5,10,3,0.5,0.7000000000000001
706,24,CLF_UNION,4,6,38,181,57,22,5,5,10,3,0.5,0.7000000000000001
707,24,ORD-UNION,0,1,2,181,21,22,5,5,10,3,0.5,0.7000000000000001
708,24,CARD,0,9,28,181,50,22,5,5,10,3,0.5,0.7000000000000001
709,24,CLF_UNION,2,7,43,181,55,22,5,5,10,3,0.5,0.7000000000000001
710,24,ORD-UNION,0,0,1,181,13,22,5,5,10,3,0.5,0.7000000000000001
711,24,CARD,1,0,19,181,51,22,5,5,10,3,0.5,0.7000000000000001
712,24,CLF_UNION,3,0,38,181,58,22,5,5,10,3,0.5,0.7000000000000001
713,24,ORD-UNION,0,0,2,181,22,22,5,5,10,3,0.5,0.7000000000000001
714,24,CARD,3,0,19,181,51,22,5,5,10,3,0.5,0.7000000000000001
715,24,CLF_UNION,3,0,40,181,60,22,5,5,10,3,0.5,0.7000000000000001
716,24,ORD-UNION,1,0,5,181,25,22,5,5,10,3,0.5,0.7000000000000001
717,24,CARD,2,7,20,181,50,22,5,5,10,3,0.5,0.7000000000000001
718,24,CLF_UNION,4,7,35,181,55,22,5,5,10,3,0.5,0.7000000000000001
719,24,ORD-UNION,0,1,2,181,22,22,5,5,10,3,0.5,0.7000000000000001
720,1,CARD,8,6,24,1,66,22,5,5,10,3,0.5,0.7000000000000001
721,1,CLF_UNION,1,29,64,1,64,22,5,5,10,3,0.5,0.7000000000000001
722,1,ORD-UNION,0,0,0,1,0,22,5,5,10,3,0.5,0.7000000000000001
723,1,CARD,4,4,24,1,66,22,5,5,10,3,0.5,0.7000000000000001
724,1,CLF_UNION,7,15,64,1,64,22,5,5,10,3,0.5,0.7000000000000001
725,1,ORD-UNION,0,0,0,1,0,22,5,5,10,3,0.5,0.7000000000000001
726,1,CARD,7,7,24,1,66,22,5,5,10,3,0.5,0.7000000000000001
727,1,CLF_UNION,9,26,66,1,66,22,5,5,10,3,0.5,0.7000000000000001
728,1,ORD-UNION,0,0,0,1,0,22,5,5,10,3,0.5,0.7000000000000001
729,1,CARD,2,8,16,1,74,22,5,5,10,3,0.5,0.7000000000000001
730,1,CLF_UNION,6,29,62,1,62,22,5,5,10,3,0.5,0.7000000000000001
731,1,ORD-UNION,0,0,0,1,0,22,5,5,10,3,0.5,0.7000000000000001
732,1,CARD,7,7,24,1,66,22,5,5,10,3,0.5,0.7000000000000001
733,1,CLF_UNION,8,25,62,1,62,22,5,5,10,3,0.5,0.7000000000000001
734,1,ORD-UNION,0,0,0,1,0,22,5,5,10,3,0.5,0.7000000000000001
735,2,CARD,6,12,35,3,55,22,5,5,10,3,0.5,0.7000000000000001
736,2,CLF_UNION,11,16,59,3,59,22,5,5,10,3,0.5,0.7000000000000001
737,2,ORD-UNION,0,0,0,3,0,22,5,5,10,3,0.5,0.7000000000000001
738,2,CARD,13,10,34,3,55,22,5,5,10,3,0.5,0.7000000000000001
739,2,CLF_UNION,10,24,57,3,58,22,5,5,10,3,0.5,0.7000000000000001
740,2,ORD-UNION,0,0,0,3,1,22,5,5,10,3,0.5,0.7000000000000001
741,2,CARD,16,10,36,3,54,22,5,5,10,3,0.5,0.7000000000000001
742,2,CLF_UNION,14,23,62,3,62,22,5,5,10,3,0.5,0.7000000000000001
743,2,ORD-UNION,0,0,0,3,0,22,5,5,10,3,0.5,0.7000000000000001
744,2,CARD,4,17,36,3,54,22,5,5,10,3,0.5,0.7000000000000001
745,2,CLF_UNION,9,20,57,3,57,22,5,5,10,3,0.5,0.7000000000000001
746,2,ORD-UNION,0,0,0,3,0,22,5,5,10,3,0.5,0.7000000000000001
747,2,CARD,17,7,35,3,55,22,5,5,10,3,0.5,0.7000000000000001
748,2,CLF_UNION,20,17,64,3,64,22,5,5,10,3,0.5,0.7000000000000001
749,2,ORD-UNION,0,0,0,3,0,22,5,5,10,3,0.5,0.7000000000000001
750,3,CARD,14,14,40,5,50,22,5,5,10,3,0.5,0.7000000000000001
751,3,CLF_UNION,9,26,57,5,57,22,5,5,10,3,0.5,0.7000000000000001
752,3,ORD-UNION,0,0,0,5,0,22,5,5,10,3,0.5,0.7000000000000001
753,3,CARD,11,14,40,5,50,22,5,5,10,3,0.5,0.7000000000000001
754,3,CLF_UNION,12,17,56,5,56,22,5,5,10,3,0.5,0.7000000000000001
755,3,ORD-UNION,0,0,0,5,0,22,5,5,10,3,0.5,0.7000000000000001
756,3,CARD,3,15,39,5,50,22,5,5,10,3,0.5,0.7000000000000001
757,3,CLF_UNION,7,17,56,5,57,22,5,5,10,3,0.5,0.7000000000000001
758,3,ORD-UNION,0,0,0,5,1,22,5,5,10,3,0.5,0.7000000000000001
759,3,CARD,6,23,40,5,49,22,5,5,10,3,0.5,0.7000000000000001
760,3,CLF_UNION,7,25,57,5,58,22,5,5,10,3,0.5,0.7000000000000001
761,3,ORD-UNION,0,0,0,5,1,22,5,5,10,3,0.5,0.7000000000000001
762,3,CARD,10,16,39,5,50,22,5,5,10,3,0.5,0.7000000000000001
763,3,CLF_UNION,8,20,55,5,56,22,5,5,10,3,0.5,0.7000000000000001
764,3,ORD-UNION,0,0,0,5,1,22,5,5,10,3,0.5,0.7000000000000001
765,4,CARD,20,6,36,9,54,22,5,5,10,3,0.5,0.7000000000000001
766,4,CLF_UNION,18,14,56,9,56,22,5,5,10,3,0.5,0.7000000000000001
767,4,ORD-UNION,0,0,0,9,0,22,5,5,10,3,0.5,0.7000000000000001
768,4,CARD,13,11,37,9,53,22,5,5,10,3,0.5,0.7000000000000001
769,4,CLF_UNION,16,13,55,9,55,22,5,5,10,3,0.5,0.7000000000000001
770,4,ORD-UNION,0,0,0,9,0,22,5,5,10,3,0.5,0.7000000000000001
771,4,CARD,16,7,36,9,54,22,5,5,10,3,0.5,0.7000000000000001
772,4,CLF_UNION,16,13,55,9,55,22,5,5,10,3,0.5,0.7000000000000001
773,4,ORD-UNION,0,0,0,9,0,22,5,5,10,3,0.5,0.7000000000000001
774,4,CARD,15,9,41,9,49,22,5,5,10,3,0.5,0.7000000000000001
775,4,CLF_UNION,23,4,55,9,55,22,5,5,10,3,0.5,0.7000000000000001
776,4,ORD-UNION,0,0,0,9,0,22,5,5,10,3,0.5,0.7000000000000001
777,4,CARD,7,7,27,9,63,22,5,5,10,3,0.5,0.7000000000000001
778,4,CLF_UNION,10,7,56,9,56,22,5,5,10,3,0.5,0.7000000000000001
779,4,ORD-UNION,0,0,0,9,0,22,5,5,10,3,0.5,0.7000000000000001
780,5,CARD,2,14,41,13,49,22,5,5,10,3,0.5,0.7000000000000001
781,5,CLF_UNION,10,7,56,13,56,22,5,5,10,3,0.5,0.7000000000000001
782,5,ORD-UNION,0,1,1,13,1,22,5,5,10,3,0.5,0.7000000000000001
783,5,CARD,6,8,38,13,52,22,5,5,10,3,0.5,0.7000000000000001
784,5,CLF_UNION,12,4,55,13,55,22,5,5,10,3,0.5,0.7000000000000001
785,5,ORD-UNION,0,0,0,13,0,22,5,5,10,3,0.5,0.7000000000000001
786,5,CARD,7,12,40,13,50,22,5,5,10,3,0.5,0.7000000000000001
787,5,CLF_UNION,13,10,57,13,57,22,5,5,10,3,0.5,0.7000000000000001
788,5,ORD-UNION,0,0,0,13,0,22,5,5,10,3,0.5,0.7000000000000001
789,5,CARD,13,12,37,13,53,22,5,5,10,3,0.5,0.7000000000000001
790,5,CLF_UNION,16,11,55,13,55,22,5,5,10,3,0.5,0.7000000000000001
791,5,ORD-UNION,0,0,0,13,0,22,5,5,10,3,0.5,0.7000000000000001
792,5,CARD,10,18,42,13,48,22,5,5,10,3,0.5,0.7000000000000001
793,5,CLF_UNION,16,13,55,13,55,22,5,5,10,3,0.5,0.7000000000000001
794,5,ORD-UNION,0,0,0,13,0,22,5,5,10,3,0.5,0.7000000000000001
795,6,CARD,10,14,40,17,49,22,5,5,10,3,0.5,0.7000000000000001
796,6,CLF_UNION,20,7,54,17,55,22,5,5,10,3,0.5,0.7000000000000001
797,6,ORD-UNION,0,0,0,17,1,22,5,5,10,3,0.5,0.7000000000000001
798,6,CARD,17,9,35,17,52,22,5,5,10,3,0.5,0.7000000000000001
799,6,CLF_UNION,25,7,52,17,55,22,5,5,10,3,0.5,0.7000000000000001
800,6,ORD-UNION,0,0,0,17,3,22,5,5,10,3,0.5,0.7000000000000001
801,6,CARD,14,12,37,17,49,22,5,5,10,3,0.5,0.7000000000000001
802,6,CLF_UNION,19,8,52,17,56,22,5,5,10,3,0.5,0.7000000000000001
803,6,ORD-UNION,0,0,0,17,4,22,5,5,10,3,0.5,0.7000000000000001
804,6,CARD,8,21,39,17,51,22,5,5,10,3,0.5,0.7000000000000001
805,6,CLF_UNION,19,14,55,17,55,22,5,5,10,3,0.5,0.7000000000000001
806,6,ORD-UNION,0,1,1,17,1,22,5,5,10,3,0.5,0.7000000000000001
807,6,CARD,13,15,33,17,55,22,5,5,10,3,0.5,0.7000000000000001
808,6,CLF_UNION,21,13,53,17,55,22,5,5,10,3,0.5,0.7000000000000001
809,6,ORD-UNION,0,1,1,17,3,22,5,5,10,3,0.5,0.7000000000000001
810,7,CARD,22,6,35,23,50,22,5,5,10,3,0.5,0.7000000000000001
811,7,CLF_UNION,21,9,50,23,55,22,5,5,10,3,0.5,0.7000000000000001
812,7,ORD-UNION,0,0,0,23,5,22,5,5,10,3,0.5,0.7000000000000001
813,7,CARD,21,8,42,23,47,22,5,5,10,3,0.5,0.7000000000000001
814,7,CLF_UNION,24,6,55,23,56,22,5,5,10,3,0.5,0.7000000000000001
815,7,ORD-UNION,2,2,4,23,5,22,5,5,10,3,0.5,0.7000000000000001
816,7,CARD,12,8,42,23,45,22,5,5,10,3,0.5,0.7000000000000001
817,7,CLF_UNION,16,4,52,23,55,22,5,5,10,3,0.5,0.7000000000000001
818,7,ORD-UNION,1,1,4,23,7,22,5,5,10,3,0.5,0.7000000000000001
819,7,CARD,21,11,37,23,49,22,5,5,10,3,0.5,0.7000000000000001
820,7,CLF_UNION,20,12,52,23,56,22,5,5,10,3,0.5,0.7000000000000001
821,7,ORD-UNION,2,1,3,23,7,22,5,5,10,3,0.5,0.7000000000000001
822,7,CARD,14,6,41,23,47,22,5,5,10,3,0.5,0.7000000000000001
823,7,CLF_UNION,16,5,53,23,55,22,5,5,10,3,0.5,0.7000000000000001
824,7,ORD-UNION,0,0,1,23,3,22,5,5,10,3,0.5,0.7000000000000001
825,8,CARD,12,13,42,28,46,22,5,5,10,3,0.5,0.7000000000000001
826,8,CLF_UNION,18,7,53,28,55,22,5,5,10,3,0.5,0.7000000000000001
827,8,ORD-UNION,0,0,0,28,2,22,5,5,10,3,0.5,0.7000000000000001
828,8,CARD,23,3,38,28,47,22,5,5,10,3,0.5,0.7000000000000001
829,8,CLF_UNION,23,4,50,28,55,22,5,5,10,3,0.5,0.7000000000000001
830,8,ORD-UNION,0,0,0,28,5,22,5,5,10,3,0.5,0.7000000000000001
831,8,CARD,17,6,43,28,47,22,5,5,10,3,0.5,0.7000000000000001
832,8,CLF_UNION,20,3,55,28,55,22,5,5,10,3,0.5,0.7000000000000001
833,8,ORD-UNION,0,0,2,28,2,22,5,5,10,3,0.5,0.7000000000000001
834,8,CARD,11,15,39,28,46,22,5,5,10,3,0.5,0.7000000000000001
835,8,CLF_UNION,17,9,51,28,56,22,5,5,10,3,0.5,0.7000000000000001
836,8,ORD-UNION,0,0,0,28,5,22,5,5,10,3,0.5,0.7000000000000001
837,8,CARD,15,18,45,28,45,22,5,5,10,3,0.5,0.7000000000000001
838,8,CLF_UNION,19,14,55,28,55,22,5,5,10,3,0.5,0.7000000000000001
839,8,ORD-UNION,0,0,0,28,0,22,5,5,10,3,0.5,0.7000000000000001
