,budget,model,correct,wrong,total,n_pref_input,n_pref_output,theta_size,theta_additivity,n_items,n_test_subsets,n_tiers,alpha,p
0,1,CARD,11,10,25,1,65,15,5,5,10,12,0.30000000000000004,0.7000000000000001
1,1,CLF_UNION,36,14,68,1,68,15,5,5,10,12,0.30000000000000004,0.7000000000000001
2,1,ORD-UNION,0,0,0,1,0,15,5,5,10,12,0.30000000000000004,0.7000000000000001
3,1,CARD,13,10,25,1,65,15,5,5,10,12,0.30000000000000004,0.7000000000000001
4,1,CLF_UNION,36,15,64,1,64,15,5,5,10,12,0.30000000000000004,0.7000000000000001
5,1,ORD-UNION,0,0,0,1,0,15,5,5,10,12,0.30000000000000004,0.7000000000000001
6,1,CARD,12,8,21,1,69,15,5,5,10,12,0.30000000000000004,0.7000000000000001
7,1,CLF_UNION,41,23,77,1,77,15,5,5,10,12,0.30000000000000004,0.7000000000000001
8,1,ORD-UNION,0,0,0,1,0,15,5,5,10,12,0.30000000000000004,0.7000000000000001
9,1,CARD,6,14,21,1,69,15,5,5,10,12,0.30000000000000004,0.7000000000000001
10,1,CLF_UNION,36,15,68,1,68,15,5,5,10,12,0.30000000000000004,0.7000000000000001
11,1,ORD-UNION,0,0,0,1,0,15,5,5,10,12,0.30000000000000004,0.7000000000000001
12,1,CARD,21,3,25,1,65,15,5,5,10,12,0.30000000000000004,0.7000000000000001
13,1,CLF_UNION,40,14,68,1,68,15,5,5,10,12,0.30000000000000004,0.7000000000000001
14,1,ORD-UNION,0,0,0,1,0,15,5,5,10,12,0.30000000000000004,0.7000000000000001
15,2,CARD,25,8,36,3,54,15,5,5,10,12,0.30000000000000004,0.7000000000000001
16,2,CLF_UNION,34,13,61,3,61,15,5,5,10,12,0.30000000000000004,0.7000000000000001
17,2,ORD-UNION,2,0,2,3,2,15,5,5,10,12,0.30000000000000004,0.7000000000000001
18,2,CARD,24,10,37,3,53,15,5,5,10,12,0.30000000000000004,0.7000000000000001
19,2,CLF_UNION,32,14,59,3,59,15,5,5,10,12,0.30000000000000004,0.7000000000000001
20,2,ORD-UNION,1,0,1,3,1,15,5,5,10,12,0.30000000000000004,0.7000000000000001
21,2,CARD,19,13,35,3,55,15,5,5,10,12,0.30000000000000004,0.7000000000000001
22,2,CLF_UNION,35,11,59,3,59,15,5,5,10,12,0.30000000000000004,0.7000000000000001
23,2,ORD-UNION,0,0,0,3,0,15,5,5,10,12,0.30000000000000004,0.7000000000000001
24,2,CARD,27,4,34,3,55,15,5,5,10,12,0.30000000000000004,0.7000000000000001
25,2,CLF_UNION,31,15,60,3,61,15,5,5,10,12,0.30000000000000004,0.7000000000000001
26,2,ORD-UNION,1,0,1,3,2,15,5,5,10,12,0.30000000000000004,0.7000000000000001
27,2,CARD,22,12,37,3,53,15,5,5,10,12,0.30000000000000004,0.7000000000000001
28,2,CLF_UNION,32,14,60,3,60,15,5,5,10,12,0.30000000000000004,0.7000000000000001
29,2,ORD-UNION,2,0,2,3,2,15,5,5,10,12,0.30000000000000004,0.7000000000000001
30,3,CARD,27,8,38,6,51,15,5,5,10,12,0.30000000000000004,0.7000000000000001
31,3,CLF_UNION,35,14,62,6,63,15,5,5,10,12,0.30000000000000004,0.7000000000000001
32,3,ORD-UNION,1,0,1,6,2,15,5,5,10,12,0.30000000000000004,0.7000000000000001
33,3,CARD,33,6,39,6,51,15,5,5,10,12,0.30000000000000004,0.7000000000000001
34,3,CLF_UNION,40,14,65,6,65,15,5,5,10,12,0.30000000000000004,0.7000000000000001
35,3,ORD-UNION,1,0,1,6,1,15,5,5,10,12,0.30000000000000004,0.7000000000000001
36,3,CARD,26,12,40,6,50,15,5,5,10,12,0.30000000000000004,0.7000000000000001
37,3,CLF_UNION,34,21,67,6,67,15,5,5,10,12,0.30000000000000004,0.7000000000000001
38,3,ORD-UNION,3,0,3,6,3,15,5,5,10,12,0.30000000000000004,0.7000000000000001
39,3,CARD,23,11,37,6,53,15,5,5,10,12,0.30000000000000004,0.7000000000000001
40,3,CLF_UNION,31,18,64,6,64,15,5,5,10,12,0.30000000000000004,0.7000000000000001
41,3,ORD-UNION,3,0,3,6,3,15,5,5,10,12,0.30000000000000004,0.7000000000000001
42,3,CARD,21,13,37,6,53,15,5,5,10,12,0.30000000000000004,0.7000000000000001
43,3,CLF_UNION,32,19,64,6,64,15,5,5,10,12,0.30000000000000004,0.7000000000000001
44,3,ORD-UNION,1,0,1,6,1,15,5,5,10,12,0.30000000000000004,0.7000000000000001
45,4,CARD,32,4,40,10,50,15,5,5,10,12,0.30000000000000004,0.7000000000000001
46,4,CLF_UNION,39,4,60,10,60,15,5,5,10,12,0.30000000000000004,0.7000000000000001
47,4,ORD-UNION,1,0,1,10,1,15,5,5,10,12,0.30000000000000004,0.7000000000000001
48,4,CARD,28,9,42,10,48,15,5,5,10,12,0.30000000000000004,0.7000000000000001
49,4,CLF_UNION,35,6,56,10,56,15,5,5,10,12,0.30000000000000004,0.7000000000000001
50,4,ORD-UNION,1,0,1,10,1,15,5,5,10,12,0.30000000000000004,0.7000000000000001
51,4,CARD,17,15,35,10,55,15,5,5,10,12,0.30000000000000004,0.7000000000000001
52,4,CLF_UNION,33,11,59,10,59,15,5,5,10,12,0.30000000000000004,0.7000000000000001
53,4,ORD-UNION,1,0,1,10,1,15,5,5,10,12,0.30000000000000004,0.7000000000000001
54,4,CARD,30,5,37,10,52,15,5,5,10,12,0.30000000000000004,0.7000000000000001
55,4,CLF_UNION,38,5,56,10,57,15,5,5,10,12,0.30000000000000004,0.7000000000000001
56,4,ORD-UNION,1,0,1,10,2,15,5,5,10,12,0.30000000000000004,0.7000000000000001
57,4,CARD,30,8,40,10,49,15,5,5,10,12,0.30000000000000004,0.7000000000000001
58,4,CLF_UNION,41,2,55,10,56,15,5,5,10,12,0.30000000000000004,0.7000000000000001
59,4,ORD-UNION,0,0,0,10,1,15,5,5,10,12,0.30000000000000004,0.7000000000000001
60,5,CARD,32,7,42,15,47,15,5,5,10,12,0.30000000000000004,0.7000000000000001
61,5,CLF_UNION,31,11,57,15,58,15,5,5,10,12,0.30000000000000004,0.7000000000000001
62,5,ORD-UNION,3,0,3,15,4,15,5,5,10,12,0.30000000000000004,0.7000000000000001
63,5,CARD,29,7,41,15,48,15,5,5,10,12,0.30000000000000004,0.7000000000000001
64,5,CLF_UNION,30,10,56,15,57,15,5,5,10,12,0.30000000000000004,0.7000000000000001
65,5,ORD-UNION,3,0,3,15,4,15,5,5,10,12,0.30000000000000004,0.7000000000000001
66,5,CARD,26,13,42,15,47,15,5,5,10,12,0.30000000000000004,0.7000000000000001
67,5,CLF_UNION,38,7,58,15,59,15,5,5,10,12,0.30000000000000004,0.7000000000000001
68,5,ORD-UNION,0,0,0,15,1,15,5,5,10,12,0.30000000000000004,0.7000000000000001
69,5,CARD,32,7,44,15,46,15,5,5,10,12,0.30000000000000004,0.7000000000000001
70,5,CLF_UNION,37,5,58,15,58,15,5,5,10,12,0.30000000000000004,0.7000000000000001
71,5,ORD-UNION,2,0,2,15,2,15,5,5,10,12,0.30000000000000004,0.7000000000000001
72,5,CARD,30,5,37,15,47,15,5,5,10,12,0.30000000000000004,0.7000000000000001
73,5,CLF_UNION,29,8,50,15,56,15,5,5,10,12,0.30000000000000004,0.7000000000000001
74,5,ORD-UNION,0,0,0,15,6,15,5,5,10,12,0.30000000000000004,0.7000000000000001
75,6,CARD,38,1,42,21,47,15,5,5,10,12,0.30000000000000004,0.7000000000000001
76,6,CLF_UNION,39,2,54,21,55,15,5,5,10,12,0.30000000000000004,0.7000000000000001
77,6,ORD-UNION,4,0,4,21,5,15,5,5,10,12,0.30000000000000004,0.7000000000000001
78,6,CARD,29,2,35,21,52,15,5,5,10,12,0.30000000000000004,0.7000000000000001
79,6,CLF_UNION,34,2,53,21,56,15,5,5,10,12,0.30000000000000004,0.7000000000000001
80,6,ORD-UNION,6,0,6,21,9,15,5,5,10,12,0.30000000000000004,0.7000000000000001
81,6,CARD,38,1,42,21,47,15,5,5,10,12,0.30000000000000004,0.7000000000000001
82,6,CLF_UNION,37,3,54,21,55,15,5,5,10,12,0.30000000000000004,0.7000000000000001
83,6,ORD-UNION,4,0,4,21,5,15,5,5,10,12,0.30000000000000004,0.7000000000000001
84,6,CARD,35,5,43,21,47,15,5,5,10,12,0.30000000000000004,0.7000000000000001
85,6,CLF_UNION,38,3,55,21,55,15,5,5,10,12,0.30000000000000004,0.7000000000000001
86,6,ORD-UNION,3,0,3,21,3,15,5,5,10,12,0.30000000000000004,0.7000000000000001
87,6,CARD,35,0,38,21,46,15,5,5,10,12,0.30000000000000004,0.7000000000000001
88,6,CLF_UNION,34,3,50,21,56,15,5,5,10,12,0.30000000000000004,0.7000000000000001
89,6,ORD-UNION,7,0,7,21,13,15,5,5,10,12,0.30000000000000004,0.7000000000000001
90,7,CARD,32,1,39,28,48,15,5,5,10,12,0.30000000000000004,0.7000000000000001
91,7,CLF_UNION,35,0,53,28,56,15,5,5,10,12,0.30000000000000004,0.7000000000000001
92,7,ORD-UNION,4,0,4,28,7,15,5,5,10,12,0.30000000000000004,0.7000000000000001
93,7,CARD,33,7,41,28,48,15,5,5,10,12,0.30000000000000004,0.7000000000000001
94,7,CLF_UNION,41,2,54,28,55,15,5,5,10,12,0.30000000000000004,0.7000000000000001
95,7,ORD-UNION,3,0,3,28,4,15,5,5,10,12,0.30000000000000004,0.7000000000000001
96,7,CARD,38,1,42,28,47,15,5,5,10,12,0.30000000000000004,0.7000000000000001
97,7,CLF_UNION,41,0,54,28,55,15,5,5,10,12,0.30000000000000004,0.7000000000000001
98,7,ORD-UNION,3,0,3,28,4,15,5,5,10,12,0.30000000000000004,0.7000000000000001
99,7,CARD,38,2,41,28,48,15,5,5,10,12,0.30000000000000004,0.7000000000000001
100,7,CLF_UNION,40,2,54,28,55,15,5,5,10,12,0.30000000000000004,0.7000000000000001
101,7,ORD-UNION,8,0,8,28,9,15,5,5,10,12,0.30000000000000004,0.7000000000000001
102,7,CARD,33,4,42,28,47,15,5,5,10,12,0.30000000000000004,0.7000000000000001
103,7,CLF_UNION,38,2,55,28,56,15,5,5,10,12,0.30000000000000004,0.7000000000000001
104,7,ORD-UNION,6,0,6,28,7,15,5,5,10,12,0.30000000000000004,0.7000000000000001
105,8,CARD,36,1,39,35,48,15,5,5,10,12,0.30000000000000004,0.7000000000000001
106,8,CLF_UNION,38,2,52,35,55,15,5,5,10,12,0.30000000000000004,0.7000000000000001
107,8,ORD-UNION,8,0,8,35,11,15,5,5,10,12,0.30000000000000004,0.7000000000000001
108,8,CARD,35,5,43,35,47,15,5,5,10,12,0.30000000000000004,0.7000000000000001
109,8,CLF_UNION,41,1,55,35,55,15,5,5,10,12,0.30000000000000004,0.7000000000000001
110,8,ORD-UNION,1,0,1,35,1,15,5,5,10,12,0.30000000000000004,0.7000000000000001
111,8,CARD,32,2,34,35,47,15,5,5,10,12,0.30000000000000004,0.7000000000000001
112,8,CLF_UNION,35,0,46,35,55,15,5,5,10,12,0.30000000000000004,0.7000000000000001
113,8,ORD-UNION,7,0,7,35,16,15,5,5,10,12,0.30000000000000004,0.7000000000000001
114,8,CARD,38,3,43,35,46,15,5,5,10,12,0.30000000000000004,0.7000000000000001
115,8,CLF_UNION,37,5,55,35,56,15,5,5,10,12,0.30000000000000004,0.7000000000000001
116,8,ORD-UNION,10,0,10,35,11,15,5,5,10,12,0.30000000000000004,0.7000000000000001
117,8,CARD,36,2,42,35,47,15,5,5,10,12,0.30000000000000004,0.7000000000000001
118,8,CLF_UNION,38,3,55,35,56,15,5,5,10,12,0.30000000000000004,0.7000000000000001
119,8,ORD-UNION,9,0,9,35,10,15,5,5,10,12,0.30000000000000004,0.7000000000000001
120,9,CARD,33,4,39,44,45,15,5,5,10,12,0.30000000000000004,0.7000000000000001
121,9,CLF_UNION,35,3,51,44,57,15,5,5,10,12,0.30000000000000004,0.7000000000000001
122,9,ORD-UNION,1,0,1,44,7,15,5,5,10,12,0.30000000000000004,0.7000000000000001
123,9,CARD,38,3,41,44,46,15,5,5,10,12,0.30000000000000004,0.7000000000000001
124,9,CLF_UNION,38,3,52,44,55,15,5,5,10,12,0.30000000000000004,0.7000000000000001
125,9,ORD-UNION,8,0,8,44,11,15,5,5,10,12,0.30000000000000004,0.7000000000000001
126,9,CARD,38,1,43,44,46,15,5,5,10,12,0.30000000000000004,0.7000000000000001
127,9,CLF_UNION,37,4,57,44,58,15,5,5,10,12,0.30000000000000004,0.7000000000000001
128,9,ORD-UNION,15,0,15,44,16,15,5,5,10,12,0.30000000000000004,0.7000000000000001
129,9,CARD,39,2,43,44,47,15,5,5,10,12,0.30000000000000004,0.7000000000000001
130,9,CLF_UNION,41,2,55,44,55,15,5,5,10,12,0.30000000000000004,0.7000000000000001
131,9,ORD-UNION,5,0,5,44,5,15,5,5,10,12,0.30000000000000004,0.7000000000000001
132,9,CARD,29,2,31,44,49,15,5,5,10,12,0.30000000000000004,0.7000000000000001
133,9,CLF_UNION,32,2,46,44,56,15,5,5,10,12,0.30000000000000004,0.7000000000000001
134,9,ORD-UNION,5,0,5,44,15,15,5,5,10,12,0.30000000000000004,0.7000000000000001
135,10,CARD,32,6,41,54,46,15,5,5,10,12,0.30000000000000004,0.7000000000000001
136,10,CLF_UNION,37,2,52,54,55,15,5,5,10,12,0.30000000000000004,0.7000000000000001
137,10,ORD-UNION,11,0,11,54,14,15,5,5,10,12,0.30000000000000004,0.7000000000000001
138,10,CARD,31,5,38,54,46,15,5,5,10,12,0.30000000000000004,0.7000000000000001
139,10,CLF_UNION,37,0,49,54,55,15,5,5,10,12,0.30000000000000004,0.7000000000000001
140,10,ORD-UNION,16,0,16,54,22,15,5,5,10,12,0.30000000000000004,0.7000000000000001
141,10,CARD,34,3,39,54,48,15,5,5,10,12,0.30000000000000004,0.7000000000000001
142,10,CLF_UNION,39,0,52,54,55,15,5,5,10,12,0.30000000000000004,0.7000000000000001
143,10,ORD-UNION,10,0,10,54,13,15,5,5,10,12,0.30000000000000004,0.7000000000000001
144,10,CARD,36,0,40,54,47,15,5,5,10,12,0.30000000000000004,0.7000000000000001
145,10,CLF_UNION,35,3,52,54,55,15,5,5,10,12,0.30000000000000004,0.7000000000000001
146,10,ORD-UNION,17,0,17,54,20,15,5,5,10,12,0.30000000000000004,0.7000000000000001
147,10,CARD,30,4,38,54,49,15,5,5,10,12,0.30000000000000004,0.7000000000000001
148,10,CLF_UNION,35,1,53,54,56,15,5,5,10,12,0.30000000000000004,0.7000000000000001
149,10,ORD-UNION,9,0,9,54,12,15,5,5,10,12,0.30000000000000004,0.7000000000000001
150,11,CARD,40,0,42,64,47,15,5,5,10,12,0.30000000000000004,0.7000000000000001
151,11,CLF_UNION,40,0,54,64,55,15,5,5,10,12,0.30000000000000004,0.7000000000000001
152,11,ORD-UNION,20,0,20,64,21,15,5,5,10,12,0.30000000000000004,0.7000000000000001
153,11,CARD,38,1,40,64,47,15,5,5,10,12,0.30000000000000004,0.7000000000000001
154,11,CLF_UNION,39,1,52,64,55,15,5,5,10,12,0.30000000000000004,0.7000000000000001
155,11,ORD-UNION,9,0,9,64,12,15,5,5,10,12,0.30000000000000004,0.7000000000000001
156,11,CARD,28,0,30,64,51,15,5,5,10,12,0.30000000000000004,0.7000000000000001
157,11,CLF_UNION,28,3,46,64,55,15,5,5,10,12,0.30000000000000004,0.7000000000000001
158,11,ORD-UNION,9,0,9,64,18,15,5,5,10,12,0.30000000000000004,0.7000000000000001
159,11,CARD,32,4,38,64,46,15,5,5,10,12,0.30000000000000004,0.7000000000000001
160,11,CLF_UNION,36,0,49,64,55,15,5,5,10,12,0.30000000000000004,0.7000000000000001
161,11,ORD-UNION,8,0,8,64,14,15,5,5,10,12,0.30000000000000004,0.7000000000000001
162,11,CARD,35,3,41,64,46,15,5,5,10,12,0.30000000000000004,0.7000000000000001
163,11,CLF_UNION,38,0,52,64,55,15,5,5,10,12,0.30000000000000004,0.7000000000000001
164,11,ORD-UNION,24,0,24,64,27,15,5,5,10,12,0.30000000000000004,0.7000000000000001
165,12,CARD,35,4,43,76,46,15,5,5,10,12,0.30000000000000004,0.7000000000000001
166,12,CLF_UNION,38,1,54,76,55,15,5,5,10,12,0.30000000000000004,0.7000000000000001
167,12,ORD-UNION,12,0,12,76,13,15,5,5,10,12,0.30000000000000004,0.7000000000000001
168,12,CARD,27,2,33,76,47,15,5,5,10,12,0.30000000000000004,0.7000000000000001
169,12,CLF_UNION,30,0,45,76,55,15,5,5,10,12,0.30000000000000004,0.7000000000000001
170,12,ORD-UNION,17,0,17,76,27,15,5,5,10,12,0.30000000000000004,0.7000000000000001
171,12,CARD,36,4,42,76,45,15,5,5,10,12,0.30000000000000004,0.7000000000000001
172,12,CLF_UNION,40,0,52,76,55,15,5,5,10,12,0.30000000000000004,0.7000000000000001
173,12,ORD-UNION,12,0,12,76,15,15,5,5,10,12,0.30000000000000004,0.7000000000000001
174,12,CARD,27,1,29,76,46,15,5,5,10,12,0.30000000000000004,0.7000000000000001
175,12,CLF_UNION,28,0,40,76,55,15,5,5,10,12,0.30000000000000004,0.7000000000000001
176,12,ORD-UNION,16,0,17,76,32,15,5,5,10,12,0.30000000000000004,0.7000000000000001
177,12,CARD,35,0,39,76,45,15,5,5,10,12,0.30000000000000004,0.7000000000000001
178,12,CLF_UNION,35,0,49,76,55,15,5,5,10,12,0.30000000000000004,0.7000000000000001
179,12,ORD-UNION,9,0,10,76,16,15,5,5,10,12,0.30000000000000004,0.7000000000000001
180,13,CARD,37,1,42,88,45,15,5,5,10,12,0.30000000000000004,0.7000000000000001
181,13,CLF_UNION,37,1,53,88,56,15,5,5,10,12,0.30000000000000004,0.7000000000000001
182,13,ORD-UNION,14,0,14,88,17,15,5,5,10,12,0.30000000000000004,0.7000000000000001
183,13,CARD,22,0,25,88,46,15,5,5,10,12,0.30000000000000004,0.7000000000000001
184,13,CLF_UNION,21,1,39,88,58,15,5,5,10,12,0.30000000000000004,0.7000000000000001
185,13,ORD-UNION,4,0,5,88,24,15,5,5,10,12,0.30000000000000004,0.7000000000000001
186,13,CARD,25,0,30,88,46,15,5,5,10,12,0.30000000000000004,0.7000000000000001
187,13,CLF_UNION,25,0,41,88,55,15,5,5,10,12,0.30000000000000004,0.7000000000000001
188,13,ORD-UNION,4,0,5,88,19,15,5,5,10,12,0.30000000000000004,0.7000000000000001
189,13,CARD,34,4,39,88,45,15,5,5,10,12,0.30000000000000004,0.7000000000000001
190,13,CLF_UNION,37,1,49,88,55,15,5,5,10,12,0.30000000000000004,0.7000000000000001
191,13,ORD-UNION,12,0,12,88,18,15,5,5,10,12,0.30000000000000004,0.7000000000000001
192,13,CARD,31,4,36,88,48,15,5,5,10,12,0.30000000000000004,0.7000000000000001
193,13,CLF_UNION,35,0,50,88,56,15,5,5,10,12,0.30000000000000004,0.7000000000000001
194,13,ORD-UNION,8,0,8,88,14,15,5,5,10,12,0.30000000000000004,0.7000000000000001
195,14,CARD,36,0,38,101,47,15,5,5,10,12,0.30000000000000004,0.7000000000000001
196,14,CLF_UNION,37,0,50,101,55,15,5,5,10,12,0.30000000000000004,0.7000000000000001
197,14,ORD-UNION,9,0,9,101,14,15,5,5,10,12,0.30000000000000004,0.7000000000000001
198,14,CARD,23,1,30,101,46,15,5,5,10,12,0.30000000000000004,0.7000000000000001
199,14,CLF_UNION,24,0,41,101,55,15,5,5,10,12,0.30000000000000004,0.7000000000000001
200,14,ORD-UNION,12,0,12,101,26,15,5,5,10,12,0.30000000000000004,0.7000000000000001
201,14,CARD,27,1,29,101,46,15,5,5,10,12,0.30000000000000004,0.7000000000000001
202,14,CLF_UNION,28,0,40,101,55,15,5,5,10,12,0.30000000000000004,0.7000000000000001
203,14,ORD-UNION,4,0,4,101,19,15,5,5,10,12,0.30000000000000004,0.7000000000000001
204,14,CARD,23,2,27,101,50,15,5,5,10,12,0.30000000000000004,0.7000000000000001
205,14,CLF_UNION,27,0,42,101,55,15,5,5,10,12,0.30000000000000004,0.7000000000000001
206,14,ORD-UNION,4,0,4,101,17,15,5,5,10,12,0.30000000000000004,0.7000000000000001
207,14,CARD,24,4,29,101,47,15,5,5,10,12,0.30000000000000004,0.7000000000000001
208,14,CLF_UNION,28,0,41,101,55,15,5,5,10,12,0.30000000000000004,0.7000000000000001
209,14,ORD-UNION,14,0,14,101,28,15,5,5,10,12,0.30000000000000004,0.7000000000000001
210,15,CARD,15,0,17,115,46,15,5,5,10,12,0.30000000000000004,0.7000000000000001
211,15,CLF_UNION,15,0,28,115,55,15,5,5,10,12,0.30000000000000004,0.7000000000000001
212,15,ORD-UNION,11,0,13,115,40,15,5,5,10,12,0.30000000000000004,0.7000000000000001
213,15,CARD,27,2,35,115,46,15,5,5,10,12,0.30000000000000004,0.7000000000000001
214,15,CLF_UNION,29,0,46,115,55,15,5,5,10,12,0.30000000000000004,0.7000000000000001
215,15,ORD-UNION,10,0,10,115,19,15,5,5,10,12,0.30000000000000004,0.7000000000000001
216,15,CARD,22,0,23,115,46,15,5,5,10,12,0.30000000000000004,0.7000000000000001
217,15,CLF_UNION,22,0,34,115,55,15,5,5,10,12,0.30000000000000004,0.7000000000000001
218,15,ORD-UNION,11,0,11,115,32,15,5,5,10,12,0.30000000000000004,0.7000000000000001
219,15,CARD,20,0,22,115,48,15,5,5,10,12,0.30000000000000004,0.7000000000000001
220,15,CLF_UNION,22,0,35,115,55,15,5,5,10,12,0.30000000000000004,0.7000000000000001
221,15,ORD-UNION,19,0,19,115,39,15,5,5,10,12,0.30000000000000004,0.7000000000000001
222,15,CARD,15,0,17,115,47,15,5,5,10,12,0.30000000000000004,0.7000000000000001
223,15,CLF_UNION,16,0,29,115,55,15,5,5,10,12,0.30000000000000004,0.7000000000000001
224,15,ORD-UNION,0,0,0,115,26,15,5,5,10,12,0.30000000000000004,0.7000000000000001
225,16,CARD,15,1,18,131,46,15,5,5,10,12,0.30000000000000004,0.7000000000000001
226,16,CLF_UNION,16,0,29,131,55,15,5,5,10,12,0.30000000000000004,0.7000000000000001
227,16,ORD-UNION,4,0,5,131,31,15,5,5,10,12,0.30000000000000004,0.7000000000000001
228,16,CARD,31,1,35,131,45,15,5,5,10,12,0.30000000000000004,0.7000000000000001
229,16,CLF_UNION,32,0,45,131,55,15,5,5,10,12,0.30000000000000004,0.7000000000000001
230,16,ORD-UNION,19,0,19,131,29,15,5,5,10,12,0.30000000000000004,0.7000000000000001
231,16,CARD,24,2,29,131,46,15,5,5,10,12,0.30000000000000004,0.7000000000000001
232,16,CLF_UNION,27,0,40,131,55,15,5,5,10,12,0.30000000000000004,0.7000000000000001
233,16,ORD-UNION,10,0,11,131,26,15,5,5,10,12,0.30000000000000004,0.7000000000000001
234,16,CARD,28,2,36,131,45,15,5,5,10,12,0.30000000000000004,0.7000000000000001
235,16,CLF_UNION,30,0,46,131,55,15,5,5,10,12,0.30000000000000004,0.7000000000000001
236,16,ORD-UNION,19,0,20,131,29,15,5,5,10,12,0.30000000000000004,0.7000000000000001
237,16,CARD,28,0,31,131,45,15,5,5,10,12,0.30000000000000004,0.7000000000000001
238,16,CLF_UNION,28,0,41,131,55,15,5,5,10,12,0.30000000000000004,0.7000000000000001
239,16,ORD-UNION,15,0,15,131,29,15,5,5,10,12,0.30000000000000004,0.7000000000000001
240,17,CARD,29,8,38,147,46,15,5,5,10,12,0.30000000000000004,0.7000000000000001
241,17,CLF_UNION,37,0,49,147,55,15,5,5,10,12,0.30000000000000004,0.7000000000000001
242,17,ORD-UNION,8,0,8,147,14,15,5,5,10,12,0.30000000000000004,0.7000000000000001
243,17,CARD,26,1,31,147,49,15,5,5,10,12,0.30000000000000004,0.7000000000000001
244,17,CLF_UNION,30,0,45,147,55,15,5,5,10,12,0.30000000000000004,0.7000000000000001
245,17,ORD-UNION,11,0,11,147,21,15,5,5,10,12,0.30000000000000004,0.7000000000000001
246,17,CARD,25,10,39,147,45,15,5,5,10,12,0.30000000000000004,0.7000000000000001
247,17,CLF_UNION,35,0,50,147,56,15,5,5,10,12,0.30000000000000004,0.7000000000000001
248,17,ORD-UNION,3,0,3,147,9,15,5,5,10,12,0.30000000000000004,0.7000000000000001
249,17,CARD,16,6,24,147,45,15,5,5,10,12,0.30000000000000004,0.7000000000000001
250,17,CLF_UNION,22,0,35,147,56,15,5,5,10,12,0.30000000000000004,0.7000000000000001
251,17,ORD-UNION,9,0,9,147,30,15,5,5,10,12,0.30000000000000004,0.7000000000000001
252,17,CARD,28,3,33,147,48,15,5,5,10,12,0.30000000000000004,0.7000000000000001
253,17,CLF_UNION,33,0,47,147,56,15,5,5,10,12,0.30000000000000004,0.7000000000000001
254,17,ORD-UNION,14,0,14,147,23,15,5,5,10,12,0.30000000000000004,0.7000000000000001
255,18,CARD,10,4,17,163,46,15,5,5,10,12,0.30000000000000004,0.7000000000000001
256,18,CLF_UNION,14,0,31,163,58,15,5,5,10,12,0.30000000000000004,0.7000000000000001
257,18,ORD-UNION,5,0,5,163,32,15,5,5,10,12,0.30000000000000004,0.7000000000000001
258,18,CARD,18,3,25,163,45,15,5,5,10,12,0.30000000000000004,0.7000000000000001
259,18,CLF_UNION,21,0,36,163,56,15,5,5,10,12,0.30000000000000004,0.7000000000000001
260,18,ORD-UNION,5,0,6,163,26,15,5,5,10,12,0.30000000000000004,0.7000000000000001
261,18,CARD,18,4,23,163,47,15,5,5,10,12,0.30000000000000004,0.7000000000000001
262,18,CLF_UNION,23,0,37,163,57,15,5,5,10,12,0.30000000000000004,0.7000000000000001
263,18,ORD-UNION,9,0,9,163,29,15,5,5,10,12,0.30000000000000004,0.7000000000000001
264,18,CARD,23,10,34,163,47,15,5,5,10,12,0.30000000000000004,0.7000000000000001
265,18,CLF_UNION,34,0,47,163,56,15,5,5,10,12,0.30000000000000004,0.7000000000000001
266,18,ORD-UNION,8,0,8,163,17,15,5,5,10,12,0.30000000000000004,0.7000000000000001
267,18,CARD,21,5,29,163,46,15,5,5,10,12,0.30000000000000004,0.7000000000000001
268,18,CLF_UNION,26,0,41,163,56,15,5,5,10,12,0.30000000000000004,0.7000000000000001
269,18,ORD-UNION,4,0,4,163,19,15,5,5,10,12,0.30000000000000004,0.7000000000000001
270,19,CARD,21,1,24,180,46,15,5,5,10,12,0.30000000000000004,0.7000000000000001
271,19,CLF_UNION,22,0,36,180,56,15,5,5,10,12,0.30000000000000004,0.7000000000000001
272,19,ORD-UNION,12,0,13,180,33,15,5,5,10,12,0.30000000000000004,0.7000000000000001
273,19,CARD,22,4,29,180,46,15,5,5,10,12,0.30000000000000004,0.7000000000000001
274,19,CLF_UNION,27,0,40,180,55,15,5,5,10,12,0.30000000000000004,0.7000000000000001
275,19,ORD-UNION,1,0,1,180,16,15,5,5,10,12,0.30000000000000004,0.7000000000000001
276,19,CARD,18,3,24,180,46,15,5,5,10,12,0.30000000000000004,0.7000000000000001
277,19,CLF_UNION,22,0,35,180,55,15,5,5,10,12,0.30000000000000004,0.7000000000000001
278,19,ORD-UNION,5,0,6,180,26,15,5,5,10,12,0.30000000000000004,0.7000000000000001
279,19,CARD,7,0,11,180,47,15,5,5,10,12,0.30000000000000004,0.7000000000000001
280,19,CLF_UNION,7,0,24,180,56,15,5,5,10,12,0.30000000000000004,0.7000000000000001
281,19,ORD-UNION,0,0,0,180,32,15,5,5,10,12,0.30000000000000004,0.7000000000000001
282,19,CARD,21,8,35,180,46,15,5,5,10,12,0.30000000000000004,0.7000000000000001
283,19,CLF_UNION,29,0,48,180,57,15,5,5,10,12,0.30000000000000004,0.7000000000000001
284,19,ORD-UNION,9,0,9,180,18,15,5,5,10,12,0.30000000000000004,0.7000000000000001
285,20,CARD,15,0,19,198,45,15,5,5,10,12,0.30000000000000004,0.7000000000000001
286,20,CLF_UNION,15,0,29,198,55,15,5,5,10,12,0.30000000000000004,0.7000000000000001
287,20,ORD-UNION,7,0,8,198,34,15,5,5,10,12,0.30000000000000004,0.7000000000000001
288,20,CARD,8,0,10,198,46,15,5,5,10,12,0.30000000000000004,0.7000000000000001
289,20,CLF_UNION,8,0,21,198,55,15,5,5,10,12,0.30000000000000004,0.7000000000000001
290,20,ORD-UNION,0,0,1,198,35,15,5,5,10,12,0.30000000000000004,0.7000000000000001
291,20,CARD,20,0,21,198,49,15,5,5,10,12,0.30000000000000004,0.7000000000000001
292,20,CLF_UNION,20,0,36,198,56,15,5,5,10,12,0.30000000000000004,0.7000000000000001
293,20,ORD-UNION,5,0,5,198,25,15,5,5,10,12,0.30000000000000004,0.7000000000000001
294,20,CARD,27,0,29,198,47,15,5,5,10,12,0.30000000000000004,0.7000000000000001
295,20,CLF_UNION,28,0,41,198,55,15,5,5,10,12,0.30000000000000004,0.7000000000000001
296,20,ORD-UNION,11,0,11,198,25,15,5,5,10,12,0.30000000000000004,0.7000000000000001
297,20,CARD,27,1,30,198,45,15,5,5,10,12,0.30000000000000004,0.7000000000000001
298,20,CLF_UNION,28,0,40,198,55,15,5,5,10,12,0.30000000000000004,0.7000000000000001
299,20,ORD-UNION,6,0,6,198,21,15,5,5,10,12,0.30000000000000004,0.7000000000000001
300,21,CARD,22,1,24,216,45,15,5,5,10,12,0.30000000000000004,0.7000000000000001
301,21,CLF_UNION,23,0,34,216,55,15,5,5,10,12,0.30000000000000004,0.7000000000000001
302,21,ORD-UNION,20,0,20,216,41,15,5,5,10,12,0.30000000000000004,0.7000000000000001
303,21,CARD,14,3,20,216,49,15,5,5,10,12,0.30000000000000004,0.7000000000000001
304,21,CLF_UNION,17,0,38,216,59,15,5,5,10,12,0.30000000000000004,0.7000000000000001
305,21,ORD-UNION,13,0,13,216,34,15,5,5,10,12,0.30000000000000004,0.7000000000000001
306,21,CARD,18,2,23,216,49,15,5,5,10,12,0.30000000000000004,0.7000000000000001
307,21,CLF_UNION,21,0,37,216,55,15,5,5,10,12,0.30000000000000004,0.7000000000000001
308,21,ORD-UNION,10,0,11,216,29,15,5,5,10,12,0.30000000000000004,0.7000000000000001
309,21,CARD,20,2,24,216,47,15,5,5,10,12,0.30000000000000004,0.7000000000000001
310,21,CLF_UNION,22,0,36,216,55,15,5,5,10,12,0.30000000000000004,0.7000000000000001
311,21,ORD-UNION,8,0,8,216,27,15,5,5,10,12,0.30000000000000004,0.7000000000000001
312,21,CARD,19,4,26,216,47,15,5,5,10,12,0.30000000000000004,0.7000000000000001
313,21,CLF_UNION,23,0,40,216,57,15,5,5,10,12,0.30000000000000004,0.7000000000000001
314,21,ORD-UNION,6,0,6,216,23,15,5,5,10,12,0.30000000000000004,0.7000000000000001
315,22,CARD,20,0,21,236,49,15,5,5,10,12,0.30000000000000004,0.7000000000000001
316,22,CLF_UNION,20,0,37,236,57,15,5,5,10,12,0.30000000000000004,0.7000000000000001
317,22,ORD-UNION,15,0,15,236,35,15,5,5,10,12,0.30000000000000004,0.7000000000000001
318,22,CARD,9,0,10,236,46,15,5,5,10,12,0.30000000000000004,0.7000000000000001
319,22,CLF_UNION,9,0,22,236,56,15,5,5,10,12,0.30000000000000004,0.7000000000000001
320,22,ORD-UNION,0,0,0,236,34,15,5,5,10,12,0.30000000000000004,0.7000000000000001
321,22,CARD,13,0,17,236,47,15,5,5,10,12,0.30000000000000004,0.7000000000000001
322,22,CLF_UNION,13,0,29,236,55,15,5,5,10,12,0.30000000000000004,0.7000000000000001
323,22,ORD-UNION,11,0,11,236,37,15,5,5,10,12,0.30000000000000004,0.7000000000000001
324,22,CARD,28,0,31,236,45,15,5,5,10,12,0.30000000000000004,0.7000000000000001
325,22,CLF_UNION,28,0,41,236,55,15,5,5,10,12,0.30000000000000004,0.7000000000000001
326,22,ORD-UNION,20,0,21,236,35,15,5,5,10,12,0.30000000000000004,0.7000000000000001
327,22,CARD,24,0,26,236,49,15,5,5,10,12,0.30000000000000004,0.7000000000000001
328,22,CLF_UNION,25,0,40,236,55,15,5,5,10,12,0.30000000000000004,0.7000000000000001
329,22,ORD-UNION,8,0,8,236,23,15,5,5,10,12,0.30000000000000004,0.7000000000000001
330,23,CARD,8,0,9,258,48,15,5,5,10,12,0.30000000000000004,0.7000000000000001
331,23,CLF_UNION,8,0,26,258,59,15,5,5,10,12,0.30000000000000004,0.7000000000000001
332,23,ORD-UNION,7,0,7,258,40,15,5,5,10,12,0.30000000000000004,0.7000000000000001
333,23,CARD,27,2,29,258,47,15,5,5,10,12,0.30000000000000004,0.7000000000000001
334,23,CLF_UNION,29,0,42,258,56,15,5,5,10,12,0.30000000000000004,0.7000000000000001
335,23,ORD-UNION,18,0,18,258,32,15,5,5,10,12,0.30000000000000004,0.7000000000000001
336,23,CARD,8,0,10,258,48,15,5,5,10,12,0.30000000000000004,0.7000000000000001
337,23,CLF_UNION,8,0,23,258,55,15,5,5,10,12,0.30000000000000004,0.7000000000000001
338,23,ORD-UNION,7,0,8,258,40,15,5,5,10,12,0.30000000000000004,0.7000000000000001
339,23,CARD,20,2,24,258,45,15,5,5,10,12,0.30000000000000004,0.7000000000000001
340,23,CLF_UNION,22,0,35,258,56,15,5,5,10,12,0.30000000000000004,0.7000000000000001
341,23,ORD-UNION,13,0,13,258,34,15,5,5,10,12,0.30000000000000004,0.7000000000000001
342,23,CARD,20,2,25,258,45,15,5,5,10,12,0.30000000000000004,0.7000000000000001
343,23,CLF_UNION,22,0,36,258,56,15,5,5,10,12,0.30000000000000004,0.7000000000000001
344,23,ORD-UNION,12,0,12,258,32,15,5,5,10,12,0.30000000000000004,0.7000000000000001
345,24,CARD,14,0,17,279,47,15,5,5,10,12,0.30000000000000004,0.7000000000000001
346,24,CLF_UNION,14,0,29,279,55,15,5,5,10,12,0.30000000000000004,0.7000000000000001
347,24,ORD-UNION,9,0,9,279,35,15,5,5,10,12,0.30000000000000004,0.7000000000000001
348,24,CARD,13,2,17,279,46,15,5,5,10,12,0.30000000000000004,0.7000000000000001
349,24,CLF_UNION,15,0,29,279,56,15,5,5,10,12,0.30000000000000004,0.7000000000000001
350,24,ORD-UNION,12,0,13,279,40,15,5,5,10,12,0.30000000000000004,0.7000000000000001
351,24,CARD,13,2,15,279,50,15,5,5,10,12,0.30000000000000004,0.7000000000000001
352,24,CLF_UNION,15,0,31,279,56,15,5,5,10,12,0.30000000000000004,0.7000000000000001
353,24,ORD-UNION,9,0,9,279,34,15,5,5,10,12,0.30000000000000004,0.7000000000000001
354,24,CARD,15,1,18,279,45,15,5,5,10,12,0.30000000000000004,0.7000000000000001
355,24,CLF_UNION,16,0,28,279,55,15,5,5,10,12,0.30000000000000004,0.7000000000000001
356,24,ORD-UNION,13,0,13,279,40,15,5,5,10,12,0.30000000000000004,0.7000000000000001
357,24,CARD,21,2,25,279,45,15,5,5,10,12,0.30000000000000004,0.7000000000000001
358,24,CLF_UNION,23,0,35,279,55,15,5,5,10,12,0.30000000000000004,0.7000000000000001
359,24,ORD-UNION,15,0,15,279,35,15,5,5,10,12,0.30000000000000004,0.7000000000000001
360,1,CARD,12,10,25,1,65,15,5,5,10,12,0.30000000000000004,0.7000000000000001
361,1,CLF_UNION,30,26,72,1,72,15,5,5,10,12,0.30000000000000004,0.7000000000000001
362,1,ORD-UNION,0,0,0,1,0,15,5,5,10,12,0.30000000000000004,0.7000000000000001
363,1,CARD,17,6,25,1,65,15,5,5,10,12,0.30000000000000004,0.7000000000000001
364,1,CLF_UNION,35,23,72,1,72,15,5,5,10,12,0.30000000000000004,0.7000000000000001
365,1,ORD-UNION,0,0,0,1,0,15,5,5,10,12,0.30000000000000004,0.7000000000000001
366,1,CARD,13,8,25,1,65,15,5,5,10,12,0.30000000000000004,0.7000000000000001
367,1,CLF_UNION,30,31,77,1,77,15,5,5,10,12,0.30000000000000004,0.7000000000000001
368,1,ORD-UNION,0,0,0,1,0,15,5,5,10,12,0.30000000000000004,0.7000000000000001
369,1,CARD,20,4,25,1,65,15,5,5,10,12,0.30000000000000004,0.7000000000000001
370,1,CLF_UNION,32,24,68,1,68,15,5,5,10,12,0.30000000000000004,0.7000000000000001
371,1,ORD-UNION,0,0,0,1,0,15,5,5,10,12,0.30000000000000004,0.7000000000000001
372,1,CARD,15,6,25,1,65,15,5,5,10,12,0.30000000000000004,0.7000000000000001
373,1,CLF_UNION,25,25,68,1,68,15,5,5,10,12,0.30000000000000004,0.7000000000000001
374,1,ORD-UNION,0,0,0,1,0,15,5,5,10,12,0.30000000000000004,0.7000000000000001
375,2,CARD,14,13,35,3,55,15,5,5,10,12,0.30000000000000004,0.7000000000000001
376,2,CLF_UNION,25,13,57,3,57,15,5,5,10,12,0.30000000000000004,0.7000000000000001
377,2,ORD-UNION,0,0,0,3,0,15,5,5,10,12,0.30000000000000004,0.7000000000000001
378,2,CARD,20,15,37,3,53,15,5,5,10,12,0.30000000000000004,0.7000000000000001
379,2,CLF_UNION,29,15,57,3,57,15,5,5,10,12,0.30000000000000004,0.7000000000000001
380,2,ORD-UNION,0,0,0,3,0,15,5,5,10,12,0.30000000000000004,0.7000000000000001
381,2,CARD,11,25,37,3,53,15,5,5,10,12,0.30000000000000004,0.7000000000000001
382,2,CLF_UNION,31,20,62,3,62,15,5,5,10,12,0.30000000000000004,0.7000000000000001
383,2,ORD-UNION,0,0,0,3,0,15,5,5,10,12,0.30000000000000004,0.7000000000000001
384,2,CARD,20,13,36,3,54,15,5,5,10,12,0.30000000000000004,0.7000000000000001
385,2,CLF_UNION,35,8,56,3,56,15,5,5,10,12,0.30000000000000004,0.7000000000000001
386,2,ORD-UNION,0,0,0,3,0,15,5,5,10,12,0.30000000000000004,0.7000000000000001
387,2,CARD,19,12,37,3,53,15,5,5,10,12,0.30000000000000004,0.7000000000000001
388,2,CLF_UNION,32,11,59,3,59,15,5,5,10,12,0.30000000000000004,0.7000000000000001
389,2,ORD-UNION,0,0,0,3,0,15,5,5,10,12,0.30000000000000004,0.7000000000000001
390,3,CARD,20,13,37,5,53,15,5,5,10,12,0.30000000000000004,0.7000000000000001
391,3,CLF_UNION,30,11,56,5,56,15,5,5,10,12,0.30000000000000004,0.7000000000000001
392,3,ORD-UNION,0,0,0,5,0,15,5,5,10,12,0.30000000000000004,0.7000000000000001
393,3,CARD,19,8,33,5,57,15,5,5,10,12,0.30000000000000004,0.7000000000000001
394,3,CLF_UNION,36,4,57,5,57,15,5,5,10,12,0.30000000000000004,0.7000000000000001
395,3,ORD-UNION,0,0,1,5,1,15,5,5,10,12,0.30000000000000004,0.7000000000000001
396,3,CARD,14,16,34,5,55,15,5,5,10,12,0.30000000000000004,0.7000000000000001
397,3,CLF_UNION,27,15,56,5,57,15,5,5,10,12,0.30000000000000004,0.7000000000000001
398,3,ORD-UNION,0,0,0,5,1,15,5,5,10,12,0.30000000000000004,0.7000000000000001
399,3,CARD,15,17,36,5,54,15,5,5,10,12,0.30000000000000004,0.7000000000000001
400,3,CLF_UNION,27,16,57,5,57,15,5,5,10,12,0.30000000000000004,0.7000000000000001
401,3,ORD-UNION,0,0,0,5,0,15,5,5,10,12,0.30000000000000004,0.7000000000000001
402,3,CARD,14,21,37,5,53,15,5,5,10,12,0.30000000000000004,0.7000000000000001
403,3,CLF_UNION,24,19,55,5,55,15,5,5,10,12,0.30000000000000004,0.7000000000000001
404,3,ORD-UNION,0,0,0,5,0,15,5,5,10,12,0.30000000000000004,0.7000000000000001
405,4,CARD,28,7,38,8,52,15,5,5,10,12,0.30000000000000004,0.7000000000000001
406,4,CLF_UNION,36,8,57,8,57,15,5,5,10,12,0.30000000000000004,0.7000000000000001
407,4,ORD-UNION,2,0,2,8,2,15,5,5,10,12,0.30000000000000004,0.7000000000000001
408,4,CARD,23,12,35,8,53,15,5,5,10,12,0.30000000000000004,0.7000000000000001
409,4,CLF_UNION,37,8,57,8,59,15,5,5,10,12,0.30000000000000004,0.7000000000000001
410,4,ORD-UNION,0,0,0,8,2,15,5,5,10,12,0.30000000000000004,0.7000000000000001
411,4,CARD,27,7,37,8,52,15,5,5,10,12,0.30000000000000004,0.7000000000000001
412,4,CLF_UNION,33,9,56,8,57,15,5,5,10,12,0.30000000000000004,0.7000000000000001
413,4,ORD-UNION,2,0,2,8,3,15,5,5,10,12,0.30000000000000004,0.7000000000000001
414,4,CARD,23,12,39,8,51,15,5,5,10,12,0.30000000000000004,0.7000000000000001
415,4,CLF_UNION,34,11,60,8,60,15,5,5,10,12,0.30000000000000004,0.7000000000000001
416,4,ORD-UNION,1,0,1,8,1,15,5,5,10,12,0.30000000000000004,0.7000000000000001
417,4,CARD,26,9,39,8,51,15,5,5,10,12,0.30000000000000004,0.7000000000000001
418,4,CLF_UNION,35,7,56,8,56,15,5,5,10,12,0.30000000000000004,0.7000000000000001
419,4,ORD-UNION,2,0,2,8,2,15,5,5,10,12,0.30000000000000004,0.7000000000000001
420,5,CARD,33,4,41,13,49,15,5,5,10,12,0.30000000000000004,0.7000000000000001
421,5,CLF_UNION,38,3,56,13,56,15,5,5,10,12,0.30000000000000004,0.7000000000000001
422,5,ORD-UNION,1,0,1,13,1,15,5,5,10,12,0.30000000000000004,0.7000000000000001
423,5,CARD,22,15,40,13,49,15,5,5,10,12,0.30000000000000004,0.7000000000000001
424,5,CLF_UNION,24,16,54,13,55,15,5,5,10,12,0.30000000000000004,0.7000000000000001
425,5,ORD-UNION,3,0,3,13,4,15,5,5,10,12,0.30000000000000004,0.7000000000000001
426,5,CARD,26,6,41,13,48,15,5,5,10,12,0.30000000000000004,0.7000000000000001
427,5,CLF_UNION,31,5,55,13,56,15,5,5,10,12,0.30000000000000004,0.7000000000000001
428,5,ORD-UNION,1,0,2,13,3,15,5,5,10,12,0.30000000000000004,0.7000000000000001
429,5,CARD,27,9,40,13,50,15,5,5,10,12,0.30000000000000004,0.7000000000000001
430,5,CLF_UNION,34,7,55,13,55,15,5,5,10,12,0.30000000000000004,0.7000000000000001
431,5,ORD-UNION,1,0,1,13,1,15,5,5,10,12,0.30000000000000004,0.7000000000000001
432,5,CARD,31,8,42,13,48,15,5,5,10,12,0.30000000000000004,0.7000000000000001
433,5,CLF_UNION,35,8,56,13,56,15,5,5,10,12,0.30000000000000004,0.7000000000000001
434,5,ORD-UNION,2,0,2,13,2,15,5,5,10,12,0.30000000000000004,0.7000000000000001
435,6,CARD,28,4,36,19,51,15,5,5,10,12,0.30000000000000004,0.7000000000000001
436,6,CLF_UNION,32,9,59,19,62,15,5,5,10,12,0.30000000000000004,0.7000000000000001
437,6,ORD-UNION,2,0,2,19,5,15,5,5,10,12,0.30000000000000004,0.7000000000000001
438,6,CARD,25,7,37,19,50,15,5,5,10,12,0.30000000000000004,0.7000000000000001
439,6,CLF_UNION,31,9,59,19,62,15,5,5,10,12,0.30000000000000004,0.7000000000000001
440,6,ORD-UNION,1,0,1,19,4,15,5,5,10,12,0.30000000000000004,0.7000000000000001
441,6,CARD,32,3,40,19,50,15,5,5,10,12,0.30000000000000004,0.7000000000000001
442,6,CLF_UNION,36,8,62,19,62,15,5,5,10,12,0.30000000000000004,0.7000000000000001
443,6,ORD-UNION,4,0,4,19,4,15,5,5,10,12,0.30000000000000004,0.7000000000000001
444,6,CARD,27,5,41,19,49,15,5,5,10,12,0.30000000000000004,0.7000000000000001
445,6,CLF_UNION,32,10,65,19,65,15,5,5,10,12,0.30000000000000004,0.7000000000000001
446,6,ORD-UNION,0,0,0,19,0,15,5,5,10,12,0.30000000000000004,0.7000000000000001
447,6,CARD,31,5,38,19,52,15,5,5,10,12,0.30000000000000004,0.7000000000000001
448,6,CLF_UNION,39,7,58,19,58,15,5,5,10,12,0.30000000000000004,0.7000000000000001
449,6,ORD-UNION,4,0,4,19,4,15,5,5,10,12,0.30000000000000004,0.7000000000000001
450,7,CARD,33,7,43,24,46,15,5,5,10,12,0.30000000000000004,0.7000000000000001
451,7,CLF_UNION,35,6,54,24,55,15,5,5,10,12,0.30000000000000004,0.7000000000000001
452,7,ORD-UNION,6,0,7,24,8,15,5,5,10,12,0.30000000000000004,0.7000000000000001
453,7,CARD,34,2,43,24,47,15,5,5,10,12,0.30000000000000004,0.7000000000000001
454,7,CLF_UNION,37,1,55,24,55,15,5,5,10,12,0.30000000000000004,0.7000000000000001
455,7,ORD-UNION,5,0,6,24,6,15,5,5,10,12,0.30000000000000004,0.7000000000000001
456,7,CARD,37,3,42,24,47,15,5,5,10,12,0.30000000000000004,0.7000000000000001
457,7,CLF_UNION,36,6,54,24,55,15,5,5,10,12,0.30000000000000004,0.7000000000000001
458,7,ORD-UNION,2,0,2,24,3,15,5,5,10,12,0.30000000000000004,0.7000000000000001
459,7,CARD,33,3,39,24,48,15,5,5,10,12,0.30000000000000004,0.7000000000000001
460,7,CLF_UNION,39,0,52,24,55,15,5,5,10,12,0.30000000000000004,0.7000000000000001
461,7,ORD-UNION,8,0,8,24,11,15,5,5,10,12,0.30000000000000004,0.7000000000000001
462,7,CARD,30,5,38,24,46,15,5,5,10,12,0.30000000000000004,0.7000000000000001
463,7,CLF_UNION,31,5,49,24,55,15,5,5,10,12,0.30000000000000004,0.7000000000000001
464,7,ORD-UNION,2,0,2,24,8,15,5,5,10,12,0.30000000000000004,0.7000000000000001
465,8,CARD,34,3,38,30,49,15,5,5,10,12,0.30000000000000004,0.7000000000000001
466,8,CLF_UNION,34,4,52,30,55,15,5,5,10,12,0.30000000000000004,0.7000000000000001
467,8,ORD-UNION,6,0,6,30,9,15,5,5,10,12,0.30000000000000004,0.7000000000000001
468,8,CARD,33,0,39,30,49,15,5,5,10,12,0.30000000000000004,0.7000000000000001
469,8,CLF_UNION,36,0,53,30,55,15,5,5,10,12,0.30000000000000004,0.7000000000000001
470,8,ORD-UNION,5,0,5,30,7,15,5,5,10,12,0.30000000000000004,0.7000000000000001
471,8,CARD,23,9,37,30,47,15,5,5,10,12,0.30000000000000004,0.7000000000000001
472,8,CLF_UNION,27,7,49,30,55,15,5,5,10,12,0.30000000000000004,0.7000000000000001
473,8,ORD-UNION,6,0,7,30,13,15,5,5,10,12,0.30000000000000004,0.7000000000000001
474,8,CARD,31,6,40,30,48,15,5,5,10,12,0.30000000000000004,0.7000000000000001
475,8,CLF_UNION,32,7,53,30,55,15,5,5,10,12,0.30000000000000004,0.7000000000000001
476,8,ORD-UNION,1,0,1,30,3,15,5,5,10,12,0.30000000000000004,0.7000000000000001
477,8,CARD,28,5,36,30,49,15,5,5,10,12,0.30000000000000004,0.7000000000000001
478,8,CLF_UNION,33,3,50,30,55,15,5,5,10,12,0.30000000000000004,0.7000000000000001
479,8,ORD-UNION,2,1,3,30,8,15,5,5,10,12,0.30000000000000004,0.7000000000000001
480,9,CARD,21,16,39,38,49,15,5,5,10,12,0.30000000000000004,0.7000000000000001
481,9,CLF_UNION,32,8,53,38,55,15,5,5,10,12,0.30000000000000004,0.7000000000000001
482,9,ORD-UNION,1,0,1,38,3,15,5,5,10,12,0.30000000000000004,0.7000000000000001
483,9,CARD,18,12,33,38,49,15,5,5,10,12,0.30000000000000004,0.7000000000000001
484,9,CLF_UNION,29,3,47,38,55,15,5,5,10,12,0.30000000000000004,0.7000000000000001
485,9,ORD-UNION,5,0,5,38,13,15,5,5,10,12,0.30000000000000004,0.7000000000000001
486,9,CARD,23,11,40,38,49,15,5,5,10,12,0.30000000000000004,0.7000000000000001
487,9,CLF_UNION,32,7,55,38,56,15,5,5,10,12,0.30000000000000004,0.7000000000000001
488,9,ORD-UNION,4,0,4,38,5,15,5,5,10,12,0.30000000000000004,0.7000000000000001
489,9,CARD,34,3,40,38,47,15,5,5,10,12,0.30000000000000004,0.7000000000000001
490,9,CLF_UNION,37,2,52,38,55,15,5,5,10,12,0.30000000000000004,0.7000000000000001
491,9,ORD-UNION,8,0,8,38,11,15,5,5,10,12,0.30000000000000004,0.7000000000000001
492,9,CARD,29,7,38,38,46,15,5,5,10,12,0.30000000000000004,0.7000000000000001
493,9,CLF_UNION,34,3,49,38,55,15,5,5,10,12,0.30000000000000004,0.7000000000000001
494,9,ORD-UNION,5,1,6,38,12,15,5,5,10,12,0.30000000000000004,0.7000000000000001
495,10,CARD,32,3,39,48,46,15,5,5,10,12,0.30000000000000004,0.7000000000000001
496,10,CLF_UNION,35,0,50,48,55,15,5,5,10,12,0.30000000000000004,0.7000000000000001
497,10,ORD-UNION,4,0,4,48,9,15,5,5,10,12,0.30000000000000004,0.7000000000000001
498,10,CARD,21,14,39,48,45,15,5,5,10,12,0.30000000000000004,0.7000000000000001
499,10,CLF_UNION,28,7,49,48,55,15,5,5,10,12,0.30000000000000004,0.7000000000000001
500,10,ORD-UNION,8,0,9,48,15,15,5,5,10,12,0.30000000000000004,0.7000000000000001
501,10,CARD,19,12,35,48,46,15,5,5,10,12,0.30000000000000004,0.7000000000000001
502,10,CLF_UNION,23,8,46,48,55,15,5,5,10,12,0.30000000000000004,0.7000000000000001
503,10,ORD-UNION,0,0,0,48,9,15,5,5,10,12,0.30000000000000004,0.7000000000000001
504,10,CARD,25,12,41,48,46,15,5,5,10,12,0.30000000000000004,0.7000000000000001
505,10,CLF_UNION,36,2,52,48,55,15,5,5,10,12,0.30000000000000004,0.7000000000000001
506,10,ORD-UNION,1,0,1,48,4,15,5,5,10,12,0.30000000000000004,0.7000000000000001
507,10,CARD,32,10,45,48,45,15,5,5,10,12,0.30000000000000004,0.7000000000000001
508,10,CLF_UNION,40,2,55,48,55,15,5,5,10,12,0.30000000000000004,0.7000000000000001
509,10,ORD-UNION,9,0,9,48,9,15,5,5,10,12,0.30000000000000004,0.7000000000000001
510,11,CARD,31,4,37,59,47,15,5,5,10,12,0.30000000000000004,0.7000000000000001
511,11,CLF_UNION,34,3,49,59,55,15,5,5,10,12,0.30000000000000004,0.7000000000000001
512,11,ORD-UNION,6,1,7,59,13,15,5,5,10,12,0.30000000000000004,0.7000000000000001
513,11,CARD,31,8,42,59,46,15,5,5,10,12,0.30000000000000004,0.7000000000000001
514,11,CLF_UNION,37,3,53,59,55,15,5,5,10,12,0.30000000000000004,0.7000000000000001
515,11,ORD-UNION,11,2,14,59,16,15,5,5,10,12,0.30000000000000004,0.7000000000000001
516,11,CARD,26,9,39,59,46,15,5,5,10,12,0.30000000000000004,0.7000000000000001
517,11,CLF_UNION,29,7,50,59,55,15,5,5,10,12,0.30000000000000004,0.7000000000000001
518,11,ORD-UNION,10,0,12,59,17,15,5,5,10,12,0.30000000000000004,0.7000000000000001
519,11,CARD,34,4,41,59,47,15,5,5,10,12,0.30000000000000004,0.7000000000000001
520,11,CLF_UNION,38,1,53,59,55,15,5,5,10,12,0.30000000000000004,0.7000000000000001
521,11,ORD-UNION,14,1,16,59,18,15,5,5,10,12,0.30000000000000004,0.7000000000000001
522,11,CARD,23,8,34,59,47,15,5,5,10,12,0.30000000000000004,0.7000000000000001
523,11,CLF_UNION,28,6,47,59,55,15,5,5,10,12,0.30000000000000004,0.7000000000000001
524,11,ORD-UNION,6,1,8,59,17,15,5,5,10,12,0.30000000000000004,0.7000000000000001
