,budget,model,correct,wrong,total,n_pref_input,n_pref_output,theta_size,theta_additivity,n_items,n_test_subsets,n_tiers,alpha,p
0,1,CARD,15,5,25,1,65,9,3,5,10,9,0.1,0.30000000000000004
1,1,CLF_UNION,36,10,65,1,65,9,3,5,10,9,0.1,0.30000000000000004
2,1,ORD-UNION,0,0,0,1,0,9,3,5,10,9,0.1,0.30000000000000004
3,1,CARD,17,4,24,1,66,9,3,5,10,9,0.1,0.30000000000000004
4,1,CLF_UNION,25,13,63,1,63,9,3,5,10,9,0.1,0.30000000000000004
5,1,ORD-UNION,0,1,1,1,1,9,3,5,10,9,0.1,0.30000000000000004
6,1,CARD,16,3,21,1,69,9,3,5,10,9,0.1,0.30000000000000004
7,1,CLF_UNION,35,17,68,1,68,9,3,5,10,9,0.1,0.30000000000000004
8,1,ORD-UNION,0,0,0,1,0,9,3,5,10,9,0.1,0.30000000000000004
9,1,CARD,20,2,24,1,66,9,3,5,10,9,0.1,0.30000000000000004
10,1,CLF_UNION,35,14,68,1,68,9,3,5,10,9,0.1,0.30000000000000004
11,1,ORD-UNION,0,0,0,1,0,9,3,5,10,9,0.1,0.30000000000000004
12,1,CARD,20,1,24,1,66,9,3,5,10,9,0.1,0.30000000000000004
13,1,CLF_UNION,31,18,64,1,64,9,3,5,10,9,0.1,0.30000000000000004
14,1,ORD-UNION,0,0,0,1,0,9,3,5,10,9,0.1,0.30000000000000004
15,2,CARD,22,9,36,3,53,9,3,5,10,9,0.1,0.30000000000000004
16,2,CLF_UNION,30,15,60,3,61,9,3,5,10,9,0.1,0.30000000000000004
17,2,ORD-UNION,0,0,0,3,1,9,3,5,10,9,0.1,0.30000000000000004
18,2,CARD,23,5,33,3,57,9,3,5,10,9,0.1,0.30000000000000004
19,2,CLF_UNION,36,10,61,3,61,9,3,5,10,9,0.1,0.30000000000000004
20,2,ORD-UNION,0,0,0,3,0,9,3,5,10,9,0.1,0.30000000000000004
21,2,CARD,21,14,37,3,53,9,3,5,10,9,0.1,0.30000000000000004
22,2,CLF_UNION,28,19,59,3,59,9,3,5,10,9,0.1,0.30000000000000004
23,2,ORD-UNION,1,1,2,3,2,9,3,5,10,9,0.1,0.30000000000000004
24,2,CARD,18,17,37,3,53,9,3,5,10,9,0.1,0.30000000000000004
25,2,CLF_UNION,31,18,61,3,61,9,3,5,10,9,0.1,0.30000000000000004
26,2,ORD-UNION,1,1,2,3,2,9,3,5,10,9,0.1,0.30000000000000004
27,2,CARD,23,9,37,3,53,9,3,5,10,9,0.1,0.30000000000000004
28,2,CLF_UNION,34,10,60,3,60,9,3,5,10,9,0.1,0.30000000000000004
29,2,ORD-UNION,0,0,0,3,0,9,3,5,10,9,0.1,0.30000000000000004
30,3,CARD,30,7,40,6,50,9,3,5,10,9,0.1,0.30000000000000004
31,3,CLF_UNION,39,5,58,6,58,9,3,5,10,9,0.1,0.30000000000000004
32,3,ORD-UNION,1,0,1,6,1,9,3,5,10,9,0.1,0.30000000000000004
33,3,CARD,34,1,42,6,48,9,3,5,10,9,0.1,0.30000000000000004
34,3,CLF_UNION,36,4,57,6,57,9,3,5,10,9,0.1,0.30000000000000004
35,3,ORD-UNION,2,0,2,6,2,9,3,5,10,9,0.1,0.30000000000000004
36,3,CARD,19,11,40,6,49,9,3,5,10,9,0.1,0.30000000000000004
37,3,CLF_UNION,24,12,58,6,59,9,3,5,10,9,0.1,0.30000000000000004
38,3,ORD-UNION,2,3,5,6,6,9,3,5,10,9,0.1,0.30000000000000004
39,3,CARD,13,21,35,6,54,9,3,5,10,9,0.1,0.30000000000000004
40,3,CLF_UNION,37,7,59,6,60,9,3,5,10,9,0.1,0.30000000000000004
41,3,ORD-UNION,1,0,1,6,2,9,3,5,10,9,0.1,0.30000000000000004
42,3,CARD,20,14,40,6,50,9,3,5,10,9,0.1,0.30000000000000004
43,3,CLF_UNION,27,11,57,6,57,9,3,5,10,9,0.1,0.30000000000000004
44,3,ORD-UNION,2,0,2,6,2,9,3,5,10,9,0.1,0.30000000000000004
45,4,CARD,24,3,34,9,55,9,3,5,10,9,0.1,0.30000000000000004
46,4,CLF_UNION,34,4,56,9,57,9,3,5,10,9,0.1,0.30000000000000004
47,4,ORD-UNION,2,0,2,9,3,9,3,5,10,9,0.1,0.30000000000000004
48,4,CARD,26,11,39,9,51,9,3,5,10,9,0.1,0.30000000000000004
49,4,CLF_UNION,31,13,57,9,57,9,3,5,10,9,0.1,0.30000000000000004
50,4,ORD-UNION,0,1,1,9,1,9,3,5,10,9,0.1,0.30000000000000004
51,4,CARD,24,12,40,9,50,9,3,5,10,9,0.1,0.30000000000000004
52,4,CLF_UNION,28,15,61,9,61,9,3,5,10,9,0.1,0.30000000000000004
53,4,ORD-UNION,1,2,3,9,3,9,3,5,10,9,0.1,0.30000000000000004
54,4,CARD,25,11,40,9,50,9,3,5,10,9,0.1,0.30000000000000004
55,4,CLF_UNION,29,12,57,9,57,9,3,5,10,9,0.1,0.30000000000000004
56,4,ORD-UNION,2,3,5,9,5,9,3,5,10,9,0.1,0.30000000000000004
57,4,CARD,31,1,36,9,54,9,3,5,10,9,0.1,0.30000000000000004
58,4,CLF_UNION,37,1,58,9,58,9,3,5,10,9,0.1,0.30000000000000004
59,4,ORD-UNION,3,0,3,9,3,9,3,5,10,9,0.1,0.30000000000000004
60,5,CARD,30,9,41,13,49,9,3,5,10,9,0.1,0.30000000000000004
61,5,CLF_UNION,30,12,56,13,56,9,3,5,10,9,0.1,0.30000000000000004
62,5,ORD-UNION,0,1,1,13,1,9,3,5,10,9,0.1,0.30000000000000004
63,5,CARD,38,0,39,13,50,9,3,5,10,9,0.1,0.30000000000000004
64,5,CLF_UNION,37,4,55,13,56,9,3,5,10,9,0.1,0.30000000000000004
65,5,ORD-UNION,3,0,3,13,4,9,3,5,10,9,0.1,0.30000000000000004
66,5,CARD,35,1,38,13,51,9,3,5,10,9,0.1,0.30000000000000004
67,5,CLF_UNION,37,1,54,13,55,9,3,5,10,9,0.1,0.30000000000000004
68,5,ORD-UNION,4,0,4,13,5,9,3,5,10,9,0.1,0.30000000000000004
69,5,CARD,24,11,37,13,51,9,3,5,10,9,0.1,0.30000000000000004
70,5,CLF_UNION,27,11,54,13,56,9,3,5,10,9,0.1,0.30000000000000004
71,5,ORD-UNION,1,4,5,13,7,9,3,5,10,9,0.1,0.30000000000000004
72,5,CARD,36,0,38,13,51,9,3,5,10,9,0.1,0.30000000000000004
73,5,CLF_UNION,37,1,54,13,55,9,3,5,10,9,0.1,0.30000000000000004
74,5,ORD-UNION,3,0,3,13,4,9,3,5,10,9,0.1,0.30000000000000004
75,6,CARD,34,0,36,19,54,9,3,5,10,9,0.1,0.30000000000000004
76,6,CLF_UNION,39,7,63,19,63,9,3,5,10,9,0.1,0.30000000000000004
77,6,ORD-UNION,4,0,4,19,4,9,3,5,10,9,0.1,0.30000000000000004
78,6,CARD,26,9,39,19,51,9,3,5,10,9,0.1,0.30000000000000004
79,6,CLF_UNION,30,16,61,19,61,9,3,5,10,9,0.1,0.30000000000000004
80,6,ORD-UNION,2,3,5,19,5,9,3,5,10,9,0.1,0.30000000000000004
81,6,CARD,31,9,41,19,49,9,3,5,10,9,0.1,0.30000000000000004
82,6,CLF_UNION,31,11,58,19,58,9,3,5,10,9,0.1,0.30000000000000004
83,6,ORD-UNION,2,5,7,19,7,9,3,5,10,9,0.1,0.30000000000000004
84,6,CARD,34,2,40,19,50,9,3,5,10,9,0.1,0.30000000000000004
85,6,CLF_UNION,35,3,59,19,59,9,3,5,10,9,0.1,0.30000000000000004
86,6,ORD-UNION,2,0,2,19,2,9,3,5,10,9,0.1,0.30000000000000004
87,6,CARD,32,3,39,19,51,9,3,5,10,9,0.1,0.30000000000000004
88,6,CLF_UNION,37,2,58,19,58,9,3,5,10,9,0.1,0.30000000000000004
89,6,ORD-UNION,0,0,0,19,0,9,3,5,10,9,0.1,0.30000000000000004
90,7,CARD,28,9,39,24,48,9,3,5,10,9,0.1,0.30000000000000004
91,7,CLF_UNION,26,11,52,24,55,9,3,5,10,9,0.1,0.30000000000000004
92,7,ORD-UNION,1,3,4,24,7,9,3,5,10,9,0.1,0.30000000000000004
93,7,CARD,25,11,39,24,50,9,3,5,10,9,0.1,0.30000000000000004
94,7,CLF_UNION,30,10,54,24,55,9,3,5,10,9,0.1,0.30000000000000004
95,7,ORD-UNION,5,3,8,24,9,9,3,5,10,9,0.1,0.30000000000000004
96,7,CARD,34,4,40,24,49,9,3,5,10,9,0.1,0.30000000000000004
97,7,CLF_UNION,36,2,54,24,55,9,3,5,10,9,0.1,0.30000000000000004
98,7,ORD-UNION,5,0,5,24,6,9,3,5,10,9,0.1,0.30000000000000004
99,7,CARD,21,9,30,24,58,9,3,5,10,9,0.1,0.30000000000000004
100,7,CLF_UNION,27,9,54,24,56,9,3,5,10,9,0.1,0.30000000000000004
101,7,ORD-UNION,2,4,6,24,8,9,3,5,10,9,0.1,0.30000000000000004
102,7,CARD,32,9,43,24,47,9,3,5,10,9,0.1,0.30000000000000004
103,7,CLF_UNION,31,10,55,24,55,9,3,5,10,9,0.1,0.30000000000000004
104,7,ORD-UNION,3,1,4,24,4,9,3,5,10,9,0.1,0.30000000000000004
105,8,CARD,27,9,39,32,48,9,3,5,10,9,0.1,0.30000000000000004
106,8,CLF_UNION,28,10,52,32,55,9,3,5,10,9,0.1,0.30000000000000004
107,8,ORD-UNION,7,3,10,32,13,9,3,5,10,9,0.1,0.30000000000000004
108,8,CARD,38,1,42,32,45,9,3,5,10,9,0.1,0.30000000000000004
109,8,CLF_UNION,39,0,52,32,55,9,3,5,10,9,0.1,0.30000000000000004
110,8,ORD-UNION,7,0,7,32,10,9,3,5,10,9,0.1,0.30000000000000004
111,8,CARD,36,1,38,32,49,9,3,5,10,9,0.1,0.30000000000000004
112,8,CLF_UNION,34,3,52,32,55,9,3,5,10,9,0.1,0.30000000000000004
113,8,ORD-UNION,7,0,7,32,10,9,3,5,10,9,0.1,0.30000000000000004
114,8,CARD,30,10,42,32,47,9,3,5,10,9,0.1,0.30000000000000004
115,8,CLF_UNION,33,9,54,32,55,9,3,5,10,9,0.1,0.30000000000000004
116,8,ORD-UNION,3,5,8,32,9,9,3,5,10,9,0.1,0.30000000000000004
117,8,CARD,29,9,41,32,48,9,3,5,10,9,0.1,0.30000000000000004
118,8,CLF_UNION,29,10,54,32,55,9,3,5,10,9,0.1,0.30000000000000004
119,8,ORD-UNION,5,2,7,32,8,9,3,5,10,9,0.1,0.30000000000000004
120,9,CARD,40,2,42,41,48,9,3,5,10,9,0.1,0.30000000000000004
121,9,CLF_UNION,36,6,55,41,55,9,3,5,10,9,0.1,0.30000000000000004
122,9,ORD-UNION,7,0,7,41,7,9,3,5,10,9,0.1,0.30000000000000004
123,9,CARD,30,11,41,41,48,9,3,5,10,9,0.1,0.30000000000000004
124,9,CLF_UNION,29,12,54,41,55,9,3,5,10,9,0.1,0.30000000000000004
125,9,ORD-UNION,7,6,13,41,14,9,3,5,10,9,0.1,0.30000000000000004
126,9,CARD,29,9,41,41,46,9,3,5,10,9,0.1,0.30000000000000004
127,9,CLF_UNION,29,9,52,41,55,9,3,5,10,9,0.1,0.30000000000000004
128,9,ORD-UNION,10,6,16,41,19,9,3,5,10,9,0.1,0.30000000000000004
129,9,CARD,27,9,37,41,47,9,3,5,10,9,0.1,0.30000000000000004
130,9,CLF_UNION,24,12,49,41,55,9,3,5,10,9,0.1,0.30000000000000004
131,9,ORD-UNION,7,5,12,41,18,9,3,5,10,9,0.1,0.30000000000000004
132,9,CARD,28,9,37,41,50,9,3,5,10,9,0.1,0.30000000000000004
133,9,CLF_UNION,28,9,52,41,55,9,3,5,10,9,0.1,0.30000000000000004
134,9,ORD-UNION,5,7,12,41,15,9,3,5,10,9,0.1,0.30000000000000004
135,10,CARD,22,14,38,50,46,9,3,5,10,9,0.1,0.30000000000000004
136,10,CLF_UNION,29,8,49,50,55,9,3,5,10,9,0.1,0.30000000000000004
137,10,ORD-UNION,8,6,14,50,20,9,3,5,10,9,0.1,0.30000000000000004
138,10,CARD,22,14,39,50,45,9,3,5,10,9,0.1,0.30000000000000004
139,10,CLF_UNION,26,10,49,50,55,9,3,5,10,9,0.1,0.30000000000000004
140,10,ORD-UNION,7,6,13,50,19,9,3,5,10,9,0.1,0.30000000000000004
141,10,CARD,27,5,35,50,47,9,3,5,10,9,0.1,0.30000000000000004
142,10,CLF_UNION,30,2,47,50,55,9,3,5,10,9,0.1,0.30000000000000004
143,10,ORD-UNION,9,0,9,50,17,9,3,5,10,9,0.1,0.30000000000000004
144,10,CARD,20,16,43,50,46,9,3,5,10,9,0.1,0.30000000000000004
145,10,CLF_UNION,27,9,54,50,55,9,3,5,10,9,0.1,0.30000000000000004
146,10,ORD-UNION,7,6,13,50,14,9,3,5,10,9,0.1,0.30000000000000004
147,10,CARD,30,11,44,50,45,9,3,5,10,9,0.1,0.30000000000000004
148,10,CLF_UNION,30,11,54,50,55,9,3,5,10,9,0.1,0.30000000000000004
149,10,ORD-UNION,11,4,15,50,16,9,3,5,10,9,0.1,0.30000000000000004
150,11,CARD,31,6,41,58,46,9,3,5,10,9,0.1,0.30000000000000004
151,11,CLF_UNION,36,1,52,58,55,9,3,5,10,9,0.1,0.30000000000000004
152,11,ORD-UNION,12,0,12,58,15,9,3,5,10,9,0.1,0.30000000000000004
153,11,CARD,34,4,43,58,47,9,3,5,10,9,0.1,0.30000000000000004
154,11,CLF_UNION,38,0,55,58,55,9,3,5,10,9,0.1,0.30000000000000004
155,11,ORD-UNION,8,0,8,58,8,9,3,5,10,9,0.1,0.30000000000000004
156,11,CARD,23,9,33,58,48,9,3,5,10,9,0.1,0.30000000000000004
157,11,CLF_UNION,23,9,46,58,55,9,3,5,10,9,0.1,0.30000000000000004
158,11,ORD-UNION,14,7,21,58,30,9,3,5,10,9,0.1,0.30000000000000004
159,11,CARD,22,14,37,58,48,9,3,5,10,9,0.1,0.30000000000000004
160,11,CLF_UNION,28,9,52,58,57,9,3,5,10,9,0.1,0.30000000000000004
161,11,ORD-UNION,11,8,19,58,24,9,3,5,10,9,0.1,0.30000000000000004
162,11,CARD,31,4,39,58,48,9,3,5,10,9,0.1,0.30000000000000004
163,11,CLF_UNION,35,0,54,58,57,9,3,5,10,9,0.1,0.30000000000000004
164,11,ORD-UNION,15,0,15,58,18,9,3,5,10,9,0.1,0.30000000000000004
165,12,CARD,31,8,40,69,47,9,3,5,10,9,0.1,0.30000000000000004
166,12,CLF_UNION,31,10,52,69,55,9,3,5,10,9,0.1,0.30000000000000004
167,12,ORD-UNION,15,8,23,69,26,9,3,5,10,9,0.1,0.30000000000000004
168,12,CARD,19,11,38,69,50,9,3,5,10,9,0.1,0.30000000000000004
169,12,CLF_UNION,29,4,53,69,55,9,3,5,10,9,0.1,0.30000000000000004
170,12,ORD-UNION,8,0,8,69,10,9,3,5,10,9,0.1,0.30000000000000004
171,12,CARD,33,3,37,69,47,9,3,5,10,9,0.1,0.30000000000000004
172,12,CLF_UNION,36,1,49,69,55,9,3,5,10,9,0.1,0.30000000000000004
173,12,ORD-UNION,18,0,18,69,24,9,3,5,10,9,0.1,0.30000000000000004
174,12,CARD,29,4,35,69,50,9,3,5,10,9,0.1,0.30000000000000004
175,12,CLF_UNION,34,1,51,69,56,9,3,5,10,9,0.1,0.30000000000000004
176,12,ORD-UNION,12,0,12,69,17,9,3,5,10,9,0.1,0.30000000000000004
177,12,CARD,31,3,35,69,49,9,3,5,10,9,0.1,0.30000000000000004
178,12,CLF_UNION,32,2,49,69,55,9,3,5,10,9,0.1,0.30000000000000004
179,12,ORD-UNION,14,0,14,69,20,9,3,5,10,9,0.1,0.30000000000000004
180,13,CARD,25,10,38,80,46,9,3,5,10,9,0.1,0.30000000000000004
181,13,CLF_UNION,27,9,52,80,58,9,3,5,10,9,0.1,0.30000000000000004
182,13,ORD-UNION,6,7,13,80,19,9,3,5,10,9,0.1,0.30000000000000004
183,13,CARD,31,2,33,80,52,9,3,5,10,9,0.1,0.30000000000000004
184,13,CLF_UNION,35,3,53,80,58,9,3,5,10,9,0.1,0.30000000000000004
185,13,ORD-UNION,12,0,12,80,17,9,3,5,10,9,0.1,0.30000000000000004
186,13,CARD,28,8,38,80,49,9,3,5,10,9,0.1,0.30000000000000004
187,13,CLF_UNION,30,9,53,80,56,9,3,5,10,9,0.1,0.30000000000000004
188,13,ORD-UNION,11,8,19,80,22,9,3,5,10,9,0.1,0.30000000000000004
189,13,CARD,28,1,31,80,47,9,3,5,10,9,0.1,0.30000000000000004
190,13,CLF_UNION,30,0,44,80,56,9,3,5,10,9,0.1,0.30000000000000004
191,13,ORD-UNION,17,0,17,80,29,9,3,5,10,9,0.1,0.30000000000000004
192,13,CARD,23,11,37,80,47,9,3,5,10,9,0.1,0.30000000000000004
193,13,CLF_UNION,26,9,50,80,56,9,3,5,10,9,0.1,0.30000000000000004
194,13,ORD-UNION,12,7,19,80,25,9,3,5,10,9,0.1,0.30000000000000004
195,14,CARD,29,5,39,94,45,9,3,5,10,9,0.1,0.30000000000000004
196,14,CLF_UNION,34,0,50,94,56,9,3,5,10,9,0.1,0.30000000000000004
197,14,ORD-UNION,15,0,16,94,22,9,3,5,10,9,0.1,0.30000000000000004
198,14,CARD,28,10,40,94,45,9,3,5,10,9,0.1,0.30000000000000004
199,14,CLF_UNION,28,10,50,94,55,9,3,5,10,9,0.1,0.30000000000000004
200,14,ORD-UNION,15,7,23,94,28,9,3,5,10,9,0.1,0.30000000000000004
201,14,CARD,29,2,34,94,47,9,3,5,10,9,0.1,0.30000000000000004
202,14,CLF_UNION,32,0,46,94,55,9,3,5,10,9,0.1,0.30000000000000004
203,14,ORD-UNION,22,0,22,94,31,9,3,5,10,9,0.1,0.30000000000000004
204,14,CARD,24,5,35,94,45,9,3,5,10,9,0.1,0.30000000000000004
205,14,CLF_UNION,27,2,45,94,55,9,3,5,10,9,0.1,0.30000000000000004
206,14,ORD-UNION,16,0,17,94,27,9,3,5,10,9,0.1,0.30000000000000004
207,14,CARD,23,8,34,94,47,9,3,5,10,9,0.1,0.30000000000000004
208,14,CLF_UNION,22,9,46,94,55,9,3,5,10,9,0.1,0.30000000000000004
209,14,ORD-UNION,13,8,21,94,30,9,3,5,10,9,0.1,0.30000000000000004
210,15,CARD,27,3,35,105,45,9,3,5,10,9,0.1,0.30000000000000004
211,15,CLF_UNION,30,0,45,105,55,9,3,5,10,9,0.1,0.30000000000000004
212,15,ORD-UNION,24,0,25,105,35,9,3,5,10,9,0.1,0.30000000000000004
213,15,CARD,27,9,38,105,47,9,3,5,10,9,0.1,0.30000000000000004
214,15,CLF_UNION,25,11,50,105,55,9,3,5,10,9,0.1,0.30000000000000004
215,15,ORD-UNION,16,8,24,105,29,9,3,5,10,9,0.1,0.30000000000000004
216,15,CARD,16,11,30,105,47,9,3,5,10,9,0.1,0.30000000000000004
217,15,CLF_UNION,19,9,42,105,55,9,3,5,10,9,0.1,0.30000000000000004
218,15,ORD-UNION,13,8,21,105,34,9,3,5,10,9,0.1,0.30000000000000004
219,15,CARD,37,1,41,105,46,9,3,5,10,9,0.1,0.30000000000000004
220,15,CLF_UNION,38,0,52,105,55,9,3,5,10,9,0.1,0.30000000000000004
221,15,ORD-UNION,32,0,32,105,35,9,3,5,10,9,0.1,0.30000000000000004
222,15,CARD,22,12,40,105,47,9,3,5,10,9,0.1,0.30000000000000004
223,15,CLF_UNION,24,11,52,105,55,9,3,5,10,9,0.1,0.30000000000000004
224,15,ORD-UNION,18,8,27,105,30,9,3,5,10,9,0.1,0.30000000000000004
