,budget,model,correct,wrong,total,n_pref_input,n_pref_output,theta_size,theta_additivity,n_items,n_test_subsets,n_tiers,alpha,p
0,1,CARD,16,6,24,1,66,22,5,5,10,15,0.5,0.7000000000000001
1,1,CLF_UNION,26,21,60,1,60,22,5,5,10,15,0.5,0.7000000000000001
2,1,ORD-UNION,0,0,0,1,0,22,5,5,10,15,0.5,0.7000000000000001
3,1,CARD,18,2,21,1,69,22,5,5,10,15,0.5,0.7000000000000001
4,1,CLF_UNION,33,14,59,1,59,22,5,5,10,15,0.5,0.7000000000000001
5,1,ORD-UNION,0,0,0,1,0,22,5,5,10,15,0.5,0.7000000000000001
6,1,CARD,13,10,24,1,66,22,5,5,10,15,0.5,0.7000000000000001
7,1,CLF_UNION,30,14,57,1,57,22,5,5,10,15,0.5,0.7000000000000001
8,1,ORD-UNION,0,0,0,1,0,22,5,5,10,15,0.5,0.7000000000000001
9,1,CARD,14,9,24,1,66,22,5,5,10,15,0.5,0.7000000000000001
10,1,CLF_UNION,35,24,71,1,71,22,5,5,10,15,0.5,0.7000000000000001
11,1,ORD-UNION,0,0,0,1,0,22,5,5,10,15,0.5,0.7000000000000001
12,1,CARD,14,10,25,1,65,22,5,5,10,15,0.5,0.7000000000000001
13,1,CLF_UNION,36,14,63,1,63,22,5,5,10,15,0.5,0.7000000000000001
14,1,ORD-UNION,0,0,0,1,0,22,5,5,10,15,0.5,0.7000000000000001
15,2,CARD,15,17,35,3,55,22,5,5,10,15,0.5,0.7000000000000001
16,2,CLF_UNION,26,17,57,3,57,22,5,5,10,15,0.5,0.7000000000000001
17,2,ORD-UNION,0,0,0,3,0,22,5,5,10,15,0.5,0.7000000000000001
18,2,CARD,22,12,35,3,55,22,5,5,10,15,0.5,0.7000000000000001
19,2,CLF_UNION,27,17,56,3,56,22,5,5,10,15,0.5,0.7000000000000001
20,2,ORD-UNION,0,0,0,3,0,22,5,5,10,15,0.5,0.7000000000000001
21,2,CARD,19,11,35,3,55,22,5,5,10,15,0.5,0.7000000000000001
22,2,CLF_UNION,34,9,60,3,60,22,5,5,10,15,0.5,0.7000000000000001
23,2,ORD-UNION,0,0,0,3,0,22,5,5,10,15,0.5,0.7000000000000001
24,2,CARD,26,8,35,3,54,22,5,5,10,15,0.5,0.7000000000000001
25,2,CLF_UNION,38,7,57,3,58,22,5,5,10,15,0.5,0.7000000000000001
26,2,ORD-UNION,0,0,0,3,1,22,5,5,10,15,0.5,0.7000000000000001
27,2,CARD,21,12,36,3,54,22,5,5,10,15,0.5,0.7000000000000001
28,2,CLF_UNION,30,18,62,3,62,22,5,5,10,15,0.5,0.7000000000000001
29,2,ORD-UNION,0,0,0,3,0,22,5,5,10,15,0.5,0.7000000000000001
30,3,CARD,25,5,31,6,56,22,5,5,10,15,0.5,0.7000000000000001
31,3,CLF_UNION,32,7,53,6,56,22,5,5,10,15,0.5,0.7000000000000001
32,3,ORD-UNION,0,0,0,6,3,22,5,5,10,15,0.5,0.7000000000000001
33,3,CARD,17,16,36,6,53,22,5,5,10,15,0.5,0.7000000000000001
34,3,CLF_UNION,26,16,56,6,57,22,5,5,10,15,0.5,0.7000000000000001
35,3,ORD-UNION,0,0,0,6,1,22,5,5,10,15,0.5,0.7000000000000001
36,3,CARD,26,10,36,6,54,22,5,5,10,15,0.5,0.7000000000000001
37,3,CLF_UNION,31,15,57,6,57,22,5,5,10,15,0.5,0.7000000000000001
38,3,ORD-UNION,0,0,0,6,0,22,5,5,10,15,0.5,0.7000000000000001
39,3,CARD,32,4,37,6,52,22,5,5,10,15,0.5,0.7000000000000001
40,3,CLF_UNION,30,16,57,6,58,22,5,5,10,15,0.5,0.7000000000000001
41,3,ORD-UNION,0,0,0,6,1,22,5,5,10,15,0.5,0.7000000000000001
42,3,CARD,25,8,37,6,53,22,5,5,10,15,0.5,0.7000000000000001
43,3,CLF_UNION,18,24,58,6,58,22,5,5,10,15,0.5,0.7000000000000001
44,3,ORD-UNION,0,0,0,6,0,22,5,5,10,15,0.5,0.7000000000000001
45,4,CARD,29,7,37,10,52,22,5,5,10,15,0.5,0.7000000000000001
46,4,CLF_UNION,38,5,54,10,55,22,5,5,10,15,0.5,0.7000000000000001
47,4,ORD-UNION,0,0,0,10,1,22,5,5,10,15,0.5,0.7000000000000001
48,4,CARD,22,15,38,10,49,22,5,5,10,15,0.5,0.7000000000000001
49,4,CLF_UNION,26,15,52,10,55,22,5,5,10,15,0.5,0.7000000000000001
50,4,ORD-UNION,0,0,0,10,3,22,5,5,10,15,0.5,0.7000000000000001
51,4,CARD,29,4,38,10,52,22,5,5,10,15,0.5,0.7000000000000001
52,4,CLF_UNION,35,3,55,10,55,22,5,5,10,15,0.5,0.7000000000000001
53,4,ORD-UNION,0,0,0,10,0,22,5,5,10,15,0.5,0.7000000000000001
54,4,CARD,27,6,36,10,54,22,5,5,10,15,0.5,0.7000000000000001
55,4,CLF_UNION,36,6,57,10,57,22,5,5,10,15,0.5,0.7000000000000001
56,4,ORD-UNION,1,0,1,10,1,22,5,5,10,15,0.5,0.7000000000000001
57,4,CARD,25,2,28,10,61,22,5,5,10,15,0.5,0.7000000000000001
58,4,CLF_UNION,33,7,55,10,56,22,5,5,10,15,0.5,0.7000000000000001
59,4,ORD-UNION,1,0,1,10,2,22,5,5,10,15,0.5,0.7000000000000001
60,5,CARD,25,15,41,15,49,22,5,5,10,15,0.5,0.7000000000000001
61,5,CLF_UNION,27,17,55,15,55,22,5,5,10,15,0.5,0.7000000000000001
62,5,ORD-UNION,0,0,0,15,0,22,5,5,10,15,0.5,0.7000000000000001
63,5,CARD,25,17,42,15,48,22,5,5,10,15,0.5,0.7000000000000001
64,5,CLF_UNION,28,17,55,15,55,22,5,5,10,15,0.5,0.7000000000000001
65,5,ORD-UNION,0,0,0,15,0,22,5,5,10,15,0.5,0.7000000000000001
66,5,CARD,26,16,43,15,47,22,5,5,10,15,0.5,0.7000000000000001
67,5,CLF_UNION,30,14,55,15,55,22,5,5,10,15,0.5,0.7000000000000001
68,5,ORD-UNION,0,0,0,15,0,22,5,5,10,15,0.5,0.7000000000000001
69,5,CARD,25,16,43,15,47,22,5,5,10,15,0.5,0.7000000000000001
70,5,CLF_UNION,28,15,55,15,55,22,5,5,10,15,0.5,0.7000000000000001
71,5,ORD-UNION,1,0,1,15,1,22,5,5,10,15,0.5,0.7000000000000001
72,5,CARD,25,14,41,15,49,22,5,5,10,15,0.5,0.7000000000000001
73,5,CLF_UNION,34,9,55,15,55,22,5,5,10,15,0.5,0.7000000000000001
74,5,ORD-UNION,1,0,1,15,1,22,5,5,10,15,0.5,0.7000000000000001
75,6,CARD,26,14,41,21,48,22,5,5,10,15,0.5,0.7000000000000001
76,6,CLF_UNION,27,17,55,21,56,22,5,5,10,15,0.5,0.7000000000000001
77,6,ORD-UNION,1,0,1,21,2,22,5,5,10,15,0.5,0.7000000000000001
78,6,CARD,30,8,41,21,49,22,5,5,10,15,0.5,0.7000000000000001
79,6,CLF_UNION,37,5,55,21,55,22,5,5,10,15,0.5,0.7000000000000001
80,6,ORD-UNION,1,0,1,21,1,22,5,5,10,15,0.5,0.7000000000000001
81,6,CARD,24,16,41,21,46,22,5,5,10,15,0.5,0.7000000000000001
82,6,CLF_UNION,24,18,53,21,56,22,5,5,10,15,0.5,0.7000000000000001
83,6,ORD-UNION,1,0,1,21,4,22,5,5,10,15,0.5,0.7000000000000001
84,6,CARD,24,12,37,21,47,22,5,5,10,15,0.5,0.7000000000000001
85,6,CLF_UNION,27,11,49,21,55,22,5,5,10,15,0.5,0.7000000000000001
86,6,ORD-UNION,1,0,1,21,7,22,5,5,10,15,0.5,0.7000000000000001
87,6,CARD,34,5,42,21,47,22,5,5,10,15,0.5,0.7000000000000001
88,6,CLF_UNION,34,8,55,21,56,22,5,5,10,15,0.5,0.7000000000000001
89,6,ORD-UNION,0,0,0,21,1,22,5,5,10,15,0.5,0.7000000000000001
90,7,CARD,28,7,38,27,49,22,5,5,10,15,0.5,0.7000000000000001
91,7,CLF_UNION,35,5,54,27,57,22,5,5,10,15,0.5,0.7000000000000001
92,7,ORD-UNION,0,0,0,27,3,22,5,5,10,15,0.5,0.7000000000000001
93,7,CARD,32,4,40,27,47,22,5,5,10,15,0.5,0.7000000000000001
94,7,CLF_UNION,35,5,54,27,57,22,5,5,10,15,0.5,0.7000000000000001
95,7,ORD-UNION,1,0,1,27,4,22,5,5,10,15,0.5,0.7000000000000001
96,7,CARD,34,5,41,27,48,22,5,5,10,15,0.5,0.7000000000000001
97,7,CLF_UNION,35,7,54,27,55,22,5,5,10,15,0.5,0.7000000000000001
98,7,ORD-UNION,0,0,0,27,1,22,5,5,10,15,0.5,0.7000000000000001
99,7,CARD,17,20,41,27,46,22,5,5,10,15,0.5,0.7000000000000001
100,7,CLF_UNION,21,17,52,27,55,22,5,5,10,15,0.5,0.7000000000000001
101,7,ORD-UNION,2,0,2,27,5,22,5,5,10,15,0.5,0.7000000000000001
102,7,CARD,24,16,43,27,47,22,5,5,10,15,0.5,0.7000000000000001
103,7,CLF_UNION,28,18,59,27,59,22,5,5,10,15,0.5,0.7000000000000001
104,7,ORD-UNION,0,0,0,27,0,22,5,5,10,15,0.5,0.7000000000000001
105,8,CARD,28,14,43,34,46,22,5,5,10,15,0.5,0.7000000000000001
106,8,CLF_UNION,31,12,54,34,55,22,5,5,10,15,0.5,0.7000000000000001
107,8,ORD-UNION,0,0,0,34,1,22,5,5,10,15,0.5,0.7000000000000001
108,8,CARD,28,5,38,34,48,22,5,5,10,15,0.5,0.7000000000000001
109,8,CLF_UNION,30,4,52,34,56,22,5,5,10,15,0.5,0.7000000000000001
110,8,ORD-UNION,1,0,1,34,5,22,5,5,10,15,0.5,0.7000000000000001
111,8,CARD,24,13,38,34,46,22,5,5,10,15,0.5,0.7000000000000001
112,8,CLF_UNION,27,12,50,34,56,22,5,5,10,15,0.5,0.7000000000000001
113,8,ORD-UNION,2,0,2,34,8,22,5,5,10,15,0.5,0.7000000000000001
114,8,CARD,32,6,40,34,47,22,5,5,10,15,0.5,0.7000000000000001
115,8,CLF_UNION,33,6,52,34,55,22,5,5,10,15,0.5,0.7000000000000001
116,8,ORD-UNION,0,0,0,34,3,22,5,5,10,15,0.5,0.7000000000000001
117,8,CARD,30,5,40,34,47,22,5,5,10,15,0.5,0.7000000000000001
118,8,CLF_UNION,36,2,53,34,56,22,5,5,10,15,0.5,0.7000000000000001
119,8,ORD-UNION,2,0,2,34,5,22,5,5,10,15,0.5,0.7000000000000001
120,9,CARD,32,6,41,43,48,22,5,5,10,15,0.5,0.7000000000000001
121,9,CLF_UNION,36,6,55,43,56,22,5,5,10,15,0.5,0.7000000000000001
122,9,ORD-UNION,0,0,0,43,1,22,5,5,10,15,0.5,0.7000000000000001
123,9,CARD,14,16,32,43,49,22,5,5,10,15,0.5,0.7000000000000001
124,9,CLF_UNION,16,17,47,43,56,22,5,5,10,15,0.5,0.7000000000000001
125,9,ORD-UNION,1,0,1,43,10,22,5,5,10,15,0.5,0.7000000000000001
126,9,CARD,27,5,33,43,47,22,5,5,10,15,0.5,0.7000000000000001
127,9,CLF_UNION,27,7,45,43,55,22,5,5,10,15,0.5,0.7000000000000001
128,9,ORD-UNION,1,0,1,43,11,22,5,5,10,15,0.5,0.7000000000000001
129,9,CARD,23,14,39,43,49,22,5,5,10,15,0.5,0.7000000000000001
130,9,CLF_UNION,25,15,54,43,56,22,5,5,10,15,0.5,0.7000000000000001
131,9,ORD-UNION,0,0,0,43,2,22,5,5,10,15,0.5,0.7000000000000001
132,9,CARD,28,10,40,43,49,22,5,5,10,15,0.5,0.7000000000000001
133,9,CLF_UNION,32,10,55,43,56,22,5,5,10,15,0.5,0.7000000000000001
134,9,ORD-UNION,1,0,1,43,2,22,5,5,10,15,0.5,0.7000000000000001
135,10,CARD,31,4,37,53,47,22,5,5,10,15,0.5,0.7000000000000001
136,10,CLF_UNION,25,11,49,53,55,22,5,5,10,15,0.5,0.7000000000000001
137,10,ORD-UNION,2,0,2,53,8,22,5,5,10,15,0.5,0.7000000000000001
138,10,CARD,38,0,40,53,47,22,5,5,10,15,0.5,0.7000000000000001
139,10,CLF_UNION,36,2,52,53,55,22,5,5,10,15,0.5,0.7000000000000001
140,10,ORD-UNION,1,0,1,53,4,22,5,5,10,15,0.5,0.7000000000000001
141,10,CARD,18,21,41,53,46,22,5,5,10,15,0.5,0.7000000000000001
142,10,CLF_UNION,27,14,53,53,56,22,5,5,10,15,0.5,0.7000000000000001
143,10,ORD-UNION,1,0,1,53,4,22,5,5,10,15,0.5,0.7000000000000001
144,10,CARD,25,8,34,53,47,22,5,5,10,15,0.5,0.7000000000000001
145,10,CLF_UNION,30,3,46,53,55,22,5,5,10,15,0.5,0.7000000000000001
146,10,ORD-UNION,0,0,0,53,9,22,5,5,10,15,0.5,0.7000000000000001
147,10,CARD,25,7,34,53,47,22,5,5,10,15,0.5,0.7000000000000001
148,10,CLF_UNION,32,2,47,53,56,22,5,5,10,15,0.5,0.7000000000000001
149,10,ORD-UNION,4,0,4,53,13,22,5,5,10,15,0.5,0.7000000000000001
150,11,CARD,22,10,34,64,47,22,5,5,10,15,0.5,0.7000000000000001
151,11,CLF_UNION,22,12,48,64,57,22,5,5,10,15,0.5,0.7000000000000001
152,11,ORD-UNION,1,0,1,64,10,22,5,5,10,15,0.5,0.7000000000000001
153,11,CARD,26,7,38,64,46,22,5,5,10,15,0.5,0.7000000000000001
154,11,CLF_UNION,31,2,49,64,55,22,5,5,10,15,0.5,0.7000000000000001
155,11,ORD-UNION,1,0,1,64,7,22,5,5,10,15,0.5,0.7000000000000001
156,11,CARD,21,16,41,64,46,22,5,5,10,15,0.5,0.7000000000000001
157,11,CLF_UNION,26,13,53,64,56,22,5,5,10,15,0.5,0.7000000000000001
158,11,ORD-UNION,0,0,0,64,3,22,5,5,10,15,0.5,0.7000000000000001
159,11,CARD,28,6,38,64,46,22,5,5,10,15,0.5,0.7000000000000001
160,11,CLF_UNION,32,3,49,64,55,22,5,5,10,15,0.5,0.7000000000000001
161,11,ORD-UNION,3,0,3,64,9,22,5,5,10,15,0.5,0.7000000000000001
162,11,CARD,15,16,34,64,47,22,5,5,10,15,0.5,0.7000000000000001
163,11,CLF_UNION,19,12,48,64,57,22,5,5,10,15,0.5,0.7000000000000001
164,11,ORD-UNION,0,0,0,64,9,22,5,5,10,15,0.5,0.7000000000000001
165,12,CARD,27,2,31,74,49,22,5,5,10,15,0.5,0.7000000000000001
166,12,CLF_UNION,30,2,45,74,55,22,5,5,10,15,0.5,0.7000000000000001
167,12,ORD-UNION,1,0,1,74,11,22,5,5,10,15,0.5,0.7000000000000001
168,12,CARD,20,9,31,74,54,22,5,5,10,15,0.5,0.7000000000000001
169,12,CLF_UNION,22,13,51,74,56,22,5,5,10,15,0.5,0.7000000000000001
170,12,ORD-UNION,0,0,0,74,5,22,5,5,10,15,0.5,0.7000000000000001
171,12,CARD,29,11,42,74,47,22,5,5,10,15,0.5,0.7000000000000001
172,12,CLF_UNION,30,12,54,74,55,22,5,5,10,15,0.5,0.7000000000000001
173,12,ORD-UNION,0,0,0,74,1,22,5,5,10,15,0.5,0.7000000000000001
174,12,CARD,24,6,32,74,48,22,5,5,10,15,0.5,0.7000000000000001
175,12,CLF_UNION,29,4,45,74,55,22,5,5,10,15,0.5,0.7000000000000001
176,12,ORD-UNION,0,0,0,74,10,22,5,5,10,15,0.5,0.7000000000000001
177,12,CARD,18,3,22,74,48,22,5,5,10,15,0.5,0.7000000000000001
178,12,CLF_UNION,22,1,35,74,55,22,5,5,10,15,0.5,0.7000000000000001
179,12,ORD-UNION,2,0,2,74,22,22,5,5,10,15,0.5,0.7000000000000001
180,13,CARD,12,23,39,85,49,22,5,5,10,15,0.5,0.7000000000000001
181,13,CLF_UNION,24,14,53,85,55,22,5,5,10,15,0.5,0.7000000000000001
182,13,ORD-UNION,1,0,1,85,3,22,5,5,10,15,0.5,0.7000000000000001
183,13,CARD,21,7,29,85,46,22,5,5,10,15,0.5,0.7000000000000001
184,13,CLF_UNION,28,1,40,85,55,22,5,5,10,15,0.5,0.7000000000000001
185,13,ORD-UNION,1,0,1,85,16,22,5,5,10,15,0.5,0.7000000000000001
186,13,CARD,21,7,30,85,48,22,5,5,10,15,0.5,0.7000000000000001
187,13,CLF_UNION,27,1,43,85,55,22,5,5,10,15,0.5,0.7000000000000001
188,13,ORD-UNION,4,0,4,85,16,22,5,5,10,15,0.5,0.7000000000000001
189,13,CARD,15,19,35,85,52,22,5,5,10,15,0.5,0.7000000000000001
190,13,CLF_UNION,31,7,52,85,55,22,5,5,10,15,0.5,0.7000000000000001
191,13,ORD-UNION,0,0,0,85,3,22,5,5,10,15,0.5,0.7000000000000001
192,13,CARD,11,6,21,85,51,22,5,5,10,15,0.5,0.7000000000000001
193,13,CLF_UNION,20,0,37,85,55,22,5,5,10,15,0.5,0.7000000000000001
194,13,ORD-UNION,0,0,0,85,18,22,5,5,10,15,0.5,0.7000000000000001
195,14,CARD,28,5,37,98,47,22,5,5,10,15,0.5,0.7000000000000001
196,14,CLF_UNION,30,5,49,98,55,22,5,5,10,15,0.5,0.7000000000000001
197,14,ORD-UNION,1,0,1,98,7,22,5,5,10,15,0.5,0.7000000000000001
198,14,CARD,25,3,29,98,49,22,5,5,10,15,0.5,0.7000000000000001
199,14,CLF_UNION,22,7,43,98,55,22,5,5,10,15,0.5,0.7000000000000001
200,14,ORD-UNION,0,0,0,98,12,22,5,5,10,15,0.5,0.7000000000000001
201,14,CARD,21,10,33,98,48,22,5,5,10,15,0.5,0.7000000000000001
202,14,CLF_UNION,19,14,46,98,55,22,5,5,10,15,0.5,0.7000000000000001
203,14,ORD-UNION,0,0,0,98,9,22,5,5,10,15,0.5,0.7000000000000001
204,14,CARD,28,1,29,98,47,22,5,5,10,15,0.5,0.7000000000000001
205,14,CLF_UNION,26,3,41,98,55,22,5,5,10,15,0.5,0.7000000000000001
206,14,ORD-UNION,4,0,4,98,18,22,5,5,10,15,0.5,0.7000000000000001
207,14,CARD,29,9,41,98,46,22,5,5,10,15,0.5,0.7000000000000001
208,14,CLF_UNION,27,12,55,98,58,22,5,5,10,15,0.5,0.7000000000000001
209,14,ORD-UNION,1,0,1,98,4,22,5,5,10,15,0.5,0.7000000000000001
210,15,CARD,23,4,29,113,49,22,5,5,10,15,0.5,0.7000000000000001
211,15,CLF_UNION,27,1,44,113,56,22,5,5,10,15,0.5,0.7000000000000001
212,15,ORD-UNION,5,0,5,113,17,22,5,5,10,15,0.5,0.7000000000000001
213,15,CARD,17,12,30,113,48,22,5,5,10,15,0.5,0.7000000000000001
214,15,CLF_UNION,15,14,44,113,56,22,5,5,10,15,0.5,0.7000000000000001
215,15,ORD-UNION,0,0,0,113,12,22,5,5,10,15,0.5,0.7000000000000001
216,15,CARD,27,4,34,113,46,22,5,5,10,15,0.5,0.7000000000000001
217,15,CLF_UNION,31,0,47,113,57,22,5,5,10,15,0.5,0.7000000000000001
218,15,ORD-UNION,3,0,3,113,13,22,5,5,10,15,0.5,0.7000000000000001
219,15,CARD,21,6,29,113,47,22,5,5,10,15,0.5,0.7000000000000001
220,15,CLF_UNION,26,5,43,113,57,22,5,5,10,15,0.5,0.7000000000000001
221,15,ORD-UNION,0,0,0,113,14,22,5,5,10,15,0.5,0.7000000000000001
222,15,CARD,28,1,30,113,45,22,5,5,10,15,0.5,0.7000000000000001
223,15,CLF_UNION,28,2,41,113,56,22,5,5,10,15,0.5,0.7000000000000001
224,15,ORD-UNION,0,0,0,113,15,22,5,5,10,15,0.5,0.7000000000000001
225,16,CARD,22,17,39,126,45,22,5,5,10,15,0.5,0.7000000000000001
226,16,CLF_UNION,29,11,50,126,56,22,5,5,10,15,0.5,0.7000000000000001
227,16,ORD-UNION,1,0,1,126,7,22,5,5,10,15,0.5,0.7000000000000001
228,16,CARD,19,11,30,126,45,22,5,5,10,15,0.5,0.7000000000000001
229,16,CLF_UNION,28,3,41,126,56,22,5,5,10,15,0.5,0.7000000000000001
230,16,ORD-UNION,0,0,0,126,15,22,5,5,10,15,0.5,0.7000000000000001
231,16,CARD,19,10,30,126,46,22,5,5,10,15,0.5,0.7000000000000001
232,16,CLF_UNION,19,10,41,126,55,22,5,5,10,15,0.5,0.7000000000000001
233,16,ORD-UNION,1,0,1,126,15,22,5,5,10,15,0.5,0.7000000000000001
234,16,CARD,18,12,36,126,47,22,5,5,10,15,0.5,0.7000000000000001
235,16,CLF_UNION,27,5,48,126,55,22,5,5,10,15,0.5,0.7000000000000001
236,16,ORD-UNION,1,0,1,126,8,22,5,5,10,15,0.5,0.7000000000000001
237,16,CARD,23,14,40,126,45,22,5,5,10,15,0.5,0.7000000000000001
238,16,CLF_UNION,24,13,50,126,55,22,5,5,10,15,0.5,0.7000000000000001
239,16,ORD-UNION,1,0,1,126,6,22,5,5,10,15,0.5,0.7000000000000001
240,17,CARD,28,4,34,143,46,22,5,5,10,15,0.5,0.7000000000000001
241,17,CLF_UNION,28,6,46,143,56,22,5,5,10,15,0.5,0.7000000000000001
242,17,ORD-UNION,1,0,1,143,11,22,5,5,10,15,0.5,0.7000000000000001
243,17,CARD,18,10,29,143,46,22,5,5,10,15,0.5,0.7000000000000001
244,17,CLF_UNION,19,10,40,143,55,22,5,5,10,15,0.5,0.7000000000000001
245,17,ORD-UNION,3,0,3,143,18,22,5,5,10,15,0.5,0.7000000000000001
246,17,CARD,27,12,41,143,46,22,5,5,10,15,0.5,0.7000000000000001
247,17,CLF_UNION,28,12,52,143,55,22,5,5,10,15,0.5,0.7000000000000001
248,17,ORD-UNION,1,0,1,143,4,22,5,5,10,15,0.5,0.7000000000000001
249,17,CARD,19,3,23,143,47,22,5,5,10,15,0.5,0.7000000000000001
250,17,CLF_UNION,23,0,36,143,56,22,5,5,10,15,0.5,0.7000000000000001
251,17,ORD-UNION,3,0,3,143,23,22,5,5,10,15,0.5,0.7000000000000001
252,17,CARD,18,11,30,143,46,22,5,5,10,15,0.5,0.7000000000000001
253,17,CLF_UNION,18,11,41,143,55,22,5,5,10,15,0.5,0.7000000000000001
254,17,ORD-UNION,0,0,0,143,14,22,5,5,10,15,0.5,0.7000000000000001
255,18,CARD,15,12,28,160,47,22,5,5,10,15,0.5,0.7000000000000001
256,18,CLF_UNION,17,11,40,160,55,22,5,5,10,15,0.5,0.7000000000000001
257,18,ORD-UNION,0,0,0,160,15,22,5,5,10,15,0.5,0.7000000000000001
258,18,CARD,20,1,24,160,46,22,5,5,10,15,0.5,0.7000000000000001
259,18,CLF_UNION,19,3,36,160,56,22,5,5,10,15,0.5,0.7000000000000001
260,18,ORD-UNION,2,0,2,160,22,22,5,5,10,15,0.5,0.7000000000000001
261,18,CARD,7,9,16,160,47,22,5,5,10,15,0.5,0.7000000000000001
262,18,CLF_UNION,8,9,28,160,55,22,5,5,10,15,0.5,0.7000000000000001
263,18,ORD-UNION,0,0,0,160,27,22,5,5,10,15,0.5,0.7000000000000001
264,18,CARD,27,2,29,160,47,22,5,5,10,15,0.5,0.7000000000000001
265,18,CLF_UNION,27,2,42,160,56,22,5,5,10,15,0.5,0.7000000000000001
266,18,ORD-UNION,3,0,3,160,17,22,5,5,10,15,0.5,0.7000000000000001
267,18,CARD,22,9,32,160,49,22,5,5,10,15,0.5,0.7000000000000001
268,18,CLF_UNION,20,14,46,160,55,22,5,5,10,15,0.5,0.7000000000000001
269,18,ORD-UNION,0,0,0,160,9,22,5,5,10,15,0.5,0.7000000000000001
270,19,CARD,18,12,31,178,45,22,5,5,10,15,0.5,0.7000000000000001
271,19,CLF_UNION,19,12,43,178,56,22,5,5,10,15,0.5,0.7000000000000001
272,19,ORD-UNION,0,0,0,178,14,22,5,5,10,15,0.5,0.7000000000000001
273,19,CARD,11,12,24,178,46,22,5,5,10,15,0.5,0.7000000000000001
274,19,CLF_UNION,14,10,36,178,55,22,5,5,10,15,0.5,0.7000000000000001
275,19,ORD-UNION,1,0,1,178,21,22,5,5,10,15,0.5,0.7000000000000001
276,19,CARD,27,1,30,178,48,22,5,5,10,15,0.5,0.7000000000000001
277,19,CLF_UNION,27,1,43,178,55,22,5,5,10,15,0.5,0.7000000000000001
278,19,ORD-UNION,0,0,0,178,12,22,5,5,10,15,0.5,0.7000000000000001
279,19,CARD,0,0,0,178,46,22,5,5,10,15,0.5,0.7000000000000001
280,19,CLF_UNION,0,0,11,178,55,22,5,5,10,15,0.5,0.7000000000000001
281,19,ORD-UNION,0,0,0,178,44,22,5,5,10,15,0.5,0.7000000000000001
282,19,CARD,19,13,35,178,46,22,5,5,10,15,0.5,0.7000000000000001
283,19,CLF_UNION,23,9,46,178,55,22,5,5,10,15,0.5,0.7000000000000001
284,19,ORD-UNION,3,0,3,178,12,22,5,5,10,15,0.5,0.7000000000000001
285,20,CARD,7,0,9,194,49,22,5,5,10,15,0.5,0.7000000000000001
286,20,CLF_UNION,9,0,23,194,55,22,5,5,10,15,0.5,0.7000000000000001
287,20,ORD-UNION,0,0,0,194,32,22,5,5,10,15,0.5,0.7000000000000001
288,20,CARD,19,4,23,194,48,22,5,5,10,15,0.5,0.7000000000000001
289,20,CLF_UNION,23,1,37,194,56,22,5,5,10,15,0.5,0.7000000000000001
290,20,ORD-UNION,0,0,0,194,19,22,5,5,10,15,0.5,0.7000000000000001
291,20,CARD,31,1,37,194,47,22,5,5,10,15,0.5,0.7000000000000001
292,20,CLF_UNION,32,1,49,194,55,22,5,5,10,15,0.5,0.7000000000000001
293,20,ORD-UNION,0,0,0,194,6,22,5,5,10,15,0.5,0.7000000000000001
294,20,CARD,8,9,19,194,46,22,5,5,10,15,0.5,0.7000000000000001
295,20,CLF_UNION,8,9,30,194,55,22,5,5,10,15,0.5,0.7000000000000001
296,20,ORD-UNION,0,0,0,194,25,22,5,5,10,15,0.5,0.7000000000000001
297,20,CARD,17,0,17,194,48,22,5,5,10,15,0.5,0.7000000000000001
298,20,CLF_UNION,16,1,30,194,55,22,5,5,10,15,0.5,0.7000000000000001
299,20,ORD-UNION,0,0,0,194,25,22,5,5,10,15,0.5,0.7000000000000001
300,21,CARD,14,3,19,215,45,22,5,5,10,15,0.5,0.7000000000000001
301,21,CLF_UNION,16,1,29,215,55,22,5,5,10,15,0.5,0.7000000000000001
302,21,ORD-UNION,0,0,0,215,26,22,5,5,10,15,0.5,0.7000000000000001
303,21,CARD,14,9,24,215,47,22,5,5,10,15,0.5,0.7000000000000001
304,21,CLF_UNION,12,11,36,215,55,22,5,5,10,15,0.5,0.7000000000000001
305,21,ORD-UNION,0,0,0,215,19,22,5,5,10,15,0.5,0.7000000000000001
306,21,CARD,13,10,24,215,45,22,5,5,10,15,0.5,0.7000000000000001
307,21,CLF_UNION,13,11,35,215,56,22,5,5,10,15,0.5,0.7000000000000001
308,21,ORD-UNION,6,0,6,215,27,22,5,5,10,15,0.5,0.7000000000000001
309,21,CARD,21,6,30,215,46,22,5,5,10,15,0.5,0.7000000000000001
310,21,CLF_UNION,25,3,41,215,55,22,5,5,10,15,0.5,0.7000000000000001
311,21,ORD-UNION,4,0,4,215,18,22,5,5,10,15,0.5,0.7000000000000001
312,21,CARD,23,0,24,215,45,22,5,5,10,15,0.5,0.7000000000000001
313,21,CLF_UNION,21,2,34,215,55,22,5,5,10,15,0.5,0.7000000000000001
314,21,ORD-UNION,0,0,0,215,21,22,5,5,10,15,0.5,0.7000000000000001
315,22,CARD,7,1,9,235,49,22,5,5,10,15,0.5,0.7000000000000001
316,22,CLF_UNION,6,3,23,235,55,22,5,5,10,15,0.5,0.7000000000000001
317,22,ORD-UNION,0,0,0,235,32,22,5,5,10,15,0.5,0.7000000000000001
318,22,CARD,8,9,20,235,46,22,5,5,10,15,0.5,0.7000000000000001
319,22,CLF_UNION,8,9,31,235,55,22,5,5,10,15,0.5,0.7000000000000001
320,22,ORD-UNION,0,0,0,235,24,22,5,5,10,15,0.5,0.7000000000000001
321,22,CARD,22,1,23,235,46,22,5,5,10,15,0.5,0.7000000000000001
322,22,CLF_UNION,21,2,34,235,55,22,5,5,10,15,0.5,0.7000000000000001
323,22,ORD-UNION,4,0,4,235,25,22,5,5,10,15,0.5,0.7000000000000001
324,22,CARD,16,1,18,235,46,22,5,5,10,15,0.5,0.7000000000000001
325,22,CLF_UNION,15,2,29,235,55,22,5,5,10,15,0.5,0.7000000000000001
326,22,ORD-UNION,4,0,4,235,30,22,5,5,10,15,0.5,0.7000000000000001
327,22,CARD,14,9,24,235,45,22,5,5,10,15,0.5,0.7000000000000001
328,22,CLF_UNION,14,9,34,235,55,22,5,5,10,15,0.5,0.7000000000000001
329,22,ORD-UNION,5,0,5,235,26,22,5,5,10,15,0.5,0.7000000000000001
330,23,CARD,0,0,0,256,47,22,5,5,10,15,0.5,0.7000000000000001
331,23,CLF_UNION,0,1,14,256,56,22,5,5,10,15,0.5,0.7000000000000001
332,23,ORD-UNION,0,0,0,256,43,22,5,5,10,15,0.5,0.7000000000000001
333,23,CARD,27,1,31,256,48,22,5,5,10,15,0.5,0.7000000000000001
334,23,CLF_UNION,27,1,45,256,56,22,5,5,10,15,0.5,0.7000000000000001
335,23,ORD-UNION,1,0,1,256,12,22,5,5,10,15,0.5,0.7000000000000001
336,23,CARD,15,9,24,256,46,22,5,5,10,15,0.5,0.7000000000000001
337,23,CLF_UNION,15,9,35,256,55,22,5,5,10,15,0.5,0.7000000000000001
338,23,ORD-UNION,0,0,0,256,20,22,5,5,10,15,0.5,0.7000000000000001
339,23,CARD,22,1,24,256,46,22,5,5,10,15,0.5,0.7000000000000001
340,23,CLF_UNION,21,2,35,256,55,22,5,5,10,15,0.5,0.7000000000000001
341,23,ORD-UNION,0,0,0,256,20,22,5,5,10,15,0.5,0.7000000000000001
342,23,CARD,26,2,29,256,46,22,5,5,10,15,0.5,0.7000000000000001
343,23,CLF_UNION,28,0,40,256,55,22,5,5,10,15,0.5,0.7000000000000001
344,23,ORD-UNION,2,0,2,256,17,22,5,5,10,15,0.5,0.7000000000000001
345,24,CARD,13,10,25,277,45,22,5,5,10,15,0.5,0.7000000000000001
346,24,CLF_UNION,14,9,36,277,56,22,5,5,10,15,0.5,0.7000000000000001
347,24,ORD-UNION,0,1,1,277,21,22,5,5,10,15,0.5,0.7000000000000001
348,24,CARD,0,9,12,277,46,22,5,5,10,15,0.5,0.7000000000000001
349,24,CLF_UNION,0,9,23,277,55,22,5,5,10,15,0.5,0.7000000000000001
350,24,ORD-UNION,0,0,0,277,32,22,5,5,10,15,0.5,0.7000000000000001
351,24,CARD,14,1,19,277,45,22,5,5,10,15,0.5,0.7000000000000001
352,24,CLF_UNION,15,0,30,277,56,22,5,5,10,15,0.5,0.7000000000000001
353,24,ORD-UNION,0,0,0,277,26,22,5,5,10,15,0.5,0.7000000000000001
354,24,CARD,0,0,2,277,47,22,5,5,10,15,0.5,0.7000000000000001
355,24,CLF_UNION,0,0,17,277,58,22,5,5,10,15,0.5,0.7000000000000001
356,24,ORD-UNION,0,0,0,277,41,22,5,5,10,15,0.5,0.7000000000000001
357,24,CARD,16,1,18,277,45,22,5,5,10,15,0.5,0.7000000000000001
358,24,CLF_UNION,16,1,28,277,55,22,5,5,10,15,0.5,0.7000000000000001
359,24,ORD-UNION,0,0,0,277,27,22,5,5,10,15,0.5,0.7000000000000001
360,2,CARD,3,19,27,2,63,22,5,5,10,15,0.5,0.7000000000000001
361,2,CLF_UNION,16,28,62,2,62,22,5,5,10,15,0.5,0.7000000000000001
362,2,ORD-UNION,0,0,0,2,0,22,5,5,10,15,0.5,0.7000000000000001
363,2,CARD,16,15,31,2,59,22,5,5,10,15,0.5,0.7000000000000001
364,2,CLF_UNION,23,25,59,2,59,22,5,5,10,15,0.5,0.7000000000000001
365,2,ORD-UNION,0,0,0,2,0,22,5,5,10,15,0.5,0.7000000000000001
366,2,CARD,11,20,31,2,59,22,5,5,10,15,0.5,0.7000000000000001
367,2,CLF_UNION,18,32,62,2,62,22,5,5,10,15,0.5,0.7000000000000001
368,2,ORD-UNION,0,0,0,2,0,22,5,5,10,15,0.5,0.7000000000000001
369,2,CARD,10,18,32,2,58,22,5,5,10,15,0.5,0.7000000000000001
370,2,CLF_UNION,17,25,57,2,57,22,5,5,10,15,0.5,0.7000000000000001
371,2,ORD-UNION,0,0,0,2,0,22,5,5,10,15,0.5,0.7000000000000001
372,2,CARD,14,13,31,2,59,22,5,5,10,15,0.5,0.7000000000000001
373,2,CLF_UNION,22,28,65,2,65,22,5,5,10,15,0.5,0.7000000000000001
374,2,ORD-UNION,0,0,0,2,0,22,5,5,10,15,0.5,0.7000000000000001
375,3,CARD,7,15,29,4,61,22,5,5,10,15,0.5,0.7000000000000001
376,3,CLF_UNION,11,27,56,4,56,22,5,5,10,15,0.5,0.7000000000000001
377,3,ORD-UNION,0,0,0,4,0,22,5,5,10,15,0.5,0.7000000000000001
378,3,CARD,19,15,35,4,55,22,5,5,10,15,0.5,0.7000000000000001
379,3,CLF_UNION,17,26,55,4,55,22,5,5,10,15,0.5,0.7000000000000001
380,3,ORD-UNION,0,0,0,4,0,22,5,5,10,15,0.5,0.7000000000000001
381,3,CARD,17,17,36,4,54,22,5,5,10,15,0.5,0.7000000000000001
382,3,CLF_UNION,18,25,56,4,56,22,5,5,10,15,0.5,0.7000000000000001
383,3,ORD-UNION,0,0,0,4,0,22,5,5,10,15,0.5,0.7000000000000001
384,3,CARD,17,17,37,4,53,22,5,5,10,15,0.5,0.7000000000000001
385,3,CLF_UNION,21,21,55,4,55,22,5,5,10,15,0.5,0.7000000000000001
386,3,ORD-UNION,0,0,0,4,0,22,5,5,10,15,0.5,0.7000000000000001
387,3,CARD,17,16,34,4,54,22,5,5,10,15,0.5,0.7000000000000001
388,3,CLF_UNION,14,27,53,4,55,22,5,5,10,15,0.5,0.7000000000000001
389,3,ORD-UNION,0,0,0,4,2,22,5,5,10,15,0.5,0.7000000000000001
390,4,CARD,25,13,40,8,50,22,5,5,10,15,0.5,0.7000000000000001
391,4,CLF_UNION,24,19,55,8,55,22,5,5,10,15,0.5,0.7000000000000001
392,4,ORD-UNION,0,0,0,8,0,22,5,5,10,15,0.5,0.7000000000000001
393,4,CARD,15,24,41,8,49,22,5,5,10,15,0.5,0.7000000000000001
394,4,CLF_UNION,18,25,55,8,55,22,5,5,10,15,0.5,0.7000000000000001
395,4,ORD-UNION,0,0,0,8,0,22,5,5,10,15,0.5,0.7000000000000001
396,4,CARD,10,22,40,8,50,22,5,5,10,15,0.5,0.7000000000000001
397,4,CLF_UNION,11,25,55,8,55,22,5,5,10,15,0.5,0.7000000000000001
398,4,ORD-UNION,0,0,0,8,0,22,5,5,10,15,0.5,0.7000000000000001
399,4,CARD,12,30,43,8,47,22,5,5,10,15,0.5,0.7000000000000001
400,4,CLF_UNION,12,31,55,8,55,22,5,5,10,15,0.5,0.7000000000000001
401,4,ORD-UNION,0,0,0,8,0,22,5,5,10,15,0.5,0.7000000000000001
402,4,CARD,12,27,43,8,47,22,5,5,10,15,0.5,0.7000000000000001
403,4,CLF_UNION,13,28,55,8,55,22,5,5,10,15,0.5,0.7000000000000001
404,4,ORD-UNION,0,0,0,8,0,22,5,5,10,15,0.5,0.7000000000000001
405,5,CARD,22,16,43,13,46,22,5,5,10,15,0.5,0.7000000000000001
406,5,CLF_UNION,16,23,54,13,55,22,5,5,10,15,0.5,0.7000000000000001
407,5,ORD-UNION,0,0,0,13,1,22,5,5,10,15,0.5,0.7000000000000001
408,5,CARD,22,20,45,13,45,22,5,5,10,15,0.5,0.7000000000000001
409,5,CLF_UNION,22,20,55,13,55,22,5,5,10,15,0.5,0.7000000000000001
410,5,ORD-UNION,0,0,0,13,0,22,5,5,10,15,0.5,0.7000000000000001
411,5,CARD,20,19,44,13,46,22,5,5,10,15,0.5,0.7000000000000001
412,5,CLF_UNION,23,17,55,13,55,22,5,5,10,15,0.5,0.7000000000000001
413,5,ORD-UNION,0,0,0,13,0,22,5,5,10,15,0.5,0.7000000000000001
414,5,CARD,23,18,44,13,45,22,5,5,10,15,0.5,0.7000000000000001
415,5,CLF_UNION,23,18,54,13,55,22,5,5,10,15,0.5,0.7000000000000001
416,5,ORD-UNION,0,0,0,13,1,22,5,5,10,15,0.5,0.7000000000000001
417,5,CARD,19,18,43,13,47,22,5,5,10,15,0.5,0.7000000000000001
418,5,CLF_UNION,18,21,55,13,55,22,5,5,10,15,0.5,0.7000000000000001
419,5,ORD-UNION,1,0,1,13,1,22,5,5,10,15,0.5,0.7000000000000001
420,6,CARD,28,11,41,18,46,22,5,5,10,15,0.5,0.7000000000000001
421,6,CLF_UNION,29,11,52,18,55,22,5,5,10,15,0.5,0.7000000000000001
422,6,ORD-UNION,1,0,1,18,4,22,5,5,10,15,0.5,0.7000000000000001
423,6,CARD,10,27,43,18,47,22,5,5,10,15,0.5,0.7000000000000001
424,6,CLF_UNION,12,28,56,18,56,22,5,5,10,15,0.5,0.7000000000000001
425,6,ORD-UNION,0,0,0,18,0,22,5,5,10,15,0.5,0.7000000000000001
426,6,CARD,23,17,41,18,47,22,5,5,10,15,0.5,0.7000000000000001
427,6,CLF_UNION,23,18,53,18,55,22,5,5,10,15,0.5,0.7000000000000001
428,6,ORD-UNION,1,0,1,18,3,22,5,5,10,15,0.5,0.7000000000000001
429,6,CARD,19,20,42,18,47,22,5,5,10,15,0.5,0.7000000000000001
430,6,CLF_UNION,23,18,54,18,55,22,5,5,10,15,0.5,0.7000000000000001
431,6,ORD-UNION,1,0,1,18,2,22,5,5,10,15,0.5,0.7000000000000001
432,6,CARD,22,17,40,18,50,22,5,5,10,15,0.5,0.7000000000000001
433,6,CLF_UNION,25,19,55,18,55,22,5,5,10,15,0.5,0.7000000000000001
434,6,ORD-UNION,1,0,1,18,1,22,5,5,10,15,0.5,0.7000000000000001
435,7,CARD,26,14,44,25,46,22,5,5,10,15,0.5,0.7000000000000001
436,7,CLF_UNION,30,11,55,25,55,22,5,5,10,15,0.5,0.7000000000000001
437,7,ORD-UNION,1,0,1,25,1,22,5,5,10,15,0.5,0.7000000000000001
438,7,CARD,22,15,41,25,46,22,5,5,10,15,0.5,0.7000000000000001
439,7,CLF_UNION,18,20,52,25,55,22,5,5,10,15,0.5,0.7000000000000001
440,7,ORD-UNION,0,0,0,25,3,22,5,5,10,15,0.5,0.7000000000000001
441,7,CARD,21,15,38,25,49,22,5,5,10,15,0.5,0.7000000000000001
442,7,CLF_UNION,20,20,52,25,55,22,5,5,10,15,0.5,0.7000000000000001
443,7,ORD-UNION,1,0,1,25,4,22,5,5,10,15,0.5,0.7000000000000001
444,7,CARD,22,21,45,25,45,22,5,5,10,15,0.5,0.7000000000000001
445,7,CLF_UNION,25,18,55,25,55,22,5,5,10,15,0.5,0.7000000000000001
446,7,ORD-UNION,1,0,1,25,1,22,5,5,10,15,0.5,0.7000000000000001
447,7,CARD,24,13,42,25,47,22,5,5,10,15,0.5,0.7000000000000001
448,7,CLF_UNION,23,16,54,25,55,22,5,5,10,15,0.5,0.7000000000000001
449,7,ORD-UNION,0,0,0,25,1,22,5,5,10,15,0.5,0.7000000000000001
450,8,CARD,25,15,43,33,46,22,5,5,10,15,0.5,0.7000000000000001
451,8,CLF_UNION,25,16,54,33,55,22,5,5,10,15,0.5,0.7000000000000001
452,8,ORD-UNION,0,0,0,33,1,22,5,5,10,15,0.5,0.7000000000000001
453,8,CARD,21,16,43,33,46,22,5,5,10,15,0.5,0.7000000000000001
454,8,CLF_UNION,17,21,54,33,55,22,5,5,10,15,0.5,0.7000000000000001
455,8,ORD-UNION,1,0,1,33,2,22,5,5,10,15,0.5,0.7000000000000001
456,8,CARD,24,15,44,33,45,22,5,5,10,15,0.5,0.7000000000000001
457,8,CLF_UNION,22,18,55,33,56,22,5,5,10,15,0.5,0.7000000000000001
458,8,ORD-UNION,1,0,1,33,2,22,5,5,10,15,0.5,0.7000000000000001
459,8,CARD,18,23,43,33,46,22,5,5,10,15,0.5,0.7000000000000001
460,8,CLF_UNION,18,24,54,33,55,22,5,5,10,15,0.5,0.7000000000000001
461,8,ORD-UNION,0,0,0,33,1,22,5,5,10,15,0.5,0.7000000000000001
462,8,CARD,21,18,43,33,46,22,5,5,10,15,0.5,0.7000000000000001
463,8,CLF_UNION,16,24,54,33,55,22,5,5,10,15,0.5,0.7000000000000001
464,8,ORD-UNION,0,0,0,33,1,22,5,5,10,15,0.5,0.7000000000000001
465,9,CARD,19,19,41,40,47,22,5,5,10,15,0.5,0.7000000000000001
466,9,CLF_UNION,18,21,53,40,55,22,5,5,10,15,0.5,0.7000000000000001
467,9,ORD-UNION,0,0,0,40,2,22,5,5,10,15,0.5,0.7000000000000001
468,9,CARD,18,14,38,40,46,22,5,5,10,15,0.5,0.7000000000000001
469,9,CLF_UNION,20,13,49,40,55,22,5,5,10,15,0.5,0.7000000000000001
470,9,ORD-UNION,0,0,0,40,6,22,5,5,10,15,0.5,0.7000000000000001
471,9,CARD,19,14,38,40,50,22,5,5,10,15,0.5,0.7000000000000001
472,9,CLF_UNION,21,16,53,40,55,22,5,5,10,15,0.5,0.7000000000000001
473,9,ORD-UNION,2,0,2,40,4,22,5,5,10,15,0.5,0.7000000000000001
474,9,CARD,13,19,38,40,49,22,5,5,10,15,0.5,0.7000000000000001
475,9,CLF_UNION,11,22,52,40,55,22,5,5,10,15,0.5,0.7000000000000001
476,9,ORD-UNION,0,0,0,40,3,22,5,5,10,15,0.5,0.7000000000000001
477,9,CARD,21,18,40,40,49,22,5,5,10,15,0.5,0.7000000000000001
478,9,CLF_UNION,25,18,54,40,55,22,5,5,10,15,0.5,0.7000000000000001
479,9,ORD-UNION,1,0,1,40,2,22,5,5,10,15,0.5,0.7000000000000001
480,10,CARD,21,20,44,50,45,22,5,5,10,15,0.5,0.7000000000000001
481,10,CLF_UNION,21,20,54,50,55,22,5,5,10,15,0.5,0.7000000000000001
482,10,ORD-UNION,0,0,0,50,1,22,5,5,10,15,0.5,0.7000000000000001
483,10,CARD,11,17,30,50,45,22,5,5,10,15,0.5,0.7000000000000001
484,10,CLF_UNION,15,14,41,50,56,22,5,5,10,15,0.5,0.7000000000000001
485,10,ORD-UNION,0,0,0,50,15,22,5,5,10,15,0.5,0.7000000000000001
486,10,CARD,20,14,38,50,46,22,5,5,10,15,0.5,0.7000000000000001
487,10,CLF_UNION,28,7,49,50,55,22,5,5,10,15,0.5,0.7000000000000001
488,10,ORD-UNION,2,0,2,50,8,22,5,5,10,15,0.5,0.7000000000000001
489,10,CARD,14,26,44,50,45,22,5,5,10,15,0.5,0.7000000000000001
490,10,CLF_UNION,22,18,54,50,55,22,5,5,10,15,0.5,0.7000000000000001
491,10,ORD-UNION,0,0,0,50,1,22,5,5,10,15,0.5,0.7000000000000001
492,10,CARD,13,23,39,50,45,22,5,5,10,15,0.5,0.7000000000000001
493,10,CLF_UNION,7,29,49,50,55,22,5,5,10,15,0.5,0.7000000000000001
494,10,ORD-UNION,0,0,0,50,6,22,5,5,10,15,0.5,0.7000000000000001
495,11,CARD,15,17,33,61,47,22,5,5,10,15,0.5,0.7000000000000001
496,11,CLF_UNION,22,12,45,61,55,22,5,5,10,15,0.5,0.7000000000000001
497,11,ORD-UNION,0,0,0,61,10,22,5,5,10,15,0.5,0.7000000000000001
498,11,CARD,11,24,39,61,48,22,5,5,10,15,0.5,0.7000000000000001
499,11,CLF_UNION,19,19,52,61,55,22,5,5,10,15,0.5,0.7000000000000001
500,11,ORD-UNION,0,0,0,61,3,22,5,5,10,15,0.5,0.7000000000000001
501,11,CARD,12,22,38,61,47,22,5,5,10,15,0.5,0.7000000000000001
502,11,CLF_UNION,19,16,50,61,55,22,5,5,10,15,0.5,0.7000000000000001
503,11,ORD-UNION,0,0,0,61,5,22,5,5,10,15,0.5,0.7000000000000001
504,11,CARD,15,18,38,61,46,22,5,5,10,15,0.5,0.7000000000000001
505,11,CLF_UNION,22,13,50,61,56,22,5,5,10,15,0.5,0.7000000000000001
506,11,ORD-UNION,0,0,0,61,6,22,5,5,10,15,0.5,0.7000000000000001
507,11,CARD,23,12,36,61,49,22,5,5,10,15,0.5,0.7000000000000001
508,11,CLF_UNION,29,9,50,61,55,22,5,5,10,15,0.5,0.7000000000000001
509,11,ORD-UNION,2,1,3,61,8,22,5,5,10,15,0.5,0.7000000000000001
510,12,CARD,12,13,29,72,46,22,5,5,10,15,0.5,0.7000000000000001
511,12,CLF_UNION,12,15,41,72,55,22,5,5,10,15,0.5,0.7000000000000001
512,12,ORD-UNION,0,0,0,72,15,22,5,5,10,15,0.5,0.7000000000000001
513,12,CARD,22,13,38,72,47,22,5,5,10,15,0.5,0.7000000000000001
514,12,CLF_UNION,19,17,51,72,56,22,5,5,10,15,0.5,0.7000000000000001
515,12,ORD-UNION,2,1,3,72,8,22,5,5,10,15,0.5,0.7000000000000001
516,12,CARD,16,15,35,72,45,22,5,5,10,15,0.5,0.7000000000000001
517,12,CLF_UNION,21,11,46,72,55,22,5,5,10,15,0.5,0.7000000000000001
518,12,ORD-UNION,0,0,0,72,10,22,5,5,10,15,0.5,0.7000000000000001
519,12,CARD,16,16,34,72,47,22,5,5,10,15,0.5,0.7000000000000001
520,12,CLF_UNION,21,13,48,72,56,22,5,5,10,15,0.5,0.7000000000000001
521,12,ORD-UNION,0,0,0,72,9,22,5,5,10,15,0.5,0.7000000000000001
522,12,CARD,20,14,35,72,46,22,5,5,10,15,0.5,0.7000000000000001
523,12,CLF_UNION,27,7,47,72,56,22,5,5,10,15,0.5,0.7000000000000001
524,12,ORD-UNION,5,0,5,72,14,22,5,5,10,15,0.5,0.7000000000000001
525,13,CARD,19,12,35,85,45,22,5,5,10,15,0.5,0.7000000000000001
526,13,CLF_UNION,23,9,46,85,56,22,5,5,10,15,0.5,0.7000000000000001
527,13,ORD-UNION,2,2,5,85,15,22,5,5,10,15,0.5,0.7000000000000001
528,13,CARD,19,7,27,85,48,22,5,5,10,15,0.5,0.7000000000000001
529,13,CLF_UNION,17,13,41,85,56,22,5,5,10,15,0.5,0.7000000000000001
530,13,ORD-UNION,2,3,5,85,20,22,5,5,10,15,0.5,0.7000000000000001
531,13,CARD,12,21,37,85,47,22,5,5,10,15,0.5,0.7000000000000001
532,13,CLF_UNION,18,18,50,85,56,22,5,5,10,15,0.5,0.7000000000000001
533,13,ORD-UNION,1,2,4,85,10,22,5,5,10,15,0.5,0.7000000000000001
534,13,CARD,25,13,40,85,49,22,5,5,10,15,0.5,0.7000000000000001
535,13,CLF_UNION,20,23,55,85,56,22,5,5,10,15,0.5,0.7000000000000001
536,13,ORD-UNION,0,1,2,85,3,22,5,5,10,15,0.5,0.7000000000000001
537,13,CARD,11,18,33,85,48,22,5,5,10,15,0.5,0.7000000000000001
538,13,CLF_UNION,23,10,48,85,56,22,5,5,10,15,0.5,0.7000000000000001
539,13,ORD-UNION,0,0,0,85,9,22,5,5,10,15,0.5,0.7000000000000001
540,14,CARD,16,16,34,96,46,22,5,5,10,15,0.5,0.7000000000000001
541,14,CLF_UNION,23,11,46,96,55,22,5,5,10,15,0.5,0.7000000000000001
542,14,ORD-UNION,0,0,0,96,10,22,5,5,10,15,0.5,0.7000000000000001
543,14,CARD,25,11,39,96,45,22,5,5,10,15,0.5,0.7000000000000001
544,14,CLF_UNION,27,9,50,96,56,22,5,5,10,15,0.5,0.7000000000000001
545,14,ORD-UNION,3,0,3,96,9,22,5,5,10,15,0.5,0.7000000000000001
546,14,CARD,17,13,32,96,48,22,5,5,10,15,0.5,0.7000000000000001
547,14,CLF_UNION,23,11,46,96,55,22,5,5,10,15,0.5,0.7000000000000001
548,14,ORD-UNION,0,0,0,96,10,22,5,5,10,15,0.5,0.7000000000000001
549,14,CARD,14,19,35,96,46,22,5,5,10,15,0.5,0.7000000000000001
550,14,CLF_UNION,19,15,47,96,56,22,5,5,10,15,0.5,0.7000000000000001
551,14,ORD-UNION,6,4,10,96,19,22,5,5,10,15,0.5,0.7000000000000001
552,14,CARD,14,19,35,96,45,22,5,5,10,15,0.5,0.7000000000000001
553,14,CLF_UNION,20,15,47,96,56,22,5,5,10,15,0.5,0.7000000000000001
554,14,ORD-UNION,2,3,5,96,15,22,5,5,10,15,0.5,0.7000000000000001
555,15,CARD,11,11,24,110,46,22,5,5,10,15,0.5,0.7000000000000001
556,15,CLF_UNION,14,8,35,110,55,22,5,5,10,15,0.5,0.7000000000000001
557,15,ORD-UNION,0,0,0,110,20,22,5,5,10,15,0.5,0.7000000000000001
558,15,CARD,15,13,31,110,45,22,5,5,10,15,0.5,0.7000000000000001
559,15,CLF_UNION,13,15,41,110,55,22,5,5,10,15,0.5,0.7000000000000001
560,15,ORD-UNION,5,0,5,110,19,22,5,5,10,15,0.5,0.7000000000000001
561,15,CARD,9,18,31,110,46,22,5,5,10,15,0.5,0.7000000000000001
562,15,CLF_UNION,14,13,43,110,56,22,5,5,10,15,0.5,0.7000000000000001
563,15,ORD-UNION,7,4,12,110,25,22,5,5,10,15,0.5,0.7000000000000001
564,15,CARD,12,13,29,110,46,22,5,5,10,15,0.5,0.7000000000000001
565,15,CLF_UNION,12,14,40,110,55,22,5,5,10,15,0.5,0.7000000000000001
566,15,ORD-UNION,2,3,6,110,21,22,5,5,10,15,0.5,0.7000000000000001
567,15,CARD,16,21,39,110,45,22,5,5,10,15,0.5,0.7000000000000001
568,15,CLF_UNION,25,12,49,110,55,22,5,5,10,15,0.5,0.7000000000000001
569,15,ORD-UNION,0,0,0,110,6,22,5,5,10,15,0.5,0.7000000000000001
570,16,CARD,9,17,30,126,45,22,5,5,10,15,0.5,0.7000000000000001
571,16,CLF_UNION,18,9,41,126,56,22,5,5,10,15,0.5,0.7000000000000001
572,16,ORD-UNION,7,3,12,126,27,22,5,5,10,15,0.5,0.7000000000000001
573,16,CARD,9,25,38,126,46,22,5,5,10,15,0.5,0.7000000000000001
574,16,CLF_UNION,21,15,50,126,56,22,5,5,10,15,0.5,0.7000000000000001
575,16,ORD-UNION,1,2,4,126,10,22,5,5,10,15,0.5,0.7000000000000001
576,16,CARD,16,22,39,126,45,22,5,5,10,15,0.5,0.7000000000000001
577,16,CLF_UNION,27,12,50,126,56,22,5,5,10,15,0.5,0.7000000000000001
578,16,ORD-UNION,0,0,0,126,6,22,5,5,10,15,0.5,0.7000000000000001
579,16,CARD,5,22,30,126,45,22,5,5,10,15,0.5,0.7000000000000001
580,16,CLF_UNION,11,17,41,126,56,22,5,5,10,15,0.5,0.7000000000000001
581,16,ORD-UNION,0,0,0,126,15,22,5,5,10,15,0.5,0.7000000000000001
582,16,CARD,10,18,30,126,45,22,5,5,10,15,0.5,0.7000000000000001
583,16,CLF_UNION,16,14,42,126,56,22,5,5,10,15,0.5,0.7000000000000001
584,16,ORD-UNION,2,2,5,126,20,22,5,5,10,15,0.5,0.7000000000000001
585,17,CARD,15,17,36,142,45,22,5,5,10,15,0.5,0.7000000000000001
586,17,CLF_UNION,18,14,47,142,56,22,5,5,10,15,0.5,0.7000000000000001
587,17,ORD-UNION,6,4,10,142,19,22,5,5,10,15,0.5,0.7000000000000001
588,17,CARD,14,24,39,142,45,22,5,5,10,15,0.5,0.7000000000000001
589,17,CLF_UNION,19,19,49,142,55,22,5,5,10,15,0.5,0.7000000000000001
590,17,ORD-UNION,1,2,4,142,10,22,5,5,10,15,0.5,0.7000000000000001
591,17,CARD,12,17,30,142,46,22,5,5,10,15,0.5,0.7000000000000001
592,17,CLF_UNION,15,14,41,142,55,22,5,5,10,15,0.5,0.7000000000000001
593,17,ORD-UNION,0,0,0,142,14,22,5,5,10,15,0.5,0.7000000000000001
594,17,CARD,9,8,17,142,48,22,5,5,10,15,0.5,0.7000000000000001
595,17,CLF_UNION,13,4,31,142,56,22,5,5,10,15,0.5,0.7000000000000001
596,17,ORD-UNION,0,0,0,142,25,22,5,5,10,15,0.5,0.7000000000000001
597,17,CARD,17,18,39,142,46,22,5,5,10,15,0.5,0.7000000000000001
598,17,CLF_UNION,18,17,51,142,56,22,5,5,10,15,0.5,0.7000000000000001
599,17,ORD-UNION,0,1,1,142,6,22,5,5,10,15,0.5,0.7000000000000001
600,18,CARD,15,7,24,160,46,22,5,5,10,15,0.5,0.7000000000000001
601,18,CLF_UNION,15,9,37,160,57,22,5,5,10,15,0.5,0.7000000000000001
602,18,ORD-UNION,0,0,0,160,20,22,5,5,10,15,0.5,0.7000000000000001
603,18,CARD,9,7,17,160,47,22,5,5,10,15,0.5,0.7000000000000001
604,18,CLF_UNION,9,9,31,160,57,22,5,5,10,15,0.5,0.7000000000000001
605,18,ORD-UNION,0,0,0,160,26,22,5,5,10,15,0.5,0.7000000000000001
606,18,CARD,9,14,24,160,46,22,5,5,10,15,0.5,0.7000000000000001
607,18,CLF_UNION,10,15,37,160,55,22,5,5,10,15,0.5,0.7000000000000001
608,18,ORD-UNION,0,3,4,160,24,22,5,5,10,15,0.5,0.7000000000000001
609,18,CARD,12,11,24,160,46,22,5,5,10,15,0.5,0.7000000000000001
610,18,CLF_UNION,17,9,38,160,58,22,5,5,10,15,0.5,0.7000000000000001
611,18,ORD-UNION,0,0,0,160,20,22,5,5,10,15,0.5,0.7000000000000001
612,18,CARD,18,9,30,160,46,22,5,5,10,15,0.5,0.7000000000000001
613,18,CLF_UNION,18,10,42,160,55,22,5,5,10,15,0.5,0.7000000000000001
614,18,ORD-UNION,3,4,7,160,21,22,5,5,10,15,0.5,0.7000000000000001
