,budget,model,correct,wrong,total,n_pref_input,n_pref_output,theta_size,theta_additivity,n_items,n_test_subsets,n_tiers,alpha,p
0,1,CARD,10,11,25,1,65,15,3,5,10,18,0.30000000000000004,0.30000000000000004
1,1,CLF_UNION,36,11,64,1,64,15,3,5,10,18,0.30000000000000004,0.30000000000000004
2,1,ORD-UNION,0,0,0,1,0,15,3,5,10,18,0.30000000000000004,0.30000000000000004
3,1,CARD,12,10,25,1,65,15,3,5,10,18,0.30000000000000004,0.30000000000000004
4,1,CLF_UNION,35,12,62,1,62,15,3,5,10,18,0.30000000000000004,0.30000000000000004
5,1,ORD-UNION,0,0,0,1,0,15,3,5,10,18,0.30000000000000004,0.30000000000000004
6,1,CARD,11,8,21,1,69,15,3,5,10,18,0.30000000000000004,0.30000000000000004
7,1,CLF_UNION,38,22,77,1,77,15,3,5,10,18,0.30000000000000004,0.30000000000000004
8,1,ORD-UNION,0,0,0,1,0,15,3,5,10,18,0.30000000000000004,0.30000000000000004
9,1,CARD,3,17,21,1,69,15,3,5,10,18,0.30000000000000004,0.30000000000000004
10,1,CLF_UNION,34,19,65,1,65,15,3,5,10,18,0.30000000000000004,0.30000000000000004
11,1,ORD-UNION,0,0,0,1,0,15,3,5,10,18,0.30000000000000004,0.30000000000000004
12,1,CARD,19,3,25,1,65,15,3,5,10,18,0.30000000000000004,0.30000000000000004
13,1,CLF_UNION,36,12,66,1,66,15,3,5,10,18,0.30000000000000004,0.30000000000000004
14,1,ORD-UNION,0,0,0,1,0,15,3,5,10,18,0.30000000000000004,0.30000000000000004
15,2,CARD,25,9,36,3,54,15,3,5,10,18,0.30000000000000004,0.30000000000000004
16,2,CLF_UNION,34,13,60,3,60,15,3,5,10,18,0.30000000000000004,0.30000000000000004
17,2,ORD-UNION,1,0,1,3,1,15,3,5,10,18,0.30000000000000004,0.30000000000000004
18,2,CARD,25,12,37,3,53,15,3,5,10,18,0.30000000000000004,0.30000000000000004
19,2,CLF_UNION,30,17,59,3,59,15,3,5,10,18,0.30000000000000004,0.30000000000000004
20,2,ORD-UNION,0,0,0,3,0,15,3,5,10,18,0.30000000000000004,0.30000000000000004
21,2,CARD,21,11,35,3,55,15,3,5,10,18,0.30000000000000004,0.30000000000000004
22,2,CLF_UNION,34,12,59,3,59,15,3,5,10,18,0.30000000000000004,0.30000000000000004
23,2,ORD-UNION,0,0,0,3,0,15,3,5,10,18,0.30000000000000004,0.30000000000000004
24,2,CARD,27,3,34,3,55,15,3,5,10,18,0.30000000000000004,0.30000000000000004
25,2,CLF_UNION,28,13,58,3,59,15,3,5,10,18,0.30000000000000004,0.30000000000000004
26,2,ORD-UNION,0,0,0,3,1,15,3,5,10,18,0.30000000000000004,0.30000000000000004
27,2,CARD,20,12,37,3,53,15,3,5,10,18,0.30000000000000004,0.30000000000000004
28,2,CLF_UNION,30,13,60,3,60,15,3,5,10,18,0.30000000000000004,0.30000000000000004
29,2,ORD-UNION,3,0,3,3,3,15,3,5,10,18,0.30000000000000004,0.30000000000000004
30,3,CARD,25,7,38,6,51,15,3,5,10,18,0.30000000000000004,0.30000000000000004
31,3,CLF_UNION,30,12,61,6,62,15,3,5,10,18,0.30000000000000004,0.30000000000000004
32,3,ORD-UNION,0,0,0,6,1,15,3,5,10,18,0.30000000000000004,0.30000000000000004
33,3,CARD,32,5,39,6,51,15,3,5,10,18,0.30000000000000004,0.30000000000000004
34,3,CLF_UNION,35,12,59,6,59,15,3,5,10,18,0.30000000000000004,0.30000000000000004
35,3,ORD-UNION,1,0,1,6,1,15,3,5,10,18,0.30000000000000004,0.30000000000000004
36,3,CARD,24,10,40,6,50,15,3,5,10,18,0.30000000000000004,0.30000000000000004
37,3,CLF_UNION,29,18,64,6,64,15,3,5,10,18,0.30000000000000004,0.30000000000000004
38,3,ORD-UNION,0,0,0,6,0,15,3,5,10,18,0.30000000000000004,0.30000000000000004
39,3,CARD,24,9,37,6,53,15,3,5,10,18,0.30000000000000004,0.30000000000000004
40,3,CLF_UNION,29,16,62,6,62,15,3,5,10,18,0.30000000000000004,0.30000000000000004
41,3,ORD-UNION,1,0,1,6,1,15,3,5,10,18,0.30000000000000004,0.30000000000000004
42,3,CARD,22,13,37,6,53,15,3,5,10,18,0.30000000000000004,0.30000000000000004
43,3,CLF_UNION,27,20,60,6,60,15,3,5,10,18,0.30000000000000004,0.30000000000000004
44,3,ORD-UNION,0,0,0,6,0,15,3,5,10,18,0.30000000000000004,0.30000000000000004
45,4,CARD,29,7,40,10,50,15,3,5,10,18,0.30000000000000004,0.30000000000000004
46,4,CLF_UNION,36,9,59,10,59,15,3,5,10,18,0.30000000000000004,0.30000000000000004
47,4,ORD-UNION,1,0,1,10,1,15,3,5,10,18,0.30000000000000004,0.30000000000000004
48,4,CARD,31,7,42,10,48,15,3,5,10,18,0.30000000000000004,0.30000000000000004
49,4,CLF_UNION,37,6,58,10,58,15,3,5,10,18,0.30000000000000004,0.30000000000000004
50,4,ORD-UNION,0,0,0,10,0,15,3,5,10,18,0.30000000000000004,0.30000000000000004
51,4,CARD,19,13,35,10,55,15,3,5,10,18,0.30000000000000004,0.30000000000000004
52,4,CLF_UNION,31,13,57,10,57,15,3,5,10,18,0.30000000000000004,0.30000000000000004
53,4,ORD-UNION,0,0,0,10,0,15,3,5,10,18,0.30000000000000004,0.30000000000000004
54,4,CARD,29,6,37,10,52,15,3,5,10,18,0.30000000000000004,0.30000000000000004
55,4,CLF_UNION,37,6,55,10,56,15,3,5,10,18,0.30000000000000004,0.30000000000000004
56,4,ORD-UNION,0,0,0,10,1,15,3,5,10,18,0.30000000000000004,0.30000000000000004
57,4,CARD,29,9,40,10,49,15,3,5,10,18,0.30000000000000004,0.30000000000000004
58,4,CLF_UNION,38,4,54,10,55,15,3,5,10,18,0.30000000000000004,0.30000000000000004
59,4,ORD-UNION,0,0,0,10,1,15,3,5,10,18,0.30000000000000004,0.30000000000000004
60,5,CARD,20,8,33,15,56,15,3,5,10,18,0.30000000000000004,0.30000000000000004
61,5,CLF_UNION,32,5,54,15,55,15,3,5,10,18,0.30000000000000004,0.30000000000000004
62,5,ORD-UNION,0,0,0,15,1,15,3,5,10,18,0.30000000000000004,0.30000000000000004
63,5,CARD,20,12,38,15,51,15,3,5,10,18,0.30000000000000004,0.30000000000000004
64,5,CLF_UNION,29,10,56,15,57,15,3,5,10,18,0.30000000000000004,0.30000000000000004
65,5,ORD-UNION,0,0,0,15,1,15,3,5,10,18,0.30000000000000004,0.30000000000000004
66,5,CARD,14,18,37,15,52,15,3,5,10,18,0.30000000000000004,0.30000000000000004
67,5,CLF_UNION,29,10,54,15,55,15,3,5,10,18,0.30000000000000004,0.30000000000000004
68,5,ORD-UNION,0,0,0,15,1,15,3,5,10,18,0.30000000000000004,0.30000000000000004
69,5,CARD,30,5,40,15,50,15,3,5,10,18,0.30000000000000004,0.30000000000000004
70,5,CLF_UNION,34,5,56,15,56,15,3,5,10,18,0.30000000000000004,0.30000000000000004
71,5,ORD-UNION,1,0,1,15,1,15,3,5,10,18,0.30000000000000004,0.30000000000000004
72,5,CARD,20,10,34,15,50,15,3,5,10,18,0.30000000000000004,0.30000000000000004
73,5,CLF_UNION,28,8,50,15,56,15,3,5,10,18,0.30000000000000004,0.30000000000000004
74,5,ORD-UNION,0,0,0,15,6,15,3,5,10,18,0.30000000000000004,0.30000000000000004
75,6,CARD,31,6,40,20,49,15,3,5,10,18,0.30000000000000004,0.30000000000000004
76,6,CLF_UNION,38,3,55,20,56,15,3,5,10,18,0.30000000000000004,0.30000000000000004
77,6,ORD-UNION,0,0,0,20,1,15,3,5,10,18,0.30000000000000004,0.30000000000000004
78,6,CARD,22,6,38,20,49,15,3,5,10,18,0.30000000000000004,0.30000000000000004
79,6,CLF_UNION,26,5,52,20,55,15,3,5,10,18,0.30000000000000004,0.30000000000000004
80,6,ORD-UNION,0,0,0,20,3,15,3,5,10,18,0.30000000000000004,0.30000000000000004
81,6,CARD,23,10,38,20,51,15,3,5,10,18,0.30000000000000004,0.30000000000000004
82,6,CLF_UNION,33,5,54,20,55,15,3,5,10,18,0.30000000000000004,0.30000000000000004
83,6,ORD-UNION,1,0,1,20,2,15,3,5,10,18,0.30000000000000004,0.30000000000000004
84,6,CARD,26,9,38,20,52,15,3,5,10,18,0.30000000000000004,0.30000000000000004
85,6,CLF_UNION,37,5,55,20,55,15,3,5,10,18,0.30000000000000004,0.30000000000000004
86,6,ORD-UNION,0,0,0,20,0,15,3,5,10,18,0.30000000000000004,0.30000000000000004
87,6,CARD,20,13,36,20,48,15,3,5,10,18,0.30000000000000004,0.30000000000000004
88,6,CLF_UNION,27,9,49,20,55,15,3,5,10,18,0.30000000000000004,0.30000000000000004
89,6,ORD-UNION,0,0,0,20,6,15,3,5,10,18,0.30000000000000004,0.30000000000000004
90,7,CARD,23,7,34,27,53,15,3,5,10,18,0.30000000000000004,0.30000000000000004
91,7,CLF_UNION,36,2,52,27,55,15,3,5,10,18,0.30000000000000004,0.30000000000000004
92,7,ORD-UNION,1,0,1,27,4,15,3,5,10,18,0.30000000000000004,0.30000000000000004
93,7,CARD,34,7,42,27,47,15,3,5,10,18,0.30000000000000004,0.30000000000000004
94,7,CLF_UNION,39,4,54,27,55,15,3,5,10,18,0.30000000000000004,0.30000000000000004
95,7,ORD-UNION,1,0,1,27,2,15,3,5,10,18,0.30000000000000004,0.30000000000000004
96,7,CARD,27,13,42,27,47,15,3,5,10,18,0.30000000000000004,0.30000000000000004
97,7,CLF_UNION,38,5,55,27,56,15,3,5,10,18,0.30000000000000004,0.30000000000000004
98,7,ORD-UNION,0,0,0,27,1,15,3,5,10,18,0.30000000000000004,0.30000000000000004
99,7,CARD,29,12,43,27,46,15,3,5,10,18,0.30000000000000004,0.30000000000000004
100,7,CLF_UNION,40,2,54,27,55,15,3,5,10,18,0.30000000000000004,0.30000000000000004
101,7,ORD-UNION,3,0,3,27,4,15,3,5,10,18,0.30000000000000004,0.30000000000000004
102,7,CARD,25,11,42,27,47,15,3,5,10,18,0.30000000000000004,0.30000000000000004
103,7,CLF_UNION,36,1,54,27,55,15,3,5,10,18,0.30000000000000004,0.30000000000000004
104,7,ORD-UNION,1,0,1,27,2,15,3,5,10,18,0.30000000000000004,0.30000000000000004
105,8,CARD,29,9,39,34,48,15,3,5,10,18,0.30000000000000004,0.30000000000000004
106,8,CLF_UNION,35,5,52,34,55,15,3,5,10,18,0.30000000000000004,0.30000000000000004
107,8,ORD-UNION,1,0,1,34,4,15,3,5,10,18,0.30000000000000004,0.30000000000000004
108,8,CARD,29,10,41,34,49,15,3,5,10,18,0.30000000000000004,0.30000000000000004
109,8,CLF_UNION,37,5,55,34,55,15,3,5,10,18,0.30000000000000004,0.30000000000000004
110,8,ORD-UNION,0,0,0,34,0,15,3,5,10,18,0.30000000000000004,0.30000000000000004
111,8,CARD,25,10,35,34,46,15,3,5,10,18,0.30000000000000004,0.30000000000000004
112,8,CLF_UNION,33,2,46,34,55,15,3,5,10,18,0.30000000000000004,0.30000000000000004
113,8,ORD-UNION,0,0,0,34,9,15,3,5,10,18,0.30000000000000004,0.30000000000000004
114,8,CARD,29,11,41,34,48,15,3,5,10,18,0.30000000000000004,0.30000000000000004
115,8,CLF_UNION,36,6,54,34,55,15,3,5,10,18,0.30000000000000004,0.30000000000000004
116,8,ORD-UNION,3,0,3,34,4,15,3,5,10,18,0.30000000000000004,0.30000000000000004
117,8,CARD,21,11,38,34,51,15,3,5,10,18,0.30000000000000004,0.30000000000000004
118,8,CLF_UNION,32,2,54,34,55,15,3,5,10,18,0.30000000000000004,0.30000000000000004
119,8,ORD-UNION,3,0,3,34,4,15,3,5,10,18,0.30000000000000004,0.30000000000000004
120,9,CARD,30,3,35,43,50,15,3,5,10,18,0.30000000000000004,0.30000000000000004
121,9,CLF_UNION,30,5,50,43,55,15,3,5,10,18,0.30000000000000004,0.30000000000000004
122,9,ORD-UNION,3,0,3,43,8,15,3,5,10,18,0.30000000000000004,0.30000000000000004
123,9,CARD,34,6,41,43,46,15,3,5,10,18,0.30000000000000004,0.30000000000000004
124,9,CLF_UNION,37,3,52,43,55,15,3,5,10,18,0.30000000000000004,0.30000000000000004
125,9,ORD-UNION,2,0,2,43,5,15,3,5,10,18,0.30000000000000004,0.30000000000000004
126,9,CARD,25,11,42,43,47,15,3,5,10,18,0.30000000000000004,0.30000000000000004
127,9,CLF_UNION,31,7,54,43,55,15,3,5,10,18,0.30000000000000004,0.30000000000000004
128,9,ORD-UNION,2,0,2,43,3,15,3,5,10,18,0.30000000000000004,0.30000000000000004
129,9,CARD,31,11,44,43,46,15,3,5,10,18,0.30000000000000004,0.30000000000000004
130,9,CLF_UNION,39,4,55,43,55,15,3,5,10,18,0.30000000000000004,0.30000000000000004
131,9,ORD-UNION,3,0,3,43,3,15,3,5,10,18,0.30000000000000004,0.30000000000000004
132,9,CARD,24,8,35,43,45,15,3,5,10,18,0.30000000000000004,0.30000000000000004
133,9,CLF_UNION,27,5,45,43,55,15,3,5,10,18,0.30000000000000004,0.30000000000000004
134,9,ORD-UNION,0,0,0,43,10,15,3,5,10,18,0.30000000000000004,0.30000000000000004
135,10,CARD,32,8,41,53,46,15,3,5,10,18,0.30000000000000004,0.30000000000000004
136,10,CLF_UNION,36,5,52,53,55,15,3,5,10,18,0.30000000000000004,0.30000000000000004
137,10,ORD-UNION,4,0,4,53,7,15,3,5,10,18,0.30000000000000004,0.30000000000000004
138,10,CARD,28,8,38,53,46,15,3,5,10,18,0.30000000000000004,0.30000000000000004
139,10,CLF_UNION,34,3,49,53,55,15,3,5,10,18,0.30000000000000004,0.30000000000000004
140,10,ORD-UNION,2,0,2,53,8,15,3,5,10,18,0.30000000000000004,0.30000000000000004
141,10,CARD,36,5,41,53,47,15,3,5,10,18,0.30000000000000004,0.30000000000000004
142,10,CLF_UNION,38,4,54,53,56,15,3,5,10,18,0.30000000000000004,0.30000000000000004
143,10,ORD-UNION,1,0,1,53,3,15,3,5,10,18,0.30000000000000004,0.30000000000000004
144,10,CARD,30,3,40,53,47,15,3,5,10,18,0.30000000000000004,0.30000000000000004
145,10,CLF_UNION,35,0,52,53,55,15,3,5,10,18,0.30000000000000004,0.30000000000000004
146,10,ORD-UNION,5,0,5,53,8,15,3,5,10,18,0.30000000000000004,0.30000000000000004
147,10,CARD,25,9,41,53,46,15,3,5,10,18,0.30000000000000004,0.30000000000000004
148,10,CLF_UNION,30,5,52,53,55,15,3,5,10,18,0.30000000000000004,0.30000000000000004
149,10,ORD-UNION,1,0,1,53,4,15,3,5,10,18,0.30000000000000004,0.30000000000000004
150,11,CARD,31,9,43,64,46,15,3,5,10,18,0.30000000000000004,0.30000000000000004
151,11,CLF_UNION,38,2,54,64,55,15,3,5,10,18,0.30000000000000004,0.30000000000000004
152,11,ORD-UNION,4,0,4,64,5,15,3,5,10,18,0.30000000000000004,0.30000000000000004
153,11,CARD,30,9,41,64,46,15,3,5,10,18,0.30000000000000004,0.30000000000000004
154,11,CLF_UNION,38,2,52,64,55,15,3,5,10,18,0.30000000000000004,0.30000000000000004
155,11,ORD-UNION,3,0,3,64,6,15,3,5,10,18,0.30000000000000004,0.30000000000000004
156,11,CARD,22,8,33,64,47,15,3,5,10,18,0.30000000000000004,0.30000000000000004
157,11,CLF_UNION,30,1,45,64,55,15,3,5,10,18,0.30000000000000004,0.30000000000000004
158,11,ORD-UNION,4,0,4,64,14,15,3,5,10,18,0.30000000000000004,0.30000000000000004
159,11,CARD,24,8,36,64,48,15,3,5,10,18,0.30000000000000004,0.30000000000000004
160,11,CLF_UNION,32,3,49,64,55,15,3,5,10,18,0.30000000000000004,0.30000000000000004
161,11,ORD-UNION,0,0,0,64,6,15,3,5,10,18,0.30000000000000004,0.30000000000000004
162,11,CARD,25,11,39,64,48,15,3,5,10,18,0.30000000000000004,0.30000000000000004
163,11,CLF_UNION,37,1,52,64,55,15,3,5,10,18,0.30000000000000004,0.30000000000000004
164,11,ORD-UNION,5,0,5,64,8,15,3,5,10,18,0.30000000000000004,0.30000000000000004
165,12,CARD,32,8,42,76,47,15,3,5,10,18,0.30000000000000004,0.30000000000000004
166,12,CLF_UNION,39,3,54,76,55,15,3,5,10,18,0.30000000000000004,0.30000000000000004
167,12,ORD-UNION,5,0,5,76,6,15,3,5,10,18,0.30000000000000004,0.30000000000000004
168,12,CARD,25,2,34,76,46,15,3,5,10,18,0.30000000000000004,0.30000000000000004
169,12,CLF_UNION,28,0,45,76,55,15,3,5,10,18,0.30000000000000004,0.30000000000000004
170,12,ORD-UNION,14,0,15,76,25,15,3,5,10,18,0.30000000000000004,0.30000000000000004
171,12,CARD,26,14,41,76,46,15,3,5,10,18,0.30000000000000004,0.30000000000000004
172,12,CLF_UNION,37,3,52,76,55,15,3,5,10,18,0.30000000000000004,0.30000000000000004
173,12,ORD-UNION,2,0,2,76,5,15,3,5,10,18,0.30000000000000004,0.30000000000000004
174,12,CARD,23,5,29,76,46,15,3,5,10,18,0.30000000000000004,0.30000000000000004
175,12,CLF_UNION,27,1,40,76,55,15,3,5,10,18,0.30000000000000004,0.30000000000000004
176,12,ORD-UNION,4,0,4,76,19,15,3,5,10,18,0.30000000000000004,0.30000000000000004
177,12,CARD,30,3,37,76,47,15,3,5,10,18,0.30000000000000004,0.30000000000000004
178,12,CLF_UNION,34,0,50,76,56,15,3,5,10,18,0.30000000000000004,0.30000000000000004
179,12,ORD-UNION,4,0,5,76,11,15,3,5,10,18,0.30000000000000004,0.30000000000000004
180,13,CARD,30,6,38,87,49,15,3,5,10,18,0.30000000000000004,0.30000000000000004
181,13,CLF_UNION,38,2,52,87,55,15,3,5,10,18,0.30000000000000004,0.30000000000000004
182,13,ORD-UNION,4,0,4,87,7,15,3,5,10,18,0.30000000000000004,0.30000000000000004
183,13,CARD,16,3,22,87,50,15,3,5,10,18,0.30000000000000004,0.30000000000000004
184,13,CLF_UNION,20,0,38,87,56,15,3,5,10,18,0.30000000000000004,0.30000000000000004
185,13,ORD-UNION,2,0,2,87,20,15,3,5,10,18,0.30000000000000004,0.30000000000000004
186,13,CARD,22,6,29,87,47,15,3,5,10,18,0.30000000000000004,0.30000000000000004
187,13,CLF_UNION,26,3,42,87,56,15,3,5,10,18,0.30000000000000004,0.30000000000000004
188,13,ORD-UNION,3,0,3,87,17,15,3,5,10,18,0.30000000000000004,0.30000000000000004
189,13,CARD,31,5,38,87,46,15,3,5,10,18,0.30000000000000004,0.30000000000000004
190,13,CLF_UNION,37,0,49,87,55,15,3,5,10,18,0.30000000000000004,0.30000000000000004
191,13,ORD-UNION,5,0,5,87,11,15,3,5,10,18,0.30000000000000004,0.30000000000000004
192,13,CARD,33,2,37,87,47,15,3,5,10,18,0.30000000000000004,0.30000000000000004
193,13,CLF_UNION,37,0,49,87,55,15,3,5,10,18,0.30000000000000004,0.30000000000000004
194,13,ORD-UNION,10,0,10,87,16,15,3,5,10,18,0.30000000000000004,0.30000000000000004
195,14,CARD,30,7,39,99,46,15,3,5,10,18,0.30000000000000004,0.30000000000000004
196,14,CLF_UNION,35,2,51,99,56,15,3,5,10,18,0.30000000000000004,0.30000000000000004
197,14,ORD-UNION,2,0,2,99,7,15,3,5,10,18,0.30000000000000004,0.30000000000000004
198,14,CARD,25,0,29,99,46,15,3,5,10,18,0.30000000000000004,0.30000000000000004
199,14,CLF_UNION,26,0,40,99,55,15,3,5,10,18,0.30000000000000004,0.30000000000000004
200,14,ORD-UNION,8,0,8,99,23,15,3,5,10,18,0.30000000000000004,0.30000000000000004
201,14,CARD,24,1,29,99,46,15,3,5,10,18,0.30000000000000004,0.30000000000000004
202,14,CLF_UNION,26,0,40,99,55,15,3,5,10,18,0.30000000000000004,0.30000000000000004
203,14,ORD-UNION,12,0,13,99,28,15,3,5,10,18,0.30000000000000004,0.30000000000000004
204,14,CARD,25,2,29,99,47,15,3,5,10,18,0.30000000000000004,0.30000000000000004
205,14,CLF_UNION,27,1,42,99,56,15,3,5,10,18,0.30000000000000004,0.30000000000000004
206,14,ORD-UNION,2,0,2,99,16,15,3,5,10,18,0.30000000000000004,0.30000000000000004
207,14,CARD,25,3,29,99,47,15,3,5,10,18,0.30000000000000004,0.30000000000000004
208,14,CLF_UNION,29,0,42,99,56,15,3,5,10,18,0.30000000000000004,0.30000000000000004
209,14,ORD-UNION,4,0,4,99,18,15,3,5,10,18,0.30000000000000004,0.30000000000000004
210,15,CARD,14,2,19,111,46,15,3,5,10,18,0.30000000000000004,0.30000000000000004
211,15,CLF_UNION,15,1,30,111,55,15,3,5,10,18,0.30000000000000004,0.30000000000000004
212,15,ORD-UNION,0,0,0,111,25,15,3,5,10,18,0.30000000000000004,0.30000000000000004
213,15,CARD,20,12,34,111,47,15,3,5,10,18,0.30000000000000004,0.30000000000000004
214,15,CLF_UNION,29,4,46,111,55,15,3,5,10,18,0.30000000000000004,0.30000000000000004
215,15,ORD-UNION,7,0,7,111,16,15,3,5,10,18,0.30000000000000004,0.30000000000000004
216,15,CARD,17,5,25,111,46,15,3,5,10,18,0.30000000000000004,0.30000000000000004
217,15,CLF_UNION,20,2,36,111,55,15,3,5,10,18,0.30000000000000004,0.30000000000000004
218,15,ORD-UNION,8,0,8,111,27,15,3,5,10,18,0.30000000000000004,0.30000000000000004
219,15,CARD,17,0,24,111,48,15,3,5,10,18,0.30000000000000004,0.30000000000000004
220,15,CLF_UNION,17,0,39,111,57,15,3,5,10,18,0.30000000000000004,0.30000000000000004
221,15,ORD-UNION,3,0,3,111,21,15,3,5,10,18,0.30000000000000004,0.30000000000000004
222,15,CARD,15,0,16,111,49,15,3,5,10,18,0.30000000000000004,0.30000000000000004
223,15,CLF_UNION,16,0,31,111,56,15,3,5,10,18,0.30000000000000004,0.30000000000000004
224,15,ORD-UNION,7,0,7,111,32,15,3,5,10,18,0.30000000000000004,0.30000000000000004
225,16,CARD,13,1,16,126,50,15,3,5,10,18,0.30000000000000004,0.30000000000000004
226,16,CLF_UNION,15,0,33,126,57,15,3,5,10,18,0.30000000000000004,0.30000000000000004
227,16,ORD-UNION,4,0,4,126,28,15,3,5,10,18,0.30000000000000004,0.30000000000000004
228,16,CARD,29,5,35,126,45,15,3,5,10,18,0.30000000000000004,0.30000000000000004
229,16,CLF_UNION,33,1,45,126,55,15,3,5,10,18,0.30000000000000004,0.30000000000000004
230,16,ORD-UNION,6,0,6,126,16,15,3,5,10,18,0.30000000000000004,0.30000000000000004
231,16,CARD,23,2,29,126,46,15,3,5,10,18,0.30000000000000004,0.30000000000000004
232,16,CLF_UNION,26,0,40,126,55,15,3,5,10,18,0.30000000000000004,0.30000000000000004
233,16,ORD-UNION,8,0,8,126,23,15,3,5,10,18,0.30000000000000004,0.30000000000000004
234,16,CARD,22,10,35,126,47,15,3,5,10,18,0.30000000000000004,0.30000000000000004
235,16,CLF_UNION,30,2,49,126,57,15,3,5,10,18,0.30000000000000004,0.30000000000000004
236,16,ORD-UNION,6,0,7,126,15,15,3,5,10,18,0.30000000000000004,0.30000000000000004
237,16,CARD,20,7,30,126,48,15,3,5,10,18,0.30000000000000004,0.30000000000000004
238,16,CLF_UNION,27,0,46,126,58,15,3,5,10,18,0.30000000000000004,0.30000000000000004
239,16,ORD-UNION,3,0,3,126,15,15,3,5,10,18,0.30000000000000004,0.30000000000000004
240,17,CARD,33,3,37,143,47,15,3,5,10,18,0.30000000000000004,0.30000000000000004
241,17,CLF_UNION,35,2,49,143,55,15,3,5,10,18,0.30000000000000004,0.30000000000000004
242,17,ORD-UNION,16,0,16,143,22,15,3,5,10,18,0.30000000000000004,0.30000000000000004
243,17,CARD,25,2,32,143,48,15,3,5,10,18,0.30000000000000004,0.30000000000000004
244,17,CLF_UNION,28,1,45,143,55,15,3,5,10,18,0.30000000000000004,0.30000000000000004
245,17,ORD-UNION,14,0,14,143,24,15,3,5,10,18,0.30000000000000004,0.30000000000000004
246,17,CARD,29,7,37,143,47,15,3,5,10,18,0.30000000000000004,0.30000000000000004
247,17,CLF_UNION,35,3,49,143,55,15,3,5,10,18,0.30000000000000004,0.30000000000000004
248,17,ORD-UNION,8,0,8,143,14,15,3,5,10,18,0.30000000000000004,0.30000000000000004
249,17,CARD,20,1,22,143,48,15,3,5,10,18,0.30000000000000004,0.30000000000000004
250,17,CLF_UNION,22,1,36,143,56,15,3,5,10,18,0.30000000000000004,0.30000000000000004
251,17,ORD-UNION,3,0,3,143,23,15,3,5,10,18,0.30000000000000004,0.30000000000000004
252,17,CARD,28,0,32,143,48,15,3,5,10,18,0.30000000000000004,0.30000000000000004
253,17,CLF_UNION,30,0,45,143,55,15,3,5,10,18,0.30000000000000004,0.30000000000000004
254,17,ORD-UNION,13,0,13,143,23,15,3,5,10,18,0.30000000000000004,0.30000000000000004
255,18,CARD,15,1,17,158,45,15,3,5,10,18,0.30000000000000004,0.30000000000000004
256,18,CLF_UNION,16,0,27,158,55,15,3,5,10,18,0.30000000000000004,0.30000000000000004
257,18,ORD-UNION,6,0,6,158,34,15,3,5,10,18,0.30000000000000004,0.30000000000000004
258,18,CARD,20,3,24,158,46,15,3,5,10,18,0.30000000000000004,0.30000000000000004
259,18,CLF_UNION,20,3,35,158,55,15,3,5,10,18,0.30000000000000004,0.30000000000000004
260,18,ORD-UNION,10,0,10,158,30,15,3,5,10,18,0.30000000000000004,0.30000000000000004
261,18,CARD,20,1,25,158,47,15,3,5,10,18,0.30000000000000004,0.30000000000000004
262,18,CLF_UNION,22,1,37,158,55,15,3,5,10,18,0.30000000000000004,0.30000000000000004
263,18,ORD-UNION,6,0,6,158,24,15,3,5,10,18,0.30000000000000004,0.30000000000000004
264,18,CARD,24,8,35,158,46,15,3,5,10,18,0.30000000000000004,0.30000000000000004
265,18,CLF_UNION,30,3,46,158,55,15,3,5,10,18,0.30000000000000004,0.30000000000000004
266,18,ORD-UNION,6,0,6,158,15,15,3,5,10,18,0.30000000000000004,0.30000000000000004
267,18,CARD,22,3,28,158,47,15,3,5,10,18,0.30000000000000004,0.30000000000000004
268,18,CLF_UNION,24,4,41,158,56,15,3,5,10,18,0.30000000000000004,0.30000000000000004
269,18,ORD-UNION,6,0,6,158,21,15,3,5,10,18,0.30000000000000004,0.30000000000000004
270,19,CARD,8,12,25,176,46,15,3,5,10,18,0.30000000000000004,0.30000000000000004
271,19,CLF_UNION,18,2,36,176,55,15,3,5,10,18,0.30000000000000004,0.30000000000000004
272,19,ORD-UNION,6,0,6,176,25,15,3,5,10,18,0.30000000000000004,0.30000000000000004
273,19,CARD,18,8,30,176,46,15,3,5,10,18,0.30000000000000004,0.30000000000000004
274,19,CLF_UNION,26,1,42,176,56,15,3,5,10,18,0.30000000000000004,0.30000000000000004
275,19,ORD-UNION,9,0,9,176,23,15,3,5,10,18,0.30000000000000004,0.30000000000000004
276,19,CARD,19,3,24,176,48,15,3,5,10,18,0.30000000000000004,0.30000000000000004
277,19,CLF_UNION,22,0,38,176,56,15,3,5,10,18,0.30000000000000004,0.30000000000000004
278,19,ORD-UNION,10,0,11,176,29,15,3,5,10,18,0.30000000000000004,0.30000000000000004
279,19,CARD,8,1,9,176,51,15,3,5,10,18,0.30000000000000004,0.30000000000000004
280,19,CLF_UNION,8,1,26,176,56,15,3,5,10,18,0.30000000000000004,0.30000000000000004
281,19,ORD-UNION,5,0,5,176,35,15,3,5,10,18,0.30000000000000004,0.30000000000000004
282,19,CARD,19,15,35,176,45,15,3,5,10,18,0.30000000000000004,0.30000000000000004
283,19,CLF_UNION,31,4,46,176,56,15,3,5,10,18,0.30000000000000004,0.30000000000000004
284,19,ORD-UNION,12,0,12,176,22,15,3,5,10,18,0.30000000000000004,0.30000000000000004
285,20,CARD,14,0,16,195,48,15,3,5,10,18,0.30000000000000004,0.30000000000000004
286,20,CLF_UNION,15,0,29,195,55,15,3,5,10,18,0.30000000000000004,0.30000000000000004
287,20,ORD-UNION,10,0,10,195,36,15,3,5,10,18,0.30000000000000004,0.30000000000000004
288,20,CARD,7,0,10,195,46,15,3,5,10,18,0.30000000000000004,0.30000000000000004
289,20,CLF_UNION,7,0,22,195,56,15,3,5,10,18,0.30000000000000004,0.30000000000000004
290,20,ORD-UNION,6,0,6,195,40,15,3,5,10,18,0.30000000000000004,0.30000000000000004
291,20,CARD,16,5,24,195,46,15,3,5,10,18,0.30000000000000004,0.30000000000000004
292,20,CLF_UNION,20,2,35,195,55,15,3,5,10,18,0.30000000000000004,0.30000000000000004
293,20,ORD-UNION,12,0,13,195,33,15,3,5,10,18,0.30000000000000004,0.30000000000000004
294,20,CARD,21,4,28,195,47,15,3,5,10,18,0.30000000000000004,0.30000000000000004
295,20,CLF_UNION,25,2,40,195,55,15,3,5,10,18,0.30000000000000004,0.30000000000000004
296,20,ORD-UNION,14,0,14,195,29,15,3,5,10,18,0.30000000000000004,0.30000000000000004
297,20,CARD,22,7,30,195,45,15,3,5,10,18,0.30000000000000004,0.30000000000000004
298,20,CLF_UNION,28,1,40,195,55,15,3,5,10,18,0.30000000000000004,0.30000000000000004
299,20,ORD-UNION,12,0,12,195,27,15,3,5,10,18,0.30000000000000004,0.30000000000000004
300,21,CARD,19,3,24,214,45,15,3,5,10,18,0.30000000000000004,0.30000000000000004
301,21,CLF_UNION,22,0,34,214,55,15,3,5,10,18,0.30000000000000004,0.30000000000000004
302,21,ORD-UNION,14,0,14,214,35,15,3,5,10,18,0.30000000000000004,0.30000000000000004
303,21,CARD,10,5,19,214,46,15,3,5,10,18,0.30000000000000004,0.30000000000000004
304,21,CLF_UNION,13,2,32,214,57,15,3,5,10,18,0.30000000000000004,0.30000000000000004
305,21,ORD-UNION,9,0,9,214,34,15,3,5,10,18,0.30000000000000004,0.30000000000000004
306,21,CARD,16,4,23,214,50,15,3,5,10,18,0.30000000000000004,0.30000000000000004
307,21,CLF_UNION,21,0,41,214,58,15,3,5,10,18,0.30000000000000004,0.30000000000000004
308,21,ORD-UNION,9,0,10,214,27,15,3,5,10,18,0.30000000000000004,0.30000000000000004
309,21,CARD,15,6,23,214,47,15,3,5,10,18,0.30000000000000004,0.30000000000000004
310,21,CLF_UNION,19,4,37,214,57,15,3,5,10,18,0.30000000000000004,0.30000000000000004
311,21,ORD-UNION,9,0,9,214,29,15,3,5,10,18,0.30000000000000004,0.30000000000000004
312,21,CARD,9,13,25,214,46,15,3,5,10,18,0.30000000000000004,0.30000000000000004
313,21,CLF_UNION,21,1,38,214,57,15,3,5,10,18,0.30000000000000004,0.30000000000000004
314,21,ORD-UNION,6,0,6,214,25,15,3,5,10,18,0.30000000000000004,0.30000000000000004
315,22,CARD,19,2,25,232,45,15,3,5,10,18,0.30000000000000004,0.30000000000000004
316,22,CLF_UNION,21,0,35,232,55,15,3,5,10,18,0.30000000000000004,0.30000000000000004
317,22,ORD-UNION,13,0,13,232,33,15,3,5,10,18,0.30000000000000004,0.30000000000000004
318,22,CARD,3,6,9,232,46,15,3,5,10,18,0.30000000000000004,0.30000000000000004
319,22,CLF_UNION,9,1,21,232,55,15,3,5,10,18,0.30000000000000004,0.30000000000000004
320,22,ORD-UNION,2,0,2,232,37,15,3,5,10,18,0.30000000000000004,0.30000000000000004
321,22,CARD,14,0,18,232,45,15,3,5,10,18,0.30000000000000004,0.30000000000000004
322,22,CLF_UNION,14,0,28,232,55,15,3,5,10,18,0.30000000000000004,0.30000000000000004
323,22,ORD-UNION,10,0,10,232,37,15,3,5,10,18,0.30000000000000004,0.30000000000000004
324,22,CARD,24,2,32,232,46,15,3,5,10,18,0.30000000000000004,0.30000000000000004
325,22,CLF_UNION,26,1,44,232,55,15,3,5,10,18,0.30000000000000004,0.30000000000000004
326,22,ORD-UNION,19,0,19,232,31,15,3,5,10,18,0.30000000000000004,0.30000000000000004
327,22,CARD,18,10,30,232,46,15,3,5,10,18,0.30000000000000004,0.30000000000000004
328,22,CLF_UNION,28,0,42,232,56,15,3,5,10,18,0.30000000000000004,0.30000000000000004
329,22,ORD-UNION,11,0,11,232,25,15,3,5,10,18,0.30000000000000004,0.30000000000000004
330,23,CARD,8,0,9,254,47,15,3,5,10,18,0.30000000000000004,0.30000000000000004
331,23,CLF_UNION,8,0,22,254,56,15,3,5,10,18,0.30000000000000004,0.30000000000000004
332,23,ORD-UNION,7,0,7,254,41,15,3,5,10,18,0.30000000000000004,0.30000000000000004
333,23,CARD,27,0,31,254,45,15,3,5,10,18,0.30000000000000004,0.30000000000000004
334,23,CLF_UNION,26,1,42,254,56,15,3,5,10,18,0.30000000000000004,0.30000000000000004
335,23,ORD-UNION,16,0,16,254,30,15,3,5,10,18,0.30000000000000004,0.30000000000000004
336,23,CARD,9,0,15,254,46,15,3,5,10,18,0.30000000000000004,0.30000000000000004
337,23,CLF_UNION,9,0,27,254,56,15,3,5,10,18,0.30000000000000004,0.30000000000000004
338,23,ORD-UNION,5,0,5,254,34,15,3,5,10,18,0.30000000000000004,0.30000000000000004
339,23,CARD,23,0,24,254,45,15,3,5,10,18,0.30000000000000004,0.30000000000000004
340,23,CLF_UNION,23,2,36,254,56,15,3,5,10,18,0.30000000000000004,0.30000000000000004
341,23,ORD-UNION,16,0,16,254,37,15,3,5,10,18,0.30000000000000004,0.30000000000000004
342,23,CARD,24,0,24,254,46,15,3,5,10,18,0.30000000000000004,0.30000000000000004
343,23,CLF_UNION,24,0,35,254,55,15,3,5,10,18,0.30000000000000004,0.30000000000000004
344,23,ORD-UNION,15,0,15,254,35,15,3,5,10,18,0.30000000000000004,0.30000000000000004
345,24,CARD,15,0,18,276,47,15,3,5,10,18,0.30000000000000004,0.30000000000000004
346,24,CLF_UNION,15,0,30,276,55,15,3,5,10,18,0.30000000000000004,0.30000000000000004
347,24,ORD-UNION,10,0,10,276,35,15,3,5,10,18,0.30000000000000004,0.30000000000000004
348,24,CARD,13,0,23,276,45,15,3,5,10,18,0.30000000000000004,0.30000000000000004
349,24,CLF_UNION,13,0,33,276,55,15,3,5,10,18,0.30000000000000004,0.30000000000000004
350,24,ORD-UNION,11,0,12,276,34,15,3,5,10,18,0.30000000000000004,0.30000000000000004
351,24,CARD,17,0,18,276,46,15,3,5,10,18,0.30000000000000004,0.30000000000000004
352,24,CLF_UNION,17,0,29,276,55,15,3,5,10,18,0.30000000000000004,0.30000000000000004
353,24,ORD-UNION,9,0,9,276,35,15,3,5,10,18,0.30000000000000004,0.30000000000000004
354,24,CARD,15,0,18,276,45,15,3,5,10,18,0.30000000000000004,0.30000000000000004
355,24,CLF_UNION,15,0,28,276,55,15,3,5,10,18,0.30000000000000004,0.30000000000000004
356,24,ORD-UNION,12,0,12,276,39,15,3,5,10,18,0.30000000000000004,0.30000000000000004
357,24,CARD,23,0,24,276,46,15,3,5,10,18,0.30000000000000004,0.30000000000000004
358,24,CLF_UNION,23,0,35,276,55,15,3,5,10,18,0.30000000000000004,0.30000000000000004
359,24,ORD-UNION,15,0,15,276,35,15,3,5,10,18,0.30000000000000004,0.30000000000000004
360,1,CARD,20,5,25,1,65,15,3,5,10,18,0.30000000000000004,0.30000000000000004
361,1,CLF_UNION,37,23,72,1,72,15,3,5,10,18,0.30000000000000004,0.30000000000000004
362,1,ORD-UNION,0,0,0,1,0,15,3,5,10,18,0.30000000000000004,0.30000000000000004
363,1,CARD,18,5,25,1,65,15,3,5,10,18,0.30000000000000004,0.30000000000000004
364,1,CLF_UNION,34,22,72,1,72,15,3,5,10,18,0.30000000000000004,0.30000000000000004
365,1,ORD-UNION,0,0,0,1,0,15,3,5,10,18,0.30000000000000004,0.30000000000000004
366,1,CARD,14,10,25,1,65,15,3,5,10,18,0.30000000000000004,0.30000000000000004
367,1,CLF_UNION,28,37,77,1,77,15,3,5,10,18,0.30000000000000004,0.30000000000000004
368,1,ORD-UNION,0,0,0,1,0,15,3,5,10,18,0.30000000000000004,0.30000000000000004
369,1,CARD,18,5,25,1,65,15,3,5,10,18,0.30000000000000004,0.30000000000000004
370,1,CLF_UNION,29,27,68,1,68,15,3,5,10,18,0.30000000000000004,0.30000000000000004
371,1,ORD-UNION,0,0,0,1,0,15,3,5,10,18,0.30000000000000004,0.30000000000000004
372,1,CARD,16,5,25,1,65,15,3,5,10,18,0.30000000000000004,0.30000000000000004
373,1,CLF_UNION,28,18,68,1,68,15,3,5,10,18,0.30000000000000004,0.30000000000000004
374,1,ORD-UNION,0,0,1,1,1,15,3,5,10,18,0.30000000000000004,0.30000000000000004
375,2,CARD,24,9,35,3,55,15,3,5,10,18,0.30000000000000004,0.30000000000000004
376,2,CLF_UNION,34,10,56,3,56,15,3,5,10,18,0.30000000000000004,0.30000000000000004
377,2,ORD-UNION,0,0,0,3,0,15,3,5,10,18,0.30000000000000004,0.30000000000000004
378,2,CARD,23,11,37,3,53,15,3,5,10,18,0.30000000000000004,0.30000000000000004
379,2,CLF_UNION,33,11,57,3,57,15,3,5,10,18,0.30000000000000004,0.30000000000000004
380,2,ORD-UNION,0,0,0,3,0,15,3,5,10,18,0.30000000000000004,0.30000000000000004
381,2,CARD,22,13,37,3,53,15,3,5,10,18,0.30000000000000004,0.30000000000000004
382,2,CLF_UNION,30,15,59,3,59,15,3,5,10,18,0.30000000000000004,0.30000000000000004
383,2,ORD-UNION,0,0,0,3,0,15,3,5,10,18,0.30000000000000004,0.30000000000000004
384,2,CARD,17,12,36,3,54,15,3,5,10,18,0.30000000000000004,0.30000000000000004
385,2,CLF_UNION,28,10,56,3,56,15,3,5,10,18,0.30000000000000004,0.30000000000000004
386,2,ORD-UNION,0,0,0,3,0,15,3,5,10,18,0.30000000000000004,0.30000000000000004
387,2,CARD,22,12,37,3,53,15,3,5,10,18,0.30000000000000004,0.30000000000000004
388,2,CLF_UNION,32,14,59,3,59,15,3,5,10,18,0.30000000000000004,0.30000000000000004
389,2,ORD-UNION,0,0,0,3,0,15,3,5,10,18,0.30000000000000004,0.30000000000000004
390,3,CARD,19,15,37,5,53,15,3,5,10,18,0.30000000000000004,0.30000000000000004
391,3,CLF_UNION,28,15,56,5,56,15,3,5,10,18,0.30000000000000004,0.30000000000000004
392,3,ORD-UNION,0,0,0,5,0,15,3,5,10,18,0.30000000000000004,0.30000000000000004
393,3,CARD,24,5,33,5,57,15,3,5,10,18,0.30000000000000004,0.30000000000000004
394,3,CLF_UNION,30,13,57,5,57,15,3,5,10,18,0.30000000000000004,0.30000000000000004
395,3,ORD-UNION,0,0,0,5,0,15,3,5,10,18,0.30000000000000004,0.30000000000000004
396,3,CARD,13,19,34,5,55,15,3,5,10,18,0.30000000000000004,0.30000000000000004
397,3,CLF_UNION,27,17,56,5,57,15,3,5,10,18,0.30000000000000004,0.30000000000000004
398,3,ORD-UNION,0,0,1,5,2,15,3,5,10,18,0.30000000000000004,0.30000000000000004
399,3,CARD,15,16,36,5,54,15,3,5,10,18,0.30000000000000004,0.30000000000000004
400,3,CLF_UNION,26,16,57,5,57,15,3,5,10,18,0.30000000000000004,0.30000000000000004
401,3,ORD-UNION,0,0,1,5,1,15,3,5,10,18,0.30000000000000004,0.30000000000000004
402,3,CARD,23,13,37,5,53,15,3,5,10,18,0.30000000000000004,0.30000000000000004
403,3,CLF_UNION,31,12,55,5,55,15,3,5,10,18,0.30000000000000004,0.30000000000000004
404,3,ORD-UNION,0,0,0,5,0,15,3,5,10,18,0.30000000000000004,0.30000000000000004
405,4,CARD,22,11,35,9,55,15,3,5,10,18,0.30000000000000004,0.30000000000000004
406,4,CLF_UNION,30,13,55,9,55,15,3,5,10,18,0.30000000000000004,0.30000000000000004
407,4,ORD-UNION,1,0,1,9,1,15,3,5,10,18,0.30000000000000004,0.30000000000000004
408,4,CARD,24,5,30,9,57,15,3,5,10,18,0.30000000000000004,0.30000000000000004
409,4,CLF_UNION,34,7,53,9,56,15,3,5,10,18,0.30000000000000004,0.30000000000000004
410,4,ORD-UNION,0,0,0,9,3,15,3,5,10,18,0.30000000000000004,0.30000000000000004
411,4,CARD,19,9,34,9,55,15,3,5,10,18,0.30000000000000004,0.30000000000000004
412,4,CLF_UNION,27,12,56,9,57,15,3,5,10,18,0.30000000000000004,0.30000000000000004
413,4,ORD-UNION,5,0,8,9,9,15,3,5,10,18,0.30000000000000004,0.30000000000000004
414,4,CARD,20,7,29,9,61,15,3,5,10,18,0.30000000000000004,0.30000000000000004
415,4,CLF_UNION,34,8,57,9,57,15,3,5,10,18,0.30000000000000004,0.30000000000000004
416,4,ORD-UNION,0,0,0,9,0,15,3,5,10,18,0.30000000000000004,0.30000000000000004
417,4,CARD,17,14,33,9,57,15,3,5,10,18,0.30000000000000004,0.30000000000000004
418,4,CLF_UNION,25,18,56,9,56,15,3,5,10,18,0.30000000000000004,0.30000000000000004
419,4,ORD-UNION,0,0,0,9,0,15,3,5,10,18,0.30000000000000004,0.30000000000000004
420,5,CARD,28,8,37,14,53,15,3,5,10,18,0.30000000000000004,0.30000000000000004
421,5,CLF_UNION,37,6,55,14,55,15,3,5,10,18,0.30000000000000004,0.30000000000000004
422,5,ORD-UNION,1,0,1,14,1,15,3,5,10,18,0.30000000000000004,0.30000000000000004
423,5,CARD,28,8,38,14,51,15,3,5,10,18,0.30000000000000004,0.30000000000000004
424,5,CLF_UNION,36,6,54,14,55,15,3,5,10,18,0.30000000000000004,0.30000000000000004
425,5,ORD-UNION,2,0,3,14,4,15,3,5,10,18,0.30000000000000004,0.30000000000000004
426,5,CARD,18,18,38,14,51,15,3,5,10,18,0.30000000000000004,0.30000000000000004
427,5,CLF_UNION,30,13,55,14,56,15,3,5,10,18,0.30000000000000004,0.30000000000000004
428,5,ORD-UNION,0,0,0,14,1,15,3,5,10,18,0.30000000000000004,0.30000000000000004
429,5,CARD,25,14,42,14,48,15,3,5,10,18,0.30000000000000004,0.30000000000000004
430,5,CLF_UNION,31,11,55,14,55,15,3,5,10,18,0.30000000000000004,0.30000000000000004
431,5,ORD-UNION,1,0,1,14,1,15,3,5,10,18,0.30000000000000004,0.30000000000000004
432,5,CARD,27,14,42,14,48,15,3,5,10,18,0.30000000000000004,0.30000000000000004
433,5,CLF_UNION,32,13,56,14,56,15,3,5,10,18,0.30000000000000004,0.30000000000000004
434,5,ORD-UNION,1,0,1,14,1,15,3,5,10,18,0.30000000000000004,0.30000000000000004
435,6,CARD,28,9,37,20,50,15,3,5,10,18,0.30000000000000004,0.30000000000000004
436,6,CLF_UNION,35,6,52,20,55,15,3,5,10,18,0.30000000000000004,0.30000000000000004
437,6,ORD-UNION,1,0,1,20,4,15,3,5,10,18,0.30000000000000004,0.30000000000000004
438,6,CARD,25,10,35,20,52,15,3,5,10,18,0.30000000000000004,0.30000000000000004
439,6,CLF_UNION,37,5,52,20,55,15,3,5,10,18,0.30000000000000004,0.30000000000000004
440,6,ORD-UNION,0,0,0,20,3,15,3,5,10,18,0.30000000000000004,0.30000000000000004
441,6,CARD,28,10,42,20,48,15,3,5,10,18,0.30000000000000004,0.30000000000000004
442,6,CLF_UNION,32,8,56,20,56,15,3,5,10,18,0.30000000000000004,0.30000000000000004
443,6,ORD-UNION,3,0,3,20,3,15,3,5,10,18,0.30000000000000004,0.30000000000000004
444,6,CARD,20,15,38,20,51,15,3,5,10,18,0.30000000000000004,0.30000000000000004
445,6,CLF_UNION,27,13,54,20,55,15,3,5,10,18,0.30000000000000004,0.30000000000000004
446,6,ORD-UNION,0,0,1,20,2,15,3,5,10,18,0.30000000000000004,0.30000000000000004
447,6,CARD,24,12,40,20,50,15,3,5,10,18,0.30000000000000004,0.30000000000000004
448,6,CLF_UNION,35,6,56,20,56,15,3,5,10,18,0.30000000000000004,0.30000000000000004
449,6,ORD-UNION,0,0,0,20,0,15,3,5,10,18,0.30000000000000004,0.30000000000000004
450,7,CARD,28,8,40,27,49,15,3,5,10,18,0.30000000000000004,0.30000000000000004
451,7,CLF_UNION,36,4,54,27,55,15,3,5,10,18,0.30000000000000004,0.30000000000000004
452,7,ORD-UNION,3,0,4,27,5,15,3,5,10,18,0.30000000000000004,0.30000000000000004
453,7,CARD,29,11,43,27,47,15,3,5,10,18,0.30000000000000004,0.30000000000000004
454,7,CLF_UNION,32,11,56,27,56,15,3,5,10,18,0.30000000000000004,0.30000000000000004
455,7,ORD-UNION,1,0,1,27,1,15,3,5,10,18,0.30000000000000004,0.30000000000000004
456,7,CARD,30,10,43,27,46,15,3,5,10,18,0.30000000000000004,0.30000000000000004
457,7,CLF_UNION,33,8,54,27,55,15,3,5,10,18,0.30000000000000004,0.30000000000000004
458,7,ORD-UNION,0,0,0,27,1,15,3,5,10,18,0.30000000000000004,0.30000000000000004
459,7,CARD,27,9,40,27,47,15,3,5,10,18,0.30000000000000004,0.30000000000000004
460,7,CLF_UNION,29,10,53,27,56,15,3,5,10,18,0.30000000000000004,0.30000000000000004
461,7,ORD-UNION,1,0,1,27,4,15,3,5,10,18,0.30000000000000004,0.30000000000000004
462,7,CARD,24,8,35,27,49,15,3,5,10,18,0.30000000000000004,0.30000000000000004
463,7,CLF_UNION,28,9,50,27,56,15,3,5,10,18,0.30000000000000004,0.30000000000000004
464,7,ORD-UNION,0,0,0,27,6,15,3,5,10,18,0.30000000000000004,0.30000000000000004
465,8,CARD,25,8,36,35,49,15,3,5,10,18,0.30000000000000004,0.30000000000000004
466,8,CLF_UNION,30,6,50,35,55,15,3,5,10,18,0.30000000000000004,0.30000000000000004
467,8,ORD-UNION,4,0,4,35,9,15,3,5,10,18,0.30000000000000004,0.30000000000000004
468,8,CARD,29,9,39,35,49,15,3,5,10,18,0.30000000000000004,0.30000000000000004
469,8,CLF_UNION,32,9,53,35,55,15,3,5,10,18,0.30000000000000004,0.30000000000000004
470,8,ORD-UNION,0,0,0,35,2,15,3,5,10,18,0.30000000000000004,0.30000000000000004
471,8,CARD,28,4,38,35,46,15,3,5,10,18,0.30000000000000004,0.30000000000000004
472,8,CLF_UNION,32,1,49,35,55,15,3,5,10,18,0.30000000000000004,0.30000000000000004
473,8,ORD-UNION,2,0,3,35,9,15,3,5,10,18,0.30000000000000004,0.30000000000000004
474,8,CARD,25,9,40,35,47,15,3,5,10,18,0.30000000000000004,0.30000000000000004
475,8,CLF_UNION,34,2,52,35,55,15,3,5,10,18,0.30000000000000004,0.30000000000000004
476,8,ORD-UNION,2,0,3,35,6,15,3,5,10,18,0.30000000000000004,0.30000000000000004
477,8,CARD,25,9,37,35,47,15,3,5,10,18,0.30000000000000004,0.30000000000000004
478,8,CLF_UNION,31,5,50,35,55,15,3,5,10,18,0.30000000000000004,0.30000000000000004
479,8,ORD-UNION,0,0,0,35,6,15,3,5,10,18,0.30000000000000004,0.30000000000000004
480,9,CARD,28,6,40,44,47,15,3,5,10,18,0.30000000000000004,0.30000000000000004
481,9,CLF_UNION,35,1,52,44,55,15,3,5,10,18,0.30000000000000004,0.30000000000000004
482,9,ORD-UNION,3,0,5,44,8,15,3,5,10,18,0.30000000000000004,0.30000000000000004
483,9,CARD,23,8,33,44,47,15,3,5,10,18,0.30000000000000004,0.30000000000000004
484,9,CLF_UNION,29,4,45,44,55,15,3,5,10,18,0.30000000000000004,0.30000000000000004
485,9,ORD-UNION,3,0,3,44,13,15,3,5,10,18,0.30000000000000004,0.30000000000000004
486,9,CARD,35,5,43,44,46,15,3,5,10,18,0.30000000000000004,0.30000000000000004
487,9,CLF_UNION,37,4,54,44,55,15,3,5,10,18,0.30000000000000004,0.30000000000000004
488,9,ORD-UNION,2,0,3,44,4,15,3,5,10,18,0.30000000000000004,0.30000000000000004
489,9,CARD,29,8,41,44,46,15,3,5,10,18,0.30000000000000004,0.30000000000000004
490,9,CLF_UNION,32,6,52,44,55,15,3,5,10,18,0.30000000000000004,0.30000000000000004
491,9,ORD-UNION,3,0,3,44,6,15,3,5,10,18,0.30000000000000004,0.30000000000000004
492,9,CARD,29,7,38,44,46,15,3,5,10,18,0.30000000000000004,0.30000000000000004
493,9,CLF_UNION,30,7,49,44,55,15,3,5,10,18,0.30000000000000004,0.30000000000000004
494,9,ORD-UNION,0,0,0,44,6,15,3,5,10,18,0.30000000000000004,0.30000000000000004
495,10,CARD,28,6,37,53,47,15,3,5,10,18,0.30000000000000004,0.30000000000000004
496,10,CLF_UNION,32,4,49,53,55,15,3,5,10,18,0.30000000000000004,0.30000000000000004
497,10,ORD-UNION,0,0,0,53,6,15,3,5,10,18,0.30000000000000004,0.30000000000000004
498,10,CARD,22,10,36,53,48,15,3,5,10,18,0.30000000000000004,0.30000000000000004
499,10,CLF_UNION,30,5,49,53,55,15,3,5,10,18,0.30000000000000004,0.30000000000000004
500,10,ORD-UNION,0,0,1,53,7,15,3,5,10,18,0.30000000000000004,0.30000000000000004
501,10,CARD,26,5,32,53,49,15,3,5,10,18,0.30000000000000004,0.30000000000000004
502,10,CLF_UNION,33,1,47,53,56,15,3,5,10,18,0.30000000000000004,0.30000000000000004
503,10,ORD-UNION,0,0,0,53,9,15,3,5,10,18,0.30000000000000004,0.30000000000000004
504,10,CARD,26,11,40,53,47,15,3,5,10,18,0.30000000000000004,0.30000000000000004
505,10,CLF_UNION,30,9,52,53,55,15,3,5,10,18,0.30000000000000004,0.30000000000000004
506,10,ORD-UNION,0,0,0,53,3,15,3,5,10,18,0.30000000000000004,0.30000000000000004
507,10,CARD,28,11,42,53,48,15,3,5,10,18,0.30000000000000004,0.30000000000000004
508,10,CLF_UNION,36,5,55,53,55,15,3,5,10,18,0.30000000000000004,0.30000000000000004
509,10,ORD-UNION,1,0,1,53,1,15,3,5,10,18,0.30000000000000004,0.30000000000000004
510,11,CARD,29,5,38,63,47,15,3,5,10,18,0.30000000000000004,0.30000000000000004
511,11,CLF_UNION,35,3,52,63,56,15,3,5,10,18,0.30000000000000004,0.30000000000000004
512,11,ORD-UNION,8,1,10,63,15,15,3,5,10,18,0.30000000000000004,0.30000000000000004
513,11,CARD,26,13,42,63,45,15,3,5,10,18,0.30000000000000004,0.30000000000000004
514,11,CLF_UNION,35,5,53,63,56,15,3,5,10,18,0.30000000000000004,0.30000000000000004
515,11,ORD-UNION,8,1,9,63,12,15,3,5,10,18,0.30000000000000004,0.30000000000000004
516,11,CARD,26,8,37,63,47,15,3,5,10,18,0.30000000000000004,0.30000000000000004
517,11,CLF_UNION,31,6,50,63,56,15,3,5,10,18,0.30000000000000004,0.30000000000000004
518,11,ORD-UNION,5,0,5,63,11,15,3,5,10,18,0.30000000000000004,0.30000000000000004
519,11,CARD,33,6,42,63,45,15,3,5,10,18,0.30000000000000004,0.30000000000000004
520,11,CLF_UNION,34,6,53,63,56,15,3,5,10,18,0.30000000000000004,0.30000000000000004
521,11,ORD-UNION,7,0,8,63,11,15,3,5,10,18,0.30000000000000004,0.30000000000000004
522,11,CARD,28,4,34,63,47,15,3,5,10,18,0.30000000000000004,0.30000000000000004
523,11,CLF_UNION,32,2,47,63,56,15,3,5,10,18,0.30000000000000004,0.30000000000000004
524,11,ORD-UNION,10,1,12,63,21,15,3,5,10,18,0.30000000000000004,0.30000000000000004
525,12,CARD,20,15,38,73,47,15,3,5,10,18,0.30000000000000004,0.30000000000000004
526,12,CLF_UNION,28,8,50,73,55,15,3,5,10,18,0.30000000000000004,0.30000000000000004
527,12,ORD-UNION,5,0,5,73,10,15,3,5,10,18,0.30000000000000004,0.30000000000000004
528,12,CARD,27,10,37,73,47,15,3,5,10,18,0.30000000000000004,0.30000000000000004
529,12,CLF_UNION,31,7,49,73,55,15,3,5,10,18,0.30000000000000004,0.30000000000000004
530,12,ORD-UNION,5,0,5,73,11,15,3,5,10,18,0.30000000000000004,0.30000000000000004
531,12,CARD,27,7,38,73,46,15,3,5,10,18,0.30000000000000004,0.30000000000000004
532,12,CLF_UNION,30,5,49,73,55,15,3,5,10,18,0.30000000000000004,0.30000000000000004
533,12,ORD-UNION,6,1,7,73,13,15,3,5,10,18,0.30000000000000004,0.30000000000000004
534,12,CARD,29,6,36,73,48,15,3,5,10,18,0.30000000000000004,0.30000000000000004
535,12,CLF_UNION,31,6,49,73,55,15,3,5,10,18,0.30000000000000004,0.30000000000000004
536,12,ORD-UNION,6,0,6,73,12,15,3,5,10,18,0.30000000000000004,0.30000000000000004
537,12,CARD,31,8,42,73,47,15,3,5,10,18,0.30000000000000004,0.30000000000000004
538,12,CLF_UNION,35,6,54,73,55,15,3,5,10,18,0.30000000000000004,0.30000000000000004
539,12,ORD-UNION,8,1,9,73,10,15,3,5,10,18,0.30000000000000004,0.30000000000000004
540,13,CARD,18,7,28,85,48,15,3,5,10,18,0.30000000000000004,0.30000000000000004
541,13,CLF_UNION,22,8,43,85,56,15,3,5,10,18,0.30000000000000004,0.30000000000000004
542,13,ORD-UNION,4,0,5,85,19,15,3,5,10,18,0.30000000000000004,0.30000000000000004
543,13,CARD,22,8,33,85,48,15,3,5,10,18,0.30000000000000004,0.30000000000000004
544,13,CLF_UNION,25,6,48,85,57,15,3,5,10,18,0.30000000000000004,0.30000000000000004
545,13,ORD-UNION,4,2,6,85,15,15,3,5,10,18,0.30000000000000004,0.30000000000000004
546,13,CARD,24,0,26,85,52,15,3,5,10,18,0.30000000000000004,0.30000000000000004
547,13,CLF_UNION,24,3,47,85,59,15,3,5,10,18,0.30000000000000004,0.30000000000000004
548,13,ORD-UNION,5,0,5,85,17,15,3,5,10,18,0.30000000000000004,0.30000000000000004
549,13,CARD,28,4,37,85,47,15,3,5,10,18,0.30000000000000004,0.30000000000000004
550,13,CLF_UNION,30,5,50,85,56,15,3,5,10,18,0.30000000000000004,0.30000000000000004
551,13,ORD-UNION,16,0,18,85,24,15,3,5,10,18,0.30000000000000004,0.30000000000000004
552,13,CARD,30,0,31,85,50,15,3,5,10,18,0.30000000000000004,0.30000000000000004
553,13,CLF_UNION,31,3,49,85,58,15,3,5,10,18,0.30000000000000004,0.30000000000000004
554,13,ORD-UNION,7,0,7,85,16,15,3,5,10,18,0.30000000000000004,0.30000000000000004
555,14,CARD,27,7,36,99,48,15,3,5,10,18,0.30000000000000004,0.30000000000000004
556,14,CLF_UNION,30,7,49,99,55,15,3,5,10,18,0.30000000000000004,0.30000000000000004
557,14,ORD-UNION,1,0,1,99,7,15,3,5,10,18,0.30000000000000004,0.30000000000000004
558,14,CARD,27,7,41,99,46,15,3,5,10,18,0.30000000000000004,0.30000000000000004
559,14,CLF_UNION,29,6,52,99,55,15,3,5,10,18,0.30000000000000004,0.30000000000000004
560,14,ORD-UNION,12,1,16,99,19,15,3,5,10,18,0.30000000000000004,0.30000000000000004
561,14,CARD,13,2,24,99,46,15,3,5,10,18,0.30000000000000004,0.30000000000000004
562,14,CLF_UNION,13,3,36,99,55,15,3,5,10,18,0.30000000000000004,0.30000000000000004
563,14,ORD-UNION,5,0,7,99,27,15,3,5,10,18,0.30000000000000004,0.30000000000000004
564,14,CARD,17,13,32,99,49,15,3,5,10,18,0.30000000000000004,0.30000000000000004
565,14,CLF_UNION,23,10,46,99,55,15,3,5,10,18,0.30000000000000004,0.30000000000000004
566,14,ORD-UNION,6,0,7,99,16,15,3,5,10,18,0.30000000000000004,0.30000000000000004
567,14,CARD,30,8,42,99,45,15,3,5,10,18,0.30000000000000004,0.30000000000000004
568,14,CLF_UNION,36,2,52,99,55,15,3,5,10,18,0.30000000000000004,0.30000000000000004
569,14,ORD-UNION,10,0,10,99,13,15,3,5,10,18,0.30000000000000004,0.30000000000000004
