,budget,model,correct,wrong,total,n_pref_input,n_pref_output,theta_size,theta_additivity,n_items,n_test_subsets,n_tiers,alpha,p
0,1,CARD,22,2,24,1,66,22,5,5,10,18,0.5,0.7000000000000001
1,1,CLF_UNION,28,18,62,1,62,22,5,5,10,18,0.5,0.7000000000000001
2,1,ORD-UNION,0,0,0,1,0,22,5,5,10,18,0.5,0.7000000000000001
3,1,CARD,17,0,21,1,69,22,5,5,10,18,0.5,0.7000000000000001
4,1,CLF_UNION,26,16,60,1,60,22,5,5,10,18,0.5,0.7000000000000001
5,1,ORD-UNION,0,0,0,1,0,22,5,5,10,18,0.5,0.7000000000000001
6,1,CARD,13,8,24,1,66,22,5,5,10,18,0.5,0.7000000000000001
7,1,CLF_UNION,32,13,59,1,59,22,5,5,10,18,0.5,0.7000000000000001
8,1,ORD-UNION,0,0,0,1,0,22,5,5,10,18,0.5,0.7000000000000001
9,1,CARD,13,7,24,1,66,22,5,5,10,18,0.5,0.7000000000000001
10,1,CLF_UNION,32,20,71,1,71,22,5,5,10,18,0.5,0.7000000000000001
11,1,ORD-UNION,0,0,0,1,0,22,5,5,10,18,0.5,0.7000000000000001
12,1,CARD,10,12,25,1,65,22,5,5,10,18,0.5,0.7000000000000001
13,1,CLF_UNION,33,15,63,1,63,22,5,5,10,18,0.5,0.7000000000000001
14,1,ORD-UNION,0,0,0,1,0,22,5,5,10,18,0.5,0.7000000000000001
15,2,CARD,16,16,35,3,55,22,5,5,10,18,0.5,0.7000000000000001
16,2,CLF_UNION,22,22,58,3,58,22,5,5,10,18,0.5,0.7000000000000001
17,2,ORD-UNION,0,0,0,3,0,22,5,5,10,18,0.5,0.7000000000000001
18,2,CARD,25,10,35,3,55,22,5,5,10,18,0.5,0.7000000000000001
19,2,CLF_UNION,22,21,56,3,56,22,5,5,10,18,0.5,0.7000000000000001
20,2,ORD-UNION,0,0,0,3,0,22,5,5,10,18,0.5,0.7000000000000001
21,2,CARD,19,14,35,3,55,22,5,5,10,18,0.5,0.7000000000000001
22,2,CLF_UNION,31,15,60,3,60,22,5,5,10,18,0.5,0.7000000000000001
23,2,ORD-UNION,0,0,0,3,0,22,5,5,10,18,0.5,0.7000000000000001
24,2,CARD,24,9,35,3,54,22,5,5,10,18,0.5,0.7000000000000001
25,2,CLF_UNION,23,22,57,3,58,22,5,5,10,18,0.5,0.7000000000000001
26,2,ORD-UNION,0,0,0,3,1,22,5,5,10,18,0.5,0.7000000000000001
27,2,CARD,18,16,36,3,54,22,5,5,10,18,0.5,0.7000000000000001
28,2,CLF_UNION,23,27,62,3,62,22,5,5,10,18,0.5,0.7000000000000001
29,2,ORD-UNION,0,0,0,3,0,22,5,5,10,18,0.5,0.7000000000000001
30,3,CARD,21,6,31,6,56,22,5,5,10,18,0.5,0.7000000000000001
31,3,CLF_UNION,29,12,55,6,58,22,5,5,10,18,0.5,0.7000000000000001
32,3,ORD-UNION,0,0,0,6,3,22,5,5,10,18,0.5,0.7000000000000001
33,3,CARD,15,16,36,6,53,22,5,5,10,18,0.5,0.7000000000000001
34,3,CLF_UNION,20,20,56,6,57,22,5,5,10,18,0.5,0.7000000000000001
35,3,ORD-UNION,1,0,1,6,2,22,5,5,10,18,0.5,0.7000000000000001
36,3,CARD,21,14,36,6,54,22,5,5,10,18,0.5,0.7000000000000001
37,3,CLF_UNION,24,23,58,6,58,22,5,5,10,18,0.5,0.7000000000000001
38,3,ORD-UNION,0,0,0,6,0,22,5,5,10,18,0.5,0.7000000000000001
39,3,CARD,25,11,37,6,52,22,5,5,10,18,0.5,0.7000000000000001
40,3,CLF_UNION,27,19,57,6,58,22,5,5,10,18,0.5,0.7000000000000001
41,3,ORD-UNION,0,0,0,6,1,22,5,5,10,18,0.5,0.7000000000000001
42,3,CARD,20,13,37,6,53,22,5,5,10,18,0.5,0.7000000000000001
43,3,CLF_UNION,14,34,62,6,62,22,5,5,10,18,0.5,0.7000000000000001
44,3,ORD-UNION,0,0,0,6,0,22,5,5,10,18,0.5,0.7000000000000001
45,4,CARD,33,2,37,10,52,22,5,5,10,18,0.5,0.7000000000000001
46,4,CLF_UNION,36,6,55,10,56,22,5,5,10,18,0.5,0.7000000000000001
47,4,ORD-UNION,0,0,0,10,1,22,5,5,10,18,0.5,0.7000000000000001
48,4,CARD,27,10,38,10,49,22,5,5,10,18,0.5,0.7000000000000001
49,4,CLF_UNION,29,12,52,10,55,22,5,5,10,18,0.5,0.7000000000000001
50,4,ORD-UNION,0,0,0,10,3,22,5,5,10,18,0.5,0.7000000000000001
51,4,CARD,32,3,38,10,52,22,5,5,10,18,0.5,0.7000000000000001
52,4,CLF_UNION,33,9,55,10,55,22,5,5,10,18,0.5,0.7000000000000001
53,4,ORD-UNION,0,0,0,10,0,22,5,5,10,18,0.5,0.7000000000000001
54,4,CARD,28,5,36,10,54,22,5,5,10,18,0.5,0.7000000000000001
55,4,CLF_UNION,32,10,57,10,57,22,5,5,10,18,0.5,0.7000000000000001
56,4,ORD-UNION,0,0,0,10,0,22,5,5,10,18,0.5,0.7000000000000001
57,4,CARD,24,1,28,10,61,22,5,5,10,18,0.5,0.7000000000000001
58,4,CLF_UNION,34,7,56,10,57,22,5,5,10,18,0.5,0.7000000000000001
59,4,ORD-UNION,0,0,0,10,1,22,5,5,10,18,0.5,0.7000000000000001
60,5,CARD,22,20,44,14,46,22,5,5,10,18,0.5,0.7000000000000001
61,5,CLF_UNION,30,13,55,14,55,22,5,5,10,18,0.5,0.7000000000000001
62,5,ORD-UNION,0,0,0,14,0,22,5,5,10,18,0.5,0.7000000000000001
63,5,CARD,24,17,45,14,45,22,5,5,10,18,0.5,0.7000000000000001
64,5,CLF_UNION,31,10,55,14,55,22,5,5,10,18,0.5,0.7000000000000001
65,5,ORD-UNION,0,0,0,14,0,22,5,5,10,18,0.5,0.7000000000000001
66,5,CARD,21,20,44,14,46,22,5,5,10,18,0.5,0.7000000000000001
67,5,CLF_UNION,30,12,55,14,55,22,5,5,10,18,0.5,0.7000000000000001
68,5,ORD-UNION,1,0,1,14,1,22,5,5,10,18,0.5,0.7000000000000001
69,5,CARD,17,19,41,14,49,22,5,5,10,18,0.5,0.7000000000000001
70,5,CLF_UNION,26,13,55,14,55,22,5,5,10,18,0.5,0.7000000000000001
71,5,ORD-UNION,0,0,0,14,0,22,5,5,10,18,0.5,0.7000000000000001
72,5,CARD,33,7,44,14,46,22,5,5,10,18,0.5,0.7000000000000001
73,5,CLF_UNION,35,6,55,14,55,22,5,5,10,18,0.5,0.7000000000000001
74,5,ORD-UNION,0,0,0,14,0,22,5,5,10,18,0.5,0.7000000000000001
75,6,CARD,17,15,37,20,52,22,5,5,10,18,0.5,0.7000000000000001
76,6,CLF_UNION,26,13,54,20,55,22,5,5,10,18,0.5,0.7000000000000001
77,6,ORD-UNION,0,0,0,20,1,22,5,5,10,18,0.5,0.7000000000000001
78,6,CARD,34,8,43,20,47,22,5,5,10,18,0.5,0.7000000000000001
79,6,CLF_UNION,36,8,55,20,55,22,5,5,10,18,0.5,0.7000000000000001
80,6,ORD-UNION,0,0,0,20,0,22,5,5,10,18,0.5,0.7000000000000001
81,6,CARD,19,19,40,20,47,22,5,5,10,18,0.5,0.7000000000000001
82,6,CLF_UNION,27,13,52,20,55,22,5,5,10,18,0.5,0.7000000000000001
83,6,ORD-UNION,0,0,0,20,3,22,5,5,10,18,0.5,0.7000000000000001
84,6,CARD,24,11,37,20,47,22,5,5,10,18,0.5,0.7000000000000001
85,6,CLF_UNION,25,12,49,20,55,22,5,5,10,18,0.5,0.7000000000000001
86,6,ORD-UNION,0,0,0,20,6,22,5,5,10,18,0.5,0.7000000000000001
87,6,CARD,31,9,41,20,48,22,5,5,10,18,0.5,0.7000000000000001
88,6,CLF_UNION,39,4,54,20,55,22,5,5,10,18,0.5,0.7000000000000001
89,6,ORD-UNION,0,0,0,20,1,22,5,5,10,18,0.5,0.7000000000000001
90,7,CARD,32,7,39,27,48,22,5,5,10,18,0.5,0.7000000000000001
91,7,CLF_UNION,35,7,52,27,55,22,5,5,10,18,0.5,0.7000000000000001
92,7,ORD-UNION,3,0,3,27,6,22,5,5,10,18,0.5,0.7000000000000001
93,7,CARD,28,5,40,27,47,22,5,5,10,18,0.5,0.7000000000000001
94,7,CLF_UNION,28,7,53,27,56,22,5,5,10,18,0.5,0.7000000000000001
95,7,ORD-UNION,0,0,0,27,3,22,5,5,10,18,0.5,0.7000000000000001
96,7,CARD,31,7,42,27,47,22,5,5,10,18,0.5,0.7000000000000001
97,7,CLF_UNION,39,1,56,27,57,22,5,5,10,18,0.5,0.7000000000000001
98,7,ORD-UNION,2,0,2,27,3,22,5,5,10,18,0.5,0.7000000000000001
99,7,CARD,25,10,38,27,50,22,5,5,10,18,0.5,0.7000000000000001
100,7,CLF_UNION,25,14,53,27,55,22,5,5,10,18,0.5,0.7000000000000001
101,7,ORD-UNION,1,0,1,27,3,22,5,5,10,18,0.5,0.7000000000000001
102,7,CARD,27,14,45,27,45,22,5,5,10,18,0.5,0.7000000000000001
103,7,CLF_UNION,29,12,55,27,55,22,5,5,10,18,0.5,0.7000000000000001
104,7,ORD-UNION,2,0,2,27,2,22,5,5,10,18,0.5,0.7000000000000001
105,8,CARD,24,18,44,33,45,22,5,5,10,18,0.5,0.7000000000000001
106,8,CLF_UNION,29,13,55,33,56,22,5,5,10,18,0.5,0.7000000000000001
107,8,ORD-UNION,0,0,0,33,1,22,5,5,10,18,0.5,0.7000000000000001
108,8,CARD,27,7,37,33,48,22,5,5,10,18,0.5,0.7000000000000001
109,8,CLF_UNION,31,5,50,33,55,22,5,5,10,18,0.5,0.7000000000000001
110,8,ORD-UNION,1,0,1,33,6,22,5,5,10,18,0.5,0.7000000000000001
111,8,CARD,21,15,38,33,46,22,5,5,10,18,0.5,0.7000000000000001
112,8,CLF_UNION,24,13,49,33,55,22,5,5,10,18,0.5,0.7000000000000001
113,8,ORD-UNION,0,0,0,33,6,22,5,5,10,18,0.5,0.7000000000000001
114,8,CARD,30,7,39,33,48,22,5,5,10,18,0.5,0.7000000000000001
115,8,CLF_UNION,32,8,53,33,56,22,5,5,10,18,0.5,0.7000000000000001
116,8,ORD-UNION,0,0,0,33,3,22,5,5,10,18,0.5,0.7000000000000001
117,8,CARD,27,10,40,33,47,22,5,5,10,18,0.5,0.7000000000000001
118,8,CLF_UNION,34,5,53,33,56,22,5,5,10,18,0.5,0.7000000000000001
119,8,ORD-UNION,3,0,3,33,6,22,5,5,10,18,0.5,0.7000000000000001
120,9,CARD,30,2,41,41,48,22,5,5,10,18,0.5,0.7000000000000001
121,9,CLF_UNION,33,2,54,41,55,22,5,5,10,18,0.5,0.7000000000000001
122,9,ORD-UNION,3,0,3,41,4,22,5,5,10,18,0.5,0.7000000000000001
123,9,CARD,16,14,32,41,49,22,5,5,10,18,0.5,0.7000000000000001
124,9,CLF_UNION,23,11,48,41,57,22,5,5,10,18,0.5,0.7000000000000001
125,9,ORD-UNION,3,0,3,41,12,22,5,5,10,18,0.5,0.7000000000000001
126,9,CARD,19,11,33,41,48,22,5,5,10,18,0.5,0.7000000000000001
127,9,CLF_UNION,28,4,46,41,55,22,5,5,10,18,0.5,0.7000000000000001
128,9,ORD-UNION,0,0,0,41,9,22,5,5,10,18,0.5,0.7000000000000001
129,9,CARD,17,15,40,41,48,22,5,5,10,18,0.5,0.7000000000000001
130,9,CLF_UNION,25,9,54,41,56,22,5,5,10,18,0.5,0.7000000000000001
131,9,ORD-UNION,3,0,3,41,5,22,5,5,10,18,0.5,0.7000000000000001
132,9,CARD,31,8,44,41,45,22,5,5,10,18,0.5,0.7000000000000001
133,9,CLF_UNION,32,7,54,41,55,22,5,5,10,18,0.5,0.7000000000000001
134,9,ORD-UNION,1,0,1,41,2,22,5,5,10,18,0.5,0.7000000000000001
135,10,CARD,24,10,37,48,48,22,5,5,10,18,0.5,0.7000000000000001
136,10,CLF_UNION,30,6,50,48,55,22,5,5,10,18,0.5,0.7000000000000001
137,10,ORD-UNION,4,0,4,48,9,22,5,5,10,18,0.5,0.7000000000000001
138,10,CARD,32,7,40,48,47,22,5,5,10,18,0.5,0.7000000000000001
139,10,CLF_UNION,35,6,52,48,55,22,5,5,10,18,0.5,0.7000000000000001
140,10,ORD-UNION,4,0,4,48,7,22,5,5,10,18,0.5,0.7000000000000001
141,10,CARD,19,20,41,48,46,22,5,5,10,18,0.5,0.7000000000000001
142,10,CLF_UNION,25,15,52,48,55,22,5,5,10,18,0.5,0.7000000000000001
143,10,ORD-UNION,1,0,1,48,4,22,5,5,10,18,0.5,0.7000000000000001
144,10,CARD,22,12,34,48,46,22,5,5,10,18,0.5,0.7000000000000001
145,10,CLF_UNION,26,9,45,48,55,22,5,5,10,18,0.5,0.7000000000000001
146,10,ORD-UNION,1,0,1,48,11,22,5,5,10,18,0.5,0.7000000000000001
147,10,CARD,25,8,34,48,47,22,5,5,10,18,0.5,0.7000000000000001
148,10,CLF_UNION,30,4,46,48,55,22,5,5,10,18,0.5,0.7000000000000001
149,10,ORD-UNION,1,0,1,48,10,22,5,5,10,18,0.5,0.7000000000000001
150,11,CARD,16,16,35,59,48,22,5,5,10,18,0.5,0.7000000000000001
151,11,CLF_UNION,17,15,49,59,56,22,5,5,10,18,0.5,0.7000000000000001
152,11,ORD-UNION,0,0,0,59,7,22,5,5,10,18,0.5,0.7000000000000001
153,11,CARD,25,8,38,59,47,22,5,5,10,18,0.5,0.7000000000000001
154,11,CLF_UNION,28,6,50,59,55,22,5,5,10,18,0.5,0.7000000000000001
155,11,ORD-UNION,2,0,2,59,7,22,5,5,10,18,0.5,0.7000000000000001
156,11,CARD,26,15,42,59,46,22,5,5,10,18,0.5,0.7000000000000001
157,11,CLF_UNION,28,13,53,59,55,22,5,5,10,18,0.5,0.7000000000000001
158,11,ORD-UNION,0,0,0,59,2,22,5,5,10,18,0.5,0.7000000000000001
159,11,CARD,29,8,39,59,46,22,5,5,10,18,0.5,0.7000000000000001
160,11,CLF_UNION,33,4,50,59,55,22,5,5,10,18,0.5,0.7000000000000001
161,11,ORD-UNION,3,0,3,59,8,22,5,5,10,18,0.5,0.7000000000000001
162,11,CARD,14,17,35,59,48,22,5,5,10,18,0.5,0.7000000000000001
163,11,CLF_UNION,19,12,49,59,56,22,5,5,10,18,0.5,0.7000000000000001
164,11,ORD-UNION,2,0,2,59,9,22,5,5,10,18,0.5,0.7000000000000001
165,12,CARD,23,6,32,71,49,22,5,5,10,18,0.5,0.7000000000000001
166,12,CLF_UNION,27,5,47,71,56,22,5,5,10,18,0.5,0.7000000000000001
167,12,ORD-UNION,0,0,0,71,9,22,5,5,10,18,0.5,0.7000000000000001
168,12,CARD,17,16,33,71,54,22,5,5,10,18,0.5,0.7000000000000001
169,12,CLF_UNION,22,17,54,71,57,22,5,5,10,18,0.5,0.7000000000000001
170,12,ORD-UNION,3,0,3,71,6,22,5,5,10,18,0.5,0.7000000000000001
171,12,CARD,22,15,40,71,49,22,5,5,10,18,0.5,0.7000000000000001
172,12,CLF_UNION,27,14,54,71,55,22,5,5,10,18,0.5,0.7000000000000001
173,12,ORD-UNION,2,0,2,71,3,22,5,5,10,18,0.5,0.7000000000000001
174,12,CARD,23,7,31,71,50,22,5,5,10,18,0.5,0.7000000000000001
175,12,CLF_UNION,31,3,47,71,56,22,5,5,10,18,0.5,0.7000000000000001
176,12,ORD-UNION,2,0,2,71,11,22,5,5,10,18,0.5,0.7000000000000001
177,12,CARD,18,1,22,71,48,22,5,5,10,18,0.5,0.7000000000000001
178,12,CLF_UNION,17,4,36,71,56,22,5,5,10,18,0.5,0.7000000000000001
179,12,ORD-UNION,0,0,0,71,20,22,5,5,10,18,0.5,0.7000000000000001
180,13,CARD,29,7,37,83,51,22,5,5,10,18,0.5,0.7000000000000001
181,13,CLF_UNION,27,9,53,83,55,22,5,5,10,18,0.5,0.7000000000000001
182,13,ORD-UNION,2,0,2,83,4,22,5,5,10,18,0.5,0.7000000000000001
183,13,CARD,29,0,30,83,46,22,5,5,10,18,0.5,0.7000000000000001
184,13,CLF_UNION,26,3,41,83,55,22,5,5,10,18,0.5,0.7000000000000001
185,13,ORD-UNION,0,0,0,83,14,22,5,5,10,18,0.5,0.7000000000000001
186,13,CARD,26,2,28,83,50,22,5,5,10,18,0.5,0.7000000000000001
187,13,CLF_UNION,27,2,43,83,55,22,5,5,10,18,0.5,0.7000000000000001
188,13,ORD-UNION,3,0,3,83,15,22,5,5,10,18,0.5,0.7000000000000001
189,13,CARD,31,5,38,83,47,22,5,5,10,18,0.5,0.7000000000000001
190,13,CLF_UNION,33,5,51,83,56,22,5,5,10,18,0.5,0.7000000000000001
191,13,ORD-UNION,1,0,1,83,6,22,5,5,10,18,0.5,0.7000000000000001
192,13,CARD,21,2,23,83,46,22,5,5,10,18,0.5,0.7000000000000001
193,13,CLF_UNION,21,4,35,83,56,22,5,5,10,18,0.5,0.7000000000000001
194,13,ORD-UNION,3,0,3,83,24,22,5,5,10,18,0.5,0.7000000000000001
195,14,CARD,30,4,36,93,49,22,5,5,10,18,0.5,0.7000000000000001
196,14,CLF_UNION,37,0,50,93,55,22,5,5,10,18,0.5,0.7000000000000001
197,14,ORD-UNION,2,0,2,93,7,22,5,5,10,18,0.5,0.7000000000000001
198,14,CARD,28,1,29,93,49,22,5,5,10,18,0.5,0.7000000000000001
199,14,CLF_UNION,30,0,44,93,56,22,5,5,10,18,0.5,0.7000000000000001
200,14,ORD-UNION,1,0,1,93,13,22,5,5,10,18,0.5,0.7000000000000001
201,14,CARD,21,12,34,93,47,22,5,5,10,18,0.5,0.7000000000000001
202,14,CLF_UNION,20,14,47,93,56,22,5,5,10,18,0.5,0.7000000000000001
203,14,ORD-UNION,0,0,0,93,9,22,5,5,10,18,0.5,0.7000000000000001
204,14,CARD,23,5,30,93,46,22,5,5,10,18,0.5,0.7000000000000001
205,14,CLF_UNION,27,1,41,93,55,22,5,5,10,18,0.5,0.7000000000000001
206,14,ORD-UNION,0,0,0,93,14,22,5,5,10,18,0.5,0.7000000000000001
207,14,CARD,20,18,40,93,47,22,5,5,10,18,0.5,0.7000000000000001
208,14,CLF_UNION,29,11,52,93,55,22,5,5,10,18,0.5,0.7000000000000001
209,14,ORD-UNION,1,0,1,93,4,22,5,5,10,18,0.5,0.7000000000000001
210,15,CARD,19,5,27,108,51,22,5,5,10,18,0.5,0.7000000000000001
211,15,CLF_UNION,26,1,44,108,56,22,5,5,10,18,0.5,0.7000000000000001
212,15,ORD-UNION,2,0,2,108,14,22,5,5,10,18,0.5,0.7000000000000001
213,15,CARD,19,11,30,108,48,22,5,5,10,18,0.5,0.7000000000000001
214,15,CLF_UNION,20,10,44,108,56,22,5,5,10,18,0.5,0.7000000000000001
215,15,ORD-UNION,2,0,2,108,14,22,5,5,10,18,0.5,0.7000000000000001
216,15,CARD,24,6,32,108,48,22,5,5,10,18,0.5,0.7000000000000001
217,15,CLF_UNION,30,3,46,108,56,22,5,5,10,18,0.5,0.7000000000000001
218,15,ORD-UNION,2,0,2,108,12,22,5,5,10,18,0.5,0.7000000000000001
219,15,CARD,23,6,30,108,45,22,5,5,10,18,0.5,0.7000000000000001
220,15,CLF_UNION,26,3,40,108,55,22,5,5,10,18,0.5,0.7000000000000001
221,15,ORD-UNION,0,0,0,108,15,22,5,5,10,18,0.5,0.7000000000000001
222,15,CARD,21,6,30,108,46,22,5,5,10,18,0.5,0.7000000000000001
223,15,CLF_UNION,26,1,42,108,56,22,5,5,10,18,0.5,0.7000000000000001
224,15,ORD-UNION,2,0,2,108,16,22,5,5,10,18,0.5,0.7000000000000001
225,16,CARD,25,12,39,124,45,22,5,5,10,18,0.5,0.7000000000000001
226,16,CLF_UNION,28,9,49,124,55,22,5,5,10,18,0.5,0.7000000000000001
227,16,ORD-UNION,1,0,1,124,7,22,5,5,10,18,0.5,0.7000000000000001
228,16,CARD,25,3,30,124,46,22,5,5,10,18,0.5,0.7000000000000001
229,16,CLF_UNION,25,3,41,124,55,22,5,5,10,18,0.5,0.7000000000000001
230,16,ORD-UNION,0,0,0,124,14,22,5,5,10,18,0.5,0.7000000000000001
231,16,CARD,18,10,30,124,46,22,5,5,10,18,0.5,0.7000000000000001
232,16,CLF_UNION,20,10,42,124,56,22,5,5,10,18,0.5,0.7000000000000001
233,16,ORD-UNION,0,0,0,124,14,22,5,5,10,18,0.5,0.7000000000000001
234,16,CARD,26,4,34,124,46,22,5,5,10,18,0.5,0.7000000000000001
235,16,CLF_UNION,28,2,46,124,56,22,5,5,10,18,0.5,0.7000000000000001
236,16,ORD-UNION,2,0,2,124,12,22,5,5,10,18,0.5,0.7000000000000001
237,16,CARD,27,11,39,124,45,22,5,5,10,18,0.5,0.7000000000000001
238,16,CLF_UNION,28,10,49,124,55,22,5,5,10,18,0.5,0.7000000000000001
239,16,ORD-UNION,0,0,0,124,6,22,5,5,10,18,0.5,0.7000000000000001
240,17,CARD,31,3,35,141,46,22,5,5,10,18,0.5,0.7000000000000001
241,17,CLF_UNION,34,0,46,141,55,22,5,5,10,18,0.5,0.7000000000000001
242,17,ORD-UNION,4,0,4,141,13,22,5,5,10,18,0.5,0.7000000000000001
243,17,CARD,19,10,30,141,45,22,5,5,10,18,0.5,0.7000000000000001
244,17,CLF_UNION,19,10,40,141,55,22,5,5,10,18,0.5,0.7000000000000001
245,17,ORD-UNION,3,0,3,141,18,22,5,5,10,18,0.5,0.7000000000000001
246,17,CARD,27,12,42,141,46,22,5,5,10,18,0.5,0.7000000000000001
247,17,CLF_UNION,27,12,53,141,55,22,5,5,10,18,0.5,0.7000000000000001
248,17,ORD-UNION,1,0,1,141,3,22,5,5,10,18,0.5,0.7000000000000001
249,17,CARD,20,2,23,141,49,22,5,5,10,18,0.5,0.7000000000000001
250,17,CLF_UNION,20,3,38,141,56,22,5,5,10,18,0.5,0.7000000000000001
251,17,ORD-UNION,1,0,1,141,19,22,5,5,10,18,0.5,0.7000000000000001
252,17,CARD,19,9,29,141,47,22,5,5,10,18,0.5,0.7000000000000001
253,17,CLF_UNION,19,10,41,141,55,22,5,5,10,18,0.5,0.7000000000000001
254,17,ORD-UNION,1,0,1,141,15,22,5,5,10,18,0.5,0.7000000000000001
255,18,CARD,19,9,29,159,47,22,5,5,10,18,0.5,0.7000000000000001
256,18,CLF_UNION,19,11,42,159,56,22,5,5,10,18,0.5,0.7000000000000001
257,18,ORD-UNION,3,0,3,159,17,22,5,5,10,18,0.5,0.7000000000000001
258,18,CARD,19,3,25,159,46,22,5,5,10,18,0.5,0.7000000000000001
259,18,CLF_UNION,19,3,37,159,56,22,5,5,10,18,0.5,0.7000000000000001
260,18,ORD-UNION,0,0,0,159,19,22,5,5,10,18,0.5,0.7000000000000001
261,18,CARD,7,9,17,159,45,22,5,5,10,18,0.5,0.7000000000000001
262,18,CLF_UNION,7,9,27,159,55,22,5,5,10,18,0.5,0.7000000000000001
263,18,ORD-UNION,3,0,3,159,31,22,5,5,10,18,0.5,0.7000000000000001
264,18,CARD,29,1,30,159,48,22,5,5,10,18,0.5,0.7000000000000001
265,18,CLF_UNION,28,2,43,159,55,22,5,5,10,18,0.5,0.7000000000000001
266,18,ORD-UNION,3,0,3,159,15,22,5,5,10,18,0.5,0.7000000000000001
267,18,CARD,21,13,36,159,45,22,5,5,10,18,0.5,0.7000000000000001
268,18,CLF_UNION,22,12,47,159,56,22,5,5,10,18,0.5,0.7000000000000001
269,18,ORD-UNION,1,0,1,159,10,22,5,5,10,18,0.5,0.7000000000000001
270,19,CARD,19,10,30,178,45,22,5,5,10,18,0.5,0.7000000000000001
271,19,CLF_UNION,20,9,40,178,55,22,5,5,10,18,0.5,0.7000000000000001
272,19,ORD-UNION,4,0,4,178,19,22,5,5,10,18,0.5,0.7000000000000001
273,19,CARD,15,9,25,178,46,22,5,5,10,18,0.5,0.7000000000000001
274,19,CLF_UNION,15,9,36,178,55,22,5,5,10,18,0.5,0.7000000000000001
275,19,ORD-UNION,6,0,6,178,25,22,5,5,10,18,0.5,0.7000000000000001
276,19,CARD,26,1,28,178,48,22,5,5,10,18,0.5,0.7000000000000001
277,19,CLF_UNION,29,0,41,178,55,22,5,5,10,18,0.5,0.7000000000000001
278,19,ORD-UNION,5,0,5,178,19,22,5,5,10,18,0.5,0.7000000000000001
279,19,CARD,0,0,0,178,48,22,5,5,10,18,0.5,0.7000000000000001
280,19,CLF_UNION,0,0,13,178,55,22,5,5,10,18,0.5,0.7000000000000001
281,19,ORD-UNION,0,0,0,178,42,22,5,5,10,18,0.5,0.7000000000000001
282,19,CARD,22,11,34,178,47,22,5,5,10,18,0.5,0.7000000000000001
283,19,CLF_UNION,26,9,46,178,55,22,5,5,10,18,0.5,0.7000000000000001
284,19,ORD-UNION,4,0,4,178,13,22,5,5,10,18,0.5,0.7000000000000001
285,20,CARD,8,0,9,196,51,22,5,5,10,18,0.5,0.7000000000000001
286,20,CLF_UNION,8,0,25,196,55,22,5,5,10,18,0.5,0.7000000000000001
287,20,ORD-UNION,3,0,3,196,33,22,5,5,10,18,0.5,0.7000000000000001
288,20,CARD,20,2,23,196,47,22,5,5,10,18,0.5,0.7000000000000001
289,20,CLF_UNION,20,4,36,196,56,22,5,5,10,18,0.5,0.7000000000000001
290,20,ORD-UNION,5,0,5,196,25,22,5,5,10,18,0.5,0.7000000000000001
291,20,CARD,36,1,39,196,45,22,5,5,10,18,0.5,0.7000000000000001
292,20,CLF_UNION,37,0,49,196,55,22,5,5,10,18,0.5,0.7000000000000001
293,20,ORD-UNION,9,0,9,196,15,22,5,5,10,18,0.5,0.7000000000000001
294,20,CARD,8,9,18,196,46,22,5,5,10,18,0.5,0.7000000000000001
295,20,CLF_UNION,8,9,29,196,55,22,5,5,10,18,0.5,0.7000000000000001
296,20,ORD-UNION,3,0,3,196,29,22,5,5,10,18,0.5,0.7000000000000001
297,20,CARD,16,0,16,196,52,22,5,5,10,18,0.5,0.7000000000000001
298,20,CLF_UNION,16,0,33,196,55,22,5,5,10,18,0.5,0.7000000000000001
299,20,ORD-UNION,8,0,8,196,30,22,5,5,10,18,0.5,0.7000000000000001
300,21,CARD,16,0,21,216,51,22,5,5,10,18,0.5,0.7000000000000001
301,21,CLF_UNION,16,0,40,216,58,22,5,5,10,18,0.5,0.7000000000000001
302,21,ORD-UNION,2,0,2,216,20,22,5,5,10,18,0.5,0.7000000000000001
303,21,CARD,13,10,24,216,45,22,5,5,10,18,0.5,0.7000000000000001
304,21,CLF_UNION,13,10,34,216,55,22,5,5,10,18,0.5,0.7000000000000001
305,21,ORD-UNION,3,0,3,216,24,22,5,5,10,18,0.5,0.7000000000000001
306,21,CARD,13,9,24,216,47,22,5,5,10,18,0.5,0.7000000000000001
307,21,CLF_UNION,13,9,36,216,55,22,5,5,10,18,0.5,0.7000000000000001
308,21,ORD-UNION,6,0,6,216,25,22,5,5,10,18,0.5,0.7000000000000001
309,21,CARD,24,2,30,216,48,22,5,5,10,18,0.5,0.7000000000000001
310,21,CLF_UNION,25,2,43,216,55,22,5,5,10,18,0.5,0.7000000000000001
311,21,ORD-UNION,2,0,3,216,15,22,5,5,10,18,0.5,0.7000000000000001
312,21,CARD,21,0,23,216,47,22,5,5,10,18,0.5,0.7000000000000001
313,21,CLF_UNION,20,1,36,216,56,22,5,5,10,18,0.5,0.7000000000000001
314,21,ORD-UNION,4,0,4,216,24,22,5,5,10,18,0.5,0.7000000000000001
315,22,CARD,7,1,10,233,46,22,5,5,10,18,0.5,0.7000000000000001
316,22,CLF_UNION,7,1,21,233,55,22,5,5,10,18,0.5,0.7000000000000001
317,22,ORD-UNION,0,0,0,233,34,22,5,5,10,18,0.5,0.7000000000000001
318,22,CARD,8,9,19,233,46,22,5,5,10,18,0.5,0.7000000000000001
319,22,CLF_UNION,8,10,31,233,56,22,5,5,10,18,0.5,0.7000000000000001
320,22,ORD-UNION,6,0,6,233,31,22,5,5,10,18,0.5,0.7000000000000001
321,22,CARD,21,0,24,233,45,22,5,5,10,18,0.5,0.7000000000000001
322,22,CLF_UNION,20,1,34,233,55,22,5,5,10,18,0.5,0.7000000000000001
323,22,ORD-UNION,4,0,4,233,25,22,5,5,10,18,0.5,0.7000000000000001
324,22,CARD,16,0,17,233,47,22,5,5,10,18,0.5,0.7000000000000001
325,22,CLF_UNION,14,2,30,233,56,22,5,5,10,18,0.5,0.7000000000000001
326,22,ORD-UNION,2,0,2,233,28,22,5,5,10,18,0.5,0.7000000000000001
327,22,CARD,15,9,24,233,46,22,5,5,10,18,0.5,0.7000000000000001
328,22,CLF_UNION,15,9,35,233,55,22,5,5,10,18,0.5,0.7000000000000001
329,22,ORD-UNION,6,0,6,233,26,22,5,5,10,18,0.5,0.7000000000000001
330,23,CARD,0,0,0,255,46,22,5,5,10,18,0.5,0.7000000000000001
331,23,CLF_UNION,0,0,11,255,55,22,5,5,10,18,0.5,0.7000000000000001
332,23,ORD-UNION,0,0,0,255,44,22,5,5,10,18,0.5,0.7000000000000001
333,23,CARD,26,2,35,255,46,22,5,5,10,18,0.5,0.7000000000000001
334,23,CLF_UNION,29,0,48,255,57,22,5,5,10,18,0.5,0.7000000000000001
335,23,ORD-UNION,5,0,6,255,15,22,5,5,10,18,0.5,0.7000000000000001
336,23,CARD,13,10,24,255,46,22,5,5,10,18,0.5,0.7000000000000001
337,23,CLF_UNION,13,10,35,255,55,22,5,5,10,18,0.5,0.7000000000000001
338,23,ORD-UNION,3,0,3,255,23,22,5,5,10,18,0.5,0.7000000000000001
339,23,CARD,23,0,28,255,47,22,5,5,10,18,0.5,0.7000000000000001
340,23,CLF_UNION,23,1,42,255,57,22,5,5,10,18,0.5,0.7000000000000001
341,23,ORD-UNION,2,0,2,255,17,22,5,5,10,18,0.5,0.7000000000000001
342,23,CARD,28,0,31,255,45,22,5,5,10,18,0.5,0.7000000000000001
343,23,CLF_UNION,28,0,41,255,55,22,5,5,10,18,0.5,0.7000000000000001
344,23,ORD-UNION,12,0,13,255,27,22,5,5,10,18,0.5,0.7000000000000001
345,24,CARD,14,9,23,279,48,22,5,5,10,18,0.5,0.7000000000000001
346,24,CLF_UNION,15,9,36,279,55,22,5,5,10,18,0.5,0.7000000000000001
347,24,ORD-UNION,4,0,4,279,23,22,5,5,10,18,0.5,0.7000000000000001
348,24,CARD,0,9,12,279,45,22,5,5,10,18,0.5,0.7000000000000001
349,24,CLF_UNION,0,9,23,279,56,22,5,5,10,18,0.5,0.7000000000000001
350,24,ORD-UNION,0,0,0,279,33,22,5,5,10,18,0.5,0.7000000000000001
351,24,CARD,16,0,16,279,46,22,5,5,10,18,0.5,0.7000000000000001
352,24,CLF_UNION,17,0,27,279,55,22,5,5,10,18,0.5,0.7000000000000001
353,24,ORD-UNION,13,0,13,279,41,22,5,5,10,18,0.5,0.7000000000000001
354,24,CARD,0,0,1,279,45,22,5,5,10,18,0.5,0.7000000000000001
355,24,CLF_UNION,0,0,12,279,56,22,5,5,10,18,0.5,0.7000000000000001
356,24,ORD-UNION,0,0,0,279,44,22,5,5,10,18,0.5,0.7000000000000001
357,24,CARD,14,0,22,279,46,22,5,5,10,18,0.5,0.7000000000000001
358,24,CLF_UNION,14,0,35,279,57,22,5,5,10,18,0.5,0.7000000000000001
359,24,ORD-UNION,5,0,6,279,28,22,5,5,10,18,0.5,0.7000000000000001
360,1,CARD,10,9,21,1,69,22,5,5,10,18,0.5,0.7000000000000001
361,1,CLF_UNION,29,28,71,1,71,22,5,5,10,18,0.5,0.7000000000000001
362,1,ORD-UNION,0,0,0,1,0,22,5,5,10,18,0.5,0.7000000000000001
363,1,CARD,17,7,25,1,65,22,5,5,10,18,0.5,0.7000000000000001
364,1,CLF_UNION,35,18,65,1,65,22,5,5,10,18,0.5,0.7000000000000001
365,1,ORD-UNION,0,0,0,1,0,22,5,5,10,18,0.5,0.7000000000000001
366,1,CARD,6,15,25,1,65,22,5,5,10,18,0.5,0.7000000000000001
367,1,CLF_UNION,32,24,76,1,76,22,5,5,10,18,0.5,0.7000000000000001
368,1,ORD-UNION,0,0,0,1,0,22,5,5,10,18,0.5,0.7000000000000001
369,1,CARD,10,11,24,1,66,22,5,5,10,18,0.5,0.7000000000000001
370,1,CLF_UNION,29,19,63,1,63,22,5,5,10,18,0.5,0.7000000000000001
371,1,ORD-UNION,0,0,0,1,0,22,5,5,10,18,0.5,0.7000000000000001
372,1,CARD,9,13,25,1,65,22,5,5,10,18,0.5,0.7000000000000001
373,1,CLF_UNION,35,20,71,1,71,22,5,5,10,18,0.5,0.7000000000000001
374,1,ORD-UNION,0,0,0,1,0,22,5,5,10,18,0.5,0.7000000000000001
375,2,CARD,27,4,37,3,53,22,5,5,10,18,0.5,0.7000000000000001
376,2,CLF_UNION,28,22,67,3,67,22,5,5,10,18,0.5,0.7000000000000001
377,2,ORD-UNION,0,0,0,3,0,22,5,5,10,18,0.5,0.7000000000000001
378,2,CARD,26,7,35,3,55,22,5,5,10,18,0.5,0.7000000000000001
379,2,CLF_UNION,29,23,65,3,65,22,5,5,10,18,0.5,0.7000000000000001
380,2,ORD-UNION,0,0,0,3,0,22,5,5,10,18,0.5,0.7000000000000001
381,2,CARD,26,7,35,3,55,22,5,5,10,18,0.5,0.7000000000000001
382,2,CLF_UNION,27,28,69,3,69,22,5,5,10,18,0.5,0.7000000000000001
383,2,ORD-UNION,0,0,0,3,0,22,5,5,10,18,0.5,0.7000000000000001
384,2,CARD,25,6,33,3,57,22,5,5,10,18,0.5,0.7000000000000001
385,2,CLF_UNION,31,20,65,3,65,22,5,5,10,18,0.5,0.7000000000000001
386,2,ORD-UNION,0,0,0,3,0,22,5,5,10,18,0.5,0.7000000000000001
387,2,CARD,23,10,35,3,54,22,5,5,10,18,0.5,0.7000000000000001
388,2,CLF_UNION,25,25,64,3,65,22,5,5,10,18,0.5,0.7000000000000001
389,2,ORD-UNION,0,0,0,3,1,22,5,5,10,18,0.5,0.7000000000000001
390,3,CARD,20,11,35,6,55,22,5,5,10,18,0.5,0.7000000000000001
391,3,CLF_UNION,19,22,55,6,55,22,5,5,10,18,0.5,0.7000000000000001
392,3,ORD-UNION,0,0,0,6,0,22,5,5,10,18,0.5,0.7000000000000001
393,3,CARD,24,5,35,6,55,22,5,5,10,18,0.5,0.7000000000000001
394,3,CLF_UNION,23,16,56,6,56,22,5,5,10,18,0.5,0.7000000000000001
395,3,ORD-UNION,0,0,0,6,0,22,5,5,10,18,0.5,0.7000000000000001
396,3,CARD,18,9,37,6,53,22,5,5,10,18,0.5,0.7000000000000001
397,3,CLF_UNION,17,17,55,6,55,22,5,5,10,18,0.5,0.7000000000000001
398,3,ORD-UNION,0,0,0,6,0,22,5,5,10,18,0.5,0.7000000000000001
399,3,CARD,27,7,38,6,52,22,5,5,10,18,0.5,0.7000000000000001
400,3,CLF_UNION,21,20,55,6,55,22,5,5,10,18,0.5,0.7000000000000001
401,3,ORD-UNION,0,0,0,6,0,22,5,5,10,18,0.5,0.7000000000000001
402,3,CARD,25,6,35,6,55,22,5,5,10,18,0.5,0.7000000000000001
403,3,CLF_UNION,19,21,56,6,56,22,5,5,10,18,0.5,0.7000000000000001
404,3,ORD-UNION,0,0,0,6,0,22,5,5,10,18,0.5,0.7000000000000001
405,4,CARD,26,7,39,10,51,22,5,5,10,18,0.5,0.7000000000000001
406,4,CLF_UNION,28,13,58,10,58,22,5,5,10,18,0.5,0.7000000000000001
407,4,ORD-UNION,0,0,0,10,0,22,5,5,10,18,0.5,0.7000000000000001
408,4,CARD,30,9,40,10,50,22,5,5,10,18,0.5,0.7000000000000001
409,4,CLF_UNION,35,11,57,10,57,22,5,5,10,18,0.5,0.7000000000000001
410,4,ORD-UNION,0,0,0,10,0,22,5,5,10,18,0.5,0.7000000000000001
411,4,CARD,27,8,38,10,52,22,5,5,10,18,0.5,0.7000000000000001
412,4,CLF_UNION,33,12,58,10,58,22,5,5,10,18,0.5,0.7000000000000001
413,4,ORD-UNION,0,0,0,10,0,22,5,5,10,18,0.5,0.7000000000000001
414,4,CARD,31,6,40,10,49,22,5,5,10,18,0.5,0.7000000000000001
415,4,CLF_UNION,34,9,56,10,57,22,5,5,10,18,0.5,0.7000000000000001
416,4,ORD-UNION,0,0,0,10,1,22,5,5,10,18,0.5,0.7000000000000001
417,4,CARD,18,19,41,10,49,22,5,5,10,18,0.5,0.7000000000000001
418,4,CLF_UNION,21,20,55,10,55,22,5,5,10,18,0.5,0.7000000000000001
419,4,ORD-UNION,0,0,0,10,0,22,5,5,10,18,0.5,0.7000000000000001
420,5,CARD,27,12,42,14,45,22,5,5,10,18,0.5,0.7000000000000001
421,5,CLF_UNION,29,11,53,14,56,22,5,5,10,18,0.5,0.7000000000000001
422,5,ORD-UNION,0,0,0,14,3,22,5,5,10,18,0.5,0.7000000000000001
423,5,CARD,29,10,44,14,46,22,5,5,10,18,0.5,0.7000000000000001
424,5,CLF_UNION,31,9,55,14,55,22,5,5,10,18,0.5,0.7000000000000001
425,5,ORD-UNION,0,0,0,14,0,22,5,5,10,18,0.5,0.7000000000000001
426,5,CARD,26,12,45,14,45,22,5,5,10,18,0.5,0.7000000000000001
427,5,CLF_UNION,25,13,55,14,55,22,5,5,10,18,0.5,0.7000000000000001
428,5,ORD-UNION,0,0,0,14,0,22,5,5,10,18,0.5,0.7000000000000001
429,5,CARD,28,16,45,14,45,22,5,5,10,18,0.5,0.7000000000000001
430,5,CLF_UNION,29,15,55,14,55,22,5,5,10,18,0.5,0.7000000000000001
431,5,ORD-UNION,0,0,0,14,0,22,5,5,10,18,0.5,0.7000000000000001
432,5,CARD,28,13,44,14,46,22,5,5,10,18,0.5,0.7000000000000001
433,5,CLF_UNION,32,10,55,14,55,22,5,5,10,18,0.5,0.7000000000000001
434,5,ORD-UNION,0,0,0,14,0,22,5,5,10,18,0.5,0.7000000000000001
435,6,CARD,21,14,42,18,48,22,5,5,10,18,0.5,0.7000000000000001
436,6,CLF_UNION,30,9,56,18,56,22,5,5,10,18,0.5,0.7000000000000001
437,6,ORD-UNION,0,0,0,18,0,22,5,5,10,18,0.5,0.7000000000000001
438,6,CARD,23,8,32,18,52,22,5,5,10,18,0.5,0.7000000000000001
439,6,CLF_UNION,28,11,50,18,56,22,5,5,10,18,0.5,0.7000000000000001
440,6,ORD-UNION,0,0,0,18,6,22,5,5,10,18,0.5,0.7000000000000001
441,6,CARD,20,17,42,18,48,22,5,5,10,18,0.5,0.7000000000000001
442,6,CLF_UNION,30,9,55,18,55,22,5,5,10,18,0.5,0.7000000000000001
443,6,ORD-UNION,0,0,0,18,0,22,5,5,10,18,0.5,0.7000000000000001
444,6,CARD,23,16,40,18,50,22,5,5,10,18,0.5,0.7000000000000001
445,6,CLF_UNION,29,14,55,18,55,22,5,5,10,18,0.5,0.7000000000000001
446,6,ORD-UNION,0,0,0,18,0,22,5,5,10,18,0.5,0.7000000000000001
447,6,CARD,24,12,39,18,51,22,5,5,10,18,0.5,0.7000000000000001
448,6,CLF_UNION,31,11,56,18,56,22,5,5,10,18,0.5,0.7000000000000001
449,6,ORD-UNION,0,0,0,18,0,22,5,5,10,18,0.5,0.7000000000000001
450,7,CARD,31,6,44,25,45,22,5,5,10,18,0.5,0.7000000000000001
451,7,CLF_UNION,34,3,54,25,55,22,5,5,10,18,0.5,0.7000000000000001
452,7,ORD-UNION,0,0,0,25,1,22,5,5,10,18,0.5,0.7000000000000001
453,7,CARD,30,12,45,25,45,22,5,5,10,18,0.5,0.7000000000000001
454,7,CLF_UNION,36,6,55,25,55,22,5,5,10,18,0.5,0.7000000000000001
455,7,ORD-UNION,0,0,0,25,0,22,5,5,10,18,0.5,0.7000000000000001
456,7,CARD,26,12,42,25,47,22,5,5,10,18,0.5,0.7000000000000001
457,7,CLF_UNION,28,12,54,25,55,22,5,5,10,18,0.5,0.7000000000000001
458,7,ORD-UNION,0,0,0,25,1,22,5,5,10,18,0.5,0.7000000000000001
459,7,CARD,26,13,42,25,45,22,5,5,10,18,0.5,0.7000000000000001
460,7,CLF_UNION,22,17,52,25,55,22,5,5,10,18,0.5,0.7000000000000001
461,7,ORD-UNION,0,0,0,25,3,22,5,5,10,18,0.5,0.7000000000000001
462,7,CARD,29,4,45,25,45,22,5,5,10,18,0.5,0.7000000000000001
463,7,CLF_UNION,25,8,55,25,55,22,5,5,10,18,0.5,0.7000000000000001
464,7,ORD-UNION,0,0,0,25,0,22,5,5,10,18,0.5,0.7000000000000001
465,8,CARD,27,9,44,33,46,22,5,5,10,18,0.5,0.7000000000000001
466,8,CLF_UNION,25,11,55,33,55,22,5,5,10,18,0.5,0.7000000000000001
467,8,ORD-UNION,0,0,0,33,0,22,5,5,10,18,0.5,0.7000000000000001
468,8,CARD,26,9,39,33,45,22,5,5,10,18,0.5,0.7000000000000001
469,8,CLF_UNION,24,11,49,33,55,22,5,5,10,18,0.5,0.7000000000000001
470,8,ORD-UNION,0,0,0,33,6,22,5,5,10,18,0.5,0.7000000000000001
471,8,CARD,21,12,43,33,47,22,5,5,10,18,0.5,0.7000000000000001
472,8,CLF_UNION,23,11,55,33,55,22,5,5,10,18,0.5,0.7000000000000001
473,8,ORD-UNION,0,0,0,33,0,22,5,5,10,18,0.5,0.7000000000000001
474,8,CARD,30,6,42,33,46,22,5,5,10,18,0.5,0.7000000000000001
475,8,CLF_UNION,26,10,53,33,55,22,5,5,10,18,0.5,0.7000000000000001
476,8,ORD-UNION,0,0,0,33,2,22,5,5,10,18,0.5,0.7000000000000001
477,8,CARD,29,12,44,33,46,22,5,5,10,18,0.5,0.7000000000000001
478,8,CLF_UNION,25,17,55,33,55,22,5,5,10,18,0.5,0.7000000000000001
479,8,ORD-UNION,0,0,0,33,0,22,5,5,10,18,0.5,0.7000000000000001
480,9,CARD,27,8,39,42,48,22,5,5,10,18,0.5,0.7000000000000001
481,9,CLF_UNION,30,8,52,42,55,22,5,5,10,18,0.5,0.7000000000000001
482,9,ORD-UNION,0,0,0,42,3,22,5,5,10,18,0.5,0.7000000000000001
483,9,CARD,23,7,34,42,46,22,5,5,10,18,0.5,0.7000000000000001
484,9,CLF_UNION,27,5,46,42,56,22,5,5,10,18,0.5,0.7000000000000001
485,9,ORD-UNION,3,0,3,42,13,22,5,5,10,18,0.5,0.7000000000000001
486,9,CARD,22,4,38,42,47,22,5,5,10,18,0.5,0.7000000000000001
487,9,CLF_UNION,24,3,51,42,56,22,5,5,10,18,0.5,0.7000000000000001
488,9,ORD-UNION,2,0,2,42,7,22,5,5,10,18,0.5,0.7000000000000001
489,9,CARD,20,14,39,42,51,22,5,5,10,18,0.5,0.7000000000000001
490,9,CLF_UNION,27,13,55,42,55,22,5,5,10,18,0.5,0.7000000000000001
491,9,ORD-UNION,0,0,0,42,0,22,5,5,10,18,0.5,0.7000000000000001
492,9,CARD,32,8,43,42,46,22,5,5,10,18,0.5,0.7000000000000001
493,9,CLF_UNION,31,10,54,42,55,22,5,5,10,18,0.5,0.7000000000000001
494,9,ORD-UNION,0,0,0,42,1,22,5,5,10,18,0.5,0.7000000000000001
495,10,CARD,23,10,34,52,46,22,5,5,10,18,0.5,0.7000000000000001
496,10,CLF_UNION,27,9,47,52,57,22,5,5,10,18,0.5,0.7000000000000001
497,10,ORD-UNION,3,0,3,52,13,22,5,5,10,18,0.5,0.7000000000000001
498,10,CARD,24,9,40,52,47,22,5,5,10,18,0.5,0.7000000000000001
499,10,CLF_UNION,26,10,53,52,56,22,5,5,10,18,0.5,0.7000000000000001
500,10,ORD-UNION,0,0,0,52,3,22,5,5,10,18,0.5,0.7000000000000001
501,10,CARD,26,6,41,52,47,22,5,5,10,18,0.5,0.7000000000000001
502,10,CLF_UNION,26,7,54,52,56,22,5,5,10,18,0.5,0.7000000000000001
503,10,ORD-UNION,1,0,1,52,3,22,5,5,10,18,0.5,0.7000000000000001
504,10,CARD,16,14,36,52,48,22,5,5,10,18,0.5,0.7000000000000001
505,10,CLF_UNION,20,13,49,52,55,22,5,5,10,18,0.5,0.7000000000000001
506,10,ORD-UNION,2,0,2,52,8,22,5,5,10,18,0.5,0.7000000000000001
507,10,CARD,24,11,43,52,47,22,5,5,10,18,0.5,0.7000000000000001
508,10,CLF_UNION,26,10,55,52,55,22,5,5,10,18,0.5,0.7000000000000001
509,10,ORD-UNION,0,0,1,52,1,22,5,5,10,18,0.5,0.7000000000000001
510,11,CARD,32,8,41,60,46,22,5,5,10,18,0.5,0.7000000000000001
511,11,CLF_UNION,36,5,52,60,55,22,5,5,10,18,0.5,0.7000000000000001
512,11,ORD-UNION,2,0,2,60,5,22,5,5,10,18,0.5,0.7000000000000001
513,11,CARD,32,6,42,60,45,22,5,5,10,18,0.5,0.7000000000000001
514,11,CLF_UNION,30,8,52,60,55,22,5,5,10,18,0.5,0.7000000000000001
515,11,ORD-UNION,1,0,2,60,5,22,5,5,10,18,0.5,0.7000000000000001
516,11,CARD,16,16,38,60,47,22,5,5,10,18,0.5,0.7000000000000001
517,11,CLF_UNION,18,15,50,60,55,22,5,5,10,18,0.5,0.7000000000000001
518,11,ORD-UNION,0,0,0,60,5,22,5,5,10,18,0.5,0.7000000000000001
519,11,CARD,23,7,38,60,49,22,5,5,10,18,0.5,0.7000000000000001
520,11,CLF_UNION,23,8,52,60,55,22,5,5,10,18,0.5,0.7000000000000001
521,11,ORD-UNION,0,0,0,60,3,22,5,5,10,18,0.5,0.7000000000000001
522,11,CARD,25,7,35,60,45,22,5,5,10,18,0.5,0.7000000000000001
523,11,CLF_UNION,27,5,45,60,55,22,5,5,10,18,0.5,0.7000000000000001
524,11,ORD-UNION,0,0,0,60,10,22,5,5,10,18,0.5,0.7000000000000001
525,12,CARD,21,9,35,71,46,22,5,5,10,18,0.5,0.7000000000000001
526,12,CLF_UNION,24,6,46,71,55,22,5,5,10,18,0.5,0.7000000000000001
527,12,ORD-UNION,0,1,1,71,10,22,5,5,10,18,0.5,0.7000000000000001
528,12,CARD,27,10,41,71,46,22,5,5,10,18,0.5,0.7000000000000001
529,12,CLF_UNION,32,6,52,71,55,22,5,5,10,18,0.5,0.7000000000000001
530,12,ORD-UNION,0,0,0,71,3,22,5,5,10,18,0.5,0.7000000000000001
531,12,CARD,18,13,33,71,48,22,5,5,10,18,0.5,0.7000000000000001
532,12,CLF_UNION,24,9,46,71,55,22,5,5,10,18,0.5,0.7000000000000001
533,12,ORD-UNION,0,0,0,71,9,22,5,5,10,18,0.5,0.7000000000000001
534,12,CARD,27,11,42,71,45,22,5,5,10,18,0.5,0.7000000000000001
535,12,CLF_UNION,28,10,52,71,55,22,5,5,10,18,0.5,0.7000000000000001
536,12,ORD-UNION,0,1,1,71,4,22,5,5,10,18,0.5,0.7000000000000001
537,12,CARD,27,12,42,71,45,22,5,5,10,18,0.5,0.7000000000000001
538,12,CLF_UNION,32,7,52,71,55,22,5,5,10,18,0.5,0.7000000000000001
539,12,ORD-UNION,0,0,0,71,3,22,5,5,10,18,0.5,0.7000000000000001
540,13,CARD,20,10,32,84,49,22,5,5,10,18,0.5,0.7000000000000001
541,13,CLF_UNION,21,12,46,84,55,22,5,5,10,18,0.5,0.7000000000000001
542,13,ORD-UNION,0,0,0,84,9,22,5,5,10,18,0.5,0.7000000000000001
543,13,CARD,17,18,41,84,49,22,5,5,10,18,0.5,0.7000000000000001
544,13,CLF_UNION,22,16,55,84,55,22,5,5,10,18,0.5,0.7000000000000001
545,13,ORD-UNION,2,0,2,84,2,22,5,5,10,18,0.5,0.7000000000000001
546,13,CARD,19,10,32,84,49,22,5,5,10,18,0.5,0.7000000000000001
547,13,CLF_UNION,30,2,46,84,55,22,5,5,10,18,0.5,0.7000000000000001
548,13,ORD-UNION,0,0,0,84,9,22,5,5,10,18,0.5,0.7000000000000001
549,13,CARD,18,7,29,84,47,22,5,5,10,18,0.5,0.7000000000000001
550,13,CLF_UNION,22,4,41,84,55,22,5,5,10,18,0.5,0.7000000000000001
551,13,ORD-UNION,0,0,0,84,14,22,5,5,10,18,0.5,0.7000000000000001
552,13,CARD,16,20,40,84,47,22,5,5,10,18,0.5,0.7000000000000001
553,13,CLF_UNION,25,13,52,84,55,22,5,5,10,18,0.5,0.7000000000000001
554,13,ORD-UNION,0,1,1,84,4,22,5,5,10,18,0.5,0.7000000000000001
555,14,CARD,15,9,24,96,46,22,5,5,10,18,0.5,0.7000000000000001
556,14,CLF_UNION,16,8,35,96,55,22,5,5,10,18,0.5,0.7000000000000001
557,14,ORD-UNION,0,0,0,96,20,22,5,5,10,18,0.5,0.7000000000000001
558,14,CARD,17,10,30,96,51,22,5,5,10,18,0.5,0.7000000000000001
559,14,CLF_UNION,23,9,46,96,55,22,5,5,10,18,0.5,0.7000000000000001
560,14,ORD-UNION,0,0,0,96,9,22,5,5,10,18,0.5,0.7000000000000001
561,14,CARD,22,6,32,96,49,22,5,5,10,18,0.5,0.7000000000000001
562,14,CLF_UNION,26,5,46,96,55,22,5,5,10,18,0.5,0.7000000000000001
563,14,ORD-UNION,0,1,1,96,10,22,5,5,10,18,0.5,0.7000000000000001
564,14,CARD,25,8,37,96,47,22,5,5,10,18,0.5,0.7000000000000001
565,14,CLF_UNION,26,9,49,96,55,22,5,5,10,18,0.5,0.7000000000000001
566,14,ORD-UNION,0,0,0,96,6,22,5,5,10,18,0.5,0.7000000000000001
567,14,CARD,18,13,37,96,48,22,5,5,10,18,0.5,0.7000000000000001
568,14,CLF_UNION,18,15,50,96,55,22,5,5,10,18,0.5,0.7000000000000001
569,14,ORD-UNION,0,1,1,96,6,22,5,5,10,18,0.5,0.7000000000000001
570,15,CARD,20,17,38,107,49,22,5,5,10,18,0.5,0.7000000000000001
571,15,CLF_UNION,28,10,53,107,56,22,5,5,10,18,0.5,0.7000000000000001
572,15,ORD-UNION,0,0,0,107,3,22,5,5,10,18,0.5,0.7000000000000001
573,15,CARD,19,14,36,107,48,22,5,5,10,18,0.5,0.7000000000000001
574,15,CLF_UNION,27,9,49,107,55,22,5,5,10,18,0.5,0.7000000000000001
575,15,ORD-UNION,0,1,1,107,7,22,5,5,10,18,0.5,0.7000000000000001
576,15,CARD,13,11,25,107,46,22,5,5,10,18,0.5,0.7000000000000001
577,15,CLF_UNION,15,9,37,107,56,22,5,5,10,18,0.5,0.7000000000000001
578,15,ORD-UNION,0,0,0,107,19,22,5,5,10,18,0.5,0.7000000000000001
579,15,CARD,13,13,30,107,47,22,5,5,10,18,0.5,0.7000000000000001
580,15,CLF_UNION,17,9,42,107,55,22,5,5,10,18,0.5,0.7000000000000001
581,15,ORD-UNION,0,0,0,107,13,22,5,5,10,18,0.5,0.7000000000000001
582,15,CARD,18,8,30,107,46,22,5,5,10,18,0.5,0.7000000000000001
583,15,CLF_UNION,24,3,42,107,56,22,5,5,10,18,0.5,0.7000000000000001
584,15,ORD-UNION,0,0,1,107,15,22,5,5,10,18,0.5,0.7000000000000001
585,16,CARD,15,17,39,120,46,22,5,5,10,18,0.5,0.7000000000000001
586,16,CLF_UNION,21,11,50,120,55,22,5,5,10,18,0.5,0.7000000000000001
587,16,ORD-UNION,1,1,4,120,9,22,5,5,10,18,0.5,0.7000000000000001
588,16,CARD,11,15,29,120,46,22,5,5,10,18,0.5,0.7000000000000001
589,16,CLF_UNION,17,10,41,120,56,22,5,5,10,18,0.5,0.7000000000000001
590,16,ORD-UNION,3,2,6,120,21,22,5,5,10,18,0.5,0.7000000000000001
591,16,CARD,22,8,35,120,48,22,5,5,10,18,0.5,0.7000000000000001
592,16,CLF_UNION,23,9,48,120,55,22,5,5,10,18,0.5,0.7000000000000001
593,16,ORD-UNION,0,0,1,120,8,22,5,5,10,18,0.5,0.7000000000000001
594,16,CARD,22,5,34,120,46,22,5,5,10,18,0.5,0.7000000000000001
595,16,CLF_UNION,25,3,45,120,55,22,5,5,10,18,0.5,0.7000000000000001
596,16,ORD-UNION,2,2,5,120,15,22,5,5,10,18,0.5,0.7000000000000001
597,16,CARD,20,14,35,120,45,22,5,5,10,18,0.5,0.7000000000000001
598,16,CLF_UNION,28,6,45,120,55,22,5,5,10,18,0.5,0.7000000000000001
599,16,ORD-UNION,1,3,5,120,15,22,5,5,10,18,0.5,0.7000000000000001
600,17,CARD,7,25,35,136,51,22,5,5,10,18,0.5,0.7000000000000001
601,17,CLF_UNION,16,16,53,136,57,22,5,5,10,18,0.5,0.7000000000000001
602,17,ORD-UNION,0,5,5,136,9,22,5,5,10,18,0.5,0.7000000000000001
603,17,CARD,8,17,30,136,48,22,5,5,10,18,0.5,0.7000000000000001
604,17,CLF_UNION,22,3,45,136,57,22,5,5,10,18,0.5,0.7000000000000001
605,17,ORD-UNION,0,4,7,136,19,22,5,5,10,18,0.5,0.7000000000000001
606,17,CARD,11,9,24,136,49,22,5,5,10,18,0.5,0.7000000000000001
607,17,CLF_UNION,12,9,38,136,55,22,5,5,10,18,0.5,0.7000000000000001
608,17,ORD-UNION,2,0,3,136,20,22,5,5,10,18,0.5,0.7000000000000001
609,17,CARD,17,15,35,136,47,22,5,5,10,18,0.5,0.7000000000000001
610,17,CLF_UNION,11,21,48,136,56,22,5,5,10,18,0.5,0.7000000000000001
611,17,ORD-UNION,0,0,0,136,8,22,5,5,10,18,0.5,0.7000000000000001
612,17,CARD,14,8,23,136,48,22,5,5,10,18,0.5,0.7000000000000001
613,17,CLF_UNION,16,8,37,136,56,22,5,5,10,18,0.5,0.7000000000000001
614,17,ORD-UNION,0,0,0,136,19,22,5,5,10,18,0.5,0.7000000000000001
615,18,CARD,16,11,30,154,45,22,5,5,10,18,0.5,0.7000000000000001
616,18,CLF_UNION,19,8,40,154,55,22,5,5,10,18,0.5,0.7000000000000001
617,18,ORD-UNION,3,0,3,154,18,22,5,5,10,18,0.5,0.7000000000000001
618,18,CARD,18,10,30,154,46,22,5,5,10,18,0.5,0.7000000000000001
619,18,CLF_UNION,17,12,42,154,55,22,5,5,10,18,0.5,0.7000000000000001
620,18,ORD-UNION,3,0,3,154,17,22,5,5,10,18,0.5,0.7000000000000001
621,18,CARD,12,4,17,154,48,22,5,5,10,18,0.5,0.7000000000000001
622,18,CLF_UNION,7,10,32,154,57,22,5,5,10,18,0.5,0.7000000000000001
623,18,ORD-UNION,0,0,0,154,25,22,5,5,10,18,0.5,0.7000000000000001
624,18,CARD,13,7,24,154,48,22,5,5,10,18,0.5,0.7000000000000001
625,18,CLF_UNION,13,8,38,154,55,22,5,5,10,18,0.5,0.7000000000000001
626,18,ORD-UNION,8,4,13,154,31,22,5,5,10,18,0.5,0.7000000000000001
627,18,CARD,16,9,29,154,47,22,5,5,10,18,0.5,0.7000000000000001
628,18,CLF_UNION,23,3,41,154,55,22,5,5,10,18,0.5,0.7000000000000001
629,18,ORD-UNION,10,3,15,154,29,22,5,5,10,18,0.5,0.7000000000000001
630,19,CARD,9,5,20,168,46,22,5,5,10,18,0.5,0.7000000000000001
631,19,CLF_UNION,5,9,31,168,55,22,5,5,10,18,0.5,0.7000000000000001
632,19,ORD-UNION,3,4,9,168,33,22,5,5,10,18,0.5,0.7000000000000001
633,19,CARD,10,6,19,168,48,22,5,5,10,18,0.5,0.7000000000000001
634,19,CLF_UNION,14,3,32,168,55,22,5,5,10,18,0.5,0.7000000000000001
635,19,ORD-UNION,0,0,2,168,25,22,5,5,10,18,0.5,0.7000000000000001
636,19,CARD,19,9,30,168,46,22,5,5,10,18,0.5,0.7000000000000001
637,19,CLF_UNION,22,6,41,168,55,22,5,5,10,18,0.5,0.7000000000000001
638,19,ORD-UNION,5,7,13,168,27,22,5,5,10,18,0.5,0.7000000000000001
639,19,CARD,5,12,17,168,47,22,5,5,10,18,0.5,0.7000000000000001
640,19,CLF_UNION,7,10,30,168,56,22,5,5,10,18,0.5,0.7000000000000001
641,19,ORD-UNION,0,0,0,168,26,22,5,5,10,18,0.5,0.7000000000000001
642,19,CARD,15,12,31,168,48,22,5,5,10,18,0.5,0.7000000000000001
643,19,CLF_UNION,17,10,44,168,55,22,5,5,10,18,0.5,0.7000000000000001
644,19,ORD-UNION,1,4,5,168,16,22,5,5,10,18,0.5,0.7000000000000001
