,budget,model,correct,wrong,total,n_pref_input,n_pref_output,theta_size,theta_additivity,n_items,n_test_subsets,n_tiers,alpha,p
0,1,CARD,15,5,25,1,65,9,3,5,10,6,0.1,0.30000000000000004
1,1,CLF_UNION,37,13,73,1,73,9,3,5,10,6,0.1,0.30000000000000004
2,1,ORD-UNION,0,0,0,1,0,9,3,5,10,6,0.1,0.30000000000000004
3,1,CARD,17,5,24,1,66,9,3,5,10,6,0.1,0.30000000000000004
4,1,CLF_UNION,28,12,63,1,63,9,3,5,10,6,0.1,0.30000000000000004
5,1,ORD-UNION,0,0,0,1,0,9,3,5,10,6,0.1,0.30000000000000004
6,1,CARD,17,0,21,1,69,9,3,5,10,6,0.1,0.30000000000000004
7,1,CLF_UNION,35,13,68,1,68,9,3,5,10,6,0.1,0.30000000000000004
8,1,ORD-UNION,0,0,0,1,0,9,3,5,10,6,0.1,0.30000000000000004
9,1,CARD,19,3,24,1,66,9,3,5,10,6,0.1,0.30000000000000004
10,1,CLF_UNION,36,14,71,1,71,9,3,5,10,6,0.1,0.30000000000000004
11,1,ORD-UNION,0,0,0,1,0,9,3,5,10,6,0.1,0.30000000000000004
12,1,CARD,21,0,24,1,66,9,3,5,10,6,0.1,0.30000000000000004
13,1,CLF_UNION,34,12,68,1,68,9,3,5,10,6,0.1,0.30000000000000004
14,1,ORD-UNION,0,0,0,1,0,9,3,5,10,6,0.1,0.30000000000000004
15,2,CARD,19,7,36,3,53,9,3,5,10,6,0.1,0.30000000000000004
16,2,CLF_UNION,26,12,60,3,61,9,3,5,10,6,0.1,0.30000000000000004
17,2,ORD-UNION,1,0,1,3,2,9,3,5,10,6,0.1,0.30000000000000004
18,2,CARD,23,2,33,3,57,9,3,5,10,6,0.1,0.30000000000000004
19,2,CLF_UNION,33,6,61,3,61,9,3,5,10,6,0.1,0.30000000000000004
20,2,ORD-UNION,1,0,1,3,1,9,3,5,10,6,0.1,0.30000000000000004
21,2,CARD,21,13,37,3,53,9,3,5,10,6,0.1,0.30000000000000004
22,2,CLF_UNION,27,17,59,3,59,9,3,5,10,6,0.1,0.30000000000000004
23,2,ORD-UNION,1,0,1,3,1,9,3,5,10,6,0.1,0.30000000000000004
24,2,CARD,17,14,37,3,53,9,3,5,10,6,0.1,0.30000000000000004
25,2,CLF_UNION,30,15,61,3,61,9,3,5,10,6,0.1,0.30000000000000004
26,2,ORD-UNION,2,0,2,3,2,9,3,5,10,6,0.1,0.30000000000000004
27,2,CARD,26,7,37,3,53,9,3,5,10,6,0.1,0.30000000000000004
28,2,CLF_UNION,35,8,60,3,60,9,3,5,10,6,0.1,0.30000000000000004
29,2,ORD-UNION,2,0,2,3,2,9,3,5,10,6,0.1,0.30000000000000004
30,3,CARD,23,6,39,5,51,9,3,5,10,6,0.1,0.30000000000000004
31,3,CLF_UNION,33,2,59,5,59,9,3,5,10,6,0.1,0.30000000000000004
32,3,ORD-UNION,1,0,1,5,1,9,3,5,10,6,0.1,0.30000000000000004
33,3,CARD,34,0,40,5,50,9,3,5,10,6,0.1,0.30000000000000004
34,3,CLF_UNION,36,3,61,5,61,9,3,5,10,6,0.1,0.30000000000000004
35,3,ORD-UNION,0,0,0,5,0,9,3,5,10,6,0.1,0.30000000000000004
36,3,CARD,19,13,39,5,50,9,3,5,10,6,0.1,0.30000000000000004
37,3,CLF_UNION,24,14,58,5,59,9,3,5,10,6,0.1,0.30000000000000004
38,3,ORD-UNION,2,0,2,5,3,9,3,5,10,6,0.1,0.30000000000000004
39,3,CARD,16,12,31,5,58,9,3,5,10,6,0.1,0.30000000000000004
40,3,CLF_UNION,37,2,61,5,62,9,3,5,10,6,0.1,0.30000000000000004
41,3,ORD-UNION,0,0,0,5,1,9,3,5,10,6,0.1,0.30000000000000004
42,3,CARD,20,12,38,5,52,9,3,5,10,6,0.1,0.30000000000000004
43,3,CLF_UNION,28,13,59,5,59,9,3,5,10,6,0.1,0.30000000000000004
44,3,ORD-UNION,2,0,2,5,2,9,3,5,10,6,0.1,0.30000000000000004
45,4,CARD,18,11,36,8,53,9,3,5,10,6,0.1,0.30000000000000004
46,4,CLF_UNION,33,7,59,8,60,9,3,5,10,6,0.1,0.30000000000000004
47,4,ORD-UNION,2,0,2,8,3,9,3,5,10,6,0.1,0.30000000000000004
48,4,CARD,20,12,35,8,55,9,3,5,10,6,0.1,0.30000000000000004
49,4,CLF_UNION,29,12,60,8,60,9,3,5,10,6,0.1,0.30000000000000004
50,4,ORD-UNION,1,0,1,8,1,9,3,5,10,6,0.1,0.30000000000000004
51,4,CARD,24,8,38,8,52,9,3,5,10,6,0.1,0.30000000000000004
52,4,CLF_UNION,28,10,62,8,62,9,3,5,10,6,0.1,0.30000000000000004
53,4,ORD-UNION,2,0,2,8,2,9,3,5,10,6,0.1,0.30000000000000004
54,4,CARD,20,15,40,8,50,9,3,5,10,6,0.1,0.30000000000000004
55,4,CLF_UNION,28,14,61,8,61,9,3,5,10,6,0.1,0.30000000000000004
56,4,ORD-UNION,1,0,1,8,1,9,3,5,10,6,0.1,0.30000000000000004
57,4,CARD,29,5,39,8,51,9,3,5,10,6,0.1,0.30000000000000004
58,4,CLF_UNION,38,5,60,8,60,9,3,5,10,6,0.1,0.30000000000000004
59,4,ORD-UNION,1,0,1,8,1,9,3,5,10,6,0.1,0.30000000000000004
60,5,CARD,20,17,43,11,47,9,3,5,10,6,0.1,0.30000000000000004
61,5,CLF_UNION,27,11,57,11,57,9,3,5,10,6,0.1,0.30000000000000004
62,5,ORD-UNION,1,0,1,11,1,9,3,5,10,6,0.1,0.30000000000000004
63,5,CARD,28,7,40,11,50,9,3,5,10,6,0.1,0.30000000000000004
64,5,CLF_UNION,36,2,58,11,58,9,3,5,10,6,0.1,0.30000000000000004
65,5,ORD-UNION,0,0,0,11,0,9,3,5,10,6,0.1,0.30000000000000004
66,5,CARD,26,7,39,11,50,9,3,5,10,6,0.1,0.30000000000000004
67,5,CLF_UNION,35,2,55,11,56,9,3,5,10,6,0.1,0.30000000000000004
68,5,ORD-UNION,2,0,2,11,3,9,3,5,10,6,0.1,0.30000000000000004
69,5,CARD,16,20,38,11,50,9,3,5,10,6,0.1,0.30000000000000004
70,5,CLF_UNION,27,10,55,11,57,9,3,5,10,6,0.1,0.30000000000000004
71,5,ORD-UNION,1,0,1,11,3,9,3,5,10,6,0.1,0.30000000000000004
72,5,CARD,27,5,39,11,50,9,3,5,10,6,0.1,0.30000000000000004
73,5,CLF_UNION,33,2,54,11,55,9,3,5,10,6,0.1,0.30000000000000004
74,5,ORD-UNION,1,0,1,11,2,9,3,5,10,6,0.1,0.30000000000000004
75,6,CARD,30,2,37,17,53,9,3,5,10,6,0.1,0.30000000000000004
76,6,CLF_UNION,36,8,72,17,72,9,3,5,10,6,0.1,0.30000000000000004
77,6,ORD-UNION,7,0,7,17,7,9,3,5,10,6,0.1,0.30000000000000004
78,6,CARD,21,11,37,17,53,9,3,5,10,6,0.1,0.30000000000000004
79,6,CLF_UNION,26,15,63,17,63,9,3,5,10,6,0.1,0.30000000000000004
80,6,ORD-UNION,3,0,3,17,3,9,3,5,10,6,0.1,0.30000000000000004
81,6,CARD,24,10,36,17,54,9,3,5,10,6,0.1,0.30000000000000004
82,6,CLF_UNION,25,12,63,17,63,9,3,5,10,6,0.1,0.30000000000000004
83,6,ORD-UNION,0,1,1,17,1,9,3,5,10,6,0.1,0.30000000000000004
84,6,CARD,34,3,40,17,50,9,3,5,10,6,0.1,0.30000000000000004
85,6,CLF_UNION,37,5,63,17,63,9,3,5,10,6,0.1,0.30000000000000004
86,6,ORD-UNION,8,0,8,17,8,9,3,5,10,6,0.1,0.30000000000000004
87,6,CARD,32,3,39,17,51,9,3,5,10,6,0.1,0.30000000000000004
88,6,CLF_UNION,36,9,70,17,70,9,3,5,10,6,0.1,0.30000000000000004
89,6,ORD-UNION,3,0,3,17,3,9,3,5,10,6,0.1,0.30000000000000004
90,7,CARD,24,9,38,24,49,9,3,5,10,6,0.1,0.30000000000000004
91,7,CLF_UNION,27,10,54,24,57,9,3,5,10,6,0.1,0.30000000000000004
92,7,ORD-UNION,4,0,4,24,7,9,3,5,10,6,0.1,0.30000000000000004
93,7,CARD,17,15,41,24,48,9,3,5,10,6,0.1,0.30000000000000004
94,7,CLF_UNION,26,9,54,24,55,9,3,5,10,6,0.1,0.30000000000000004
95,7,ORD-UNION,4,0,4,24,5,9,3,5,10,6,0.1,0.30000000000000004
96,7,CARD,28,6,41,24,49,9,3,5,10,6,0.1,0.30000000000000004
97,7,CLF_UNION,35,4,59,24,59,9,3,5,10,6,0.1,0.30000000000000004
98,7,ORD-UNION,9,0,9,24,9,9,3,5,10,6,0.1,0.30000000000000004
99,7,CARD,22,11,39,24,49,9,3,5,10,6,0.1,0.30000000000000004
100,7,CLF_UNION,24,13,54,24,56,9,3,5,10,6,0.1,0.30000000000000004
101,7,ORD-UNION,6,0,6,24,8,9,3,5,10,6,0.1,0.30000000000000004
102,7,CARD,24,10,41,24,49,9,3,5,10,6,0.1,0.30000000000000004
103,7,CLF_UNION,27,10,56,24,56,9,3,5,10,6,0.1,0.30000000000000004
104,7,ORD-UNION,10,0,11,24,11,9,3,5,10,6,0.1,0.30000000000000004
105,8,CARD,25,11,42,30,46,9,3,5,10,6,0.1,0.30000000000000004
106,8,CLF_UNION,29,10,56,30,58,9,3,5,10,6,0.1,0.30000000000000004
107,8,ORD-UNION,5,0,5,30,7,9,3,5,10,6,0.1,0.30000000000000004
108,8,CARD,30,5,40,30,48,9,3,5,10,6,0.1,0.30000000000000004
109,8,CLF_UNION,35,3,54,30,56,9,3,5,10,6,0.1,0.30000000000000004
110,8,ORD-UNION,7,0,7,30,9,9,3,5,10,6,0.1,0.30000000000000004
111,8,CARD,26,5,41,30,46,9,3,5,10,6,0.1,0.30000000000000004
112,8,CLF_UNION,31,1,54,30,57,9,3,5,10,6,0.1,0.30000000000000004
113,8,ORD-UNION,4,0,5,30,8,9,3,5,10,6,0.1,0.30000000000000004
114,8,CARD,21,16,42,30,47,9,3,5,10,6,0.1,0.30000000000000004
115,8,CLF_UNION,25,14,55,30,56,9,3,5,10,6,0.1,0.30000000000000004
116,8,ORD-UNION,1,1,3,30,4,9,3,5,10,6,0.1,0.30000000000000004
117,8,CARD,26,10,40,30,49,9,3,5,10,6,0.1,0.30000000000000004
118,8,CLF_UNION,30,9,54,30,55,9,3,5,10,6,0.1,0.30000000000000004
119,8,ORD-UNION,10,0,10,30,11,9,3,5,10,6,0.1,0.30000000000000004
120,9,CARD,30,3,43,36,47,9,3,5,10,6,0.1,0.30000000000000004
121,9,CLF_UNION,34,0,56,36,56,9,3,5,10,6,0.1,0.30000000000000004
122,9,ORD-UNION,8,0,8,36,8,9,3,5,10,6,0.1,0.30000000000000004
123,9,CARD,30,10,42,36,47,9,3,5,10,6,0.1,0.30000000000000004
124,9,CLF_UNION,31,9,54,36,55,9,3,5,10,6,0.1,0.30000000000000004
125,9,ORD-UNION,8,1,9,36,10,9,3,5,10,6,0.1,0.30000000000000004
126,9,CARD,23,8,41,36,47,9,3,5,10,6,0.1,0.30000000000000004
127,9,CLF_UNION,23,9,54,36,56,9,3,5,10,6,0.1,0.30000000000000004
128,9,ORD-UNION,7,0,9,36,11,9,3,5,10,6,0.1,0.30000000000000004
129,9,CARD,24,11,41,36,46,9,3,5,10,6,0.1,0.30000000000000004
130,9,CLF_UNION,27,10,53,36,56,9,3,5,10,6,0.1,0.30000000000000004
131,9,ORD-UNION,10,0,11,36,14,9,3,5,10,6,0.1,0.30000000000000004
132,9,CARD,26,8,40,36,47,9,3,5,10,6,0.1,0.30000000000000004
133,9,CLF_UNION,26,9,52,36,55,9,3,5,10,6,0.1,0.30000000000000004
134,9,ORD-UNION,0,0,0,36,3,9,3,5,10,6,0.1,0.30000000000000004
135,10,CARD,19,12,38,45,47,9,3,5,10,6,0.1,0.30000000000000004
136,10,CLF_UNION,23,9,50,45,55,9,3,5,10,6,0.1,0.30000000000000004
137,10,ORD-UNION,10,2,12,45,17,9,3,5,10,6,0.1,0.30000000000000004
138,10,CARD,23,9,37,45,48,9,3,5,10,6,0.1,0.30000000000000004
139,10,CLF_UNION,24,9,51,45,56,9,3,5,10,6,0.1,0.30000000000000004
140,10,ORD-UNION,12,1,13,45,18,9,3,5,10,6,0.1,0.30000000000000004
141,10,CARD,23,2,34,45,50,9,3,5,10,6,0.1,0.30000000000000004
142,10,CLF_UNION,27,0,51,45,57,9,3,5,10,6,0.1,0.30000000000000004
143,10,ORD-UNION,9,0,10,45,16,9,3,5,10,6,0.1,0.30000000000000004
144,10,CARD,14,15,41,45,48,9,3,5,10,6,0.1,0.30000000000000004
145,10,CLF_UNION,22,9,54,45,55,9,3,5,10,6,0.1,0.30000000000000004
146,10,ORD-UNION,5,0,5,45,6,9,3,5,10,6,0.1,0.30000000000000004
147,10,CARD,27,13,44,45,45,9,3,5,10,6,0.1,0.30000000000000004
148,10,CLF_UNION,31,9,54,45,55,9,3,5,10,6,0.1,0.30000000000000004
149,10,ORD-UNION,8,1,10,45,11,9,3,5,10,6,0.1,0.30000000000000004
150,11,CARD,28,4,41,53,46,9,3,5,10,6,0.1,0.30000000000000004
151,11,CLF_UNION,33,0,52,53,55,9,3,5,10,6,0.1,0.30000000000000004
152,11,ORD-UNION,15,0,15,53,18,9,3,5,10,6,0.1,0.30000000000000004
153,11,CARD,25,10,41,53,49,9,3,5,10,6,0.1,0.30000000000000004
154,11,CLF_UNION,38,1,55,53,55,9,3,5,10,6,0.1,0.30000000000000004
155,11,ORD-UNION,9,0,9,53,9,9,3,5,10,6,0.1,0.30000000000000004
156,11,CARD,23,9,36,53,46,9,3,5,10,6,0.1,0.30000000000000004
157,11,CLF_UNION,23,9,48,53,56,9,3,5,10,6,0.1,0.30000000000000004
158,11,ORD-UNION,15,0,15,53,23,9,3,5,10,6,0.1,0.30000000000000004
159,11,CARD,19,13,39,53,47,9,3,5,10,6,0.1,0.30000000000000004
160,11,CLF_UNION,23,9,51,53,55,9,3,5,10,6,0.1,0.30000000000000004
161,11,ORD-UNION,10,1,12,53,16,9,3,5,10,6,0.1,0.30000000000000004
162,11,CARD,26,9,41,53,46,9,3,5,10,6,0.1,0.30000000000000004
163,11,CLF_UNION,32,3,52,53,55,9,3,5,10,6,0.1,0.30000000000000004
164,11,ORD-UNION,14,0,14,53,17,9,3,5,10,6,0.1,0.30000000000000004
165,12,CARD,25,12,41,61,47,9,3,5,10,6,0.1,0.30000000000000004
166,12,CLF_UNION,28,10,53,61,55,9,3,5,10,6,0.1,0.30000000000000004
167,12,ORD-UNION,11,2,13,61,15,9,3,5,10,6,0.1,0.30000000000000004
168,12,CARD,27,0,40,61,47,9,3,5,10,6,0.1,0.30000000000000004
169,12,CLF_UNION,26,2,52,61,55,9,3,5,10,6,0.1,0.30000000000000004
170,12,ORD-UNION,3,0,3,61,6,9,3,5,10,6,0.1,0.30000000000000004
171,12,CARD,29,3,40,61,45,9,3,5,10,6,0.1,0.30000000000000004
172,12,CLF_UNION,30,2,50,61,55,9,3,5,10,6,0.1,0.30000000000000004
173,12,ORD-UNION,8,0,9,61,14,9,3,5,10,6,0.1,0.30000000000000004
174,12,CARD,30,0,38,61,47,9,3,5,10,6,0.1,0.30000000000000004
175,12,CLF_UNION,31,1,50,61,55,9,3,5,10,6,0.1,0.30000000000000004
176,12,ORD-UNION,12,0,13,61,18,9,3,5,10,6,0.1,0.30000000000000004
177,12,CARD,22,3,40,61,46,9,3,5,10,6,0.1,0.30000000000000004
178,12,CLF_UNION,25,0,51,61,55,9,3,5,10,6,0.1,0.30000000000000004
179,12,ORD-UNION,2,0,3,61,7,9,3,5,10,6,0.1,0.30000000000000004
180,13,CARD,24,11,41,70,45,9,3,5,10,6,0.1,0.30000000000000004
181,13,CLF_UNION,25,10,51,70,55,9,3,5,10,6,0.1,0.30000000000000004
182,13,ORD-UNION,7,2,10,70,14,9,3,5,10,6,0.1,0.30000000000000004
183,13,CARD,32,0,39,70,48,9,3,5,10,6,0.1,0.30000000000000004
184,13,CLF_UNION,34,0,52,70,55,9,3,5,10,6,0.1,0.30000000000000004
185,13,ORD-UNION,15,0,17,70,20,9,3,5,10,6,0.1,0.30000000000000004
186,13,CARD,29,9,43,70,45,9,3,5,10,6,0.1,0.30000000000000004
187,13,CLF_UNION,29,9,53,70,55,9,3,5,10,6,0.1,0.30000000000000004
188,13,ORD-UNION,8,3,11,70,13,9,3,5,10,6,0.1,0.30000000000000004
189,13,CARD,24,3,31,70,46,9,3,5,10,6,0.1,0.30000000000000004
190,13,CLF_UNION,27,0,42,70,55,9,3,5,10,6,0.1,0.30000000000000004
191,13,ORD-UNION,11,0,11,70,24,9,3,5,10,6,0.1,0.30000000000000004
192,13,CARD,20,11,37,70,48,9,3,5,10,6,0.1,0.30000000000000004
193,13,CLF_UNION,18,13,50,70,55,9,3,5,10,6,0.1,0.30000000000000004
194,13,ORD-UNION,9,1,11,70,16,9,3,5,10,6,0.1,0.30000000000000004
195,14,CARD,27,2,39,84,46,9,3,5,10,6,0.1,0.30000000000000004
196,14,CLF_UNION,30,0,50,84,55,9,3,5,10,6,0.1,0.30000000000000004
197,14,ORD-UNION,8,0,8,84,13,9,3,5,10,6,0.1,0.30000000000000004
198,14,CARD,24,8,39,84,48,9,3,5,10,6,0.1,0.30000000000000004
199,14,CLF_UNION,25,9,52,84,55,9,3,5,10,6,0.1,0.30000000000000004
200,14,ORD-UNION,7,3,11,84,14,9,3,5,10,6,0.1,0.30000000000000004
201,14,CARD,27,2,34,84,47,9,3,5,10,6,0.1,0.30000000000000004
202,14,CLF_UNION,29,0,47,84,56,9,3,5,10,6,0.1,0.30000000000000004
203,14,ORD-UNION,8,0,8,84,17,9,3,5,10,6,0.1,0.30000000000000004
204,14,CARD,25,2,37,84,47,9,3,5,10,6,0.1,0.30000000000000004
205,14,CLF_UNION,27,0,49,84,55,9,3,5,10,6,0.1,0.30000000000000004
206,14,ORD-UNION,4,0,6,84,12,9,3,5,10,6,0.1,0.30000000000000004
207,14,CARD,21,8,34,84,48,9,3,5,10,6,0.1,0.30000000000000004
208,14,CLF_UNION,21,9,48,84,56,9,3,5,10,6,0.1,0.30000000000000004
209,14,ORD-UNION,6,2,8,84,16,9,3,5,10,6,0.1,0.30000000000000004
210,15,CARD,24,5,34,94,47,9,3,5,10,6,0.1,0.30000000000000004
211,15,CLF_UNION,29,0,46,94,55,9,3,5,10,6,0.1,0.30000000000000004
212,15,ORD-UNION,11,0,13,94,22,9,3,5,10,6,0.1,0.30000000000000004
213,15,CARD,23,11,39,94,46,9,3,5,10,6,0.1,0.30000000000000004
214,15,CLF_UNION,25,9,50,94,55,9,3,5,10,6,0.1,0.30000000000000004
215,15,ORD-UNION,13,6,20,94,25,9,3,5,10,6,0.1,0.30000000000000004
216,15,CARD,15,12,31,94,46,9,3,5,10,6,0.1,0.30000000000000004
217,15,CLF_UNION,19,9,42,94,55,9,3,5,10,6,0.1,0.30000000000000004
218,15,ORD-UNION,10,7,17,94,30,9,3,5,10,6,0.1,0.30000000000000004
219,15,CARD,31,5,40,94,47,9,3,5,10,6,0.1,0.30000000000000004
220,15,CLF_UNION,36,0,52,94,55,9,3,5,10,6,0.1,0.30000000000000004
221,15,ORD-UNION,11,0,11,94,14,9,3,5,10,6,0.1,0.30000000000000004
222,15,CARD,25,11,40,94,47,9,3,5,10,6,0.1,0.30000000000000004
223,15,CLF_UNION,26,10,52,94,55,9,3,5,10,6,0.1,0.30000000000000004
224,15,ORD-UNION,13,6,19,94,22,9,3,5,10,6,0.1,0.30000000000000004
