,budget,model,correct,wrong,total,n_pref_input,n_pref_output,theta_size,theta_additivity,n_items,n_test_subsets,n_tiers,alpha,p
0,1,CARD,11,8,25,1,65,15,3,5,10,9,0.30000000000000004,0.30000000000000004
1,1,CLF_UNION,33,10,62,1,62,15,3,5,10,9,0.30000000000000004,0.30000000000000004
2,1,ORD-UNION,0,0,0,1,0,15,3,5,10,9,0.30000000000000004,0.30000000000000004
3,1,CARD,15,7,25,1,65,15,3,5,10,9,0.30000000000000004,0.30000000000000004
4,1,CLF_UNION,37,10,62,1,62,15,3,5,10,9,0.30000000000000004,0.30000000000000004
5,1,ORD-UNION,0,0,0,1,0,15,3,5,10,9,0.30000000000000004,0.30000000000000004
6,1,CARD,12,8,21,1,69,15,3,5,10,9,0.30000000000000004,0.30000000000000004
7,1,CLF_UNION,40,17,76,1,76,15,3,5,10,9,0.30000000000000004,0.30000000000000004
8,1,ORD-UNION,0,0,0,1,0,15,3,5,10,9,0.30000000000000004,0.30000000000000004
9,1,CARD,11,5,21,1,69,15,3,5,10,9,0.30000000000000004,0.30000000000000004
10,1,CLF_UNION,35,7,65,1,65,15,3,5,10,9,0.30000000000000004,0.30000000000000004
11,1,ORD-UNION,0,0,0,1,0,15,3,5,10,9,0.30000000000000004,0.30000000000000004
12,1,CARD,21,2,25,1,65,15,3,5,10,9,0.30000000000000004,0.30000000000000004
13,1,CLF_UNION,39,12,68,1,68,15,3,5,10,9,0.30000000000000004,0.30000000000000004
14,1,ORD-UNION,0,0,0,1,0,15,3,5,10,9,0.30000000000000004,0.30000000000000004
15,2,CARD,25,7,36,3,54,15,3,5,10,9,0.30000000000000004,0.30000000000000004
16,2,CLF_UNION,36,10,61,3,61,15,3,5,10,9,0.30000000000000004,0.30000000000000004
17,2,ORD-UNION,0,0,0,3,0,15,3,5,10,9,0.30000000000000004,0.30000000000000004
18,2,CARD,28,6,37,3,53,15,3,5,10,9,0.30000000000000004,0.30000000000000004
19,2,CLF_UNION,36,10,59,3,59,15,3,5,10,9,0.30000000000000004,0.30000000000000004
20,2,ORD-UNION,1,0,1,3,1,15,3,5,10,9,0.30000000000000004,0.30000000000000004
21,2,CARD,23,8,35,3,55,15,3,5,10,9,0.30000000000000004,0.30000000000000004
22,2,CLF_UNION,35,7,59,3,59,15,3,5,10,9,0.30000000000000004,0.30000000000000004
23,2,ORD-UNION,0,0,0,3,0,15,3,5,10,9,0.30000000000000004,0.30000000000000004
24,2,CARD,28,2,34,3,55,15,3,5,10,9,0.30000000000000004,0.30000000000000004
25,2,CLF_UNION,31,12,60,3,61,15,3,5,10,9,0.30000000000000004,0.30000000000000004
26,2,ORD-UNION,0,0,0,3,1,15,3,5,10,9,0.30000000000000004,0.30000000000000004
27,2,CARD,23,10,37,3,53,15,3,5,10,9,0.30000000000000004,0.30000000000000004
28,2,CLF_UNION,31,11,60,3,60,15,3,5,10,9,0.30000000000000004,0.30000000000000004
29,2,ORD-UNION,1,0,1,3,1,15,3,5,10,9,0.30000000000000004,0.30000000000000004
30,3,CARD,30,4,38,6,51,15,3,5,10,9,0.30000000000000004,0.30000000000000004
31,3,CLF_UNION,35,11,61,6,62,15,3,5,10,9,0.30000000000000004,0.30000000000000004
32,3,ORD-UNION,1,0,1,6,2,15,3,5,10,9,0.30000000000000004,0.30000000000000004
33,3,CARD,34,3,39,6,51,15,3,5,10,9,0.30000000000000004,0.30000000000000004
34,3,CLF_UNION,37,11,63,6,63,15,3,5,10,9,0.30000000000000004,0.30000000000000004
35,3,ORD-UNION,0,0,0,6,0,15,3,5,10,9,0.30000000000000004,0.30000000000000004
36,3,CARD,26,6,40,6,50,15,3,5,10,9,0.30000000000000004,0.30000000000000004
37,3,CLF_UNION,31,14,64,6,64,15,3,5,10,9,0.30000000000000004,0.30000000000000004
38,3,ORD-UNION,1,0,1,6,1,15,3,5,10,9,0.30000000000000004,0.30000000000000004
39,3,CARD,29,5,37,6,53,15,3,5,10,9,0.30000000000000004,0.30000000000000004
40,3,CLF_UNION,37,12,63,6,63,15,3,5,10,9,0.30000000000000004,0.30000000000000004
41,3,ORD-UNION,1,0,1,6,1,15,3,5,10,9,0.30000000000000004,0.30000000000000004
42,3,CARD,23,10,37,6,53,15,3,5,10,9,0.30000000000000004,0.30000000000000004
43,3,CLF_UNION,32,16,62,6,62,15,3,5,10,9,0.30000000000000004,0.30000000000000004
44,3,ORD-UNION,0,0,0,6,0,15,3,5,10,9,0.30000000000000004,0.30000000000000004
45,4,CARD,30,7,40,10,50,15,3,5,10,9,0.30000000000000004,0.30000000000000004
46,4,CLF_UNION,37,7,58,10,58,15,3,5,10,9,0.30000000000000004,0.30000000000000004
47,4,ORD-UNION,0,0,0,10,0,15,3,5,10,9,0.30000000000000004,0.30000000000000004
48,4,CARD,32,8,43,10,47,15,3,5,10,9,0.30000000000000004,0.30000000000000004
49,4,CLF_UNION,40,3,56,10,56,15,3,5,10,9,0.30000000000000004,0.30000000000000004
50,4,ORD-UNION,1,0,1,10,1,15,3,5,10,9,0.30000000000000004,0.30000000000000004
51,4,CARD,20,12,42,10,48,15,3,5,10,9,0.30000000000000004,0.30000000000000004
52,4,CLF_UNION,31,9,63,10,63,15,3,5,10,9,0.30000000000000004,0.30000000000000004
53,4,ORD-UNION,0,0,0,10,0,15,3,5,10,9,0.30000000000000004,0.30000000000000004
54,4,CARD,32,5,40,10,49,15,3,5,10,9,0.30000000000000004,0.30000000000000004
55,4,CLF_UNION,39,4,56,10,57,15,3,5,10,9,0.30000000000000004,0.30000000000000004
56,4,ORD-UNION,0,0,0,10,1,15,3,5,10,9,0.30000000000000004,0.30000000000000004
57,4,CARD,30,6,41,10,48,15,3,5,10,9,0.30000000000000004,0.30000000000000004
58,4,CLF_UNION,36,4,55,10,56,15,3,5,10,9,0.30000000000000004,0.30000000000000004
59,4,ORD-UNION,0,0,0,10,1,15,3,5,10,9,0.30000000000000004,0.30000000000000004
60,5,CARD,33,5,42,15,47,15,3,5,10,9,0.30000000000000004,0.30000000000000004
61,5,CLF_UNION,36,4,54,15,55,15,3,5,10,9,0.30000000000000004,0.30000000000000004
62,5,ORD-UNION,1,0,1,15,2,15,3,5,10,9,0.30000000000000004,0.30000000000000004
63,5,CARD,26,9,42,15,47,15,3,5,10,9,0.30000000000000004,0.30000000000000004
64,5,CLF_UNION,30,7,54,15,55,15,3,5,10,9,0.30000000000000004,0.30000000000000004
65,5,ORD-UNION,0,0,0,15,1,15,3,5,10,9,0.30000000000000004,0.30000000000000004
66,5,CARD,21,14,41,15,48,15,3,5,10,9,0.30000000000000004,0.30000000000000004
67,5,CLF_UNION,27,12,55,15,56,15,3,5,10,9,0.30000000000000004,0.30000000000000004
68,5,ORD-UNION,0,0,0,15,1,15,3,5,10,9,0.30000000000000004,0.30000000000000004
69,5,CARD,34,5,44,15,46,15,3,5,10,9,0.30000000000000004,0.30000000000000004
70,5,CLF_UNION,38,3,56,15,56,15,3,5,10,9,0.30000000000000004,0.30000000000000004
71,5,ORD-UNION,1,0,1,15,1,15,3,5,10,9,0.30000000000000004,0.30000000000000004
72,5,CARD,31,3,38,15,46,15,3,5,10,9,0.30000000000000004,0.30000000000000004
73,5,CLF_UNION,29,6,49,15,55,15,3,5,10,9,0.30000000000000004,0.30000000000000004
74,5,ORD-UNION,0,0,0,15,6,15,3,5,10,9,0.30000000000000004,0.30000000000000004
75,6,CARD,39,2,43,20,46,15,3,5,10,9,0.30000000000000004,0.30000000000000004
76,6,CLF_UNION,38,4,55,20,56,15,3,5,10,9,0.30000000000000004,0.30000000000000004
77,6,ORD-UNION,1,0,1,20,2,15,3,5,10,9,0.30000000000000004,0.30000000000000004
78,6,CARD,30,5,40,20,47,15,3,5,10,9,0.30000000000000004,0.30000000000000004
79,6,CLF_UNION,33,3,54,20,57,15,3,5,10,9,0.30000000000000004,0.30000000000000004
80,6,ORD-UNION,2,0,2,20,5,15,3,5,10,9,0.30000000000000004,0.30000000000000004
81,6,CARD,30,9,43,20,46,15,3,5,10,9,0.30000000000000004,0.30000000000000004
82,6,CLF_UNION,36,6,56,20,57,15,3,5,10,9,0.30000000000000004,0.30000000000000004
83,6,ORD-UNION,1,0,1,20,2,15,3,5,10,9,0.30000000000000004,0.30000000000000004
84,6,CARD,29,8,42,20,48,15,3,5,10,9,0.30000000000000004,0.30000000000000004
85,6,CLF_UNION,38,2,57,20,57,15,3,5,10,9,0.30000000000000004,0.30000000000000004
86,6,ORD-UNION,0,0,0,20,0,15,3,5,10,9,0.30000000000000004,0.30000000000000004
87,6,CARD,31,3,38,20,46,15,3,5,10,9,0.30000000000000004,0.30000000000000004
88,6,CLF_UNION,30,5,52,20,58,15,3,5,10,9,0.30000000000000004,0.30000000000000004
89,6,ORD-UNION,2,0,2,20,8,15,3,5,10,9,0.30000000000000004,0.30000000000000004
90,7,CARD,31,3,38,25,49,15,3,5,10,9,0.30000000000000004,0.30000000000000004
91,7,CLF_UNION,33,2,52,25,55,15,3,5,10,9,0.30000000000000004,0.30000000000000004
92,7,ORD-UNION,1,0,1,25,4,15,3,5,10,9,0.30000000000000004,0.30000000000000004
93,7,CARD,39,2,41,25,48,15,3,5,10,9,0.30000000000000004,0.30000000000000004
94,7,CLF_UNION,37,4,54,25,55,15,3,5,10,9,0.30000000000000004,0.30000000000000004
95,7,ORD-UNION,0,0,0,25,1,15,3,5,10,9,0.30000000000000004,0.30000000000000004
96,7,CARD,37,3,43,25,46,15,3,5,10,9,0.30000000000000004,0.30000000000000004
97,7,CLF_UNION,41,1,55,25,56,15,3,5,10,9,0.30000000000000004,0.30000000000000004
98,7,ORD-UNION,2,0,2,25,3,15,3,5,10,9,0.30000000000000004,0.30000000000000004
99,7,CARD,35,3,42,25,47,15,3,5,10,9,0.30000000000000004,0.30000000000000004
100,7,CLF_UNION,32,6,54,25,55,15,3,5,10,9,0.30000000000000004,0.30000000000000004
101,7,ORD-UNION,1,0,1,25,2,15,3,5,10,9,0.30000000000000004,0.30000000000000004
102,7,CARD,33,2,40,25,50,15,3,5,10,9,0.30000000000000004,0.30000000000000004
103,7,CLF_UNION,36,2,56,25,56,15,3,5,10,9,0.30000000000000004,0.30000000000000004
104,7,ORD-UNION,0,0,0,25,0,15,3,5,10,9,0.30000000000000004,0.30000000000000004
105,8,CARD,36,0,40,33,47,15,3,5,10,9,0.30000000000000004,0.30000000000000004
106,8,CLF_UNION,37,2,54,33,57,15,3,5,10,9,0.30000000000000004,0.30000000000000004
107,8,ORD-UNION,2,0,2,33,5,15,3,5,10,9,0.30000000000000004,0.30000000000000004
108,8,CARD,35,5,42,33,48,15,3,5,10,9,0.30000000000000004,0.30000000000000004
109,8,CLF_UNION,40,3,56,33,56,15,3,5,10,9,0.30000000000000004,0.30000000000000004
110,8,ORD-UNION,0,0,0,33,0,15,3,5,10,9,0.30000000000000004,0.30000000000000004
111,8,CARD,31,0,33,33,48,15,3,5,10,9,0.30000000000000004,0.30000000000000004
112,8,CLF_UNION,32,1,46,33,55,15,3,5,10,9,0.30000000000000004,0.30000000000000004
113,8,ORD-UNION,0,0,0,33,9,15,3,5,10,9,0.30000000000000004,0.30000000000000004
114,8,CARD,35,4,41,33,48,15,3,5,10,9,0.30000000000000004,0.30000000000000004
115,8,CLF_UNION,39,2,54,33,55,15,3,5,10,9,0.30000000000000004,0.30000000000000004
116,8,ORD-UNION,1,0,1,33,2,15,3,5,10,9,0.30000000000000004,0.30000000000000004
117,8,CARD,34,2,40,33,49,15,3,5,10,9,0.30000000000000004,0.30000000000000004
118,8,CLF_UNION,36,5,58,33,59,15,3,5,10,9,0.30000000000000004,0.30000000000000004
119,8,ORD-UNION,2,0,2,33,3,15,3,5,10,9,0.30000000000000004,0.30000000000000004
120,9,CARD,29,0,31,42,53,15,3,5,10,9,0.30000000000000004,0.30000000000000004
121,9,CLF_UNION,30,0,49,42,55,15,3,5,10,9,0.30000000000000004,0.30000000000000004
122,9,ORD-UNION,0,0,0,42,6,15,3,5,10,9,0.30000000000000004,0.30000000000000004
123,9,CARD,34,1,38,42,49,15,3,5,10,9,0.30000000000000004,0.30000000000000004
124,9,CLF_UNION,36,2,52,42,55,15,3,5,10,9,0.30000000000000004,0.30000000000000004
125,9,ORD-UNION,0,0,0,42,3,15,3,5,10,9,0.30000000000000004,0.30000000000000004
126,9,CARD,27,5,41,42,48,15,3,5,10,9,0.30000000000000004,0.30000000000000004
127,9,CLF_UNION,30,5,54,42,55,15,3,5,10,9,0.30000000000000004,0.30000000000000004
128,9,ORD-UNION,4,0,4,42,5,15,3,5,10,9,0.30000000000000004,0.30000000000000004
129,9,CARD,34,3,40,42,50,15,3,5,10,9,0.30000000000000004,0.30000000000000004
130,9,CLF_UNION,37,1,55,42,55,15,3,5,10,9,0.30000000000000004,0.30000000000000004
131,9,ORD-UNION,1,0,1,42,1,15,3,5,10,9,0.30000000000000004,0.30000000000000004
132,9,CARD,29,2,34,42,46,15,3,5,10,9,0.30000000000000004,0.30000000000000004
133,9,CLF_UNION,29,2,45,42,55,15,3,5,10,9,0.30000000000000004,0.30000000000000004
134,9,ORD-UNION,0,0,0,42,10,15,3,5,10,9,0.30000000000000004,0.30000000000000004
135,10,CARD,33,2,40,51,47,15,3,5,10,9,0.30000000000000004,0.30000000000000004
136,10,CLF_UNION,37,0,52,51,55,15,3,5,10,9,0.30000000000000004,0.30000000000000004
137,10,ORD-UNION,3,0,3,51,6,15,3,5,10,9,0.30000000000000004,0.30000000000000004
138,10,CARD,28,5,37,51,48,15,3,5,10,9,0.30000000000000004,0.30000000000000004
139,10,CLF_UNION,32,3,51,51,56,15,3,5,10,9,0.30000000000000004,0.30000000000000004
140,10,ORD-UNION,1,0,1,51,6,15,3,5,10,9,0.30000000000000004,0.30000000000000004
141,10,CARD,35,2,40,51,47,15,3,5,10,9,0.30000000000000004,0.30000000000000004
142,10,CLF_UNION,38,1,52,51,55,15,3,5,10,9,0.30000000000000004,0.30000000000000004
143,10,ORD-UNION,0,0,0,51,3,15,3,5,10,9,0.30000000000000004,0.30000000000000004
144,10,CARD,29,4,37,51,50,15,3,5,10,9,0.30000000000000004,0.30000000000000004
145,10,CLF_UNION,32,5,52,51,55,15,3,5,10,9,0.30000000000000004,0.30000000000000004
146,10,ORD-UNION,4,0,4,51,7,15,3,5,10,9,0.30000000000000004,0.30000000000000004
147,10,CARD,31,6,41,51,46,15,3,5,10,9,0.30000000000000004,0.30000000000000004
148,10,CLF_UNION,34,4,53,51,56,15,3,5,10,9,0.30000000000000004,0.30000000000000004
149,10,ORD-UNION,1,0,1,51,4,15,3,5,10,9,0.30000000000000004,0.30000000000000004
150,11,CARD,29,7,42,61,47,15,3,5,10,9,0.30000000000000004,0.30000000000000004
151,11,CLF_UNION,35,3,55,61,56,15,3,5,10,9,0.30000000000000004,0.30000000000000004
152,11,ORD-UNION,4,0,4,61,5,15,3,5,10,9,0.30000000000000004,0.30000000000000004
153,11,CARD,34,2,40,61,48,15,3,5,10,9,0.30000000000000004,0.30000000000000004
154,11,CLF_UNION,34,4,53,61,55,15,3,5,10,9,0.30000000000000004,0.30000000000000004
155,11,ORD-UNION,2,0,2,61,4,15,3,5,10,9,0.30000000000000004,0.30000000000000004
156,11,CARD,25,1,33,61,47,15,3,5,10,9,0.30000000000000004,0.30000000000000004
157,11,CLF_UNION,27,1,48,61,58,15,3,5,10,9,0.30000000000000004,0.30000000000000004
158,11,ORD-UNION,2,0,2,61,12,15,3,5,10,9,0.30000000000000004,0.30000000000000004
159,11,CARD,25,7,38,61,46,15,3,5,10,9,0.30000000000000004,0.30000000000000004
160,11,CLF_UNION,31,2,50,61,56,15,3,5,10,9,0.30000000000000004,0.30000000000000004
161,11,ORD-UNION,3,0,3,61,9,15,3,5,10,9,0.30000000000000004,0.30000000000000004
162,11,CARD,26,8,39,61,48,15,3,5,10,9,0.30000000000000004,0.30000000000000004
163,11,CLF_UNION,33,4,53,61,56,15,3,5,10,9,0.30000000000000004,0.30000000000000004
164,11,ORD-UNION,4,0,4,61,7,15,3,5,10,9,0.30000000000000004,0.30000000000000004
165,12,CARD,31,2,38,72,51,15,3,5,10,9,0.30000000000000004,0.30000000000000004
166,12,CLF_UNION,36,0,54,72,55,15,3,5,10,9,0.30000000000000004,0.30000000000000004
167,12,ORD-UNION,3,0,3,72,4,15,3,5,10,9,0.30000000000000004,0.30000000000000004
168,12,CARD,26,0,29,72,54,15,3,5,10,9,0.30000000000000004,0.30000000000000004
169,12,CLF_UNION,30,1,48,72,55,15,3,5,10,9,0.30000000000000004,0.30000000000000004
170,12,ORD-UNION,7,0,7,72,14,15,3,5,10,9,0.30000000000000004,0.30000000000000004
171,12,CARD,34,3,38,72,49,15,3,5,10,9,0.30000000000000004,0.30000000000000004
172,12,CLF_UNION,39,0,52,72,55,15,3,5,10,9,0.30000000000000004,0.30000000000000004
173,12,ORD-UNION,3,0,3,72,6,15,3,5,10,9,0.30000000000000004,0.30000000000000004
174,12,CARD,26,2,29,72,48,15,3,5,10,9,0.30000000000000004,0.30000000000000004
175,12,CLF_UNION,27,1,43,72,56,15,3,5,10,9,0.30000000000000004,0.30000000000000004
176,12,ORD-UNION,9,0,9,72,22,15,3,5,10,9,0.30000000000000004,0.30000000000000004
177,12,CARD,33,0,36,72,48,15,3,5,10,9,0.30000000000000004,0.30000000000000004
178,12,CLF_UNION,34,1,49,72,55,15,3,5,10,9,0.30000000000000004,0.30000000000000004
179,12,ORD-UNION,5,0,5,72,11,15,3,5,10,9,0.30000000000000004,0.30000000000000004
180,13,CARD,28,11,40,83,47,15,3,5,10,9,0.30000000000000004,0.30000000000000004
181,13,CLF_UNION,39,0,52,83,55,15,3,5,10,9,0.30000000000000004,0.30000000000000004
182,13,ORD-UNION,4,0,4,83,7,15,3,5,10,9,0.30000000000000004,0.30000000000000004
183,13,CARD,18,3,24,83,47,15,3,5,10,9,0.30000000000000004,0.30000000000000004
184,13,CLF_UNION,21,0,36,83,55,15,3,5,10,9,0.30000000000000004,0.30000000000000004
185,13,ORD-UNION,0,0,0,83,19,15,3,5,10,9,0.30000000000000004,0.30000000000000004
186,13,CARD,17,10,30,83,45,15,3,5,10,9,0.30000000000000004,0.30000000000000004
187,13,CLF_UNION,26,1,40,83,55,15,3,5,10,9,0.30000000000000004,0.30000000000000004
188,13,ORD-UNION,0,0,0,83,15,15,3,5,10,9,0.30000000000000004,0.30000000000000004
189,13,CARD,23,10,38,83,47,15,3,5,10,9,0.30000000000000004,0.30000000000000004
190,13,CLF_UNION,33,0,50,83,55,15,3,5,10,9,0.30000000000000004,0.30000000000000004
191,13,ORD-UNION,6,0,6,83,11,15,3,5,10,9,0.30000000000000004,0.30000000000000004
192,13,CARD,25,9,39,83,46,15,3,5,10,9,0.30000000000000004,0.30000000000000004
193,13,CLF_UNION,34,0,50,83,55,15,3,5,10,9,0.30000000000000004,0.30000000000000004
194,13,ORD-UNION,4,0,4,83,9,15,3,5,10,9,0.30000000000000004,0.30000000000000004
195,14,CARD,28,5,37,96,48,15,3,5,10,9,0.30000000000000004,0.30000000000000004
196,14,CLF_UNION,34,1,50,96,55,15,3,5,10,9,0.30000000000000004,0.30000000000000004
197,14,ORD-UNION,1,0,1,96,6,15,3,5,10,9,0.30000000000000004,0.30000000000000004
198,14,CARD,17,6,28,96,48,15,3,5,10,9,0.30000000000000004,0.30000000000000004
199,14,CLF_UNION,24,1,41,96,55,15,3,5,10,9,0.30000000000000004,0.30000000000000004
200,14,ORD-UNION,5,0,5,96,19,15,3,5,10,9,0.30000000000000004,0.30000000000000004
201,14,CARD,20,6,28,96,48,15,3,5,10,9,0.30000000000000004,0.30000000000000004
202,14,CLF_UNION,28,0,41,96,55,15,3,5,10,9,0.30000000000000004,0.30000000000000004
203,14,ORD-UNION,0,0,0,96,14,15,3,5,10,9,0.30000000000000004,0.30000000000000004
204,14,CARD,21,6,29,96,50,15,3,5,10,9,0.30000000000000004,0.30000000000000004
205,14,CLF_UNION,26,1,44,96,55,15,3,5,10,9,0.30000000000000004,0.30000000000000004
206,14,ORD-UNION,3,0,3,96,14,15,3,5,10,9,0.30000000000000004,0.30000000000000004
207,14,CARD,23,4,30,96,47,15,3,5,10,9,0.30000000000000004,0.30000000000000004
208,14,CLF_UNION,27,0,42,96,55,15,3,5,10,9,0.30000000000000004,0.30000000000000004
209,14,ORD-UNION,4,0,4,96,17,15,3,5,10,9,0.30000000000000004,0.30000000000000004
210,15,CARD,13,0,15,109,50,15,3,5,10,9,0.30000000000000004,0.30000000000000004
211,15,CLF_UNION,14,0,30,109,55,15,3,5,10,9,0.30000000000000004,0.30000000000000004
212,15,ORD-UNION,9,0,9,109,34,15,3,5,10,9,0.30000000000000004,0.30000000000000004
213,15,CARD,24,4,33,109,48,15,3,5,10,9,0.30000000000000004,0.30000000000000004
214,15,CLF_UNION,29,1,46,109,55,15,3,5,10,9,0.30000000000000004,0.30000000000000004
215,15,ORD-UNION,3,0,3,109,12,15,3,5,10,9,0.30000000000000004,0.30000000000000004
216,15,CARD,18,4,24,109,48,15,3,5,10,9,0.30000000000000004,0.30000000000000004
217,15,CLF_UNION,20,2,37,109,55,15,3,5,10,9,0.30000000000000004,0.30000000000000004
218,15,ORD-UNION,5,0,5,109,23,15,3,5,10,9,0.30000000000000004,0.30000000000000004
219,15,CARD,19,0,22,109,49,15,3,5,10,9,0.30000000000000004,0.30000000000000004
220,15,CLF_UNION,20,0,36,109,55,15,3,5,10,9,0.30000000000000004,0.30000000000000004
221,15,ORD-UNION,9,0,9,109,28,15,3,5,10,9,0.30000000000000004,0.30000000000000004
222,15,CARD,10,5,17,109,47,15,3,5,10,9,0.30000000000000004,0.30000000000000004
223,15,CLF_UNION,15,1,29,109,55,15,3,5,10,9,0.30000000000000004,0.30000000000000004
224,15,ORD-UNION,0,0,0,109,26,15,3,5,10,9,0.30000000000000004,0.30000000000000004
225,16,CARD,15,0,17,122,47,15,3,5,10,9,0.30000000000000004,0.30000000000000004
226,16,CLF_UNION,15,0,29,122,55,15,3,5,10,9,0.30000000000000004,0.30000000000000004
227,16,ORD-UNION,0,0,0,122,26,15,3,5,10,9,0.30000000000000004,0.30000000000000004
228,16,CARD,31,3,35,122,48,15,3,5,10,9,0.30000000000000004,0.30000000000000004
229,16,CLF_UNION,33,1,48,122,55,15,3,5,10,9,0.30000000000000004,0.30000000000000004
230,16,ORD-UNION,10,0,10,122,17,15,3,5,10,9,0.30000000000000004,0.30000000000000004
231,16,CARD,24,2,30,122,47,15,3,5,10,9,0.30000000000000004,0.30000000000000004
232,16,CLF_UNION,26,1,42,122,55,15,3,5,10,9,0.30000000000000004,0.30000000000000004
233,16,ORD-UNION,6,0,6,122,19,15,3,5,10,9,0.30000000000000004,0.30000000000000004
234,16,CARD,25,4,32,122,49,15,3,5,10,9,0.30000000000000004,0.30000000000000004
235,16,CLF_UNION,30,2,46,122,55,15,3,5,10,9,0.30000000000000004,0.30000000000000004
236,16,ORD-UNION,8,0,8,122,17,15,3,5,10,9,0.30000000000000004,0.30000000000000004
237,16,CARD,23,0,28,122,51,15,3,5,10,9,0.30000000000000004,0.30000000000000004
238,16,CLF_UNION,25,0,44,122,55,15,3,5,10,9,0.30000000000000004,0.30000000000000004
239,16,ORD-UNION,4,0,4,122,15,15,3,5,10,9,0.30000000000000004,0.30000000000000004
240,17,CARD,33,1,35,138,50,15,3,5,10,9,0.30000000000000004,0.30000000000000004
241,17,CLF_UNION,34,1,50,138,55,15,3,5,10,9,0.30000000000000004,0.30000000000000004
242,17,ORD-UNION,7,0,7,138,12,15,3,5,10,9,0.30000000000000004,0.30000000000000004
243,17,CARD,28,3,33,138,47,15,3,5,10,9,0.30000000000000004,0.30000000000000004
244,17,CLF_UNION,29,2,45,138,55,15,3,5,10,9,0.30000000000000004,0.30000000000000004
245,17,ORD-UNION,9,0,9,138,19,15,3,5,10,9,0.30000000000000004,0.30000000000000004
246,17,CARD,31,1,35,138,50,15,3,5,10,9,0.30000000000000004,0.30000000000000004
247,17,CLF_UNION,32,2,50,138,55,15,3,5,10,9,0.30000000000000004,0.30000000000000004
248,17,ORD-UNION,4,0,4,138,9,15,3,5,10,9,0.30000000000000004,0.30000000000000004
249,17,CARD,22,0,23,138,49,15,3,5,10,9,0.30000000000000004,0.30000000000000004
250,17,CLF_UNION,23,0,37,138,55,15,3,5,10,9,0.30000000000000004,0.30000000000000004
251,17,ORD-UNION,6,0,6,138,24,15,3,5,10,9,0.30000000000000004,0.30000000000000004
252,17,CARD,28,1,31,138,50,15,3,5,10,9,0.30000000000000004,0.30000000000000004
253,17,CLF_UNION,29,2,46,138,55,15,3,5,10,9,0.30000000000000004,0.30000000000000004
254,17,ORD-UNION,9,0,9,138,18,15,3,5,10,9,0.30000000000000004,0.30000000000000004
255,18,CARD,15,0,15,153,50,15,3,5,10,9,0.30000000000000004,0.30000000000000004
256,18,CLF_UNION,17,0,30,153,55,15,3,5,10,9,0.30000000000000004,0.30000000000000004
257,18,ORD-UNION,4,0,4,153,29,15,3,5,10,9,0.30000000000000004,0.30000000000000004
258,18,CARD,21,1,24,153,46,15,3,5,10,9,0.30000000000000004,0.30000000000000004
259,18,CLF_UNION,22,0,35,153,55,15,3,5,10,9,0.30000000000000004,0.30000000000000004
260,18,ORD-UNION,4,0,4,153,24,15,3,5,10,9,0.30000000000000004,0.30000000000000004
261,18,CARD,21,0,22,153,50,15,3,5,10,9,0.30000000000000004,0.30000000000000004
262,18,CLF_UNION,23,0,37,153,55,15,3,5,10,9,0.30000000000000004,0.30000000000000004
263,18,ORD-UNION,9,0,9,153,27,15,3,5,10,9,0.30000000000000004,0.30000000000000004
264,18,CARD,30,1,33,153,49,15,3,5,10,9,0.30000000000000004,0.30000000000000004
265,18,CLF_UNION,31,0,48,153,56,15,3,5,10,9,0.30000000000000004,0.30000000000000004
266,18,ORD-UNION,6,0,6,153,14,15,3,5,10,9,0.30000000000000004,0.30000000000000004
267,18,CARD,23,0,28,153,48,15,3,5,10,9,0.30000000000000004,0.30000000000000004
268,18,CLF_UNION,22,1,41,153,55,15,3,5,10,9,0.30000000000000004,0.30000000000000004
269,18,ORD-UNION,4,0,4,153,18,15,3,5,10,9,0.30000000000000004,0.30000000000000004
270,19,CARD,18,2,24,170,46,15,3,5,10,9,0.30000000000000004,0.30000000000000004
271,19,CLF_UNION,20,0,35,170,55,15,3,5,10,9,0.30000000000000004,0.30000000000000004
272,19,ORD-UNION,4,0,4,170,24,15,3,5,10,9,0.30000000000000004,0.30000000000000004
273,19,CARD,21,0,28,170,48,15,3,5,10,9,0.30000000000000004,0.30000000000000004
274,19,CLF_UNION,19,3,42,170,56,15,3,5,10,9,0.30000000000000004,0.30000000000000004
275,19,ORD-UNION,2,0,2,170,16,15,3,5,10,9,0.30000000000000004,0.30000000000000004
276,19,CARD,20,1,26,170,47,15,3,5,10,9,0.30000000000000004,0.30000000000000004
277,19,CLF_UNION,21,0,39,170,56,15,3,5,10,9,0.30000000000000004,0.30000000000000004
278,19,ORD-UNION,5,0,5,170,22,15,3,5,10,9,0.30000000000000004,0.30000000000000004
279,19,CARD,6,0,9,170,51,15,3,5,10,9,0.30000000000000004,0.30000000000000004
280,19,CLF_UNION,6,0,25,170,55,15,3,5,10,9,0.30000000000000004,0.30000000000000004
281,19,ORD-UNION,0,0,0,170,30,15,3,5,10,9,0.30000000000000004,0.30000000000000004
282,19,CARD,27,2,32,170,50,15,3,5,10,9,0.30000000000000004,0.30000000000000004
283,19,CLF_UNION,29,2,47,170,55,15,3,5,10,9,0.30000000000000004,0.30000000000000004
284,19,ORD-UNION,6,0,6,170,14,15,3,5,10,9,0.30000000000000004,0.30000000000000004
285,20,CARD,13,1,15,187,49,15,3,5,10,9,0.30000000000000004,0.30000000000000004
286,20,CLF_UNION,14,1,29,187,55,15,3,5,10,9,0.30000000000000004,0.30000000000000004
287,20,ORD-UNION,3,0,3,187,29,15,3,5,10,9,0.30000000000000004,0.30000000000000004
288,20,CARD,9,0,9,187,48,15,3,5,10,9,0.30000000000000004,0.30000000000000004
289,20,CLF_UNION,9,0,22,187,55,15,3,5,10,9,0.30000000000000004,0.30000000000000004
290,20,ORD-UNION,0,0,0,187,33,15,3,5,10,9,0.30000000000000004,0.30000000000000004
291,20,CARD,19,0,21,187,49,15,3,5,10,9,0.30000000000000004,0.30000000000000004
292,20,CLF_UNION,19,2,35,187,55,15,3,5,10,9,0.30000000000000004,0.30000000000000004
293,20,ORD-UNION,2,0,2,187,22,15,3,5,10,9,0.30000000000000004,0.30000000000000004
294,20,CARD,23,5,29,187,47,15,3,5,10,9,0.30000000000000004,0.30000000000000004
295,20,CLF_UNION,25,3,41,187,55,15,3,5,10,9,0.30000000000000004,0.30000000000000004
296,20,ORD-UNION,5,0,5,187,19,15,3,5,10,9,0.30000000000000004,0.30000000000000004
297,20,CARD,25,0,27,187,50,15,3,5,10,9,0.30000000000000004,0.30000000000000004
298,20,CLF_UNION,25,0,42,187,55,15,3,5,10,9,0.30000000000000004,0.30000000000000004
299,20,ORD-UNION,7,0,7,187,20,15,3,5,10,9,0.30000000000000004,0.30000000000000004
300,21,CARD,23,0,23,204,51,15,3,5,10,9,0.30000000000000004,0.30000000000000004
301,21,CLF_UNION,23,0,41,204,57,15,3,5,10,9,0.30000000000000004,0.30000000000000004
302,21,ORD-UNION,11,0,11,204,27,15,3,5,10,9,0.30000000000000004,0.30000000000000004
303,21,CARD,12,0,16,204,50,15,3,5,10,9,0.30000000000000004,0.30000000000000004
304,21,CLF_UNION,13,1,33,204,57,15,3,5,10,9,0.30000000000000004,0.30000000000000004
305,21,ORD-UNION,5,0,5,204,29,15,3,5,10,9,0.30000000000000004,0.30000000000000004
306,21,CARD,17,3,23,204,49,15,3,5,10,9,0.30000000000000004,0.30000000000000004
307,21,CLF_UNION,20,1,38,204,56,15,3,5,10,9,0.30000000000000004,0.30000000000000004
308,21,ORD-UNION,7,0,7,204,25,15,3,5,10,9,0.30000000000000004,0.30000000000000004
309,21,CARD,17,2,24,204,49,15,3,5,10,9,0.30000000000000004,0.30000000000000004
310,21,CLF_UNION,18,2,39,204,56,15,3,5,10,9,0.30000000000000004,0.30000000000000004
311,21,ORD-UNION,5,0,5,204,22,15,3,5,10,9,0.30000000000000004,0.30000000000000004
312,21,CARD,22,0,23,204,48,15,3,5,10,9,0.30000000000000004,0.30000000000000004
313,21,CLF_UNION,22,0,38,204,57,15,3,5,10,9,0.30000000000000004,0.30000000000000004
314,21,ORD-UNION,8,0,8,204,27,15,3,5,10,9,0.30000000000000004,0.30000000000000004
315,22,CARD,18,1,23,223,50,15,3,5,10,9,0.30000000000000004,0.30000000000000004
316,22,CLF_UNION,19,2,40,223,57,15,3,5,10,9,0.30000000000000004,0.30000000000000004
317,22,ORD-UNION,4,0,4,223,21,15,3,5,10,9,0.30000000000000004,0.30000000000000004
318,22,CARD,7,0,10,223,47,15,3,5,10,9,0.30000000000000004,0.30000000000000004
319,22,CLF_UNION,7,0,24,223,57,15,3,5,10,9,0.30000000000000004,0.30000000000000004
320,22,ORD-UNION,1,0,1,223,34,15,3,5,10,9,0.30000000000000004,0.30000000000000004
321,22,CARD,13,1,17,223,48,15,3,5,10,9,0.30000000000000004,0.30000000000000004
322,22,CLF_UNION,13,1,30,223,55,15,3,5,10,9,0.30000000000000004,0.30000000000000004
323,22,ORD-UNION,6,0,6,223,31,15,3,5,10,9,0.30000000000000004,0.30000000000000004
324,22,CARD,24,4,29,223,48,15,3,5,10,9,0.30000000000000004,0.30000000000000004
325,22,CLF_UNION,26,2,44,223,57,15,3,5,10,9,0.30000000000000004,0.30000000000000004
326,22,ORD-UNION,14,0,14,223,27,15,3,5,10,9,0.30000000000000004,0.30000000000000004
327,22,CARD,26,2,29,223,48,15,3,5,10,9,0.30000000000000004,0.30000000000000004
328,22,CLF_UNION,27,2,43,223,56,15,3,5,10,9,0.30000000000000004,0.30000000000000004
329,22,ORD-UNION,9,0,9,223,22,15,3,5,10,9,0.30000000000000004,0.30000000000000004
330,23,CARD,7,0,7,241,50,15,3,5,10,9,0.30000000000000004,0.30000000000000004
331,23,CLF_UNION,7,0,22,241,55,15,3,5,10,9,0.30000000000000004,0.30000000000000004
332,23,ORD-UNION,5,0,5,241,38,15,3,5,10,9,0.30000000000000004,0.30000000000000004
333,23,CARD,20,6,29,241,48,15,3,5,10,9,0.30000000000000004,0.30000000000000004
334,23,CLF_UNION,24,3,43,241,56,15,3,5,10,9,0.30000000000000004,0.30000000000000004
335,23,ORD-UNION,8,0,8,241,21,15,3,5,10,9,0.30000000000000004,0.30000000000000004
336,23,CARD,7,1,9,241,52,15,3,5,10,9,0.30000000000000004,0.30000000000000004
337,23,CLF_UNION,7,1,30,241,59,15,3,5,10,9,0.30000000000000004,0.30000000000000004
338,23,ORD-UNION,4,0,4,241,33,15,3,5,10,9,0.30000000000000004,0.30000000000000004
339,23,CARD,21,1,23,241,49,15,3,5,10,9,0.30000000000000004,0.30000000000000004
340,23,CLF_UNION,22,1,39,241,57,15,3,5,10,9,0.30000000000000004,0.30000000000000004
341,23,ORD-UNION,12,0,12,241,30,15,3,5,10,9,0.30000000000000004,0.30000000000000004
342,23,CARD,20,0,22,241,50,15,3,5,10,9,0.30000000000000004,0.30000000000000004
343,23,CLF_UNION,20,0,39,241,57,15,3,5,10,9,0.30000000000000004,0.30000000000000004
344,23,ORD-UNION,11,0,11,241,29,15,3,5,10,9,0.30000000000000004,0.30000000000000004
345,24,CARD,11,0,16,263,50,15,3,5,10,9,0.30000000000000004,0.30000000000000004
346,24,CLF_UNION,12,0,32,263,56,15,3,5,10,9,0.30000000000000004,0.30000000000000004
347,24,ORD-UNION,9,0,9,263,33,15,3,5,10,9,0.30000000000000004,0.30000000000000004
348,24,CARD,15,0,16,263,49,15,3,5,10,9,0.30000000000000004,0.30000000000000004
349,24,CLF_UNION,15,0,32,263,57,15,3,5,10,9,0.30000000000000004,0.30000000000000004
350,24,ORD-UNION,13,0,13,263,38,15,3,5,10,9,0.30000000000000004,0.30000000000000004
351,24,CARD,15,0,18,263,46,15,3,5,10,9,0.30000000000000004,0.30000000000000004
352,24,CLF_UNION,15,0,29,263,55,15,3,5,10,9,0.30000000000000004,0.30000000000000004
353,24,ORD-UNION,11,0,11,263,37,15,3,5,10,9,0.30000000000000004,0.30000000000000004
354,24,CARD,15,0,15,263,50,15,3,5,10,9,0.30000000000000004,0.30000000000000004
355,24,CLF_UNION,15,0,31,263,56,15,3,5,10,9,0.30000000000000004,0.30000000000000004
356,24,ORD-UNION,11,0,11,263,36,15,3,5,10,9,0.30000000000000004,0.30000000000000004
357,24,CARD,22,0,23,263,47,15,3,5,10,9,0.30000000000000004,0.30000000000000004
358,24,CLF_UNION,22,0,36,263,56,15,3,5,10,9,0.30000000000000004,0.30000000000000004
359,24,ORD-UNION,17,0,17,263,37,15,3,5,10,9,0.30000000000000004,0.30000000000000004
360,1,CARD,11,7,25,1,65,15,4,5,10,9,0.30000000000000004,0.30000000000000004
361,1,CLF_UNION,27,18,72,1,72,15,4,5,10,9,0.30000000000000004,0.30000000000000004
362,1,ORD-UNION,0,0,0,1,0,15,4,5,10,9,0.30000000000000004,0.30000000000000004
363,1,CARD,18,2,25,1,65,15,4,5,10,9,0.30000000000000004,0.30000000000000004
364,1,CLF_UNION,31,17,72,1,72,15,4,5,10,9,0.30000000000000004,0.30000000000000004
365,1,ORD-UNION,0,0,0,1,0,15,4,5,10,9,0.30000000000000004,0.30000000000000004
366,1,CARD,10,7,25,1,65,15,4,5,10,9,0.30000000000000004,0.30000000000000004
367,1,CLF_UNION,26,22,77,1,77,15,4,5,10,9,0.30000000000000004,0.30000000000000004
368,1,ORD-UNION,0,0,0,1,0,15,4,5,10,9,0.30000000000000004,0.30000000000000004
369,1,CARD,20,2,25,1,65,15,4,5,10,9,0.30000000000000004,0.30000000000000004
370,1,CLF_UNION,34,17,68,1,68,15,4,5,10,9,0.30000000000000004,0.30000000000000004
371,1,ORD-UNION,0,0,0,1,0,15,4,5,10,9,0.30000000000000004,0.30000000000000004
372,1,CARD,15,6,25,1,65,15,4,5,10,9,0.30000000000000004,0.30000000000000004
373,1,CLF_UNION,27,24,68,1,68,15,4,5,10,9,0.30000000000000004,0.30000000000000004
374,1,ORD-UNION,0,0,0,1,0,15,4,5,10,9,0.30000000000000004,0.30000000000000004
375,2,CARD,17,14,35,3,55,15,4,5,10,9,0.30000000000000004,0.30000000000000004
376,2,CLF_UNION,25,18,57,3,57,15,4,5,10,9,0.30000000000000004,0.30000000000000004
377,2,ORD-UNION,0,0,0,3,0,15,4,5,10,9,0.30000000000000004,0.30000000000000004
378,2,CARD,20,13,37,3,53,15,4,5,10,9,0.30000000000000004,0.30000000000000004
379,2,CLF_UNION,25,17,57,3,57,15,4,5,10,9,0.30000000000000004,0.30000000000000004
380,2,ORD-UNION,0,0,0,3,0,15,4,5,10,9,0.30000000000000004,0.30000000000000004
381,2,CARD,20,12,37,3,53,15,4,5,10,9,0.30000000000000004,0.30000000000000004
382,2,CLF_UNION,30,18,65,3,65,15,4,5,10,9,0.30000000000000004,0.30000000000000004
383,2,ORD-UNION,0,0,0,3,0,15,4,5,10,9,0.30000000000000004,0.30000000000000004
384,2,CARD,17,14,36,3,54,15,4,5,10,9,0.30000000000000004,0.30000000000000004
385,2,CLF_UNION,30,11,56,3,56,15,4,5,10,9,0.30000000000000004,0.30000000000000004
386,2,ORD-UNION,0,0,0,3,0,15,4,5,10,9,0.30000000000000004,0.30000000000000004
387,2,CARD,12,19,37,3,53,15,4,5,10,9,0.30000000000000004,0.30000000000000004
388,2,CLF_UNION,27,16,59,3,59,15,4,5,10,9,0.30000000000000004,0.30000000000000004
389,2,ORD-UNION,0,0,0,3,0,15,4,5,10,9,0.30000000000000004,0.30000000000000004
390,3,CARD,17,18,42,5,48,15,4,5,10,9,0.30000000000000004,0.30000000000000004
391,3,CLF_UNION,25,14,56,5,56,15,4,5,10,9,0.30000000000000004,0.30000000000000004
392,3,ORD-UNION,0,0,0,5,0,15,4,5,10,9,0.30000000000000004,0.30000000000000004
393,3,CARD,14,18,39,5,50,15,4,5,10,9,0.30000000000000004,0.30000000000000004
394,3,CLF_UNION,26,12,56,5,57,15,4,5,10,9,0.30000000000000004,0.30000000000000004
395,3,ORD-UNION,0,0,0,5,1,15,4,5,10,9,0.30000000000000004,0.30000000000000004
396,3,CARD,12,26,41,5,48,15,4,5,10,9,0.30000000000000004,0.30000000000000004
397,3,CLF_UNION,24,20,57,5,58,15,4,5,10,9,0.30000000000000004,0.30000000000000004
398,3,ORD-UNION,0,0,0,5,1,15,4,5,10,9,0.30000000000000004,0.30000000000000004
399,3,CARD,9,27,41,5,48,15,4,5,10,9,0.30000000000000004,0.30000000000000004
400,3,CLF_UNION,22,21,58,5,59,15,4,5,10,9,0.30000000000000004,0.30000000000000004
401,3,ORD-UNION,0,0,0,5,1,15,4,5,10,9,0.30000000000000004,0.30000000000000004
402,3,CARD,11,27,43,5,47,15,4,5,10,9,0.30000000000000004,0.30000000000000004
403,3,CLF_UNION,19,21,56,5,56,15,4,5,10,9,0.30000000000000004,0.30000000000000004
404,3,ORD-UNION,0,0,0,5,0,15,4,5,10,9,0.30000000000000004,0.30000000000000004
405,4,CARD,25,14,44,9,46,15,4,5,10,9,0.30000000000000004,0.30000000000000004
406,4,CLF_UNION,31,9,56,9,56,15,4,5,10,9,0.30000000000000004,0.30000000000000004
407,4,ORD-UNION,0,0,0,9,0,15,4,5,10,9,0.30000000000000004,0.30000000000000004
408,4,CARD,22,9,39,9,49,15,4,5,10,9,0.30000000000000004,0.30000000000000004
409,4,CLF_UNION,28,7,54,9,56,15,4,5,10,9,0.30000000000000004,0.30000000000000004
410,4,ORD-UNION,0,0,0,9,2,15,4,5,10,9,0.30000000000000004,0.30000000000000004
411,4,CARD,21,14,41,9,48,15,4,5,10,9,0.30000000000000004,0.30000000000000004
412,4,CLF_UNION,35,5,56,9,57,15,4,5,10,9,0.30000000000000004,0.30000000000000004
413,4,ORD-UNION,0,0,1,9,2,15,4,5,10,9,0.30000000000000004,0.30000000000000004
414,4,CARD,30,8,42,9,48,15,4,5,10,9,0.30000000000000004,0.30000000000000004
415,4,CLF_UNION,39,4,57,9,57,15,4,5,10,9,0.30000000000000004,0.30000000000000004
416,4,ORD-UNION,0,0,0,9,0,15,4,5,10,9,0.30000000000000004,0.30000000000000004
417,4,CARD,26,13,40,9,50,15,4,5,10,9,0.30000000000000004,0.30000000000000004
418,4,CLF_UNION,33,12,56,9,56,15,4,5,10,9,0.30000000000000004,0.30000000000000004
419,4,ORD-UNION,0,0,0,9,0,15,4,5,10,9,0.30000000000000004,0.30000000000000004
420,5,CARD,33,7,44,12,46,15,4,5,10,9,0.30000000000000004,0.30000000000000004
421,5,CLF_UNION,39,1,55,12,55,15,4,5,10,9,0.30000000000000004,0.30000000000000004
422,5,ORD-UNION,0,0,0,12,0,15,4,5,10,9,0.30000000000000004,0.30000000000000004
423,5,CARD,20,12,42,12,48,15,4,5,10,9,0.30000000000000004,0.30000000000000004
424,5,CLF_UNION,23,11,55,12,55,15,4,5,10,9,0.30000000000000004,0.30000000000000004
425,5,ORD-UNION,0,0,1,12,1,15,4,5,10,9,0.30000000000000004,0.30000000000000004
426,5,CARD,27,12,42,12,48,15,4,5,10,9,0.30000000000000004,0.30000000000000004
427,5,CLF_UNION,33,8,55,12,55,15,4,5,10,9,0.30000000000000004,0.30000000000000004
428,5,ORD-UNION,0,0,0,12,0,15,4,5,10,9,0.30000000000000004,0.30000000000000004
429,5,CARD,25,10,43,12,47,15,4,5,10,9,0.30000000000000004,0.30000000000000004
430,5,CLF_UNION,31,6,55,12,55,15,4,5,10,9,0.30000000000000004,0.30000000000000004
431,5,ORD-UNION,0,0,0,12,0,15,4,5,10,9,0.30000000000000004,0.30000000000000004
432,5,CARD,29,10,43,12,47,15,4,5,10,9,0.30000000000000004,0.30000000000000004
433,5,CLF_UNION,38,3,55,12,55,15,4,5,10,9,0.30000000000000004,0.30000000000000004
434,5,ORD-UNION,0,0,0,12,0,15,4,5,10,9,0.30000000000000004,0.30000000000000004
435,6,CARD,28,8,40,18,47,15,4,5,10,9,0.30000000000000004,0.30000000000000004
436,6,CLF_UNION,36,1,52,18,55,15,4,5,10,9,0.30000000000000004,0.30000000000000004
437,6,ORD-UNION,0,0,0,18,3,15,4,5,10,9,0.30000000000000004,0.30000000000000004
438,6,CARD,31,6,40,18,47,15,4,5,10,9,0.30000000000000004,0.30000000000000004
439,6,CLF_UNION,37,1,52,18,55,15,4,5,10,9,0.30000000000000004,0.30000000000000004
440,6,ORD-UNION,0,0,0,18,3,15,4,5,10,9,0.30000000000000004,0.30000000000000004
441,6,CARD,25,12,42,18,48,15,4,5,10,9,0.30000000000000004,0.30000000000000004
442,6,CLF_UNION,38,2,56,18,56,15,4,5,10,9,0.30000000000000004,0.30000000000000004
443,6,ORD-UNION,0,0,0,18,0,15,4,5,10,9,0.30000000000000004,0.30000000000000004
444,6,CARD,28,9,43,18,46,15,4,5,10,9,0.30000000000000004,0.30000000000000004
445,6,CLF_UNION,31,6,54,18,55,15,4,5,10,9,0.30000000000000004,0.30000000000000004
446,6,ORD-UNION,0,0,0,18,1,15,4,5,10,9,0.30000000000000004,0.30000000000000004
447,6,CARD,32,5,44,18,46,15,4,5,10,9,0.30000000000000004,0.30000000000000004
448,6,CLF_UNION,37,0,56,18,56,15,4,5,10,9,0.30000000000000004,0.30000000000000004
449,6,ORD-UNION,0,0,0,18,0,15,4,5,10,9,0.30000000000000004,0.30000000000000004
450,7,CARD,29,9,42,22,47,15,4,5,10,9,0.30000000000000004,0.30000000000000004
451,7,CLF_UNION,38,2,54,22,55,15,4,5,10,9,0.30000000000000004,0.30000000000000004
452,7,ORD-UNION,0,0,0,22,1,15,4,5,10,9,0.30000000000000004,0.30000000000000004
453,7,CARD,29,9,42,22,48,15,4,5,10,9,0.30000000000000004,0.30000000000000004
454,7,CLF_UNION,37,4,55,22,55,15,4,5,10,9,0.30000000000000004,0.30000000000000004
455,7,ORD-UNION,0,0,0,22,0,15,4,5,10,9,0.30000000000000004,0.30000000000000004
456,7,CARD,30,7,44,22,46,15,4,5,10,9,0.30000000000000004,0.30000000000000004
457,7,CLF_UNION,33,4,56,22,56,15,4,5,10,9,0.30000000000000004,0.30000000000000004
458,7,ORD-UNION,0,0,0,22,0,15,4,5,10,9,0.30000000000000004,0.30000000000000004
459,7,CARD,25,10,39,22,49,15,4,5,10,9,0.30000000000000004,0.30000000000000004
460,7,CLF_UNION,35,4,54,22,56,15,4,5,10,9,0.30000000000000004,0.30000000000000004
461,7,ORD-UNION,0,0,0,22,2,15,4,5,10,9,0.30000000000000004,0.30000000000000004
462,7,CARD,27,7,39,22,46,15,4,5,10,9,0.30000000000000004,0.30000000000000004
463,7,CLF_UNION,30,4,50,22,55,15,4,5,10,9,0.30000000000000004,0.30000000000000004
464,7,ORD-UNION,0,0,0,22,5,15,4,5,10,9,0.30000000000000004,0.30000000000000004
465,8,CARD,22,12,37,29,48,15,4,5,10,9,0.30000000000000004,0.30000000000000004
466,8,CLF_UNION,34,2,50,29,55,15,4,5,10,9,0.30000000000000004,0.30000000000000004
467,8,ORD-UNION,0,0,0,29,5,15,4,5,10,9,0.30000000000000004,0.30000000000000004
468,8,CARD,26,10,38,29,49,15,4,5,10,9,0.30000000000000004,0.30000000000000004
469,8,CLF_UNION,34,5,53,29,56,15,4,5,10,9,0.30000000000000004,0.30000000000000004
470,8,ORD-UNION,0,0,0,29,3,15,4,5,10,9,0.30000000000000004,0.30000000000000004
471,8,CARD,27,9,39,29,46,15,4,5,10,9,0.30000000000000004,0.30000000000000004
472,8,CLF_UNION,32,4,50,29,55,15,4,5,10,9,0.30000000000000004,0.30000000000000004
473,8,ORD-UNION,0,0,0,29,5,15,4,5,10,9,0.30000000000000004,0.30000000000000004
474,8,CARD,21,12,41,29,47,15,4,5,10,9,0.30000000000000004,0.30000000000000004
475,8,CLF_UNION,29,5,53,29,55,15,4,5,10,9,0.30000000000000004,0.30000000000000004
476,8,ORD-UNION,0,0,0,29,2,15,4,5,10,9,0.30000000000000004,0.30000000000000004
477,8,CARD,20,11,35,29,49,15,4,5,10,9,0.30000000000000004,0.30000000000000004
478,8,CLF_UNION,33,3,50,29,56,15,4,5,10,9,0.30000000000000004,0.30000000000000004
479,8,ORD-UNION,0,0,0,29,6,15,4,5,10,9,0.30000000000000004,0.30000000000000004
480,9,CARD,24,10,41,38,47,15,4,5,10,9,0.30000000000000004,0.30000000000000004
481,9,CLF_UNION,31,4,53,38,55,15,4,5,10,9,0.30000000000000004,0.30000000000000004
482,9,ORD-UNION,0,0,1,38,3,15,4,5,10,9,0.30000000000000004,0.30000000000000004
483,9,CARD,29,1,33,38,48,15,4,5,10,9,0.30000000000000004,0.30000000000000004
484,9,CLF_UNION,32,0,46,38,55,15,4,5,10,9,0.30000000000000004,0.30000000000000004
485,9,ORD-UNION,0,0,0,38,9,15,4,5,10,9,0.30000000000000004,0.30000000000000004
486,9,CARD,28,9,41,38,48,15,4,5,10,9,0.30000000000000004,0.30000000000000004
487,9,CLF_UNION,38,2,54,38,55,15,4,5,10,9,0.30000000000000004,0.30000000000000004
488,9,ORD-UNION,0,0,0,38,1,15,4,5,10,9,0.30000000000000004,0.30000000000000004
489,9,CARD,25,9,39,38,48,15,4,5,10,9,0.30000000000000004,0.30000000000000004
490,9,CLF_UNION,36,1,52,38,55,15,4,5,10,9,0.30000000000000004,0.30000000000000004
491,9,ORD-UNION,0,0,0,38,3,15,4,5,10,9,0.30000000000000004,0.30000000000000004
492,9,CARD,26,5,37,38,48,15,4,5,10,9,0.30000000000000004,0.30000000000000004
493,9,CLF_UNION,32,1,50,38,55,15,4,5,10,9,0.30000000000000004,0.30000000000000004
494,9,ORD-UNION,0,0,0,38,5,15,4,5,10,9,0.30000000000000004,0.30000000000000004
495,10,CARD,27,7,38,47,47,15,4,5,10,9,0.30000000000000004,0.30000000000000004
496,10,CLF_UNION,35,0,50,47,55,15,4,5,10,9,0.30000000000000004,0.30000000000000004
497,10,ORD-UNION,0,0,0,47,5,15,4,5,10,9,0.30000000000000004,0.30000000000000004
498,10,CARD,24,7,37,47,48,15,4,5,10,9,0.30000000000000004,0.30000000000000004
499,10,CLF_UNION,30,3,50,47,55,15,4,5,10,9,0.30000000000000004,0.30000000000000004
500,10,ORD-UNION,0,0,1,47,6,15,4,5,10,9,0.30000000000000004,0.30000000000000004
501,10,CARD,20,9,33,47,48,15,4,5,10,9,0.30000000000000004,0.30000000000000004
502,10,CLF_UNION,26,5,46,47,55,15,4,5,10,9,0.30000000000000004,0.30000000000000004
503,10,ORD-UNION,0,0,0,47,9,15,4,5,10,9,0.30000000000000004,0.30000000000000004
504,10,CARD,25,8,40,47,47,15,4,5,10,9,0.30000000000000004,0.30000000000000004
505,10,CLF_UNION,31,4,52,47,55,15,4,5,10,9,0.30000000000000004,0.30000000000000004
506,10,ORD-UNION,0,0,0,47,3,15,4,5,10,9,0.30000000000000004,0.30000000000000004
507,10,CARD,32,9,45,47,45,15,4,5,10,9,0.30000000000000004,0.30000000000000004
508,10,CLF_UNION,40,1,55,47,55,15,4,5,10,9,0.30000000000000004,0.30000000000000004
509,10,ORD-UNION,0,0,0,47,0,15,4,5,10,9,0.30000000000000004,0.30000000000000004
510,11,CARD,24,7,36,58,49,15,4,5,10,9,0.30000000000000004,0.30000000000000004
511,11,CLF_UNION,32,2,50,58,55,15,4,5,10,9,0.30000000000000004,0.30000000000000004
512,11,ORD-UNION,0,0,0,58,5,15,4,5,10,9,0.30000000000000004,0.30000000000000004
513,11,CARD,21,12,40,58,47,15,4,5,10,9,0.30000000000000004,0.30000000000000004
514,11,CLF_UNION,33,2,52,58,55,15,4,5,10,9,0.30000000000000004,0.30000000000000004
515,11,ORD-UNION,0,0,0,58,3,15,4,5,10,9,0.30000000000000004,0.30000000000000004
516,11,CARD,31,2,39,58,46,15,4,5,10,9,0.30000000000000004,0.30000000000000004
517,11,CLF_UNION,32,1,50,58,55,15,4,5,10,9,0.30000000000000004,0.30000000000000004
518,11,ORD-UNION,2,0,2,58,7,15,4,5,10,9,0.30000000000000004,0.30000000000000004
519,11,CARD,24,7,36,58,51,15,4,5,10,9,0.30000000000000004,0.30000000000000004
520,11,CLF_UNION,33,3,52,58,55,15,4,5,10,9,0.30000000000000004,0.30000000000000004
521,11,ORD-UNION,0,0,0,58,3,15,4,5,10,9,0.30000000000000004,0.30000000000000004
522,11,CARD,23,2,35,58,48,15,4,5,10,9,0.30000000000000004,0.30000000000000004
523,11,CLF_UNION,25,0,49,58,56,15,4,5,10,9,0.30000000000000004,0.30000000000000004
524,11,ORD-UNION,0,0,1,58,8,15,4,5,10,9,0.30000000000000004,0.30000000000000004
525,12,CARD,24,8,37,69,48,15,4,5,10,9,0.30000000000000004,0.30000000000000004
526,12,CLF_UNION,28,6,54,69,59,15,4,5,10,9,0.30000000000000004,0.30000000000000004
527,12,ORD-UNION,0,0,0,69,5,15,4,5,10,9,0.30000000000000004,0.30000000000000004
528,12,CARD,23,5,36,69,48,15,4,5,10,9,0.30000000000000004,0.30000000000000004
529,12,CLF_UNION,30,0,51,69,57,15,4,5,10,9,0.30000000000000004,0.30000000000000004
530,12,ORD-UNION,0,0,0,69,6,15,4,5,10,9,0.30000000000000004,0.30000000000000004
531,12,CARD,22,11,38,69,46,15,4,5,10,9,0.30000000000000004,0.30000000000000004
532,12,CLF_UNION,32,3,50,69,56,15,4,5,10,9,0.30000000000000004,0.30000000000000004
533,12,ORD-UNION,0,0,0,69,6,15,4,5,10,9,0.30000000000000004,0.30000000000000004
534,12,CARD,29,3,36,69,48,15,4,5,10,9,0.30000000000000004,0.30000000000000004
535,12,CLF_UNION,33,1,49,69,55,15,4,5,10,9,0.30000000000000004,0.30000000000000004
536,12,ORD-UNION,2,0,2,69,8,15,4,5,10,9,0.30000000000000004,0.30000000000000004
537,12,CARD,27,6,43,69,46,15,4,5,10,9,0.30000000000000004,0.30000000000000004
538,12,CLF_UNION,30,3,54,69,55,15,4,5,10,9,0.30000000000000004,0.30000000000000004
539,12,ORD-UNION,1,0,1,69,2,15,4,5,10,9,0.30000000000000004,0.30000000000000004
540,13,CARD,19,8,30,81,46,15,4,5,10,9,0.30000000000000004,0.30000000000000004
541,13,CLF_UNION,25,2,41,81,55,15,4,5,10,9,0.30000000000000004,0.30000000000000004
542,13,ORD-UNION,0,0,0,81,14,15,4,5,10,9,0.30000000000000004,0.30000000000000004
543,13,CARD,23,6,35,81,47,15,4,5,10,9,0.30000000000000004,0.30000000000000004
544,13,CLF_UNION,29,0,49,81,57,15,4,5,10,9,0.30000000000000004,0.30000000000000004
545,13,ORD-UNION,0,0,1,81,9,15,4,5,10,9,0.30000000000000004,0.30000000000000004
546,13,CARD,24,3,30,81,46,15,4,5,10,9,0.30000000000000004,0.30000000000000004
547,13,CLF_UNION,27,0,41,81,55,15,4,5,10,9,0.30000000000000004,0.30000000000000004
548,13,ORD-UNION,0,0,0,81,14,15,4,5,10,9,0.30000000000000004,0.30000000000000004
549,13,CARD,25,7,39,81,45,15,4,5,10,9,0.30000000000000004,0.30000000000000004
550,13,CLF_UNION,30,2,49,81,55,15,4,5,10,9,0.30000000000000004,0.30000000000000004
551,13,ORD-UNION,0,0,1,81,7,15,4,5,10,9,0.30000000000000004,0.30000000000000004
552,13,CARD,23,7,35,81,47,15,4,5,10,9,0.30000000000000004,0.30000000000000004
553,13,CLF_UNION,29,1,47,81,55,15,4,5,10,9,0.30000000000000004,0.30000000000000004
554,13,ORD-UNION,4,0,5,81,13,15,4,5,10,9,0.30000000000000004,0.30000000000000004
555,14,CARD,30,3,36,93,49,15,4,5,10,9,0.30000000000000004,0.30000000000000004
556,14,CLF_UNION,30,3,50,93,55,15,4,5,10,9,0.30000000000000004,0.30000000000000004
557,14,ORD-UNION,2,0,2,93,7,15,4,5,10,9,0.30000000000000004,0.30000000000000004
558,14,CARD,29,9,41,93,47,15,4,5,10,9,0.30000000000000004,0.30000000000000004
559,14,CLF_UNION,35,3,53,93,55,15,4,5,10,9,0.30000000000000004,0.30000000000000004
560,14,ORD-UNION,2,0,3,93,5,15,4,5,10,9,0.30000000000000004,0.30000000000000004
561,14,CARD,16,7,24,93,49,15,4,5,10,9,0.30000000000000004,0.30000000000000004
562,14,CLF_UNION,22,1,39,93,56,15,4,5,10,9,0.30000000000000004,0.30000000000000004
563,14,ORD-UNION,0,0,0,93,17,15,4,5,10,9,0.30000000000000004,0.30000000000000004
564,14,CARD,22,6,33,93,48,15,4,5,10,9,0.30000000000000004,0.30000000000000004
565,14,CLF_UNION,28,0,46,93,55,15,4,5,10,9,0.30000000000000004,0.30000000000000004
566,14,ORD-UNION,3,0,4,93,13,15,4,5,10,9,0.30000000000000004,0.30000000000000004
567,14,CARD,29,9,42,93,45,15,4,5,10,9,0.30000000000000004,0.30000000000000004
568,14,CLF_UNION,34,4,52,93,55,15,4,5,10,9,0.30000000000000004,0.30000000000000004
569,14,ORD-UNION,1,0,2,93,5,15,4,5,10,9,0.30000000000000004,0.30000000000000004
570,15,CARD,24,0,27,104,50,15,4,5,10,9,0.30000000000000004,0.30000000000000004
571,15,CLF_UNION,25,0,43,104,56,15,4,5,10,9,0.30000000000000004,0.30000000000000004
572,15,ORD-UNION,2,0,3,104,16,15,4,5,10,9,0.30000000000000004,0.30000000000000004
573,15,CARD,19,11,35,104,50,15,4,5,10,9,0.30000000000000004,0.30000000000000004
574,15,CLF_UNION,30,1,50,104,55,15,4,5,10,9,0.30000000000000004,0.30000000000000004
575,15,ORD-UNION,0,0,0,104,5,15,4,5,10,9,0.30000000000000004,0.30000000000000004
576,15,CARD,6,3,9,104,50,15,4,5,10,9,0.30000000000000004,0.30000000000000004
577,15,CLF_UNION,9,1,27,104,58,15,4,5,10,9,0.30000000000000004,0.30000000000000004
578,15,ORD-UNION,0,0,0,104,31,15,4,5,10,9,0.30000000000000004,0.30000000000000004
579,15,CARD,17,5,25,104,51,15,4,5,10,9,0.30000000000000004,0.30000000000000004
580,15,CLF_UNION,24,2,42,104,56,15,4,5,10,9,0.30000000000000004,0.30000000000000004
581,15,ORD-UNION,2,0,2,104,16,15,4,5,10,9,0.30000000000000004,0.30000000000000004
582,15,CARD,19,6,28,104,49,15,4,5,10,9,0.30000000000000004,0.30000000000000004
583,15,CLF_UNION,27,1,44,104,57,15,4,5,10,9,0.30000000000000004,0.30000000000000004
584,15,ORD-UNION,2,0,2,104,15,15,4,5,10,9,0.30000000000000004,0.30000000000000004
585,16,CARD,21,8,30,120,48,15,4,5,10,9,0.30000000000000004,0.30000000000000004
586,16,CLF_UNION,29,3,47,120,59,15,4,5,10,9,0.30000000000000004,0.30000000000000004
587,16,ORD-UNION,7,0,8,120,20,15,4,5,10,9,0.30000000000000004,0.30000000000000004
588,16,CARD,15,1,24,120,48,15,4,5,10,9,0.30000000000000004,0.30000000000000004
589,16,CLF_UNION,16,0,38,120,56,15,4,5,10,9,0.30000000000000004,0.30000000000000004
590,16,ORD-UNION,1,0,3,120,21,15,4,5,10,9,0.30000000000000004,0.30000000000000004
591,16,CARD,23,2,29,120,47,15,4,5,10,9,0.30000000000000004,0.30000000000000004
592,16,CLF_UNION,24,2,41,120,55,15,4,5,10,9,0.30000000000000004,0.30000000000000004
593,16,ORD-UNION,9,0,10,120,24,15,4,5,10,9,0.30000000000000004,0.30000000000000004
594,16,CARD,19,2,23,120,48,15,4,5,10,9,0.30000000000000004,0.30000000000000004
595,16,CLF_UNION,20,3,37,120,56,15,4,5,10,9,0.30000000000000004,0.30000000000000004
596,16,ORD-UNION,7,0,7,120,26,15,4,5,10,9,0.30000000000000004,0.30000000000000004
597,16,CARD,22,4,29,120,47,15,4,5,10,9,0.30000000000000004,0.30000000000000004
598,16,CLF_UNION,26,2,44,120,58,15,4,5,10,9,0.30000000000000004,0.30000000000000004
599,16,ORD-UNION,1,0,1,120,15,15,4,5,10,9,0.30000000000000004,0.30000000000000004
600,17,CARD,6,0,11,132,48,15,4,5,10,9,0.30000000000000004,0.30000000000000004
601,17,CLF_UNION,6,0,25,132,56,15,4,5,10,9,0.30000000000000004,0.30000000000000004
602,17,ORD-UNION,1,0,2,132,33,15,4,5,10,9,0.30000000000000004,0.30000000000000004
603,17,CARD,23,1,32,132,46,15,4,5,10,9,0.30000000000000004,0.30000000000000004
604,17,CLF_UNION,24,0,43,132,55,15,4,5,10,9,0.30000000000000004,0.30000000000000004
605,17,ORD-UNION,7,0,9,132,21,15,4,5,10,9,0.30000000000000004,0.30000000000000004
606,17,CARD,18,11,34,132,46,15,4,5,10,9,0.30000000000000004,0.30000000000000004
607,17,CLF_UNION,28,2,45,132,55,15,4,5,10,9,0.30000000000000004,0.30000000000000004
608,17,ORD-UNION,3,0,3,132,13,15,4,5,10,9,0.30000000000000004,0.30000000000000004
609,17,CARD,25,3,30,132,45,15,4,5,10,9,0.30000000000000004,0.30000000000000004
610,17,CLF_UNION,27,1,40,132,55,15,4,5,10,9,0.30000000000000004,0.30000000000000004
611,17,ORD-UNION,7,0,7,132,22,15,4,5,10,9,0.30000000000000004,0.30000000000000004
612,17,CARD,21,6,31,132,45,15,4,5,10,9,0.30000000000000004,0.30000000000000004
613,17,CLF_UNION,25,2,41,132,55,15,4,5,10,9,0.30000000000000004,0.30000000000000004
614,17,ORD-UNION,8,0,8,132,22,15,4,5,10,9,0.30000000000000004,0.30000000000000004
615,18,CARD,21,4,32,149,45,15,4,5,10,9,0.30000000000000004,0.30000000000000004
616,18,CLF_UNION,23,2,42,149,55,15,4,5,10,9,0.30000000000000004,0.30000000000000004
617,18,ORD-UNION,5,0,6,149,19,15,4,5,10,9,0.30000000000000004,0.30000000000000004
618,18,CARD,15,6,29,149,48,15,4,5,10,9,0.30000000000000004,0.30000000000000004
619,18,CLF_UNION,21,1,42,149,55,15,4,5,10,9,0.30000000000000004,0.30000000000000004
620,18,ORD-UNION,7,0,9,149,22,15,4,5,10,9,0.30000000000000004,0.30000000000000004
621,18,CARD,12,13,28,149,49,15,4,5,10,9,0.30000000000000004,0.30000000000000004
622,18,CLF_UNION,27,0,42,149,55,15,4,5,10,9,0.30000000000000004,0.30000000000000004
623,18,ORD-UNION,3,0,5,149,18,15,4,5,10,9,0.30000000000000004,0.30000000000000004
624,18,CARD,9,4,17,149,48,15,4,5,10,9,0.30000000000000004,0.30000000000000004
625,18,CLF_UNION,9,4,30,149,55,15,4,5,10,9,0.30000000000000004,0.30000000000000004
626,18,ORD-UNION,2,0,3,149,28,15,4,5,10,9,0.30000000000000004,0.30000000000000004
627,18,CARD,19,3,24,149,47,15,4,5,10,9,0.30000000000000004,0.30000000000000004
628,18,CLF_UNION,20,2,36,149,55,15,4,5,10,9,0.30000000000000004,0.30000000000000004
629,18,ORD-UNION,6,0,6,149,25,15,4,5,10,9,0.30000000000000004,0.30000000000000004
630,19,CARD,23,1,30,165,48,15,4,5,10,9,0.30000000000000004,0.30000000000000004
631,19,CLF_UNION,26,0,43,165,55,15,4,5,10,9,0.30000000000000004,0.30000000000000004
632,19,ORD-UNION,9,0,10,165,22,15,4,5,10,9,0.30000000000000004,0.30000000000000004
633,19,CARD,14,2,21,165,46,15,4,5,10,9,0.30000000000000004,0.30000000000000004
634,19,CLF_UNION,16,0,32,165,55,15,4,5,10,9,0.30000000000000004,0.30000000000000004
635,19,ORD-UNION,0,0,0,165,23,15,4,5,10,9,0.30000000000000004,0.30000000000000004
636,19,CARD,15,3,27,165,46,15,4,5,10,9,0.30000000000000004,0.30000000000000004
637,19,CLF_UNION,17,1,38,165,55,15,4,5,10,9,0.30000000000000004,0.30000000000000004
638,19,ORD-UNION,3,0,3,165,20,15,4,5,10,9,0.30000000000000004,0.30000000000000004
639,19,CARD,15,3,25,165,48,15,4,5,10,9,0.30000000000000004,0.30000000000000004
640,19,CLF_UNION,16,3,38,165,55,15,4,5,10,9,0.30000000000000004,0.30000000000000004
641,19,ORD-UNION,10,0,11,165,28,15,4,5,10,9,0.30000000000000004,0.30000000000000004
642,19,CARD,21,0,25,165,49,15,4,5,10,9,0.30000000000000004,0.30000000000000004
643,19,CLF_UNION,21,0,39,165,55,15,4,5,10,9,0.30000000000000004,0.30000000000000004
644,19,ORD-UNION,15,0,15,165,31,15,4,5,10,9,0.30000000000000004,0.30000000000000004
645,20,CARD,13,0,22,179,46,15,4,5,10,9,0.30000000000000004,0.30000000000000004
646,20,CLF_UNION,13,0,33,179,55,15,4,5,10,9,0.30000000000000004,0.30000000000000004
647,20,ORD-UNION,10,0,11,179,33,15,4,5,10,9,0.30000000000000004,0.30000000000000004
648,20,CARD,18,4,26,179,46,15,4,5,10,9,0.30000000000000004,0.30000000000000004
649,20,CLF_UNION,20,2,37,179,55,15,4,5,10,9,0.30000000000000004,0.30000000000000004
650,20,ORD-UNION,2,0,2,179,20,15,4,5,10,9,0.30000000000000004,0.30000000000000004
651,20,CARD,9,0,13,179,51,15,4,5,10,9,0.30000000000000004,0.30000000000000004
652,20,CLF_UNION,9,0,31,179,57,15,4,5,10,9,0.30000000000000004,0.30000000000000004
653,20,ORD-UNION,4,0,5,179,31,15,4,5,10,9,0.30000000000000004,0.30000000000000004
654,20,CARD,15,2,18,179,46,15,4,5,10,9,0.30000000000000004,0.30000000000000004
655,20,CLF_UNION,17,0,29,179,55,15,4,5,10,9,0.30000000000000004,0.30000000000000004
656,20,ORD-UNION,7,0,7,179,33,15,4,5,10,9,0.30000000000000004,0.30000000000000004
657,20,CARD,27,2,31,179,46,15,4,5,10,9,0.30000000000000004,0.30000000000000004
658,20,CLF_UNION,27,2,42,179,55,15,4,5,10,9,0.30000000000000004,0.30000000000000004
659,20,ORD-UNION,11,0,11,179,24,15,4,5,10,9,0.30000000000000004,0.30000000000000004
660,21,CARD,24,3,34,198,47,15,4,5,10,9,0.30000000000000004,0.30000000000000004
661,21,CLF_UNION,26,2,46,198,55,15,4,5,10,9,0.30000000000000004,0.30000000000000004
662,21,ORD-UNION,12,0,13,198,22,15,4,5,10,9,0.30000000000000004,0.30000000000000004
663,21,CARD,9,0,13,198,48,15,4,5,10,9,0.30000000000000004,0.30000000000000004
664,21,CLF_UNION,9,0,26,198,55,15,4,5,10,9,0.30000000000000004,0.30000000000000004
665,21,ORD-UNION,8,0,9,198,38,15,4,5,10,9,0.30000000000000004,0.30000000000000004
666,21,CARD,20,1,28,198,45,15,4,5,10,9,0.30000000000000004,0.30000000000000004
667,21,CLF_UNION,21,0,38,198,55,15,4,5,10,9,0.30000000000000004,0.30000000000000004
668,21,ORD-UNION,10,0,13,198,30,15,4,5,10,9,0.30000000000000004,0.30000000000000004
669,21,CARD,21,1,24,198,47,15,4,5,10,9,0.30000000000000004,0.30000000000000004
670,21,CLF_UNION,21,2,36,198,55,15,4,5,10,9,0.30000000000000004,0.30000000000000004
671,21,ORD-UNION,13,0,13,198,32,15,4,5,10,9,0.30000000000000004,0.30000000000000004
672,21,CARD,29,0,30,198,46,15,4,5,10,9,0.30000000000000004,0.30000000000000004
673,21,CLF_UNION,29,0,41,198,55,15,4,5,10,9,0.30000000000000004,0.30000000000000004
674,21,ORD-UNION,12,0,12,198,26,15,4,5,10,9,0.30000000000000004,0.30000000000000004
675,22,CARD,19,2,27,220,49,15,4,5,10,9,0.30000000000000004,0.30000000000000004
676,22,CLF_UNION,21,0,42,220,56,15,4,5,10,9,0.30000000000000004,0.30000000000000004
677,22,ORD-UNION,6,0,6,220,20,15,4,5,10,9,0.30000000000000004,0.30000000000000004
678,22,CARD,9,0,13,220,46,15,4,5,10,9,0.30000000000000004,0.30000000000000004
679,22,CLF_UNION,9,0,24,220,55,15,4,5,10,9,0.30000000000000004,0.30000000000000004
680,22,ORD-UNION,7,0,7,220,38,15,4,5,10,9,0.30000000000000004,0.30000000000000004
681,22,CARD,15,1,21,220,47,15,4,5,10,9,0.30000000000000004,0.30000000000000004
682,22,CLF_UNION,16,1,37,220,59,15,4,5,10,9,0.30000000000000004,0.30000000000000004
683,22,ORD-UNION,9,0,9,220,31,15,4,5,10,9,0.30000000000000004,0.30000000000000004
684,22,CARD,17,0,20,220,46,15,4,5,10,9,0.30000000000000004,0.30000000000000004
685,22,CLF_UNION,17,1,32,220,56,15,4,5,10,9,0.30000000000000004,0.30000000000000004
686,22,ORD-UNION,10,0,10,220,34,15,4,5,10,9,0.30000000000000004,0.30000000000000004
687,22,CARD,22,0,24,220,46,15,4,5,10,9,0.30000000000000004,0.30000000000000004
688,22,CLF_UNION,21,2,36,220,56,15,4,5,10,9,0.30000000000000004,0.30000000000000004
689,22,ORD-UNION,8,0,8,220,28,15,4,5,10,9,0.30000000000000004,0.30000000000000004
690,23,CARD,9,0,11,236,49,15,4,5,10,9,0.30000000000000004,0.30000000000000004
691,23,CLF_UNION,9,1,27,236,57,15,4,5,10,9,0.30000000000000004,0.30000000000000004
692,23,ORD-UNION,5,0,5,236,35,15,4,5,10,9,0.30000000000000004,0.30000000000000004
693,23,CARD,8,0,11,236,47,15,4,5,10,9,0.30000000000000004,0.30000000000000004
694,23,CLF_UNION,8,0,24,236,56,15,4,5,10,9,0.30000000000000004,0.30000000000000004
695,23,ORD-UNION,3,0,3,236,35,15,4,5,10,9,0.30000000000000004,0.30000000000000004
696,23,CARD,17,0,17,236,46,15,4,5,10,9,0.30000000000000004,0.30000000000000004
697,23,CLF_UNION,17,2,30,236,56,15,4,5,10,9,0.30000000000000004,0.30000000000000004
698,23,ORD-UNION,7,0,7,236,34,15,4,5,10,9,0.30000000000000004,0.30000000000000004
699,23,CARD,14,0,20,236,46,15,4,5,10,9,0.30000000000000004,0.30000000000000004
700,23,CLF_UNION,14,0,31,236,55,15,4,5,10,9,0.30000000000000004,0.30000000000000004
701,23,ORD-UNION,11,0,11,236,35,15,4,5,10,9,0.30000000000000004,0.30000000000000004
702,23,CARD,16,0,19,236,47,15,4,5,10,9,0.30000000000000004,0.30000000000000004
703,23,CLF_UNION,15,2,32,236,55,15,4,5,10,9,0.30000000000000004,0.30000000000000004
704,23,ORD-UNION,6,0,6,236,30,15,4,5,10,9,0.30000000000000004,0.30000000000000004
705,24,CARD,20,0,25,258,45,15,4,5,10,9,0.30000000000000004,0.30000000000000004
706,24,CLF_UNION,20,0,35,258,55,15,4,5,10,9,0.30000000000000004,0.30000000000000004
707,24,ORD-UNION,7,0,7,258,27,15,4,5,10,9,0.30000000000000004,0.30000000000000004
708,24,CARD,7,0,13,258,46,15,4,5,10,9,0.30000000000000004,0.30000000000000004
709,24,CLF_UNION,7,0,26,258,57,15,4,5,10,9,0.30000000000000004,0.30000000000000004
710,24,ORD-UNION,6,0,7,258,38,15,4,5,10,9,0.30000000000000004,0.30000000000000004
711,24,CARD,9,0,11,258,49,15,4,5,10,9,0.30000000000000004,0.30000000000000004
712,24,CLF_UNION,9,0,26,258,56,15,4,5,10,9,0.30000000000000004,0.30000000000000004
713,24,ORD-UNION,1,0,1,258,31,15,4,5,10,9,0.30000000000000004,0.30000000000000004
714,24,CARD,15,0,19,258,47,15,4,5,10,9,0.30000000000000004,0.30000000000000004
715,24,CLF_UNION,15,0,31,258,55,15,4,5,10,9,0.30000000000000004,0.30000000000000004
716,24,ORD-UNION,8,0,8,258,32,15,4,5,10,9,0.30000000000000004,0.30000000000000004
717,24,CARD,15,0,21,258,45,15,4,5,10,9,0.30000000000000004,0.30000000000000004
718,24,CLF_UNION,15,0,32,258,56,15,4,5,10,9,0.30000000000000004,0.30000000000000004
719,24,ORD-UNION,12,0,12,258,36,15,4,5,10,9,0.30000000000000004,0.30000000000000004
720,1,CARD,4,18,24,1,66,15,3,5,10,9,0.30000000000000004,0.30000000000000004
721,1,CLF_UNION,21,32,67,1,67,15,3,5,10,9,0.30000000000000004,0.30000000000000004
722,1,ORD-UNION,0,0,0,1,0,15,3,5,10,9,0.30000000000000004,0.30000000000000004
723,1,CARD,5,16,21,1,69,15,3,5,10,9,0.30000000000000004,0.30000000000000004
724,1,CLF_UNION,23,32,71,1,71,15,3,5,10,9,0.30000000000000004,0.30000000000000004
725,1,ORD-UNION,0,0,0,1,0,15,3,5,10,9,0.30000000000000004,0.30000000000000004
726,1,CARD,5,18,25,1,65,15,3,5,10,9,0.30000000000000004,0.30000000000000004
727,1,CLF_UNION,23,34,72,1,72,15,3,5,10,9,0.30000000000000004,0.30000000000000004
728,1,ORD-UNION,0,0,0,1,0,15,3,5,10,9,0.30000000000000004,0.30000000000000004
729,1,CARD,12,9,24,1,66,15,3,5,10,9,0.30000000000000004,0.30000000000000004
730,1,CLF_UNION,33,23,73,1,73,15,3,5,10,9,0.30000000000000004,0.30000000000000004
731,1,ORD-UNION,0,0,0,1,0,15,3,5,10,9,0.30000000000000004,0.30000000000000004
732,1,CARD,9,9,21,1,69,15,3,5,10,9,0.30000000000000004,0.30000000000000004
733,1,CLF_UNION,28,21,68,1,68,15,3,5,10,9,0.30000000000000004,0.30000000000000004
734,1,ORD-UNION,0,0,0,1,0,15,3,5,10,9,0.30000000000000004,0.30000000000000004
735,2,CARD,18,15,37,3,53,15,3,5,10,9,0.30000000000000004,0.30000000000000004
736,2,CLF_UNION,33,28,76,3,76,15,3,5,10,9,0.30000000000000004,0.30000000000000004
737,2,ORD-UNION,0,0,0,3,0,15,3,5,10,9,0.30000000000000004,0.30000000000000004
738,2,CARD,23,9,35,3,54,15,3,5,10,9,0.30000000000000004,0.30000000000000004
739,2,CLF_UNION,35,21,75,3,76,15,3,5,10,9,0.30000000000000004,0.30000000000000004
740,2,ORD-UNION,0,0,0,3,1,15,3,5,10,9,0.30000000000000004,0.30000000000000004
741,2,CARD,14,21,36,3,54,15,3,5,10,9,0.30000000000000004,0.30000000000000004
742,2,CLF_UNION,28,33,76,3,76,15,3,5,10,9,0.30000000000000004,0.30000000000000004
743,2,ORD-UNION,0,0,0,3,0,15,3,5,10,9,0.30000000000000004,0.30000000000000004
744,2,CARD,11,19,36,3,54,15,3,5,10,9,0.30000000000000004,0.30000000000000004
745,2,CLF_UNION,25,31,76,3,76,15,3,5,10,9,0.30000000000000004,0.30000000000000004
746,2,ORD-UNION,0,0,0,3,0,15,3,5,10,9,0.30000000000000004,0.30000000000000004
747,2,CARD,24,10,36,3,54,15,3,5,10,9,0.30000000000000004,0.30000000000000004
748,2,CLF_UNION,39,24,76,3,76,15,3,5,10,9,0.30000000000000004,0.30000000000000004
749,2,ORD-UNION,1,0,1,3,1,15,3,5,10,9,0.30000000000000004,0.30000000000000004
750,3,CARD,19,16,40,6,50,15,3,5,10,9,0.30000000000000004,0.30000000000000004
751,3,CLF_UNION,29,27,71,6,71,15,3,5,10,9,0.30000000000000004,0.30000000000000004
752,3,ORD-UNION,1,1,2,6,2,15,3,5,10,9,0.30000000000000004,0.30000000000000004
753,3,CARD,12,26,40,6,50,15,3,5,10,9,0.30000000000000004,0.30000000000000004
754,3,CLF_UNION,19,33,68,6,68,15,3,5,10,9,0.30000000000000004,0.30000000000000004
755,3,ORD-UNION,1,0,1,6,1,15,3,5,10,9,0.30000000000000004,0.30000000000000004
756,3,CARD,16,20,38,6,49,15,3,5,10,9,0.30000000000000004,0.30000000000000004
757,3,CLF_UNION,22,32,66,6,69,15,3,5,10,9,0.30000000000000004,0.30000000000000004
758,3,ORD-UNION,2,1,3,6,6,15,3,5,10,9,0.30000000000000004,0.30000000000000004
759,3,CARD,14,16,40,6,49,15,3,5,10,9,0.30000000000000004,0.30000000000000004
760,3,CLF_UNION,19,24,68,6,69,15,3,5,10,9,0.30000000000000004,0.30000000000000004
761,3,ORD-UNION,0,0,0,6,1,15,3,5,10,9,0.30000000000000004,0.30000000000000004
762,3,CARD,13,21,41,6,49,15,3,5,10,9,0.30000000000000004,0.30000000000000004
763,3,CLF_UNION,20,30,69,6,69,15,3,5,10,9,0.30000000000000004,0.30000000000000004
764,3,ORD-UNION,0,0,0,6,0,15,3,5,10,9,0.30000000000000004,0.30000000000000004
765,4,CARD,16,17,39,10,50,15,3,5,10,9,0.30000000000000004,0.30000000000000004
766,4,CLF_UNION,20,17,54,10,55,15,3,5,10,9,0.30000000000000004,0.30000000000000004
767,4,ORD-UNION,0,0,0,10,1,15,3,5,10,9,0.30000000000000004,0.30000000000000004
768,4,CARD,13,24,43,10,47,15,3,5,10,9,0.30000000000000004,0.30000000000000004
769,4,CLF_UNION,14,25,57,10,57,15,3,5,10,9,0.30000000000000004,0.30000000000000004
770,4,ORD-UNION,0,0,0,10,0,15,3,5,10,9,0.30000000000000004,0.30000000000000004
771,4,CARD,13,21,41,10,48,15,3,5,10,9,0.30000000000000004,0.30000000000000004
772,4,CLF_UNION,18,20,55,10,56,15,3,5,10,9,0.30000000000000004,0.30000000000000004
773,4,ORD-UNION,0,0,0,10,1,15,3,5,10,9,0.30000000000000004,0.30000000000000004
774,4,CARD,15,18,42,10,48,15,3,5,10,9,0.30000000000000004,0.30000000000000004
775,4,CLF_UNION,18,17,55,10,55,15,3,5,10,9,0.30000000000000004,0.30000000000000004
776,4,ORD-UNION,0,0,0,10,0,15,3,5,10,9,0.30000000000000004,0.30000000000000004
777,4,CARD,20,16,38,10,51,15,3,5,10,9,0.30000000000000004,0.30000000000000004
778,4,CLF_UNION,23,20,55,10,56,15,3,5,10,9,0.30000000000000004,0.30000000000000004
779,4,ORD-UNION,1,0,1,10,2,15,3,5,10,9,0.30000000000000004,0.30000000000000004
780,5,CARD,22,18,42,15,47,15,3,5,10,9,0.30000000000000004,0.30000000000000004
781,5,CLF_UNION,22,23,57,15,58,15,3,5,10,9,0.30000000000000004,0.30000000000000004
782,5,ORD-UNION,1,1,2,15,3,15,3,5,10,9,0.30000000000000004,0.30000000000000004
783,5,CARD,12,23,42,15,48,15,3,5,10,9,0.30000000000000004,0.30000000000000004
784,5,CLF_UNION,17,22,56,15,56,15,3,5,10,9,0.30000000000000004,0.30000000000000004
785,5,ORD-UNION,0,0,0,15,0,15,3,5,10,9,0.30000000000000004,0.30000000000000004
786,5,CARD,18,22,42,15,47,15,3,5,10,9,0.30000000000000004,0.30000000000000004
787,5,CLF_UNION,20,23,55,15,56,15,3,5,10,9,0.30000000000000004,0.30000000000000004
788,5,ORD-UNION,0,0,0,15,1,15,3,5,10,9,0.30000000000000004,0.30000000000000004
789,5,CARD,18,19,40,15,49,15,3,5,10,9,0.30000000000000004,0.30000000000000004
790,5,CLF_UNION,24,18,56,15,57,15,3,5,10,9,0.30000000000000004,0.30000000000000004
791,5,ORD-UNION,0,1,1,15,2,15,3,5,10,9,0.30000000000000004,0.30000000000000004
792,5,CARD,16,21,39,15,50,15,3,5,10,9,0.30000000000000004,0.30000000000000004
793,5,CLF_UNION,23,19,56,15,57,15,3,5,10,9,0.30000000000000004,0.30000000000000004
794,5,ORD-UNION,0,0,0,15,1,15,3,5,10,9,0.30000000000000004,0.30000000000000004
795,6,CARD,26,10,43,20,46,15,3,5,10,9,0.30000000000000004,0.30000000000000004
796,6,CLF_UNION,28,9,54,20,55,15,3,5,10,9,0.30000000000000004,0.30000000000000004
797,6,ORD-UNION,0,0,0,20,1,15,3,5,10,9,0.30000000000000004,0.30000000000000004
798,6,CARD,34,6,42,20,47,15,3,5,10,9,0.30000000000000004,0.30000000000000004
799,6,CLF_UNION,32,9,54,20,55,15,3,5,10,9,0.30000000000000004,0.30000000000000004
800,6,ORD-UNION,1,0,1,20,2,15,3,5,10,9,0.30000000000000004,0.30000000000000004
801,6,CARD,15,22,43,20,46,15,3,5,10,9,0.30000000000000004,0.30000000000000004
802,6,CLF_UNION,22,17,55,20,56,15,3,5,10,9,0.30000000000000004,0.30000000000000004
803,6,ORD-UNION,2,1,3,20,4,15,3,5,10,9,0.30000000000000004,0.30000000000000004
804,6,CARD,23,15,41,20,48,15,3,5,10,9,0.30000000000000004,0.30000000000000004
805,6,CLF_UNION,23,18,54,20,55,15,3,5,10,9,0.30000000000000004,0.30000000000000004
806,6,ORD-UNION,0,0,0,20,1,15,3,5,10,9,0.30000000000000004,0.30000000000000004
807,6,CARD,22,16,42,20,47,15,3,5,10,9,0.30000000000000004,0.30000000000000004
808,6,CLF_UNION,31,9,54,20,55,15,3,5,10,9,0.30000000000000004,0.30000000000000004
809,6,ORD-UNION,0,0,0,20,1,15,3,5,10,9,0.30000000000000004,0.30000000000000004
810,7,CARD,19,23,45,25,45,15,3,5,10,9,0.30000000000000004,0.30000000000000004
811,7,CLF_UNION,20,22,55,25,55,15,3,5,10,9,0.30000000000000004,0.30000000000000004
812,7,ORD-UNION,0,0,0,25,0,15,3,5,10,9,0.30000000000000004,0.30000000000000004
813,7,CARD,26,9,38,25,47,15,3,5,10,9,0.30000000000000004,0.30000000000000004
814,7,CLF_UNION,18,18,50,25,55,15,3,5,10,9,0.30000000000000004,0.30000000000000004
815,7,ORD-UNION,0,0,0,25,5,15,3,5,10,9,0.30000000000000004,0.30000000000000004
816,7,CARD,34,7,44,25,45,15,3,5,10,9,0.30000000000000004,0.30000000000000004
817,7,CLF_UNION,32,9,54,25,55,15,3,5,10,9,0.30000000000000004,0.30000000000000004
818,7,ORD-UNION,0,0,0,25,1,15,3,5,10,9,0.30000000000000004,0.30000000000000004
819,7,CARD,32,9,43,25,46,15,3,5,10,9,0.30000000000000004,0.30000000000000004
820,7,CLF_UNION,34,8,54,25,55,15,3,5,10,9,0.30000000000000004,0.30000000000000004
821,7,ORD-UNION,1,0,1,25,2,15,3,5,10,9,0.30000000000000004,0.30000000000000004
822,7,CARD,18,18,41,25,48,15,3,5,10,9,0.30000000000000004,0.30000000000000004
823,7,CLF_UNION,29,10,54,25,55,15,3,5,10,9,0.30000000000000004,0.30000000000000004
824,7,ORD-UNION,1,1,3,25,4,15,3,5,10,9,0.30000000000000004,0.30000000000000004
825,8,CARD,20,22,44,33,46,15,3,5,10,9,0.30000000000000004,0.30000000000000004
826,8,CLF_UNION,24,19,55,33,55,15,3,5,10,9,0.30000000000000004,0.30000000000000004
827,8,ORD-UNION,1,1,2,33,2,15,3,5,10,9,0.30000000000000004,0.30000000000000004
828,8,CARD,20,17,42,33,45,15,3,5,10,9,0.30000000000000004,0.30000000000000004
829,8,CLF_UNION,27,10,52,33,55,15,3,5,10,9,0.30000000000000004,0.30000000000000004
830,8,ORD-UNION,3,1,5,33,8,15,3,5,10,9,0.30000000000000004,0.30000000000000004
831,8,CARD,30,10,43,33,47,15,3,5,10,9,0.30000000000000004,0.30000000000000004
832,8,CLF_UNION,33,9,55,33,55,15,3,5,10,9,0.30000000000000004,0.30000000000000004
833,8,ORD-UNION,1,1,2,33,2,15,3,5,10,9,0.30000000000000004,0.30000000000000004
834,8,CARD,22,11,40,33,48,15,3,5,10,9,0.30000000000000004,0.30000000000000004
835,8,CLF_UNION,33,2,53,33,55,15,3,5,10,9,0.30000000000000004,0.30000000000000004
836,8,ORD-UNION,1,1,4,33,6,15,3,5,10,9,0.30000000000000004,0.30000000000000004
837,8,CARD,15,19,37,33,48,15,3,5,10,9,0.30000000000000004,0.30000000000000004
838,8,CLF_UNION,19,17,50,33,55,15,3,5,10,9,0.30000000000000004,0.30000000000000004
839,8,ORD-UNION,0,1,2,33,7,15,3,5,10,9,0.30000000000000004,0.30000000000000004
840,9,CARD,8,30,41,42,47,15,3,5,10,9,0.30000000000000004,0.30000000000000004
841,9,CLF_UNION,26,13,53,42,55,15,3,5,10,9,0.30000000000000004,0.30000000000000004
842,9,ORD-UNION,0,3,3,42,5,15,3,5,10,9,0.30000000000000004,0.30000000000000004
843,9,CARD,19,21,43,42,46,15,3,5,10,9,0.30000000000000004,0.30000000000000004
844,9,CLF_UNION,24,18,55,42,56,15,3,5,10,9,0.30000000000000004,0.30000000000000004
845,9,ORD-UNION,0,2,2,42,3,15,3,5,10,9,0.30000000000000004,0.30000000000000004
846,9,CARD,24,8,35,42,48,15,3,5,10,9,0.30000000000000004,0.30000000000000004
847,9,CLF_UNION,32,1,51,42,58,15,3,5,10,9,0.30000000000000004,0.30000000000000004
848,9,ORD-UNION,4,0,4,42,11,15,3,5,10,9,0.30000000000000004,0.30000000000000004
849,9,CARD,19,10,33,42,48,15,3,5,10,9,0.30000000000000004,0.30000000000000004
850,9,CLF_UNION,26,5,46,42,55,15,3,5,10,9,0.30000000000000004,0.30000000000000004
851,9,ORD-UNION,0,0,0,42,9,15,3,5,10,9,0.30000000000000004,0.30000000000000004
852,9,CARD,20,15,39,42,45,15,3,5,10,9,0.30000000000000004,0.30000000000000004
853,9,CLF_UNION,30,6,50,42,56,15,3,5,10,9,0.30000000000000004,0.30000000000000004
854,9,ORD-UNION,1,1,2,42,8,15,3,5,10,9,0.30000000000000004,0.30000000000000004
855,10,CARD,23,19,44,49,46,15,3,5,10,9,0.30000000000000004,0.30000000000000004
856,10,CLF_UNION,30,14,56,49,56,15,3,5,10,9,0.30000000000000004,0.30000000000000004
857,10,ORD-UNION,0,3,3,49,3,15,3,5,10,9,0.30000000000000004,0.30000000000000004
858,10,CARD,21,12,39,49,49,15,3,5,10,9,0.30000000000000004,0.30000000000000004
859,10,CLF_UNION,29,8,54,49,56,15,3,5,10,9,0.30000000000000004,0.30000000000000004
860,10,ORD-UNION,0,1,1,49,3,15,3,5,10,9,0.30000000000000004,0.30000000000000004
861,10,CARD,21,10,40,49,47,15,3,5,10,9,0.30000000000000004,0.30000000000000004
862,10,CLF_UNION,21,13,54,49,57,15,3,5,10,9,0.30000000000000004,0.30000000000000004
863,10,ORD-UNION,0,4,6,49,9,15,3,5,10,9,0.30000000000000004,0.30000000000000004
864,10,CARD,20,16,39,49,49,15,3,5,10,9,0.30000000000000004,0.30000000000000004
865,10,CLF_UNION,27,14,54,49,56,15,3,5,10,9,0.30000000000000004,0.30000000000000004
866,10,ORD-UNION,0,3,4,49,6,15,3,5,10,9,0.30000000000000004,0.30000000000000004
867,10,CARD,17,17,39,49,46,15,3,5,10,9,0.30000000000000004,0.30000000000000004
868,10,CLF_UNION,22,13,51,49,56,15,3,5,10,9,0.30000000000000004,0.30000000000000004
869,10,ORD-UNION,0,4,5,49,10,15,3,5,10,9,0.30000000000000004,0.30000000000000004
870,11,CARD,21,10,35,59,46,15,3,5,10,9,0.30000000000000004,0.30000000000000004
871,11,CLF_UNION,29,8,51,59,60,15,3,5,10,9,0.30000000000000004,0.30000000000000004
872,11,ORD-UNION,2,2,6,59,15,15,3,5,10,9,0.30000000000000004,0.30000000000000004
873,11,CARD,24,17,45,59,45,15,3,5,10,9,0.30000000000000004,0.30000000000000004
874,11,CLF_UNION,27,14,55,59,55,15,3,5,10,9,0.30000000000000004,0.30000000000000004
875,11,ORD-UNION,3,3,6,59,6,15,3,5,10,9,0.30000000000000004,0.30000000000000004
876,11,CARD,24,17,43,59,46,15,3,5,10,9,0.30000000000000004,0.30000000000000004
877,11,CLF_UNION,30,14,56,59,57,15,3,5,10,9,0.30000000000000004,0.30000000000000004
878,11,ORD-UNION,3,3,6,59,7,15,3,5,10,9,0.30000000000000004,0.30000000000000004
879,11,CARD,23,11,39,59,46,15,3,5,10,9,0.30000000000000004,0.30000000000000004
880,11,CLF_UNION,30,8,54,59,59,15,3,5,10,9,0.30000000000000004,0.30000000000000004
881,11,ORD-UNION,4,0,4,59,9,15,3,5,10,9,0.30000000000000004,0.30000000000000004
882,11,CARD,17,19,40,59,48,15,3,5,10,9,0.30000000000000004,0.30000000000000004
883,11,CLF_UNION,24,20,60,59,62,15,3,5,10,9,0.30000000000000004,0.30000000000000004
884,11,ORD-UNION,0,3,3,59,5,15,3,5,10,9,0.30000000000000004,0.30000000000000004
885,12,CARD,19,9,31,70,45,15,3,5,10,9,0.30000000000000004,0.30000000000000004
886,12,CLF_UNION,21,8,42,70,56,15,3,5,10,9,0.30000000000000004,0.30000000000000004
887,12,ORD-UNION,3,3,7,70,21,15,3,5,10,9,0.30000000000000004,0.30000000000000004
888,12,CARD,26,3,34,70,46,15,3,5,10,9,0.30000000000000004,0.30000000000000004
889,12,CLF_UNION,29,1,45,70,55,15,3,5,10,9,0.30000000000000004,0.30000000000000004
890,12,ORD-UNION,0,0,0,70,10,15,3,5,10,9,0.30000000000000004,0.30000000000000004
891,12,CARD,23,12,39,70,45,15,3,5,10,9,0.30000000000000004,0.30000000000000004
892,12,CLF_UNION,29,6,49,70,55,15,3,5,10,9,0.30000000000000004,0.30000000000000004
893,12,ORD-UNION,2,1,3,70,9,15,3,5,10,9,0.30000000000000004,0.30000000000000004
894,12,CARD,25,5,36,70,45,15,3,5,10,9,0.30000000000000004,0.30000000000000004
895,12,CLF_UNION,26,5,47,70,56,15,3,5,10,9,0.30000000000000004,0.30000000000000004
896,12,ORD-UNION,5,2,10,70,19,15,3,5,10,9,0.30000000000000004,0.30000000000000004
897,12,CARD,25,12,39,70,46,15,3,5,10,9,0.30000000000000004,0.30000000000000004
898,12,CLF_UNION,28,9,50,70,55,15,3,5,10,9,0.30000000000000004,0.30000000000000004
899,12,ORD-UNION,2,1,3,70,8,15,3,5,10,9,0.30000000000000004,0.30000000000000004
900,13,CARD,12,17,31,79,46,15,3,5,10,9,0.30000000000000004,0.30000000000000004
901,13,CLF_UNION,28,1,42,79,55,15,3,5,10,9,0.30000000000000004,0.30000000000000004
902,13,ORD-UNION,6,0,6,79,19,15,3,5,10,9,0.30000000000000004,0.30000000000000004
903,13,CARD,19,18,42,79,45,15,3,5,10,9,0.30000000000000004,0.30000000000000004
904,13,CLF_UNION,32,6,53,79,56,15,3,5,10,9,0.30000000000000004,0.30000000000000004
905,13,ORD-UNION,4,2,7,79,10,15,3,5,10,9,0.30000000000000004,0.30000000000000004
906,13,CARD,25,12,40,79,47,15,3,5,10,9,0.30000000000000004,0.30000000000000004
907,13,CLF_UNION,32,9,54,79,57,15,3,5,10,9,0.30000000000000004,0.30000000000000004
908,13,ORD-UNION,5,1,7,79,10,15,3,5,10,9,0.30000000000000004,0.30000000000000004
909,13,CARD,13,21,39,79,45,15,3,5,10,9,0.30000000000000004,0.30000000000000004
910,13,CLF_UNION,26,8,49,79,55,15,3,5,10,9,0.30000000000000004,0.30000000000000004
911,13,ORD-UNION,3,6,13,79,19,15,3,5,10,9,0.30000000000000004,0.30000000000000004
912,13,CARD,13,15,30,79,49,15,3,5,10,9,0.30000000000000004,0.30000000000000004
913,13,CLF_UNION,27,3,45,79,56,15,3,5,10,9,0.30000000000000004,0.30000000000000004
914,13,ORD-UNION,1,3,4,79,15,15,3,5,10,9,0.30000000000000004,0.30000000000000004
