,budget,model,correct,wrong,total,n_pref_input,n_pref_output,theta_size,theta_additivity,n_items,n_test_subsets,n_tiers,alpha,p
0,1,CARD,21,2,24,1,66,22,4,5,10,18,0.5,0.30000000000000004
1,1,CLF_UNION,40,9,62,1,62,22,4,5,10,18,0.5,0.30000000000000004
2,1,ORD-UNION,0,0,0,1,0,22,4,5,10,18,0.5,0.30000000000000004
3,1,CARD,18,2,21,1,69,22,4,5,10,18,0.5,0.30000000000000004
4,1,CLF_UNION,39,10,60,1,60,22,4,5,10,18,0.5,0.30000000000000004
5,1,ORD-UNION,0,0,0,1,0,22,4,5,10,18,0.5,0.30000000000000004
6,1,CARD,22,2,24,1,66,22,4,5,10,18,0.5,0.30000000000000004
7,1,CLF_UNION,35,10,59,1,59,22,4,5,10,18,0.5,0.30000000000000004
8,1,ORD-UNION,0,0,0,1,0,22,4,5,10,18,0.5,0.30000000000000004
9,1,CARD,17,7,24,1,66,22,4,5,10,18,0.5,0.30000000000000004
10,1,CLF_UNION,40,20,71,1,71,22,4,5,10,18,0.5,0.30000000000000004
11,1,ORD-UNION,0,0,0,1,0,22,4,5,10,18,0.5,0.30000000000000004
12,1,CARD,21,2,25,1,65,22,4,5,10,18,0.5,0.30000000000000004
13,1,CLF_UNION,39,12,63,1,63,22,4,5,10,18,0.5,0.30000000000000004
14,1,ORD-UNION,0,0,0,1,0,22,4,5,10,18,0.5,0.30000000000000004
15,2,CARD,18,15,35,3,55,22,4,5,10,18,0.5,0.30000000000000004
16,2,CLF_UNION,32,13,58,3,58,22,4,5,10,18,0.5,0.30000000000000004
17,2,ORD-UNION,0,0,0,3,0,22,4,5,10,18,0.5,0.30000000000000004
18,2,CARD,28,4,35,3,55,22,4,5,10,18,0.5,0.30000000000000004
19,2,CLF_UNION,29,13,56,3,56,22,4,5,10,18,0.5,0.30000000000000004
20,2,ORD-UNION,0,0,0,3,0,22,4,5,10,18,0.5,0.30000000000000004
21,2,CARD,25,7,35,3,55,22,4,5,10,18,0.5,0.30000000000000004
22,2,CLF_UNION,32,15,60,3,60,22,4,5,10,18,0.5,0.30000000000000004
23,2,ORD-UNION,0,0,0,3,0,22,4,5,10,18,0.5,0.30000000000000004
24,2,CARD,28,7,35,3,54,22,4,5,10,18,0.5,0.30000000000000004
25,2,CLF_UNION,32,15,57,3,58,22,4,5,10,18,0.5,0.30000000000000004
26,2,ORD-UNION,0,0,0,3,1,22,4,5,10,18,0.5,0.30000000000000004
27,2,CARD,19,10,36,3,54,22,4,5,10,18,0.5,0.30000000000000004
28,2,CLF_UNION,34,10,62,3,62,22,4,5,10,18,0.5,0.30000000000000004
29,2,ORD-UNION,0,0,0,3,0,22,4,5,10,18,0.5,0.30000000000000004
30,3,CARD,25,4,31,6,56,22,4,5,10,18,0.5,0.30000000000000004
31,3,CLF_UNION,30,10,53,6,56,22,4,5,10,18,0.5,0.30000000000000004
32,3,ORD-UNION,0,0,0,6,3,22,4,5,10,18,0.5,0.30000000000000004
33,3,CARD,25,9,36,6,53,22,4,5,10,18,0.5,0.30000000000000004
34,3,CLF_UNION,32,12,56,6,57,22,4,5,10,18,0.5,0.30000000000000004
35,3,ORD-UNION,1,0,1,6,2,22,4,5,10,18,0.5,0.30000000000000004
36,3,CARD,19,12,36,6,54,22,4,5,10,18,0.5,0.30000000000000004
37,3,CLF_UNION,26,15,57,6,57,22,4,5,10,18,0.5,0.30000000000000004
38,3,ORD-UNION,0,0,0,6,0,22,4,5,10,18,0.5,0.30000000000000004
39,3,CARD,22,11,37,6,52,22,4,5,10,18,0.5,0.30000000000000004
40,3,CLF_UNION,32,11,57,6,58,22,4,5,10,18,0.5,0.30000000000000004
41,3,ORD-UNION,0,0,0,6,1,22,4,5,10,18,0.5,0.30000000000000004
42,3,CARD,21,14,37,6,53,22,4,5,10,18,0.5,0.30000000000000004
43,3,CLF_UNION,32,14,58,6,58,22,4,5,10,18,0.5,0.30000000000000004
44,3,ORD-UNION,0,0,0,6,0,22,4,5,10,18,0.5,0.30000000000000004
45,4,CARD,24,9,35,9,54,22,4,5,10,18,0.5,0.30000000000000004
46,4,CLF_UNION,32,10,54,9,55,22,4,5,10,18,0.5,0.30000000000000004
47,4,ORD-UNION,0,0,0,9,1,22,4,5,10,18,0.5,0.30000000000000004
48,4,CARD,25,7,35,9,53,22,4,5,10,18,0.5,0.30000000000000004
49,4,CLF_UNION,30,9,53,9,55,22,4,5,10,18,0.5,0.30000000000000004
50,4,ORD-UNION,0,0,0,9,2,22,4,5,10,18,0.5,0.30000000000000004
51,4,CARD,27,3,33,9,57,22,4,5,10,18,0.5,0.30000000000000004
52,4,CLF_UNION,38,4,55,9,55,22,4,5,10,18,0.5,0.30000000000000004
53,4,ORD-UNION,0,0,0,9,0,22,4,5,10,18,0.5,0.30000000000000004
54,4,CARD,18,8,29,9,61,22,4,5,10,18,0.5,0.30000000000000004
55,4,CLF_UNION,32,12,57,9,57,22,4,5,10,18,0.5,0.30000000000000004
56,4,ORD-UNION,0,0,0,9,0,22,4,5,10,18,0.5,0.30000000000000004
57,4,CARD,24,3,27,9,63,22,4,5,10,18,0.5,0.30000000000000004
58,4,CLF_UNION,33,12,56,9,56,22,4,5,10,18,0.5,0.30000000000000004
59,4,ORD-UNION,0,0,0,9,0,22,4,5,10,18,0.5,0.30000000000000004
60,5,CARD,17,11,37,14,53,22,4,5,10,18,0.5,0.30000000000000004
61,5,CLF_UNION,23,11,55,14,55,22,4,5,10,18,0.5,0.30000000000000004
62,5,ORD-UNION,0,0,0,14,0,22,4,5,10,18,0.5,0.30000000000000004
63,5,CARD,23,14,38,14,52,22,4,5,10,18,0.5,0.30000000000000004
64,5,CLF_UNION,30,13,55,14,55,22,4,5,10,18,0.5,0.30000000000000004
65,5,ORD-UNION,0,0,0,14,0,22,4,5,10,18,0.5,0.30000000000000004
66,5,CARD,23,14,38,14,52,22,4,5,10,18,0.5,0.30000000000000004
67,5,CLF_UNION,32,12,55,14,55,22,4,5,10,18,0.5,0.30000000000000004
68,5,ORD-UNION,1,0,1,14,1,22,4,5,10,18,0.5,0.30000000000000004
69,5,CARD,27,9,39,14,51,22,4,5,10,18,0.5,0.30000000000000004
70,5,CLF_UNION,32,10,55,14,55,22,4,5,10,18,0.5,0.30000000000000004
71,5,ORD-UNION,0,0,0,14,0,22,4,5,10,18,0.5,0.30000000000000004
72,5,CARD,26,8,36,14,54,22,4,5,10,18,0.5,0.30000000000000004
73,5,CLF_UNION,36,6,55,14,55,22,4,5,10,18,0.5,0.30000000000000004
74,5,ORD-UNION,0,0,0,14,0,22,4,5,10,18,0.5,0.30000000000000004
75,6,CARD,33,7,40,20,49,22,4,5,10,18,0.5,0.30000000000000004
76,6,CLF_UNION,36,6,54,20,55,22,4,5,10,18,0.5,0.30000000000000004
77,6,ORD-UNION,0,0,0,20,1,22,4,5,10,18,0.5,0.30000000000000004
78,6,CARD,26,4,38,20,52,22,4,5,10,18,0.5,0.30000000000000004
79,6,CLF_UNION,33,4,55,20,55,22,4,5,10,18,0.5,0.30000000000000004
80,6,ORD-UNION,0,0,0,20,0,22,4,5,10,18,0.5,0.30000000000000004
81,6,CARD,26,12,39,20,48,22,4,5,10,18,0.5,0.30000000000000004
82,6,CLF_UNION,28,12,52,20,55,22,4,5,10,18,0.5,0.30000000000000004
83,6,ORD-UNION,0,0,0,20,3,22,4,5,10,18,0.5,0.30000000000000004
84,6,CARD,22,7,31,20,53,22,4,5,10,18,0.5,0.30000000000000004
85,6,CLF_UNION,27,9,49,20,55,22,4,5,10,18,0.5,0.30000000000000004
86,6,ORD-UNION,0,0,0,20,6,22,4,5,10,18,0.5,0.30000000000000004
87,6,CARD,28,9,38,20,51,22,4,5,10,18,0.5,0.30000000000000004
88,6,CLF_UNION,34,8,54,20,55,22,4,5,10,18,0.5,0.30000000000000004
89,6,ORD-UNION,0,0,0,20,1,22,4,5,10,18,0.5,0.30000000000000004
90,7,CARD,25,15,40,26,47,22,4,5,10,18,0.5,0.30000000000000004
91,7,CLF_UNION,28,13,52,26,55,22,4,5,10,18,0.5,0.30000000000000004
92,7,ORD-UNION,0,0,0,26,3,22,4,5,10,18,0.5,0.30000000000000004
93,7,CARD,29,6,37,26,50,22,4,5,10,18,0.5,0.30000000000000004
94,7,CLF_UNION,34,6,52,26,55,22,4,5,10,18,0.5,0.30000000000000004
95,7,ORD-UNION,0,0,0,26,3,22,4,5,10,18,0.5,0.30000000000000004
96,7,CARD,21,18,40,26,49,22,4,5,10,18,0.5,0.30000000000000004
97,7,CLF_UNION,31,12,55,26,56,22,4,5,10,18,0.5,0.30000000000000004
98,7,ORD-UNION,0,0,0,26,1,22,4,5,10,18,0.5,0.30000000000000004
99,7,CARD,27,11,40,26,47,22,4,5,10,18,0.5,0.30000000000000004
100,7,CLF_UNION,27,12,52,26,55,22,4,5,10,18,0.5,0.30000000000000004
101,7,ORD-UNION,1,0,1,26,4,22,4,5,10,18,0.5,0.30000000000000004
102,7,CARD,30,12,43,26,47,22,4,5,10,18,0.5,0.30000000000000004
103,7,CLF_UNION,33,12,56,26,56,22,4,5,10,18,0.5,0.30000000000000004
104,7,ORD-UNION,1,0,1,26,1,22,4,5,10,18,0.5,0.30000000000000004
105,8,CARD,29,12,43,32,46,22,4,5,10,18,0.5,0.30000000000000004
106,8,CLF_UNION,34,8,54,32,55,22,4,5,10,18,0.5,0.30000000000000004
107,8,ORD-UNION,0,0,0,32,1,22,4,5,10,18,0.5,0.30000000000000004
108,8,CARD,22,15,38,32,48,22,4,5,10,18,0.5,0.30000000000000004
109,8,CLF_UNION,33,5,51,32,55,22,4,5,10,18,0.5,0.30000000000000004
110,8,ORD-UNION,0,0,0,32,4,22,4,5,10,18,0.5,0.30000000000000004
111,8,CARD,26,9,36,32,49,22,4,5,10,18,0.5,0.30000000000000004
112,8,CLF_UNION,30,8,50,32,55,22,4,5,10,18,0.5,0.30000000000000004
113,8,ORD-UNION,0,0,0,32,5,22,4,5,10,18,0.5,0.30000000000000004
114,8,CARD,16,16,35,32,52,22,4,5,10,18,0.5,0.30000000000000004
115,8,CLF_UNION,30,9,52,32,55,22,4,5,10,18,0.5,0.30000000000000004
116,8,ORD-UNION,0,0,0,32,3,22,4,5,10,18,0.5,0.30000000000000004
117,8,CARD,26,9,36,32,52,22,4,5,10,18,0.5,0.30000000000000004
118,8,CLF_UNION,36,5,53,32,55,22,4,5,10,18,0.5,0.30000000000000004
119,8,ORD-UNION,0,0,0,32,2,22,4,5,10,18,0.5,0.30000000000000004
120,9,CARD,29,5,37,41,52,22,4,5,10,18,0.5,0.30000000000000004
121,9,CLF_UNION,38,2,54,41,55,22,4,5,10,18,0.5,0.30000000000000004
122,9,ORD-UNION,2,0,2,41,3,22,4,5,10,18,0.5,0.30000000000000004
123,9,CARD,27,7,34,41,47,22,4,5,10,18,0.5,0.30000000000000004
124,9,CLF_UNION,27,10,48,41,57,22,4,5,10,18,0.5,0.30000000000000004
125,9,ORD-UNION,3,0,3,41,12,22,4,5,10,18,0.5,0.30000000000000004
126,9,CARD,23,11,35,41,46,22,4,5,10,18,0.5,0.30000000000000004
127,9,CLF_UNION,26,8,47,41,56,22,4,5,10,18,0.5,0.30000000000000004
128,9,ORD-UNION,0,0,0,41,9,22,4,5,10,18,0.5,0.30000000000000004
129,9,CARD,25,13,39,41,51,22,4,5,10,18,0.5,0.30000000000000004
130,9,CLF_UNION,35,6,56,41,56,22,4,5,10,18,0.5,0.30000000000000004
131,9,ORD-UNION,2,0,2,41,2,22,4,5,10,18,0.5,0.30000000000000004
132,9,CARD,30,8,39,41,50,22,4,5,10,18,0.5,0.30000000000000004
133,9,CLF_UNION,37,5,54,41,55,22,4,5,10,18,0.5,0.30000000000000004
134,9,ORD-UNION,0,0,0,41,1,22,4,5,10,18,0.5,0.30000000000000004
135,10,CARD,26,8,34,51,51,22,4,5,10,18,0.5,0.30000000000000004
136,10,CLF_UNION,37,2,50,51,55,22,4,5,10,18,0.5,0.30000000000000004
137,10,ORD-UNION,0,0,0,51,5,22,4,5,10,18,0.5,0.30000000000000004
138,10,CARD,23,15,41,51,47,22,4,5,10,18,0.5,0.30000000000000004
139,10,CLF_UNION,29,10,53,51,55,22,4,5,10,18,0.5,0.30000000000000004
140,10,ORD-UNION,0,0,0,51,2,22,4,5,10,18,0.5,0.30000000000000004
141,10,CARD,29,9,39,51,48,22,4,5,10,18,0.5,0.30000000000000004
142,10,CLF_UNION,34,6,52,51,55,22,4,5,10,18,0.5,0.30000000000000004
143,10,ORD-UNION,0,0,0,51,3,22,4,5,10,18,0.5,0.30000000000000004
144,10,CARD,18,13,33,51,48,22,4,5,10,18,0.5,0.30000000000000004
145,10,CLF_UNION,25,9,47,51,56,22,4,5,10,18,0.5,0.30000000000000004
146,10,ORD-UNION,0,0,0,51,9,22,4,5,10,18,0.5,0.30000000000000004
147,10,CARD,19,7,31,51,50,22,4,5,10,18,0.5,0.30000000000000004
148,10,CLF_UNION,27,3,46,51,55,22,4,5,10,18,0.5,0.30000000000000004
149,10,ORD-UNION,0,0,0,51,9,22,4,5,10,18,0.5,0.30000000000000004
150,11,CARD,25,7,33,59,48,22,4,5,10,18,0.5,0.30000000000000004
151,11,CLF_UNION,29,5,46,59,55,22,4,5,10,18,0.5,0.30000000000000004
152,11,ORD-UNION,0,0,0,59,9,22,4,5,10,18,0.5,0.30000000000000004
153,11,CARD,20,12,37,59,47,22,4,5,10,18,0.5,0.30000000000000004
154,11,CLF_UNION,26,9,50,59,56,22,4,5,10,18,0.5,0.30000000000000004
155,11,ORD-UNION,1,0,1,59,7,22,4,5,10,18,0.5,0.30000000000000004
156,11,CARD,32,7,40,59,47,22,4,5,10,18,0.5,0.30000000000000004
157,11,CLF_UNION,37,2,52,59,55,22,4,5,10,18,0.5,0.30000000000000004
158,11,ORD-UNION,0,0,0,59,3,22,4,5,10,18,0.5,0.30000000000000004
159,11,CARD,23,12,37,59,47,22,4,5,10,18,0.5,0.30000000000000004
160,11,CLF_UNION,32,5,49,59,55,22,4,5,10,18,0.5,0.30000000000000004
161,11,ORD-UNION,0,0,0,59,6,22,4,5,10,18,0.5,0.30000000000000004
162,11,CARD,29,3,33,59,48,22,4,5,10,18,0.5,0.30000000000000004
163,11,CLF_UNION,31,2,47,59,56,22,4,5,10,18,0.5,0.30000000000000004
164,11,ORD-UNION,0,0,0,59,9,22,4,5,10,18,0.5,0.30000000000000004
165,12,CARD,20,11,33,70,47,22,4,5,10,18,0.5,0.30000000000000004
166,12,CLF_UNION,28,4,45,70,55,22,4,5,10,18,0.5,0.30000000000000004
167,12,ORD-UNION,0,0,0,70,10,22,4,5,10,18,0.5,0.30000000000000004
168,12,CARD,26,10,38,70,47,22,4,5,10,18,0.5,0.30000000000000004
169,12,CLF_UNION,35,2,50,70,55,22,4,5,10,18,0.5,0.30000000000000004
170,12,ORD-UNION,0,0,0,70,5,22,4,5,10,18,0.5,0.30000000000000004
171,12,CARD,31,10,43,70,46,22,4,5,10,18,0.5,0.30000000000000004
172,12,CLF_UNION,36,6,54,70,55,22,4,5,10,18,0.5,0.30000000000000004
173,12,ORD-UNION,0,0,0,70,1,22,4,5,10,18,0.5,0.30000000000000004
174,12,CARD,22,10,34,70,46,22,4,5,10,18,0.5,0.30000000000000004
175,12,CLF_UNION,30,3,45,70,55,22,4,5,10,18,0.5,0.30000000000000004
176,12,ORD-UNION,0,0,0,70,10,22,4,5,10,18,0.5,0.30000000000000004
177,12,CARD,16,1,21,70,50,22,4,5,10,18,0.5,0.30000000000000004
178,12,CLF_UNION,17,2,36,70,55,22,4,5,10,18,0.5,0.30000000000000004
179,12,ORD-UNION,0,0,0,70,19,22,4,5,10,18,0.5,0.30000000000000004
180,13,CARD,28,10,39,81,49,22,4,5,10,18,0.5,0.30000000000000004
181,13,CLF_UNION,37,4,53,81,55,22,4,5,10,18,0.5,0.30000000000000004
182,13,ORD-UNION,2,0,2,81,4,22,4,5,10,18,0.5,0.30000000000000004
183,13,CARD,21,7,28,81,48,22,4,5,10,18,0.5,0.30000000000000004
184,13,CLF_UNION,26,3,42,81,56,22,4,5,10,18,0.5,0.30000000000000004
185,13,ORD-UNION,0,0,0,81,14,22,4,5,10,18,0.5,0.30000000000000004
186,13,CARD,16,12,30,81,47,22,4,5,10,18,0.5,0.30000000000000004
187,13,CLF_UNION,23,5,42,81,55,22,4,5,10,18,0.5,0.30000000000000004
188,13,ORD-UNION,2,0,2,81,15,22,4,5,10,18,0.5,0.30000000000000004
189,13,CARD,25,13,39,81,46,22,4,5,10,18,0.5,0.30000000000000004
190,13,CLF_UNION,32,6,50,81,55,22,4,5,10,18,0.5,0.30000000000000004
191,13,ORD-UNION,1,0,1,81,6,22,4,5,10,18,0.5,0.30000000000000004
192,13,CARD,14,9,24,81,47,22,4,5,10,18,0.5,0.30000000000000004
193,13,CLF_UNION,21,2,37,81,56,22,4,5,10,18,0.5,0.30000000000000004
194,13,ORD-UNION,0,0,0,81,19,22,4,5,10,18,0.5,0.30000000000000004
195,14,CARD,20,14,37,92,47,22,4,5,10,18,0.5,0.30000000000000004
196,14,CLF_UNION,33,3,49,92,55,22,4,5,10,18,0.5,0.30000000000000004
197,14,ORD-UNION,1,0,1,92,7,22,4,5,10,18,0.5,0.30000000000000004
198,14,CARD,20,8,29,92,47,22,4,5,10,18,0.5,0.30000000000000004
199,14,CLF_UNION,27,1,41,92,55,22,4,5,10,18,0.5,0.30000000000000004
200,14,ORD-UNION,0,0,0,92,14,22,4,5,10,18,0.5,0.30000000000000004
201,14,CARD,23,9,32,92,49,22,4,5,10,18,0.5,0.30000000000000004
202,14,CLF_UNION,31,1,46,92,55,22,4,5,10,18,0.5,0.30000000000000004
203,14,ORD-UNION,1,0,1,92,10,22,4,5,10,18,0.5,0.30000000000000004
204,14,CARD,15,11,28,92,48,22,4,5,10,18,0.5,0.30000000000000004
205,14,CLF_UNION,24,3,41,92,55,22,4,5,10,18,0.5,0.30000000000000004
206,14,ORD-UNION,0,0,0,92,14,22,4,5,10,18,0.5,0.30000000000000004
207,14,CARD,20,21,41,92,47,22,4,5,10,18,0.5,0.30000000000000004
208,14,CLF_UNION,39,3,53,92,55,22,4,5,10,18,0.5,0.30000000000000004
209,14,ORD-UNION,0,0,0,92,2,22,4,5,10,18,0.5,0.30000000000000004
210,15,CARD,21,3,27,105,51,22,4,5,10,18,0.5,0.30000000000000004
211,15,CLF_UNION,23,4,44,105,56,22,4,5,10,18,0.5,0.30000000000000004
212,15,ORD-UNION,2,0,2,105,14,22,4,5,10,18,0.5,0.30000000000000004
213,15,CARD,22,4,28,105,48,22,4,5,10,18,0.5,0.30000000000000004
214,15,CLF_UNION,26,1,41,105,55,22,4,5,10,18,0.5,0.30000000000000004
215,15,ORD-UNION,0,0,0,105,14,22,4,5,10,18,0.5,0.30000000000000004
216,15,CARD,20,13,35,105,46,22,4,5,10,18,0.5,0.30000000000000004
217,15,CLF_UNION,32,1,46,105,55,22,4,5,10,18,0.5,0.30000000000000004
218,15,ORD-UNION,0,0,0,105,9,22,4,5,10,18,0.5,0.30000000000000004
219,15,CARD,13,14,28,105,49,22,4,5,10,18,0.5,0.30000000000000004
220,15,CLF_UNION,26,3,42,105,55,22,4,5,10,18,0.5,0.30000000000000004
221,15,ORD-UNION,0,0,0,105,13,22,4,5,10,18,0.5,0.30000000000000004
222,15,CARD,16,13,30,105,48,22,4,5,10,18,0.5,0.30000000000000004
223,15,CLF_UNION,25,4,43,105,55,22,4,5,10,18,0.5,0.30000000000000004
224,15,ORD-UNION,2,0,2,105,14,22,4,5,10,18,0.5,0.30000000000000004
225,16,CARD,17,19,39,121,45,22,4,5,10,18,0.5,0.30000000000000004
226,16,CLF_UNION,34,2,49,121,55,22,4,5,10,18,0.5,0.30000000000000004
227,16,ORD-UNION,0,0,0,121,6,22,4,5,10,18,0.5,0.30000000000000004
228,16,CARD,14,15,30,121,46,22,4,5,10,18,0.5,0.30000000000000004
229,16,CLF_UNION,27,2,41,121,55,22,4,5,10,18,0.5,0.30000000000000004
230,16,ORD-UNION,0,0,0,121,14,22,4,5,10,18,0.5,0.30000000000000004
231,16,CARD,13,15,30,121,47,22,4,5,10,18,0.5,0.30000000000000004
232,16,CLF_UNION,26,2,42,121,55,22,4,5,10,18,0.5,0.30000000000000004
233,16,ORD-UNION,0,0,0,121,13,22,4,5,10,18,0.5,0.30000000000000004
234,16,CARD,19,13,35,121,46,22,4,5,10,18,0.5,0.30000000000000004
235,16,CLF_UNION,31,1,46,121,55,22,4,5,10,18,0.5,0.30000000000000004
236,16,ORD-UNION,0,0,0,121,9,22,4,5,10,18,0.5,0.30000000000000004
237,16,CARD,24,13,39,121,45,22,4,5,10,18,0.5,0.30000000000000004
238,16,CLF_UNION,35,2,49,121,55,22,4,5,10,18,0.5,0.30000000000000004
239,16,ORD-UNION,1,0,1,121,7,22,4,5,10,18,0.5,0.30000000000000004
240,17,CARD,27,5,36,138,46,22,4,5,10,18,0.5,0.30000000000000004
241,17,CLF_UNION,30,2,47,138,55,22,4,5,10,18,0.5,0.30000000000000004
242,17,ORD-UNION,1,0,1,138,9,22,4,5,10,18,0.5,0.30000000000000004
243,17,CARD,23,4,28,138,48,22,4,5,10,18,0.5,0.30000000000000004
244,17,CLF_UNION,27,0,41,138,55,22,4,5,10,18,0.5,0.30000000000000004
245,17,ORD-UNION,0,0,0,138,14,22,4,5,10,18,0.5,0.30000000000000004
246,17,CARD,33,7,41,138,46,22,4,5,10,18,0.5,0.30000000000000004
247,17,CLF_UNION,39,2,52,138,55,22,4,5,10,18,0.5,0.30000000000000004
248,17,ORD-UNION,0,0,0,138,3,22,4,5,10,18,0.5,0.30000000000000004
249,17,CARD,17,4,24,138,47,22,4,5,10,18,0.5,0.30000000000000004
250,17,CLF_UNION,21,0,36,138,55,22,4,5,10,18,0.5,0.30000000000000004
251,17,ORD-UNION,0,0,0,138,19,22,4,5,10,18,0.5,0.30000000000000004
252,17,CARD,25,4,29,138,49,22,4,5,10,18,0.5,0.30000000000000004
253,17,CLF_UNION,29,1,43,138,55,22,4,5,10,18,0.5,0.30000000000000004
254,17,ORD-UNION,1,0,1,138,13,22,4,5,10,18,0.5,0.30000000000000004
255,18,CARD,19,7,32,156,46,22,4,5,10,18,0.5,0.30000000000000004
256,18,CLF_UNION,25,2,43,156,55,22,4,5,10,18,0.5,0.30000000000000004
257,18,ORD-UNION,0,0,0,156,12,22,4,5,10,18,0.5,0.30000000000000004
258,18,CARD,20,2,24,156,46,22,4,5,10,18,0.5,0.30000000000000004
259,18,CLF_UNION,22,1,35,156,55,22,4,5,10,18,0.5,0.30000000000000004
260,18,ORD-UNION,1,0,1,156,21,22,4,5,10,18,0.5,0.30000000000000004
261,18,CARD,12,5,17,156,47,22,4,5,10,18,0.5,0.30000000000000004
262,18,CLF_UNION,16,1,29,156,55,22,4,5,10,18,0.5,0.30000000000000004
263,18,ORD-UNION,0,0,0,156,26,22,4,5,10,18,0.5,0.30000000000000004
264,18,CARD,23,7,30,156,48,22,4,5,10,18,0.5,0.30000000000000004
265,18,CLF_UNION,29,1,43,156,55,22,4,5,10,18,0.5,0.30000000000000004
266,18,ORD-UNION,0,0,0,156,12,22,4,5,10,18,0.5,0.30000000000000004
267,18,CARD,26,3,33,156,48,22,4,5,10,18,0.5,0.30000000000000004
268,18,CLF_UNION,32,0,46,156,55,22,4,5,10,18,0.5,0.30000000000000004
269,18,ORD-UNION,1,0,1,156,10,22,4,5,10,18,0.5,0.30000000000000004
270,19,CARD,22,7,29,172,50,22,4,5,10,18,0.5,0.30000000000000004
271,19,CLF_UNION,29,1,47,172,58,22,4,5,10,18,0.5,0.30000000000000004
272,19,ORD-UNION,6,0,6,172,17,22,4,5,10,18,0.5,0.30000000000000004
273,19,CARD,14,9,25,172,47,22,4,5,10,18,0.5,0.30000000000000004
274,19,CLF_UNION,22,1,38,172,56,22,4,5,10,18,0.5,0.30000000000000004
275,19,ORD-UNION,0,0,0,172,18,22,4,5,10,18,0.5,0.30000000000000004
276,19,CARD,17,11,30,172,48,22,4,5,10,18,0.5,0.30000000000000004
277,19,CLF_UNION,25,3,44,172,56,22,4,5,10,18,0.5,0.30000000000000004
278,19,ORD-UNION,2,0,2,172,14,22,4,5,10,18,0.5,0.30000000000000004
279,19,CARD,0,0,0,172,51,22,4,5,10,18,0.5,0.30000000000000004
280,19,CLF_UNION,0,0,20,172,59,22,4,5,10,18,0.5,0.30000000000000004
281,19,ORD-UNION,0,0,0,172,39,22,4,5,10,18,0.5,0.30000000000000004
282,19,CARD,22,10,36,172,45,22,4,5,10,18,0.5,0.30000000000000004
283,19,CLF_UNION,29,3,46,172,55,22,4,5,10,18,0.5,0.30000000000000004
284,19,ORD-UNION,0,0,0,172,9,22,4,5,10,18,0.5,0.30000000000000004
285,20,CARD,9,0,10,192,47,22,4,5,10,18,0.5,0.30000000000000004
286,20,CLF_UNION,7,2,22,192,55,22,4,5,10,18,0.5,0.30000000000000004
287,20,ORD-UNION,0,0,0,192,33,22,4,5,10,18,0.5,0.30000000000000004
288,20,CARD,22,2,24,192,45,22,4,5,10,18,0.5,0.30000000000000004
289,20,CLF_UNION,22,2,34,192,55,22,4,5,10,18,0.5,0.30000000000000004
290,20,ORD-UNION,5,0,5,192,26,22,4,5,10,18,0.5,0.30000000000000004
291,20,CARD,36,0,37,192,47,22,4,5,10,18,0.5,0.30000000000000004
292,20,CLF_UNION,35,1,49,192,55,22,4,5,10,18,0.5,0.30000000000000004
293,20,ORD-UNION,4,0,4,192,10,22,4,5,10,18,0.5,0.30000000000000004
294,20,CARD,14,1,16,192,48,22,4,5,10,18,0.5,0.30000000000000004
295,20,CLF_UNION,14,1,30,192,56,22,4,5,10,18,0.5,0.30000000000000004
296,20,ORD-UNION,0,0,0,192,26,22,4,5,10,18,0.5,0.30000000000000004
297,20,CARD,16,0,18,192,48,22,4,5,10,18,0.5,0.30000000000000004
298,20,CLF_UNION,15,1,31,192,55,22,4,5,10,18,0.5,0.30000000000000004
299,20,ORD-UNION,0,0,0,192,24,22,4,5,10,18,0.5,0.30000000000000004
300,21,CARD,14,2,18,212,45,22,4,5,10,18,0.5,0.30000000000000004
301,21,CLF_UNION,15,1,28,212,55,22,4,5,10,18,0.5,0.30000000000000004
302,21,ORD-UNION,5,0,5,212,32,22,4,5,10,18,0.5,0.30000000000000004
303,21,CARD,21,2,24,212,46,22,4,5,10,18,0.5,0.30000000000000004
304,21,CLF_UNION,22,1,35,212,55,22,4,5,10,18,0.5,0.30000000000000004
305,21,ORD-UNION,6,0,6,212,26,22,4,5,10,18,0.5,0.30000000000000004
306,21,CARD,19,3,24,212,45,22,4,5,10,18,0.5,0.30000000000000004
307,21,CLF_UNION,22,1,35,212,55,22,4,5,10,18,0.5,0.30000000000000004
308,21,ORD-UNION,2,0,2,212,23,22,4,5,10,18,0.5,0.30000000000000004
309,21,CARD,22,5,30,212,46,22,4,5,10,18,0.5,0.30000000000000004
310,21,CLF_UNION,28,0,41,212,55,22,4,5,10,18,0.5,0.30000000000000004
311,21,ORD-UNION,4,0,4,212,18,22,4,5,10,18,0.5,0.30000000000000004
312,21,CARD,24,0,24,212,47,22,4,5,10,18,0.5,0.30000000000000004
313,21,CLF_UNION,24,0,36,212,55,22,4,5,10,18,0.5,0.30000000000000004
314,21,ORD-UNION,6,0,6,212,25,22,4,5,10,18,0.5,0.30000000000000004
315,22,CARD,9,0,9,234,47,22,4,5,10,18,0.5,0.30000000000000004
316,22,CLF_UNION,9,1,22,234,56,22,4,5,10,18,0.5,0.30000000000000004
317,22,ORD-UNION,7,0,7,234,41,22,4,5,10,18,0.5,0.30000000000000004
318,22,CARD,10,5,19,234,47,22,4,5,10,18,0.5,0.30000000000000004
319,22,CLF_UNION,15,0,32,234,56,22,4,5,10,18,0.5,0.30000000000000004
320,22,ORD-UNION,0,0,0,234,24,22,4,5,10,18,0.5,0.30000000000000004
321,22,CARD,24,0,25,234,46,22,4,5,10,18,0.5,0.30000000000000004
322,22,CLF_UNION,23,1,37,234,56,22,4,5,10,18,0.5,0.30000000000000004
323,22,ORD-UNION,5,0,5,234,24,22,4,5,10,18,0.5,0.30000000000000004
324,22,CARD,17,0,19,234,47,22,4,5,10,18,0.5,0.30000000000000004
325,22,CLF_UNION,17,0,32,234,56,22,4,5,10,18,0.5,0.30000000000000004
326,22,ORD-UNION,7,0,7,234,31,22,4,5,10,18,0.5,0.30000000000000004
327,22,CARD,19,4,25,234,47,22,4,5,10,18,0.5,0.30000000000000004
328,22,CLF_UNION,23,0,40,234,58,22,4,5,10,18,0.5,0.30000000000000004
329,22,ORD-UNION,0,0,0,234,18,22,4,5,10,18,0.5,0.30000000000000004
330,23,CARD,0,0,0,256,48,22,4,5,10,18,0.5,0.30000000000000004
331,23,CLF_UNION,0,0,13,256,55,22,4,5,10,18,0.5,0.30000000000000004
332,23,ORD-UNION,0,0,0,256,42,22,4,5,10,18,0.5,0.30000000000000004
333,23,CARD,24,4,30,256,46,22,4,5,10,18,0.5,0.30000000000000004
334,23,CLF_UNION,28,0,41,256,55,22,4,5,10,18,0.5,0.30000000000000004
335,23,ORD-UNION,15,0,15,256,29,22,4,5,10,18,0.5,0.30000000000000004
336,23,CARD,13,11,25,256,48,22,4,5,10,18,0.5,0.30000000000000004
337,23,CLF_UNION,23,1,39,256,56,22,4,5,10,18,0.5,0.30000000000000004
338,23,ORD-UNION,0,0,0,256,17,22,4,5,10,18,0.5,0.30000000000000004
339,23,CARD,17,6,25,256,46,22,4,5,10,18,0.5,0.30000000000000004
340,23,CLF_UNION,22,1,36,256,55,22,4,5,10,18,0.5,0.30000000000000004
341,23,ORD-UNION,9,0,9,256,28,22,4,5,10,18,0.5,0.30000000000000004
342,23,CARD,25,4,30,256,46,22,4,5,10,18,0.5,0.30000000000000004
343,23,CLF_UNION,29,0,41,256,55,22,4,5,10,18,0.5,0.30000000000000004
344,23,ORD-UNION,2,0,2,256,16,22,4,5,10,18,0.5,0.30000000000000004
345,24,CARD,18,6,24,279,46,22,4,5,10,18,0.5,0.30000000000000004
346,24,CLF_UNION,24,0,35,279,55,22,4,5,10,18,0.5,0.30000000000000004
347,24,ORD-UNION,5,0,5,279,25,22,4,5,10,18,0.5,0.30000000000000004
348,24,CARD,3,6,9,279,46,22,4,5,10,18,0.5,0.30000000000000004
349,24,CLF_UNION,8,1,20,279,55,22,4,5,10,18,0.5,0.30000000000000004
350,24,ORD-UNION,0,0,0,279,35,22,4,5,10,18,0.5,0.30000000000000004
351,24,CARD,8,6,18,279,45,22,4,5,10,18,0.5,0.30000000000000004
352,24,CLF_UNION,14,0,28,279,55,22,4,5,10,18,0.5,0.30000000000000004
353,24,ORD-UNION,5,0,5,279,32,22,4,5,10,18,0.5,0.30000000000000004
354,24,CARD,0,0,1,279,47,22,4,5,10,18,0.5,0.30000000000000004
355,24,CLF_UNION,0,0,13,279,55,22,4,5,10,18,0.5,0.30000000000000004
356,24,ORD-UNION,0,0,0,279,42,22,4,5,10,18,0.5,0.30000000000000004
357,24,CARD,16,0,18,279,46,22,4,5,10,18,0.5,0.30000000000000004
358,24,CLF_UNION,15,1,29,279,55,22,4,5,10,18,0.5,0.30000000000000004
359,24,ORD-UNION,7,0,7,279,33,22,4,5,10,18,0.5,0.30000000000000004
360,1,CARD,4,14,21,1,69,22,4,5,10,18,0.5,0.30000000000000004
361,1,CLF_UNION,19,37,71,1,71,22,4,5,10,18,0.5,0.30000000000000004
362,1,ORD-UNION,0,0,0,1,0,22,4,5,10,18,0.5,0.30000000000000004
363,1,CARD,16,8,25,1,65,22,4,5,10,18,0.5,0.30000000000000004
364,1,CLF_UNION,26,26,65,1,65,22,4,5,10,18,0.5,0.30000000000000004
365,1,ORD-UNION,0,0,0,1,0,22,4,5,10,18,0.5,0.30000000000000004
366,1,CARD,20,5,25,1,65,22,4,5,10,18,0.5,0.30000000000000004
367,1,CLF_UNION,37,26,76,1,76,22,4,5,10,18,0.5,0.30000000000000004
368,1,ORD-UNION,0,0,0,1,0,22,4,5,10,18,0.5,0.30000000000000004
369,1,CARD,10,12,24,1,66,22,4,5,10,18,0.5,0.30000000000000004
370,1,CLF_UNION,20,30,63,1,63,22,4,5,10,18,0.5,0.30000000000000004
371,1,ORD-UNION,0,0,0,1,0,22,4,5,10,18,0.5,0.30000000000000004
372,1,CARD,7,13,25,1,65,22,4,5,10,18,0.5,0.30000000000000004
373,1,CLF_UNION,20,30,71,1,71,22,4,5,10,18,0.5,0.30000000000000004
374,1,ORD-UNION,0,0,0,1,0,22,4,5,10,18,0.5,0.30000000000000004
375,2,CARD,25,11,37,3,53,22,4,5,10,18,0.5,0.30000000000000004
376,2,CLF_UNION,17,27,59,3,59,22,4,5,10,18,0.5,0.30000000000000004
377,2,ORD-UNION,0,0,0,3,0,22,4,5,10,18,0.5,0.30000000000000004
378,2,CARD,22,13,35,3,55,22,4,5,10,18,0.5,0.30000000000000004
379,2,CLF_UNION,20,28,59,3,59,22,4,5,10,18,0.5,0.30000000000000004
380,2,ORD-UNION,0,0,0,3,0,22,4,5,10,18,0.5,0.30000000000000004
381,2,CARD,21,11,35,3,55,22,4,5,10,18,0.5,0.30000000000000004
382,2,CLF_UNION,18,31,62,3,62,22,4,5,10,18,0.5,0.30000000000000004
383,2,ORD-UNION,0,0,0,3,0,22,4,5,10,18,0.5,0.30000000000000004
384,2,CARD,18,12,33,3,57,22,4,5,10,18,0.5,0.30000000000000004
385,2,CLF_UNION,11,33,58,3,58,22,4,5,10,18,0.5,0.30000000000000004
386,2,ORD-UNION,0,0,0,3,0,22,4,5,10,18,0.5,0.30000000000000004
387,2,CARD,12,20,35,3,54,22,4,5,10,18,0.5,0.30000000000000004
388,2,CLF_UNION,7,38,58,3,59,22,4,5,10,18,0.5,0.30000000000000004
389,2,ORD-UNION,0,0,0,3,1,22,4,5,10,18,0.5,0.30000000000000004
390,3,CARD,13,24,40,6,50,22,4,5,10,18,0.5,0.30000000000000004
391,3,CLF_UNION,19,24,57,6,57,22,4,5,10,18,0.5,0.30000000000000004
392,3,ORD-UNION,0,0,0,6,0,22,4,5,10,18,0.5,0.30000000000000004
393,3,CARD,24,13,39,6,51,22,4,5,10,18,0.5,0.30000000000000004
394,3,CLF_UNION,16,29,57,6,57,22,4,5,10,18,0.5,0.30000000000000004
395,3,ORD-UNION,0,0,0,6,0,22,4,5,10,18,0.5,0.30000000000000004
396,3,CARD,24,15,42,6,48,22,4,5,10,18,0.5,0.30000000000000004
397,3,CLF_UNION,25,17,56,6,56,22,4,5,10,18,0.5,0.30000000000000004
398,3,ORD-UNION,0,0,0,6,0,22,4,5,10,18,0.5,0.30000000000000004
399,3,CARD,22,17,42,6,48,22,4,5,10,18,0.5,0.30000000000000004
400,3,CLF_UNION,13,29,56,6,56,22,4,5,10,18,0.5,0.30000000000000004
401,3,ORD-UNION,0,0,0,6,0,22,4,5,10,18,0.5,0.30000000000000004
402,3,CARD,18,17,40,6,50,22,4,5,10,18,0.5,0.30000000000000004
403,3,CLF_UNION,19,23,57,6,57,22,4,5,10,18,0.5,0.30000000000000004
404,3,ORD-UNION,0,0,0,6,0,22,4,5,10,18,0.5,0.30000000000000004
405,4,CARD,23,17,43,10,47,22,4,5,10,18,0.5,0.30000000000000004
406,4,CLF_UNION,29,14,58,10,58,22,4,5,10,18,0.5,0.30000000000000004
407,4,ORD-UNION,0,0,0,10,0,22,4,5,10,18,0.5,0.30000000000000004
408,4,CARD,18,21,43,10,47,22,4,5,10,18,0.5,0.30000000000000004
409,4,CLF_UNION,20,23,57,10,57,22,4,5,10,18,0.5,0.30000000000000004
410,4,ORD-UNION,0,0,0,10,0,22,4,5,10,18,0.5,0.30000000000000004
411,4,CARD,23,18,42,10,48,22,4,5,10,18,0.5,0.30000000000000004
412,4,CLF_UNION,30,16,58,10,58,22,4,5,10,18,0.5,0.30000000000000004
413,4,ORD-UNION,0,0,0,10,0,22,4,5,10,18,0.5,0.30000000000000004
414,4,CARD,24,15,43,10,46,22,4,5,10,18,0.5,0.30000000000000004
415,4,CLF_UNION,29,13,56,10,57,22,4,5,10,18,0.5,0.30000000000000004
416,4,ORD-UNION,0,0,0,10,1,22,4,5,10,18,0.5,0.30000000000000004
417,4,CARD,16,25,44,10,46,22,4,5,10,18,0.5,0.30000000000000004
418,4,CLF_UNION,19,23,55,10,55,22,4,5,10,18,0.5,0.30000000000000004
419,4,ORD-UNION,0,0,0,10,0,22,4,5,10,18,0.5,0.30000000000000004
420,5,CARD,22,16,41,15,46,22,4,5,10,18,0.5,0.30000000000000004
421,5,CLF_UNION,22,17,52,15,55,22,4,5,10,18,0.5,0.30000000000000004
422,5,ORD-UNION,0,0,0,15,3,22,4,5,10,18,0.5,0.30000000000000004
423,5,CARD,19,19,43,15,47,22,4,5,10,18,0.5,0.30000000000000004
424,5,CLF_UNION,20,20,55,15,55,22,4,5,10,18,0.5,0.30000000000000004
425,5,ORD-UNION,0,0,0,15,0,22,4,5,10,18,0.5,0.30000000000000004
426,5,CARD,28,9,42,15,48,22,4,5,10,18,0.5,0.30000000000000004
427,5,CLF_UNION,30,10,55,15,55,22,4,5,10,18,0.5,0.30000000000000004
428,5,ORD-UNION,0,0,0,15,0,22,4,5,10,18,0.5,0.30000000000000004
429,5,CARD,23,17,42,15,48,22,4,5,10,18,0.5,0.30000000000000004
430,5,CLF_UNION,25,17,55,15,55,22,4,5,10,18,0.5,0.30000000000000004
431,5,ORD-UNION,0,0,0,15,0,22,4,5,10,18,0.5,0.30000000000000004
432,5,CARD,30,12,43,15,47,22,4,5,10,18,0.5,0.30000000000000004
433,5,CLF_UNION,30,13,55,15,55,22,4,5,10,18,0.5,0.30000000000000004
434,5,ORD-UNION,0,0,0,15,0,22,4,5,10,18,0.5,0.30000000000000004
435,6,CARD,29,11,43,21,47,22,4,5,10,18,0.5,0.30000000000000004
436,6,CLF_UNION,32,10,55,21,55,22,4,5,10,18,0.5,0.30000000000000004
437,6,ORD-UNION,0,0,0,21,0,22,4,5,10,18,0.5,0.30000000000000004
438,6,CARD,18,14,32,21,52,22,4,5,10,18,0.5,0.30000000000000004
439,6,CLF_UNION,23,16,50,21,56,22,4,5,10,18,0.5,0.30000000000000004
440,6,ORD-UNION,0,0,0,21,6,22,4,5,10,18,0.5,0.30000000000000004
441,6,CARD,25,16,43,21,47,22,4,5,10,18,0.5,0.30000000000000004
442,6,CLF_UNION,27,16,55,21,55,22,4,5,10,18,0.5,0.30000000000000004
443,6,ORD-UNION,0,0,0,21,0,22,4,5,10,18,0.5,0.30000000000000004
444,6,CARD,17,25,44,21,46,22,4,5,10,18,0.5,0.30000000000000004
445,6,CLF_UNION,15,27,55,21,55,22,4,5,10,18,0.5,0.30000000000000004
446,6,ORD-UNION,0,0,0,21,0,22,4,5,10,18,0.5,0.30000000000000004
447,6,CARD,22,21,44,21,46,22,4,5,10,18,0.5,0.30000000000000004
448,6,CLF_UNION,23,21,55,21,55,22,4,5,10,18,0.5,0.30000000000000004
449,6,ORD-UNION,0,0,0,21,0,22,4,5,10,18,0.5,0.30000000000000004
450,7,CARD,19,17,41,27,48,22,4,5,10,18,0.5,0.30000000000000004
451,7,CLF_UNION,23,15,54,27,55,22,4,5,10,18,0.5,0.30000000000000004
452,7,ORD-UNION,0,0,0,27,1,22,4,5,10,18,0.5,0.30000000000000004
453,7,CARD,21,18,44,27,46,22,4,5,10,18,0.5,0.30000000000000004
454,7,CLF_UNION,23,17,55,27,55,22,4,5,10,18,0.5,0.30000000000000004
455,7,ORD-UNION,0,0,0,27,0,22,4,5,10,18,0.5,0.30000000000000004
456,7,CARD,25,16,42,27,47,22,4,5,10,18,0.5,0.30000000000000004
457,7,CLF_UNION,29,14,54,27,55,22,4,5,10,18,0.5,0.30000000000000004
458,7,ORD-UNION,0,0,0,27,1,22,4,5,10,18,0.5,0.30000000000000004
459,7,CARD,22,14,39,27,48,22,4,5,10,18,0.5,0.30000000000000004
460,7,CLF_UNION,23,16,52,27,55,22,4,5,10,18,0.5,0.30000000000000004
461,7,ORD-UNION,0,0,0,27,3,22,4,5,10,18,0.5,0.30000000000000004
462,7,CARD,23,15,39,27,51,22,4,5,10,18,0.5,0.30000000000000004
463,7,CLF_UNION,29,14,55,27,55,22,4,5,10,18,0.5,0.30000000000000004
464,7,ORD-UNION,0,0,0,27,0,22,4,5,10,18,0.5,0.30000000000000004
465,8,CARD,24,15,43,35,46,22,4,5,10,18,0.5,0.30000000000000004
466,8,CLF_UNION,21,18,54,35,55,22,4,5,10,18,0.5,0.30000000000000004
467,8,ORD-UNION,0,0,0,35,1,22,4,5,10,18,0.5,0.30000000000000004
468,8,CARD,25,11,36,35,48,22,4,5,10,18,0.5,0.30000000000000004
469,8,CLF_UNION,25,13,50,35,55,22,4,5,10,18,0.5,0.30000000000000004
470,8,ORD-UNION,0,0,0,35,6,22,4,5,10,18,0.5,0.30000000000000004
471,8,CARD,22,15,43,35,46,22,4,5,10,18,0.5,0.30000000000000004
472,8,CLF_UNION,25,13,54,35,55,22,4,5,10,18,0.5,0.30000000000000004
473,8,ORD-UNION,0,0,0,35,1,22,4,5,10,18,0.5,0.30000000000000004
474,8,CARD,14,24,39,35,48,22,4,5,10,18,0.5,0.30000000000000004
475,8,CLF_UNION,18,22,52,35,55,22,4,5,10,18,0.5,0.30000000000000004
476,8,ORD-UNION,0,0,0,35,3,22,4,5,10,18,0.5,0.30000000000000004
477,8,CARD,16,24,42,35,48,22,4,5,10,18,0.5,0.30000000000000004
478,8,CLF_UNION,23,20,55,35,55,22,4,5,10,18,0.5,0.30000000000000004
479,8,ORD-UNION,0,0,0,35,0,22,4,5,10,18,0.5,0.30000000000000004
480,9,CARD,20,20,42,43,45,22,4,5,10,18,0.5,0.30000000000000004
481,9,CLF_UNION,23,17,52,43,55,22,4,5,10,18,0.5,0.30000000000000004
482,9,ORD-UNION,0,0,0,43,3,22,4,5,10,18,0.5,0.30000000000000004
483,9,CARD,20,11,34,43,47,22,4,5,10,18,0.5,0.30000000000000004
484,9,CLF_UNION,19,13,46,43,55,22,4,5,10,18,0.5,0.30000000000000004
485,9,ORD-UNION,0,0,0,43,9,22,4,5,10,18,0.5,0.30000000000000004
486,9,CARD,22,14,38,43,46,22,4,5,10,18,0.5,0.30000000000000004
487,9,CLF_UNION,25,13,50,43,55,22,4,5,10,18,0.5,0.30000000000000004
488,9,ORD-UNION,0,0,0,43,6,22,4,5,10,18,0.5,0.30000000000000004
489,9,CARD,18,22,44,43,46,22,4,5,10,18,0.5,0.30000000000000004
490,9,CLF_UNION,30,10,55,43,55,22,4,5,10,18,0.5,0.30000000000000004
491,9,ORD-UNION,0,0,0,43,0,22,4,5,10,18,0.5,0.30000000000000004
492,9,CARD,17,23,43,43,46,22,4,5,10,18,0.5,0.30000000000000004
493,9,CLF_UNION,23,18,54,43,55,22,4,5,10,18,0.5,0.30000000000000004
494,9,ORD-UNION,0,0,0,43,1,22,4,5,10,18,0.5,0.30000000000000004
495,10,CARD,24,11,35,52,45,22,4,5,10,18,0.5,0.30000000000000004
496,10,CLF_UNION,20,15,45,52,55,22,4,5,10,18,0.5,0.30000000000000004
497,10,ORD-UNION,0,0,0,52,10,22,4,5,10,18,0.5,0.30000000000000004
498,10,CARD,27,12,41,52,46,22,4,5,10,18,0.5,0.30000000000000004
499,10,CLF_UNION,23,17,53,52,56,22,4,5,10,18,0.5,0.30000000000000004
500,10,ORD-UNION,0,0,0,52,3,22,4,5,10,18,0.5,0.30000000000000004
501,10,CARD,27,13,41,52,46,22,4,5,10,18,0.5,0.30000000000000004
502,10,CLF_UNION,24,17,52,52,55,22,4,5,10,18,0.5,0.30000000000000004
503,10,ORD-UNION,0,0,0,52,3,22,4,5,10,18,0.5,0.30000000000000004
504,10,CARD,27,10,39,52,45,22,4,5,10,18,0.5,0.30000000000000004
505,10,CLF_UNION,18,19,49,52,55,22,4,5,10,18,0.5,0.30000000000000004
506,10,ORD-UNION,0,0,0,52,6,22,4,5,10,18,0.5,0.30000000000000004
507,10,CARD,21,21,44,52,46,22,4,5,10,18,0.5,0.30000000000000004
508,10,CLF_UNION,20,22,55,52,55,22,4,5,10,18,0.5,0.30000000000000004
509,10,ORD-UNION,0,0,0,52,0,22,4,5,10,18,0.5,0.30000000000000004
510,11,CARD,21,17,42,63,45,22,4,5,10,18,0.5,0.30000000000000004
511,11,CLF_UNION,25,14,53,63,56,22,4,5,10,18,0.5,0.30000000000000004
512,11,ORD-UNION,0,0,0,63,3,22,4,5,10,18,0.5,0.30000000000000004
513,11,CARD,25,16,42,63,45,22,4,5,10,18,0.5,0.30000000000000004
514,11,CLF_UNION,26,15,52,63,55,22,4,5,10,18,0.5,0.30000000000000004
515,11,ORD-UNION,0,0,0,63,3,22,4,5,10,18,0.5,0.30000000000000004
516,11,CARD,18,16,38,63,47,22,4,5,10,18,0.5,0.30000000000000004
517,11,CLF_UNION,17,18,51,63,56,22,4,5,10,18,0.5,0.30000000000000004
518,11,ORD-UNION,0,0,0,63,5,22,4,5,10,18,0.5,0.30000000000000004
519,11,CARD,19,17,39,63,45,22,4,5,10,18,0.5,0.30000000000000004
520,11,CLF_UNION,28,8,49,63,55,22,4,5,10,18,0.5,0.30000000000000004
521,11,ORD-UNION,0,0,0,63,6,22,4,5,10,18,0.5,0.30000000000000004
522,11,CARD,16,15,34,63,46,22,4,5,10,18,0.5,0.30000000000000004
523,11,CLF_UNION,18,15,46,63,55,22,4,5,10,18,0.5,0.30000000000000004
524,11,ORD-UNION,0,0,0,63,10,22,4,5,10,18,0.5,0.30000000000000004
525,12,CARD,17,14,35,75,45,22,4,5,10,18,0.5,0.30000000000000004
526,12,CLF_UNION,23,10,47,75,56,22,4,5,10,18,0.5,0.30000000000000004
527,12,ORD-UNION,0,0,0,75,10,22,4,5,10,18,0.5,0.30000000000000004
528,12,CARD,26,11,41,75,46,22,4,5,10,18,0.5,0.30000000000000004
529,12,CLF_UNION,27,11,52,75,55,22,4,5,10,18,0.5,0.30000000000000004
530,12,ORD-UNION,0,0,0,75,3,22,4,5,10,18,0.5,0.30000000000000004
531,12,CARD,19,15,35,75,45,22,4,5,10,18,0.5,0.30000000000000004
532,12,CLF_UNION,19,15,45,75,55,22,4,5,10,18,0.5,0.30000000000000004
533,12,ORD-UNION,0,0,0,75,10,22,4,5,10,18,0.5,0.30000000000000004
534,12,CARD,30,8,41,75,46,22,4,5,10,18,0.5,0.30000000000000004
535,12,CLF_UNION,34,5,52,75,55,22,4,5,10,18,0.5,0.30000000000000004
536,12,ORD-UNION,0,0,0,75,3,22,4,5,10,18,0.5,0.30000000000000004
537,12,CARD,20,18,41,75,47,22,4,5,10,18,0.5,0.30000000000000004
538,12,CLF_UNION,20,19,54,75,56,22,4,5,10,18,0.5,0.30000000000000004
539,12,ORD-UNION,0,0,0,75,2,22,4,5,10,18,0.5,0.30000000000000004
540,13,CARD,13,20,35,86,46,22,4,5,10,18,0.5,0.30000000000000004
541,13,CLF_UNION,14,20,47,86,56,22,4,5,10,18,0.5,0.30000000000000004
542,13,ORD-UNION,0,0,0,86,9,22,4,5,10,18,0.5,0.30000000000000004
543,13,CARD,18,22,44,86,45,22,4,5,10,18,0.5,0.30000000000000004
544,13,CLF_UNION,21,19,54,86,55,22,4,5,10,18,0.5,0.30000000000000004
545,13,ORD-UNION,0,0,0,86,1,22,4,5,10,18,0.5,0.30000000000000004
546,13,CARD,6,27,35,86,45,22,4,5,10,18,0.5,0.30000000000000004
547,13,CLF_UNION,5,28,45,86,55,22,4,5,10,18,0.5,0.30000000000000004
548,13,ORD-UNION,0,0,0,86,10,22,4,5,10,18,0.5,0.30000000000000004
549,13,CARD,18,9,29,86,47,22,4,5,10,18,0.5,0.30000000000000004
550,13,CLF_UNION,13,15,41,86,55,22,4,5,10,18,0.5,0.30000000000000004
551,13,ORD-UNION,0,0,0,86,14,22,4,5,10,18,0.5,0.30000000000000004
552,13,CARD,20,22,42,86,45,22,4,5,10,18,0.5,0.30000000000000004
553,13,CLF_UNION,23,19,52,86,55,22,4,5,10,18,0.5,0.30000000000000004
554,13,ORD-UNION,0,0,0,86,3,22,4,5,10,18,0.5,0.30000000000000004
555,14,CARD,11,10,23,97,47,22,4,5,10,18,0.5,0.30000000000000004
556,14,CLF_UNION,11,11,36,97,56,22,4,5,10,18,0.5,0.30000000000000004
557,14,ORD-UNION,0,0,0,97,20,22,4,5,10,18,0.5,0.30000000000000004
558,14,CARD,16,15,34,97,46,22,4,5,10,18,0.5,0.30000000000000004
559,14,CLF_UNION,19,13,45,97,55,22,4,5,10,18,0.5,0.30000000000000004
560,14,ORD-UNION,0,0,0,97,10,22,4,5,10,18,0.5,0.30000000000000004
561,14,CARD,17,12,35,97,46,22,4,5,10,18,0.5,0.30000000000000004
562,14,CLF_UNION,18,11,47,97,56,22,4,5,10,18,0.5,0.30000000000000004
563,14,ORD-UNION,0,0,0,97,9,22,4,5,10,18,0.5,0.30000000000000004
564,14,CARD,28,9,38,97,49,22,4,5,10,18,0.5,0.30000000000000004
565,14,CLF_UNION,26,12,54,97,57,22,4,5,10,18,0.5,0.30000000000000004
566,14,ORD-UNION,0,0,0,97,3,22,4,5,10,18,0.5,0.30000000000000004
567,14,CARD,21,14,39,97,45,22,4,5,10,18,0.5,0.30000000000000004
568,14,CLF_UNION,24,11,49,97,55,22,4,5,10,18,0.5,0.30000000000000004
569,14,ORD-UNION,0,0,0,97,6,22,4,5,10,18,0.5,0.30000000000000004
570,15,CARD,20,17,39,111,45,22,4,5,10,18,0.5,0.30000000000000004
571,15,CLF_UNION,19,18,49,111,55,22,4,5,10,18,0.5,0.30000000000000004
572,15,ORD-UNION,0,0,0,111,6,22,4,5,10,18,0.5,0.30000000000000004
573,15,CARD,18,13,38,111,47,22,4,5,10,18,0.5,0.30000000000000004
574,15,CLF_UNION,16,16,50,111,55,22,4,5,10,18,0.5,0.30000000000000004
575,15,ORD-UNION,0,0,1,111,6,22,4,5,10,18,0.5,0.30000000000000004
576,15,CARD,13,8,24,111,47,22,4,5,10,18,0.5,0.30000000000000004
577,15,CLF_UNION,15,6,36,111,55,22,4,5,10,18,0.5,0.30000000000000004
578,15,ORD-UNION,0,0,0,111,19,22,4,5,10,18,0.5,0.30000000000000004
579,15,CARD,19,8,30,111,46,22,4,5,10,18,0.5,0.30000000000000004
580,15,CLF_UNION,16,12,42,111,56,22,4,5,10,18,0.5,0.30000000000000004
581,15,ORD-UNION,0,0,0,111,14,22,4,5,10,18,0.5,0.30000000000000004
582,15,CARD,18,12,30,111,47,22,4,5,10,18,0.5,0.30000000000000004
583,15,CLF_UNION,19,12,43,111,55,22,4,5,10,18,0.5,0.30000000000000004
584,15,ORD-UNION,0,0,0,111,13,22,4,5,10,18,0.5,0.30000000000000004
585,16,CARD,22,15,39,126,45,22,4,5,10,18,0.5,0.30000000000000004
586,16,CLF_UNION,24,14,50,126,56,22,4,5,10,18,0.5,0.30000000000000004
587,16,ORD-UNION,1,2,4,126,10,22,4,5,10,18,0.5,0.30000000000000004
588,16,CARD,11,18,30,126,46,22,4,5,10,18,0.5,0.30000000000000004
589,16,CLF_UNION,14,16,43,126,57,22,4,5,10,18,0.5,0.30000000000000004
590,16,ORD-UNION,1,4,6,126,20,22,4,5,10,18,0.5,0.30000000000000004
591,16,CARD,15,18,35,126,46,22,4,5,10,18,0.5,0.30000000000000004
592,16,CLF_UNION,23,11,47,126,55,22,4,5,10,18,0.5,0.30000000000000004
593,16,ORD-UNION,1,0,1,126,10,22,4,5,10,18,0.5,0.30000000000000004
594,16,CARD,22,10,35,126,46,22,4,5,10,18,0.5,0.30000000000000004
595,16,CLF_UNION,23,10,48,126,56,22,4,5,10,18,0.5,0.30000000000000004
596,16,ORD-UNION,3,3,7,126,16,22,4,5,10,18,0.5,0.30000000000000004
597,16,CARD,20,11,35,126,45,22,4,5,10,18,0.5,0.30000000000000004
598,16,CLF_UNION,16,15,45,126,55,22,4,5,10,18,0.5,0.30000000000000004
599,16,ORD-UNION,1,3,5,126,15,22,4,5,10,18,0.5,0.30000000000000004
600,17,CARD,18,13,35,143,45,22,4,5,10,18,0.5,0.30000000000000004
601,17,CLF_UNION,16,15,45,143,55,22,4,5,10,18,0.5,0.30000000000000004
602,17,ORD-UNION,1,4,7,143,17,22,4,5,10,18,0.5,0.30000000000000004
603,17,CARD,16,11,30,143,48,22,4,5,10,18,0.5,0.30000000000000004
604,17,CLF_UNION,13,14,43,143,55,22,4,5,10,18,0.5,0.30000000000000004
605,17,ORD-UNION,3,5,9,143,21,22,4,5,10,18,0.5,0.30000000000000004
606,17,CARD,8,12,22,143,49,22,4,5,10,18,0.5,0.30000000000000004
607,17,CLF_UNION,6,18,39,143,57,22,4,5,10,18,0.5,0.30000000000000004
608,17,ORD-UNION,0,0,0,143,19,22,4,5,10,18,0.5,0.30000000000000004
609,17,CARD,23,12,35,143,46,22,4,5,10,18,0.5,0.30000000000000004
610,17,CLF_UNION,23,12,46,143,55,22,4,5,10,18,0.5,0.30000000000000004
611,17,ORD-UNION,0,0,0,143,9,22,4,5,10,18,0.5,0.30000000000000004
612,17,CARD,11,9,21,143,51,22,4,5,10,18,0.5,0.30000000000000004
613,17,CLF_UNION,12,12,39,143,57,22,4,5,10,18,0.5,0.30000000000000004
614,17,ORD-UNION,0,0,0,143,18,22,4,5,10,18,0.5,0.30000000000000004
615,18,CARD,18,11,30,159,45,22,4,5,10,18,0.5,0.30000000000000004
616,18,CLF_UNION,20,10,41,159,55,22,4,5,10,18,0.5,0.30000000000000004
617,18,ORD-UNION,2,0,2,159,17,22,4,5,10,18,0.5,0.30000000000000004
618,18,CARD,15,12,30,159,46,22,4,5,10,18,0.5,0.30000000000000004
619,18,CLF_UNION,18,9,42,159,56,22,4,5,10,18,0.5,0.30000000000000004
620,18,ORD-UNION,0,0,0,159,14,22,4,5,10,18,0.5,0.30000000000000004
621,18,CARD,13,4,17,159,49,22,4,5,10,18,0.5,0.30000000000000004
622,18,CLF_UNION,12,5,32,159,56,22,4,5,10,18,0.5,0.30000000000000004
623,18,ORD-UNION,0,0,0,159,24,22,4,5,10,18,0.5,0.30000000000000004
624,18,CARD,15,4,23,159,46,22,4,5,10,18,0.5,0.30000000000000004
625,18,CLF_UNION,13,8,35,159,55,22,4,5,10,18,0.5,0.30000000000000004
626,18,ORD-UNION,3,4,8,159,29,22,4,5,10,18,0.5,0.30000000000000004
627,18,CARD,16,10,29,159,47,22,4,5,10,18,0.5,0.30000000000000004
628,18,CLF_UNION,9,19,42,159,56,22,4,5,10,18,0.5,0.30000000000000004
629,18,ORD-UNION,3,5,10,159,24,22,4,5,10,18,0.5,0.30000000000000004
630,19,CARD,2,14,17,176,48,22,4,5,10,18,0.5,0.30000000000000004
631,19,CLF_UNION,14,2,30,176,55,22,4,5,10,18,0.5,0.30000000000000004
632,19,ORD-UNION,0,0,0,176,25,22,4,5,10,18,0.5,0.30000000000000004
633,19,CARD,8,9,17,176,47,22,4,5,10,18,0.5,0.30000000000000004
634,19,CLF_UNION,4,13,29,176,55,22,4,5,10,18,0.5,0.30000000000000004
635,19,ORD-UNION,0,0,0,176,26,22,4,5,10,18,0.5,0.30000000000000004
636,19,CARD,20,8,31,176,45,22,4,5,10,18,0.5,0.30000000000000004
637,19,CLF_UNION,13,16,42,176,56,22,4,5,10,18,0.5,0.30000000000000004
638,19,ORD-UNION,0,6,7,176,21,22,4,5,10,18,0.5,0.30000000000000004
639,19,CARD,4,13,18,176,46,22,4,5,10,18,0.5,0.30000000000000004
640,19,CLF_UNION,10,8,30,176,56,22,4,5,10,18,0.5,0.30000000000000004
641,19,ORD-UNION,0,0,0,176,26,22,4,5,10,18,0.5,0.30000000000000004
642,19,CARD,8,21,30,176,46,22,4,5,10,18,0.5,0.30000000000000004
643,19,CLF_UNION,18,11,41,176,55,22,4,5,10,18,0.5,0.30000000000000004
644,19,ORD-UNION,0,0,0,176,14,22,4,5,10,18,0.5,0.30000000000000004
