,budget,model,correct,wrong,total,n_pref_input,n_pref_output,theta_size,theta_additivity,n_items,n_test_subsets,n_tiers,alpha,p
0,1,CARD,13,7,25,1,65,9,5,5,10,12,0.1,0.7000000000000001
1,1,CLF_UNION,38,14,73,1,73,9,5,5,10,12,0.1,0.7000000000000001
2,1,ORD-UNION,0,0,0,1,0,9,5,5,10,12,0.1,0.7000000000000001
3,1,CARD,21,1,24,1,66,9,5,5,10,12,0.1,0.7000000000000001
4,1,CLF_UNION,37,10,63,1,63,9,5,5,10,12,0.1,0.7000000000000001
5,1,ORD-UNION,0,0,0,1,0,9,5,5,10,12,0.1,0.7000000000000001
6,1,CARD,17,2,21,1,69,9,5,5,10,12,0.1,0.7000000000000001
7,1,CLF_UNION,34,16,68,1,68,9,5,5,10,12,0.1,0.7000000000000001
8,1,ORD-UNION,0,0,0,1,0,9,5,5,10,12,0.1,0.7000000000000001
9,1,CARD,20,3,24,1,66,9,5,5,10,12,0.1,0.7000000000000001
10,1,CLF_UNION,41,19,71,1,71,9,5,5,10,12,0.1,0.7000000000000001
11,1,ORD-UNION,0,0,0,1,0,9,5,5,10,12,0.1,0.7000000000000001
12,1,CARD,20,2,24,1,66,9,5,5,10,12,0.1,0.7000000000000001
13,1,CLF_UNION,35,18,68,1,68,9,5,5,10,12,0.1,0.7000000000000001
14,1,ORD-UNION,0,0,0,1,0,9,5,5,10,12,0.1,0.7000000000000001
15,2,CARD,20,13,36,3,53,9,5,5,10,12,0.1,0.7000000000000001
16,2,CLF_UNION,28,19,60,3,61,9,5,5,10,12,0.1,0.7000000000000001
17,2,ORD-UNION,1,0,1,3,2,9,5,5,10,12,0.1,0.7000000000000001
18,2,CARD,23,8,33,3,57,9,5,5,10,12,0.1,0.7000000000000001
19,2,CLF_UNION,35,14,61,3,61,9,5,5,10,12,0.1,0.7000000000000001
20,2,ORD-UNION,0,0,0,3,0,9,5,5,10,12,0.1,0.7000000000000001
21,2,CARD,25,10,37,3,53,9,5,5,10,12,0.1,0.7000000000000001
22,2,CLF_UNION,33,14,59,3,59,9,5,5,10,12,0.1,0.7000000000000001
23,2,ORD-UNION,0,0,0,3,0,9,5,5,10,12,0.1,0.7000000000000001
24,2,CARD,25,12,37,3,53,9,5,5,10,12,0.1,0.7000000000000001
25,2,CLF_UNION,40,11,61,3,61,9,5,5,10,12,0.1,0.7000000000000001
26,2,ORD-UNION,1,0,1,3,1,9,5,5,10,12,0.1,0.7000000000000001
27,2,CARD,24,11,37,3,53,9,5,5,10,12,0.1,0.7000000000000001
28,2,CLF_UNION,36,12,60,3,60,9,5,5,10,12,0.1,0.7000000000000001
29,2,ORD-UNION,1,0,1,3,1,9,5,5,10,12,0.1,0.7000000000000001
30,3,CARD,26,6,39,5,51,9,5,5,10,12,0.1,0.7000000000000001
31,3,CLF_UNION,34,5,57,5,57,9,5,5,10,12,0.1,0.7000000000000001
32,3,ORD-UNION,1,0,1,5,1,9,5,5,10,12,0.1,0.7000000000000001
33,3,CARD,35,1,40,5,50,9,5,5,10,12,0.1,0.7000000000000001
34,3,CLF_UNION,37,6,59,5,59,9,5,5,10,12,0.1,0.7000000000000001
35,3,ORD-UNION,3,0,3,5,3,9,5,5,10,12,0.1,0.7000000000000001
36,3,CARD,27,5,39,5,50,9,5,5,10,12,0.1,0.7000000000000001
37,3,CLF_UNION,32,6,57,5,58,9,5,5,10,12,0.1,0.7000000000000001
38,3,ORD-UNION,2,0,2,5,3,9,5,5,10,12,0.1,0.7000000000000001
39,3,CARD,16,13,31,5,58,9,5,5,10,12,0.1,0.7000000000000001
40,3,CLF_UNION,37,8,57,5,58,9,5,5,10,12,0.1,0.7000000000000001
41,3,ORD-UNION,1,0,1,5,2,9,5,5,10,12,0.1,0.7000000000000001
42,3,CARD,28,8,38,5,52,9,5,5,10,12,0.1,0.7000000000000001
43,3,CLF_UNION,38,7,57,5,57,9,5,5,10,12,0.1,0.7000000000000001
44,3,ORD-UNION,3,0,3,5,3,9,5,5,10,12,0.1,0.7000000000000001
45,4,CARD,24,7,34,8,55,9,5,5,10,12,0.1,0.7000000000000001
46,4,CLF_UNION,34,8,57,8,58,9,5,5,10,12,0.1,0.7000000000000001
47,4,ORD-UNION,2,0,2,8,3,9,5,5,10,12,0.1,0.7000000000000001
48,4,CARD,30,8,40,8,50,9,5,5,10,12,0.1,0.7000000000000001
49,4,CLF_UNION,40,7,59,8,59,9,5,5,10,12,0.1,0.7000000000000001
50,4,ORD-UNION,2,0,2,8,2,9,5,5,10,12,0.1,0.7000000000000001
51,4,CARD,27,8,40,8,50,9,5,5,10,12,0.1,0.7000000000000001
52,4,CLF_UNION,36,11,62,8,62,9,5,5,10,12,0.1,0.7000000000000001
53,4,ORD-UNION,0,0,0,8,0,9,5,5,10,12,0.1,0.7000000000000001
54,4,CARD,26,6,34,8,56,9,5,5,10,12,0.1,0.7000000000000001
55,4,CLF_UNION,36,10,59,8,59,9,5,5,10,12,0.1,0.7000000000000001
56,4,ORD-UNION,3,0,3,8,3,9,5,5,10,12,0.1,0.7000000000000001
57,4,CARD,27,3,33,8,57,9,5,5,10,12,0.1,0.7000000000000001
58,4,CLF_UNION,38,6,58,8,58,9,5,5,10,12,0.1,0.7000000000000001
59,4,ORD-UNION,3,0,3,8,3,9,5,5,10,12,0.1,0.7000000000000001
60,5,CARD,30,10,44,13,46,9,5,5,10,12,0.1,0.7000000000000001
61,5,CLF_UNION,36,8,59,13,59,9,5,5,10,12,0.1,0.7000000000000001
62,5,ORD-UNION,2,0,2,13,2,9,5,5,10,12,0.1,0.7000000000000001
63,5,CARD,31,4,38,13,52,9,5,5,10,12,0.1,0.7000000000000001
64,5,CLF_UNION,40,4,58,13,58,9,5,5,10,12,0.1,0.7000000000000001
65,5,ORD-UNION,3,0,3,13,3,9,5,5,10,12,0.1,0.7000000000000001
66,5,CARD,33,4,39,13,50,9,5,5,10,12,0.1,0.7000000000000001
67,5,CLF_UNION,40,3,56,13,57,9,5,5,10,12,0.1,0.7000000000000001
68,5,ORD-UNION,5,0,5,13,6,9,5,5,10,12,0.1,0.7000000000000001
69,5,CARD,21,12,38,13,50,9,5,5,10,12,0.1,0.7000000000000001
70,5,CLF_UNION,33,6,56,13,58,9,5,5,10,12,0.1,0.7000000000000001
71,5,ORD-UNION,2,0,2,13,4,9,5,5,10,12,0.1,0.7000000000000001
72,5,CARD,32,4,39,13,50,9,5,5,10,12,0.1,0.7000000000000001
73,5,CLF_UNION,37,6,56,13,57,9,5,5,10,12,0.1,0.7000000000000001
74,5,ORD-UNION,5,0,5,13,6,9,5,5,10,12,0.1,0.7000000000000001
75,6,CARD,35,1,39,18,51,9,5,5,10,12,0.1,0.7000000000000001
76,6,CLF_UNION,40,3,58,18,58,9,5,5,10,12,0.1,0.7000000000000001
77,6,ORD-UNION,12,0,12,18,12,9,5,5,10,12,0.1,0.7000000000000001
78,6,CARD,31,7,39,18,51,9,5,5,10,12,0.1,0.7000000000000001
79,6,CLF_UNION,35,7,55,18,55,9,5,5,10,12,0.1,0.7000000000000001
80,6,ORD-UNION,3,0,3,18,3,9,5,5,10,12,0.1,0.7000000000000001
81,6,CARD,31,2,33,18,57,9,5,5,10,12,0.1,0.7000000000000001
82,6,CLF_UNION,33,4,55,18,55,9,5,5,10,12,0.1,0.7000000000000001
83,6,ORD-UNION,2,0,2,18,2,9,5,5,10,12,0.1,0.7000000000000001
84,6,CARD,36,3,41,18,49,9,5,5,10,12,0.1,0.7000000000000001
85,6,CLF_UNION,40,3,56,18,56,9,5,5,10,12,0.1,0.7000000000000001
86,6,ORD-UNION,2,0,2,18,2,9,5,5,10,12,0.1,0.7000000000000001
87,6,CARD,30,4,37,18,53,9,5,5,10,12,0.1,0.7000000000000001
88,6,CLF_UNION,35,5,56,18,56,9,5,5,10,12,0.1,0.7000000000000001
89,6,ORD-UNION,1,0,1,18,1,9,5,5,10,12,0.1,0.7000000000000001
90,7,CARD,30,3,34,25,53,9,5,5,10,12,0.1,0.7000000000000001
91,7,CLF_UNION,34,6,53,25,56,9,5,5,10,12,0.1,0.7000000000000001
92,7,ORD-UNION,5,0,5,25,8,9,5,5,10,12,0.1,0.7000000000000001
93,7,CARD,25,10,35,25,54,9,5,5,10,12,0.1,0.7000000000000001
94,7,CLF_UNION,30,10,54,25,55,9,5,5,10,12,0.1,0.7000000000000001
95,7,ORD-UNION,4,0,4,25,5,9,5,5,10,12,0.1,0.7000000000000001
96,7,CARD,26,10,39,25,51,9,5,5,10,12,0.1,0.7000000000000001
97,7,CLF_UNION,33,6,55,25,55,9,5,5,10,12,0.1,0.7000000000000001
98,7,ORD-UNION,1,0,1,25,1,9,5,5,10,12,0.1,0.7000000000000001
99,7,CARD,33,3,36,25,52,9,5,5,10,12,0.1,0.7000000000000001
100,7,CLF_UNION,33,6,53,25,55,9,5,5,10,12,0.1,0.7000000000000001
101,7,ORD-UNION,4,0,4,25,6,9,5,5,10,12,0.1,0.7000000000000001
102,7,CARD,33,2,35,25,55,9,5,5,10,12,0.1,0.7000000000000001
103,7,CLF_UNION,40,2,56,25,56,9,5,5,10,12,0.1,0.7000000000000001
104,7,ORD-UNION,8,0,8,25,8,9,5,5,10,12,0.1,0.7000000000000001
105,8,CARD,24,13,41,33,46,9,5,5,10,12,0.1,0.7000000000000001
106,8,CLF_UNION,35,4,54,33,57,9,5,5,10,12,0.1,0.7000000000000001
107,8,ORD-UNION,10,0,10,33,13,9,5,5,10,12,0.1,0.7000000000000001
108,8,CARD,32,8,41,33,47,9,5,5,10,12,0.1,0.7000000000000001
109,8,CLF_UNION,40,8,61,33,63,9,5,5,10,12,0.1,0.7000000000000001
110,8,ORD-UNION,15,0,15,33,17,9,5,5,10,12,0.1,0.7000000000000001
111,8,CARD,29,9,40,33,47,9,5,5,10,12,0.1,0.7000000000000001
112,8,CLF_UNION,39,4,56,33,59,9,5,5,10,12,0.1,0.7000000000000001
113,8,ORD-UNION,12,0,12,33,15,9,5,5,10,12,0.1,0.7000000000000001
114,8,CARD,31,10,43,33,46,9,5,5,10,12,0.1,0.7000000000000001
115,8,CLF_UNION,40,5,57,33,58,9,5,5,10,12,0.1,0.7000000000000001
116,8,ORD-UNION,12,0,12,33,13,9,5,5,10,12,0.1,0.7000000000000001
117,8,CARD,33,7,42,33,47,9,5,5,10,12,0.1,0.7000000000000001
118,8,CLF_UNION,40,1,54,33,55,9,5,5,10,12,0.1,0.7000000000000001
119,8,ORD-UNION,11,0,11,33,12,9,5,5,10,12,0.1,0.7000000000000001
120,9,CARD,42,1,44,42,46,9,5,5,10,12,0.1,0.7000000000000001
121,9,CLF_UNION,39,4,55,42,55,9,5,5,10,12,0.1,0.7000000000000001
122,9,ORD-UNION,24,0,24,42,24,9,5,5,10,12,0.1,0.7000000000000001
123,9,CARD,40,2,44,42,45,9,5,5,10,12,0.1,0.7000000000000001
124,9,CLF_UNION,39,3,54,42,55,9,5,5,10,12,0.1,0.7000000000000001
125,9,ORD-UNION,19,0,19,42,20,9,5,5,10,12,0.1,0.7000000000000001
126,9,CARD,33,1,40,42,47,9,5,5,10,12,0.1,0.7000000000000001
127,9,CLF_UNION,33,2,52,42,55,9,5,5,10,12,0.1,0.7000000000000001
128,9,ORD-UNION,20,0,20,42,23,9,5,5,10,12,0.1,0.7000000000000001
129,9,CARD,35,1,37,42,47,9,5,5,10,12,0.1,0.7000000000000001
130,9,CLF_UNION,35,1,49,42,55,9,5,5,10,12,0.1,0.7000000000000001
131,9,ORD-UNION,14,0,14,42,20,9,5,5,10,12,0.1,0.7000000000000001
132,9,CARD,39,1,40,42,47,9,5,5,10,12,0.1,0.7000000000000001
133,9,CLF_UNION,39,1,52,42,55,9,5,5,10,12,0.1,0.7000000000000001
134,9,ORD-UNION,17,0,17,42,20,9,5,5,10,12,0.1,0.7000000000000001
135,10,CARD,34,4,39,52,45,9,5,5,10,12,0.1,0.7000000000000001
136,10,CLF_UNION,38,0,49,52,55,9,5,5,10,12,0.1,0.7000000000000001
137,10,ORD-UNION,22,0,22,52,28,9,5,5,10,12,0.1,0.7000000000000001
138,10,CARD,33,3,39,52,45,9,5,5,10,12,0.1,0.7000000000000001
139,10,CLF_UNION,36,0,49,52,55,9,5,5,10,12,0.1,0.7000000000000001
140,10,ORD-UNION,19,0,19,52,25,9,5,5,10,12,0.1,0.7000000000000001
141,10,CARD,25,5,35,52,46,9,5,5,10,12,0.1,0.7000000000000001
142,10,CLF_UNION,30,0,47,52,56,9,5,5,10,12,0.1,0.7000000000000001
143,10,ORD-UNION,17,0,17,52,26,9,5,5,10,12,0.1,0.7000000000000001
144,10,CARD,35,6,44,52,45,9,5,5,10,12,0.1,0.7000000000000001
145,10,CLF_UNION,40,1,55,52,56,9,5,5,10,12,0.1,0.7000000000000001
146,10,ORD-UNION,20,0,20,52,21,9,5,5,10,12,0.1,0.7000000000000001
147,10,CARD,32,6,43,52,46,9,5,5,10,12,0.1,0.7000000000000001
148,10,CLF_UNION,39,0,55,52,56,9,5,5,10,12,0.1,0.7000000000000001
149,10,ORD-UNION,17,0,17,52,18,9,5,5,10,12,0.1,0.7000000000000001
150,11,CARD,36,0,41,63,46,9,5,5,10,12,0.1,0.7000000000000001
151,11,CLF_UNION,37,0,52,63,55,9,5,5,10,12,0.1,0.7000000000000001
152,11,ORD-UNION,28,0,28,63,31,9,5,5,10,12,0.1,0.7000000000000001
153,11,CARD,40,0,43,63,47,9,5,5,10,12,0.1,0.7000000000000001
154,11,CLF_UNION,40,0,56,63,56,9,5,5,10,12,0.1,0.7000000000000001
155,11,ORD-UNION,29,0,29,63,29,9,5,5,10,12,0.1,0.7000000000000001
156,11,CARD,32,0,35,63,45,9,5,5,10,12,0.1,0.7000000000000001
157,11,CLF_UNION,32,0,45,63,55,9,5,5,10,12,0.1,0.7000000000000001
158,11,ORD-UNION,22,0,23,63,33,9,5,5,10,12,0.1,0.7000000000000001
159,11,CARD,36,0,39,63,45,9,5,5,10,12,0.1,0.7000000000000001
160,11,CLF_UNION,36,1,50,63,56,9,5,5,10,12,0.1,0.7000000000000001
161,11,ORD-UNION,25,0,26,63,32,9,5,5,10,12,0.1,0.7000000000000001
162,11,CARD,37,0,41,63,46,9,5,5,10,12,0.1,0.7000000000000001
163,11,CLF_UNION,38,0,52,63,55,9,5,5,10,12,0.1,0.7000000000000001
164,11,ORD-UNION,27,0,28,63,31,9,5,5,10,12,0.1,0.7000000000000001
165,12,CARD,38,2,41,74,46,9,5,5,10,12,0.1,0.7000000000000001
166,12,CLF_UNION,41,0,52,74,55,9,5,5,10,12,0.1,0.7000000000000001
167,12,ORD-UNION,25,0,26,74,29,9,5,5,10,12,0.1,0.7000000000000001
168,12,CARD,32,2,39,74,48,9,5,5,10,12,0.1,0.7000000000000001
169,12,CLF_UNION,37,0,53,74,56,9,5,5,10,12,0.1,0.7000000000000001
170,12,ORD-UNION,27,0,27,74,30,9,5,5,10,12,0.1,0.7000000000000001
171,12,CARD,35,1,38,74,47,9,5,5,10,12,0.1,0.7000000000000001
172,12,CLF_UNION,38,0,51,74,56,9,5,5,10,12,0.1,0.7000000000000001
173,12,ORD-UNION,29,0,30,74,35,9,5,5,10,12,0.1,0.7000000000000001
174,12,CARD,35,0,39,74,46,9,5,5,10,12,0.1,0.7000000000000001
175,12,CLF_UNION,35,0,52,74,57,9,5,5,10,12,0.1,0.7000000000000001
176,12,ORD-UNION,31,0,32,74,37,9,5,5,10,12,0.1,0.7000000000000001
177,12,CARD,31,0,38,74,46,9,5,5,10,12,0.1,0.7000000000000001
178,12,CLF_UNION,32,0,50,74,56,9,5,5,10,12,0.1,0.7000000000000001
179,12,ORD-UNION,24,0,25,74,31,9,5,5,10,12,0.1,0.7000000000000001
180,13,CARD,35,2,38,85,46,9,5,5,10,12,0.1,0.7000000000000001
181,13,CLF_UNION,37,1,49,85,55,9,5,5,10,12,0.1,0.7000000000000001
182,13,ORD-UNION,22,0,22,85,28,9,5,5,10,12,0.1,0.7000000000000001
183,13,CARD,33,1,38,85,47,9,5,5,10,12,0.1,0.7000000000000001
184,13,CLF_UNION,36,0,51,85,56,9,5,5,10,12,0.1,0.7000000000000001
185,13,ORD-UNION,23,0,24,85,29,9,5,5,10,12,0.1,0.7000000000000001
186,13,CARD,39,1,41,85,46,9,5,5,10,12,0.1,0.7000000000000001
187,13,CLF_UNION,41,0,52,85,55,9,5,5,10,12,0.1,0.7000000000000001
188,13,ORD-UNION,30,0,30,85,33,9,5,5,10,12,0.1,0.7000000000000001
189,13,CARD,27,1,29,85,46,9,5,5,10,12,0.1,0.7000000000000001
190,13,CLF_UNION,28,0,40,85,55,9,5,5,10,12,0.1,0.7000000000000001
191,13,ORD-UNION,23,0,23,85,38,9,5,5,10,12,0.1,0.7000000000000001
192,13,CARD,33,1,38,85,46,9,5,5,10,12,0.1,0.7000000000000001
193,13,CLF_UNION,35,0,49,85,55,9,5,5,10,12,0.1,0.7000000000000001
194,13,ORD-UNION,21,0,22,85,28,9,5,5,10,12,0.1,0.7000000000000001
195,14,CARD,35,0,39,99,45,9,5,5,10,12,0.1,0.7000000000000001
196,14,CLF_UNION,35,0,49,99,55,9,5,5,10,12,0.1,0.7000000000000001
197,14,ORD-UNION,24,0,25,99,31,9,5,5,10,12,0.1,0.7000000000000001
198,14,CARD,36,0,40,99,45,9,5,5,10,12,0.1,0.7000000000000001
199,14,CLF_UNION,36,1,51,99,56,9,5,5,10,12,0.1,0.7000000000000001
200,14,ORD-UNION,28,0,29,99,34,9,5,5,10,12,0.1,0.7000000000000001
201,14,CARD,34,0,35,99,46,9,5,5,10,12,0.1,0.7000000000000001
202,14,CLF_UNION,34,0,46,99,55,9,5,5,10,12,0.1,0.7000000000000001
203,14,ORD-UNION,31,0,31,99,40,9,5,5,10,12,0.1,0.7000000000000001
204,14,CARD,32,0,34,99,46,9,5,5,10,12,0.1,0.7000000000000001
205,14,CLF_UNION,32,0,45,99,55,9,5,5,10,12,0.1,0.7000000000000001
206,14,ORD-UNION,25,0,25,99,35,9,5,5,10,12,0.1,0.7000000000000001
207,14,CARD,33,0,33,99,48,9,5,5,10,12,0.1,0.7000000000000001
208,14,CLF_UNION,33,0,47,99,56,9,5,5,10,12,0.1,0.7000000000000001
209,14,ORD-UNION,24,0,24,99,33,9,5,5,10,12,0.1,0.7000000000000001
210,15,CARD,33,0,34,113,46,9,5,5,10,12,0.1,0.7000000000000001
211,15,CLF_UNION,33,2,47,113,57,9,5,5,10,12,0.1,0.7000000000000001
212,15,ORD-UNION,29,0,29,113,39,9,5,5,10,12,0.1,0.7000000000000001
213,15,CARD,36,0,40,113,45,9,5,5,10,12,0.1,0.7000000000000001
214,15,CLF_UNION,35,1,51,113,56,9,5,5,10,12,0.1,0.7000000000000001
215,15,ORD-UNION,24,0,25,113,30,9,5,5,10,12,0.1,0.7000000000000001
216,15,CARD,29,0,31,113,45,9,5,5,10,12,0.1,0.7000000000000001
217,15,CLF_UNION,29,0,41,113,55,9,5,5,10,12,0.1,0.7000000000000001
218,15,ORD-UNION,19,0,19,113,33,9,5,5,10,12,0.1,0.7000000000000001
219,15,CARD,37,0,41,113,47,9,5,5,10,12,0.1,0.7000000000000001
220,15,CLF_UNION,37,2,55,113,57,9,5,5,10,12,0.1,0.7000000000000001
221,15,ORD-UNION,34,0,35,113,37,9,5,5,10,12,0.1,0.7000000000000001
222,15,CARD,39,0,41,113,46,9,5,5,10,12,0.1,0.7000000000000001
223,15,CLF_UNION,39,1,53,113,56,9,5,5,10,12,0.1,0.7000000000000001
224,15,ORD-UNION,25,0,25,113,28,9,5,5,10,12,0.1,0.7000000000000001
225,16,CARD,22,0,24,127,46,9,5,5,10,12,0.1,0.7000000000000001
226,16,CLF_UNION,22,1,36,127,56,9,5,5,10,12,0.1,0.7000000000000001
227,16,ORD-UNION,19,0,20,127,40,9,5,5,10,12,0.1,0.7000000000000001
228,16,CARD,26,0,26,127,49,9,5,5,10,12,0.1,0.7000000000000001
229,16,CLF_UNION,27,2,42,127,57,9,5,5,10,12,0.1,0.7000000000000001
230,16,ORD-UNION,21,0,21,127,36,9,5,5,10,12,0.1,0.7000000000000001
231,16,CARD,27,0,30,127,45,9,5,5,10,12,0.1,0.7000000000000001
232,16,CLF_UNION,27,1,42,127,57,9,5,5,10,12,0.1,0.7000000000000001
233,16,ORD-UNION,21,0,21,127,36,9,5,5,10,12,0.1,0.7000000000000001
234,16,CARD,16,0,18,127,45,9,5,5,10,12,0.1,0.7000000000000001
235,16,CLF_UNION,16,0,29,127,56,9,5,5,10,12,0.1,0.7000000000000001
236,16,ORD-UNION,15,0,16,127,43,9,5,5,10,12,0.1,0.7000000000000001
237,16,CARD,27,0,29,127,47,9,5,5,10,12,0.1,0.7000000000000001
238,16,CLF_UNION,26,3,43,127,57,9,5,5,10,12,0.1,0.7000000000000001
239,16,ORD-UNION,24,0,24,127,38,9,5,5,10,12,0.1,0.7000000000000001
240,17,CARD,33,0,35,142,45,9,5,5,10,12,0.1,0.7000000000000001
241,17,CLF_UNION,33,0,45,142,55,9,5,5,10,12,0.1,0.7000000000000001
242,17,ORD-UNION,29,0,29,142,39,9,5,5,10,12,0.1,0.7000000000000001
243,17,CARD,27,0,29,142,47,9,5,5,10,12,0.1,0.7000000000000001
244,17,CLF_UNION,26,2,42,142,56,9,5,5,10,12,0.1,0.7000000000000001
245,17,ORD-UNION,19,0,19,142,33,9,5,5,10,12,0.1,0.7000000000000001
246,17,CARD,29,0,30,142,46,9,5,5,10,12,0.1,0.7000000000000001
247,17,CLF_UNION,29,0,42,142,56,9,5,5,10,12,0.1,0.7000000000000001
248,17,ORD-UNION,25,0,25,142,39,9,5,5,10,12,0.1,0.7000000000000001
249,17,CARD,32,0,37,142,45,9,5,5,10,12,0.1,0.7000000000000001
250,17,CLF_UNION,31,1,48,142,56,9,5,5,10,12,0.1,0.7000000000000001
251,17,ORD-UNION,26,0,27,142,35,9,5,5,10,12,0.1,0.7000000000000001
252,17,CARD,34,0,35,142,46,9,5,5,10,12,0.1,0.7000000000000001
253,17,CLF_UNION,33,1,47,142,56,9,5,5,10,12,0.1,0.7000000000000001
254,17,ORD-UNION,30,0,30,142,39,9,5,5,10,12,0.1,0.7000000000000001
255,18,CARD,16,0,18,159,48,9,5,5,10,12,0.1,0.7000000000000001
256,18,CLF_UNION,16,0,35,159,59,9,5,5,10,12,0.1,0.7000000000000001
257,18,ORD-UNION,15,0,15,159,39,9,5,5,10,12,0.1,0.7000000000000001
258,18,CARD,16,0,18,159,46,9,5,5,10,12,0.1,0.7000000000000001
259,18,CLF_UNION,16,0,29,159,55,9,5,5,10,12,0.1,0.7000000000000001
260,18,ORD-UNION,15,0,15,159,41,9,5,5,10,12,0.1,0.7000000000000001
261,18,CARD,15,0,17,159,49,9,5,5,10,12,0.1,0.7000000000000001
262,18,CLF_UNION,16,1,36,159,60,9,5,5,10,12,0.1,0.7000000000000001
263,18,ORD-UNION,14,0,14,159,38,9,5,5,10,12,0.1,0.7000000000000001
264,18,CARD,16,0,17,159,48,9,5,5,10,12,0.1,0.7000000000000001
265,18,CLF_UNION,16,1,35,159,60,9,5,5,10,12,0.1,0.7000000000000001
266,18,ORD-UNION,16,0,16,159,41,9,5,5,10,12,0.1,0.7000000000000001
267,18,CARD,28,0,29,159,47,9,5,5,10,12,0.1,0.7000000000000001
268,18,CLF_UNION,29,1,43,159,57,9,5,5,10,12,0.1,0.7000000000000001
269,18,ORD-UNION,27,0,27,159,41,9,5,5,10,12,0.1,0.7000000000000001
270,19,CARD,19,0,25,178,46,9,5,5,10,12,0.1,0.7000000000000001
271,19,CLF_UNION,19,1,37,178,56,9,5,5,10,12,0.1,0.7000000000000001
272,19,ORD-UNION,18,0,20,178,39,9,5,5,10,12,0.1,0.7000000000000001
273,19,CARD,15,0,15,178,48,9,5,5,10,12,0.1,0.7000000000000001
274,19,CLF_UNION,16,1,29,178,55,9,5,5,10,12,0.1,0.7000000000000001
275,19,ORD-UNION,14,0,14,178,41,9,5,5,10,12,0.1,0.7000000000000001
276,19,CARD,26,0,28,178,48,9,5,5,10,12,0.1,0.7000000000000001
277,19,CLF_UNION,27,1,41,178,55,9,5,5,10,12,0.1,0.7000000000000001
278,19,ORD-UNION,26,0,26,178,40,9,5,5,10,12,0.1,0.7000000000000001
279,19,CARD,15,0,17,178,46,9,5,5,10,12,0.1,0.7000000000000001
280,19,CLF_UNION,16,2,30,178,57,9,5,5,10,12,0.1,0.7000000000000001
281,19,ORD-UNION,14,0,14,178,41,9,5,5,10,12,0.1,0.7000000000000001
282,19,CARD,25,0,30,178,47,9,5,5,10,12,0.1,0.7000000000000001
283,19,CLF_UNION,25,0,44,178,57,9,5,5,10,12,0.1,0.7000000000000001
284,19,ORD-UNION,24,0,25,178,38,9,5,5,10,12,0.1,0.7000000000000001
285,20,CARD,34,0,35,197,45,9,5,5,10,12,0.1,0.7000000000000001
286,20,CLF_UNION,34,2,47,197,57,9,5,5,10,12,0.1,0.7000000000000001
287,20,ORD-UNION,30,0,30,197,40,9,5,5,10,12,0.1,0.7000000000000001
288,20,CARD,19,0,24,197,46,9,5,5,10,12,0.1,0.7000000000000001
289,20,CLF_UNION,19,0,35,197,55,9,5,5,10,12,0.1,0.7000000000000001
290,20,ORD-UNION,17,0,19,197,39,9,5,5,10,12,0.1,0.7000000000000001
291,20,CARD,27,0,30,197,47,9,5,5,10,12,0.1,0.7000000000000001
292,20,CLF_UNION,27,0,42,197,55,9,5,5,10,12,0.1,0.7000000000000001
293,20,ORD-UNION,24,0,25,197,38,9,5,5,10,12,0.1,0.7000000000000001
294,20,CARD,21,0,25,197,45,9,5,5,10,12,0.1,0.7000000000000001
295,20,CLF_UNION,21,0,35,197,55,9,5,5,10,12,0.1,0.7000000000000001
296,20,ORD-UNION,20,0,21,197,41,9,5,5,10,12,0.1,0.7000000000000001
297,20,CARD,21,0,26,197,45,9,5,5,10,12,0.1,0.7000000000000001
298,20,CLF_UNION,21,0,36,197,55,9,5,5,10,12,0.1,0.7000000000000001
299,20,ORD-UNION,21,0,23,197,42,9,5,5,10,12,0.1,0.7000000000000001
300,21,CARD,0,0,2,216,46,9,5,5,10,12,0.1,0.7000000000000001
301,21,CLF_UNION,0,2,16,216,58,9,5,5,10,12,0.1,0.7000000000000001
302,21,ORD-UNION,0,0,1,216,43,9,5,5,10,12,0.1,0.7000000000000001
303,21,CARD,29,0,31,216,45,9,5,5,10,12,0.1,0.7000000000000001
304,21,CLF_UNION,29,1,42,216,56,9,5,5,10,12,0.1,0.7000000000000001
305,21,ORD-UNION,29,0,30,216,44,9,5,5,10,12,0.1,0.7000000000000001
306,21,CARD,21,0,26,216,45,9,5,5,10,12,0.1,0.7000000000000001
307,21,CLF_UNION,21,0,36,216,55,9,5,5,10,12,0.1,0.7000000000000001
308,21,ORD-UNION,20,0,23,216,42,9,5,5,10,12,0.1,0.7000000000000001
309,21,CARD,14,0,18,216,46,9,5,5,10,12,0.1,0.7000000000000001
310,21,CLF_UNION,14,0,29,216,55,9,5,5,10,12,0.1,0.7000000000000001
311,21,ORD-UNION,14,0,18,216,44,9,5,5,10,12,0.1,0.7000000000000001
312,21,CARD,15,0,19,216,45,9,5,5,10,12,0.1,0.7000000000000001
313,21,CLF_UNION,15,0,29,216,55,9,5,5,10,12,0.1,0.7000000000000001
314,21,ORD-UNION,15,0,17,216,43,9,5,5,10,12,0.1,0.7000000000000001
315,22,CARD,15,0,19,238,45,9,5,5,10,12,0.1,0.7000000000000001
316,22,CLF_UNION,15,0,29,238,55,9,5,5,10,12,0.1,0.7000000000000001
317,22,ORD-UNION,15,0,18,238,44,9,5,5,10,12,0.1,0.7000000000000001
318,22,CARD,22,0,26,238,45,9,5,5,10,12,0.1,0.7000000000000001
319,22,CLF_UNION,22,0,36,238,55,9,5,5,10,12,0.1,0.7000000000000001
320,22,ORD-UNION,22,0,25,238,44,9,5,5,10,12,0.1,0.7000000000000001
321,22,CARD,16,0,17,238,46,9,5,5,10,12,0.1,0.7000000000000001
322,22,CLF_UNION,16,0,28,238,55,9,5,5,10,12,0.1,0.7000000000000001
323,22,ORD-UNION,16,0,16,238,43,9,5,5,10,12,0.1,0.7000000000000001
324,22,CARD,29,0,31,238,45,9,5,5,10,12,0.1,0.7000000000000001
325,22,CLF_UNION,29,0,41,238,55,9,5,5,10,12,0.1,0.7000000000000001
326,22,ORD-UNION,28,0,29,238,43,9,5,5,10,12,0.1,0.7000000000000001
327,22,CARD,28,0,30,238,45,9,5,5,10,12,0.1,0.7000000000000001
328,22,CLF_UNION,28,0,40,238,55,9,5,5,10,12,0.1,0.7000000000000001
329,22,ORD-UNION,28,0,30,238,45,9,5,5,10,12,0.1,0.7000000000000001
330,23,CARD,19,0,24,261,46,9,5,5,10,12,0.1,0.7000000000000001
331,23,CLF_UNION,19,0,35,261,55,9,5,5,10,12,0.1,0.7000000000000001
332,23,ORD-UNION,19,0,23,261,43,9,5,5,10,12,0.1,0.7000000000000001
333,23,CARD,16,0,18,261,46,9,5,5,10,12,0.1,0.7000000000000001
334,23,CLF_UNION,16,0,29,261,55,9,5,5,10,12,0.1,0.7000000000000001
335,23,ORD-UNION,16,0,17,261,43,9,5,5,10,12,0.1,0.7000000000000001
336,23,CARD,8,0,10,261,46,9,5,5,10,12,0.1,0.7000000000000001
337,23,CLF_UNION,8,0,21,261,55,9,5,5,10,12,0.1,0.7000000000000001
338,23,ORD-UNION,8,0,9,261,43,9,5,5,10,12,0.1,0.7000000000000001
339,23,CARD,7,0,11,261,46,9,5,5,10,12,0.1,0.7000000000000001
340,23,CLF_UNION,7,0,22,261,55,9,5,5,10,12,0.1,0.7000000000000001
341,23,ORD-UNION,7,0,10,261,43,9,5,5,10,12,0.1,0.7000000000000001
342,23,CARD,33,0,35,261,45,9,5,5,10,12,0.1,0.7000000000000001
343,23,CLF_UNION,33,0,45,261,55,9,5,5,10,12,0.1,0.7000000000000001
344,23,ORD-UNION,33,0,33,261,43,9,5,5,10,12,0.1,0.7000000000000001
345,24,CARD,15,0,17,282,46,9,5,5,10,12,0.1,0.7000000000000001
346,24,CLF_UNION,15,0,28,282,55,9,5,5,10,12,0.1,0.7000000000000001
347,24,ORD-UNION,15,0,16,282,43,9,5,5,10,12,0.1,0.7000000000000001
348,24,CARD,22,0,23,282,46,9,5,5,10,12,0.1,0.7000000000000001
349,24,CLF_UNION,22,0,34,282,55,9,5,5,10,12,0.1,0.7000000000000001
350,24,ORD-UNION,22,0,22,282,43,9,5,5,10,12,0.1,0.7000000000000001
351,24,CARD,9,0,9,282,47,9,5,5,10,12,0.1,0.7000000000000001
352,24,CLF_UNION,9,1,22,282,56,9,5,5,10,12,0.1,0.7000000000000001
353,24,ORD-UNION,8,0,8,282,42,9,5,5,10,12,0.1,0.7000000000000001
354,24,CARD,7,0,11,282,48,9,5,5,10,12,0.1,0.7000000000000001
355,24,CLF_UNION,7,0,24,282,55,9,5,5,10,12,0.1,0.7000000000000001
356,24,ORD-UNION,7,0,9,282,40,9,5,5,10,12,0.1,0.7000000000000001
357,24,CARD,17,0,19,282,46,9,5,5,10,12,0.1,0.7000000000000001
358,24,CLF_UNION,17,0,30,282,55,9,5,5,10,12,0.1,0.7000000000000001
359,24,ORD-UNION,17,0,19,282,44,9,5,5,10,12,0.1,0.7000000000000001
360,1,CARD,9,11,21,1,69,9,5,5,10,12,0.1,0.7000000000000001
361,1,CLF_UNION,24,32,71,1,71,9,5,5,10,12,0.1,0.7000000000000001
362,1,ORD-UNION,0,0,0,1,0,9,5,5,10,12,0.1,0.7000000000000001
363,1,CARD,9,15,25,1,65,9,5,5,10,12,0.1,0.7000000000000001
364,1,CLF_UNION,28,33,73,1,73,9,5,5,10,12,0.1,0.7000000000000001
365,1,ORD-UNION,0,0,0,1,0,9,5,5,10,12,0.1,0.7000000000000001
366,1,CARD,7,14,21,1,69,9,5,5,10,12,0.1,0.7000000000000001
367,1,CLF_UNION,34,32,79,1,79,9,5,5,10,12,0.1,0.7000000000000001
368,1,ORD-UNION,0,0,0,1,0,9,5,5,10,12,0.1,0.7000000000000001
369,1,CARD,5,18,25,1,65,9,5,5,10,12,0.1,0.7000000000000001
370,1,CLF_UNION,27,31,72,1,72,9,5,5,10,12,0.1,0.7000000000000001
371,1,ORD-UNION,0,0,0,1,0,9,5,5,10,12,0.1,0.7000000000000001
372,1,CARD,10,14,24,1,66,9,5,5,10,12,0.1,0.7000000000000001
373,1,CLF_UNION,21,34,69,1,69,9,5,5,10,12,0.1,0.7000000000000001
374,1,ORD-UNION,0,0,0,1,0,9,5,5,10,12,0.1,0.7000000000000001
375,2,CARD,9,14,27,3,63,9,5,5,10,12,0.1,0.7000000000000001
376,2,CLF_UNION,21,23,60,3,60,9,5,5,10,12,0.1,0.7000000000000001
377,2,ORD-UNION,0,1,2,3,2,9,5,5,10,12,0.1,0.7000000000000001
378,2,CARD,33,1,35,3,55,9,5,5,10,12,0.1,0.7000000000000001
379,2,CLF_UNION,39,11,65,3,65,9,5,5,10,12,0.1,0.7000000000000001
380,2,ORD-UNION,0,0,0,3,0,9,5,5,10,12,0.1,0.7000000000000001
381,2,CARD,10,24,35,3,55,9,5,5,10,12,0.1,0.7000000000000001
382,2,CLF_UNION,18,28,59,3,59,9,5,5,10,12,0.1,0.7000000000000001
383,2,ORD-UNION,0,0,0,3,0,9,5,5,10,12,0.1,0.7000000000000001
384,2,CARD,9,24,36,3,54,9,5,5,10,12,0.1,0.7000000000000001
385,2,CLF_UNION,21,25,60,3,60,9,5,5,10,12,0.1,0.7000000000000001
386,2,ORD-UNION,0,0,1,3,1,9,5,5,10,12,0.1,0.7000000000000001
387,2,CARD,11,22,36,3,54,9,5,5,10,12,0.1,0.7000000000000001
388,2,CLF_UNION,20,27,64,3,64,9,5,5,10,12,0.1,0.7000000000000001
389,2,ORD-UNION,0,1,1,3,1,9,5,5,10,12,0.1,0.7000000000000001
390,3,CARD,25,11,40,6,50,9,5,5,10,12,0.1,0.7000000000000001
391,3,CLF_UNION,26,12,56,6,56,9,5,5,10,12,0.1,0.7000000000000001
392,3,ORD-UNION,5,2,8,6,8,9,5,5,10,12,0.1,0.7000000000000001
393,3,CARD,22,18,43,6,47,9,5,5,10,12,0.1,0.7000000000000001
394,3,CLF_UNION,24,18,56,6,56,9,5,5,10,12,0.1,0.7000000000000001
395,3,ORD-UNION,3,4,7,6,7,9,5,5,10,12,0.1,0.7000000000000001
396,3,CARD,20,19,40,6,49,9,5,5,10,12,0.1,0.7000000000000001
397,3,CLF_UNION,23,22,56,6,57,9,5,5,10,12,0.1,0.7000000000000001
398,3,ORD-UNION,4,4,8,6,9,9,5,5,10,12,0.1,0.7000000000000001
399,3,CARD,23,14,40,6,50,9,5,5,10,12,0.1,0.7000000000000001
400,3,CLF_UNION,24,18,57,6,57,9,5,5,10,12,0.1,0.7000000000000001
401,3,ORD-UNION,2,4,7,6,7,9,5,5,10,12,0.1,0.7000000000000001
402,3,CARD,22,17,39,6,48,9,5,5,10,12,0.1,0.7000000000000001
403,3,CLF_UNION,26,17,54,6,56,9,5,5,10,12,0.1,0.7000000000000001
404,3,ORD-UNION,1,1,2,6,5,9,5,5,10,12,0.1,0.7000000000000001
405,4,CARD,15,21,40,10,47,9,5,5,10,12,0.1,0.7000000000000001
406,4,CLF_UNION,18,25,57,10,60,9,5,5,10,12,0.1,0.7000000000000001
407,4,ORD-UNION,3,8,12,10,15,9,5,5,10,12,0.1,0.7000000000000001
408,4,CARD,21,17,43,10,46,9,5,5,10,12,0.1,0.7000000000000001
409,4,CLF_UNION,21,20,56,10,57,9,5,5,10,12,0.1,0.7000000000000001
410,4,ORD-UNION,5,6,13,10,14,9,5,5,10,12,0.1,0.7000000000000001
411,4,CARD,14,27,44,10,46,9,5,5,10,12,0.1,0.7000000000000001
412,4,CLF_UNION,14,29,56,10,56,9,5,5,10,12,0.1,0.7000000000000001
413,4,ORD-UNION,2,11,14,10,14,9,5,5,10,12,0.1,0.7000000000000001
414,4,CARD,21,16,44,10,46,9,5,5,10,12,0.1,0.7000000000000001
415,4,CLF_UNION,21,18,56,10,56,9,5,5,10,12,0.1,0.7000000000000001
416,4,ORD-UNION,5,7,15,10,15,9,5,5,10,12,0.1,0.7000000000000001
417,4,CARD,21,20,43,10,47,9,5,5,10,12,0.1,0.7000000000000001
418,4,CLF_UNION,22,23,57,10,57,9,5,5,10,12,0.1,0.7000000000000001
419,4,ORD-UNION,4,9,13,10,13,9,5,5,10,12,0.1,0.7000000000000001
420,5,CARD,30,11,44,14,46,9,5,5,10,12,0.1,0.7000000000000001
421,5,CLF_UNION,30,13,56,14,56,9,5,5,10,12,0.1,0.7000000000000001
422,5,ORD-UNION,5,8,15,14,15,9,5,5,10,12,0.1,0.7000000000000001
423,5,CARD,20,17,40,14,47,9,5,5,10,12,0.1,0.7000000000000001
424,5,CLF_UNION,20,19,52,14,55,9,5,5,10,12,0.1,0.7000000000000001
425,5,ORD-UNION,13,13,29,14,32,9,5,5,10,12,0.1,0.7000000000000001
426,5,CARD,18,22,44,14,45,9,5,5,10,12,0.1,0.7000000000000001
427,5,CLF_UNION,18,22,54,14,55,9,5,5,10,12,0.1,0.7000000000000001
428,5,ORD-UNION,9,17,30,14,31,9,5,5,10,12,0.1,0.7000000000000001
429,5,CARD,26,13,43,14,46,9,5,5,10,12,0.1,0.7000000000000001
430,5,CLF_UNION,26,15,55,14,56,9,5,5,10,12,0.1,0.7000000000000001
431,5,ORD-UNION,7,4,13,14,14,9,5,5,10,12,0.1,0.7000000000000001
432,5,CARD,22,19,44,14,45,9,5,5,10,12,0.1,0.7000000000000001
433,5,CLF_UNION,23,19,55,14,56,9,5,5,10,12,0.1,0.7000000000000001
434,5,ORD-UNION,14,12,29,14,30,9,5,5,10,12,0.1,0.7000000000000001
435,6,CARD,15,20,42,20,45,9,5,5,10,12,0.1,0.7000000000000001
436,6,CLF_UNION,18,17,52,20,55,9,5,5,10,12,0.1,0.7000000000000001
437,6,ORD-UNION,6,17,28,20,31,9,5,5,10,12,0.1,0.7000000000000001
438,6,CARD,19,23,44,20,46,9,5,5,10,12,0.1,0.7000000000000001
439,6,CLF_UNION,18,25,55,20,55,9,5,5,10,12,0.1,0.7000000000000001
440,6,ORD-UNION,9,15,25,20,25,9,5,5,10,12,0.1,0.7000000000000001
441,6,CARD,16,26,43,20,47,9,5,5,10,12,0.1,0.7000000000000001
442,6,CLF_UNION,17,26,55,20,55,9,5,5,10,12,0.1,0.7000000000000001
443,6,ORD-UNION,10,22,32,20,32,9,5,5,10,12,0.1,0.7000000000000001
444,6,CARD,26,15,44,20,45,9,5,5,10,12,0.1,0.7000000000000001
445,6,CLF_UNION,27,14,54,20,55,9,5,5,10,12,0.1,0.7000000000000001
446,6,ORD-UNION,1,8,11,20,12,9,5,5,10,12,0.1,0.7000000000000001
447,6,CARD,17,24,43,20,47,9,5,5,10,12,0.1,0.7000000000000001
448,6,CLF_UNION,18,25,55,20,55,9,5,5,10,12,0.1,0.7000000000000001
449,6,ORD-UNION,7,17,25,20,25,9,5,5,10,12,0.1,0.7000000000000001
450,7,CARD,18,23,42,27,48,9,5,5,10,12,0.1,0.7000000000000001
451,7,CLF_UNION,21,23,55,27,55,9,5,5,10,12,0.1,0.7000000000000001
452,7,ORD-UNION,13,16,30,27,30,9,5,5,10,12,0.1,0.7000000000000001
453,7,CARD,17,23,44,27,46,9,5,5,10,12,0.1,0.7000000000000001
454,7,CLF_UNION,21,19,55,27,55,9,5,5,10,12,0.1,0.7000000000000001
455,7,ORD-UNION,12,17,32,27,32,9,5,5,10,12,0.1,0.7000000000000001
456,7,CARD,21,14,39,27,45,9,5,5,10,12,0.1,0.7000000000000001
457,7,CLF_UNION,25,10,49,27,55,9,5,5,10,12,0.1,0.7000000000000001
458,7,ORD-UNION,13,4,20,27,26,9,5,5,10,12,0.1,0.7000000000000001
459,7,CARD,14,24,42,27,45,9,5,5,10,12,0.1,0.7000000000000001
460,7,CLF_UNION,21,17,52,27,55,9,5,5,10,12,0.1,0.7000000000000001
461,7,ORD-UNION,7,14,25,27,28,9,5,5,10,12,0.1,0.7000000000000001
462,7,CARD,19,17,38,27,46,9,5,5,10,12,0.1,0.7000000000000001
463,7,CLF_UNION,21,16,49,27,55,9,5,5,10,12,0.1,0.7000000000000001
464,7,ORD-UNION,14,11,27,27,33,9,5,5,10,12,0.1,0.7000000000000001
