,budget,model,correct,wrong,total,n_pref_input,n_pref_output,theta_size,theta_additivity,n_items,n_test_subsets,n_tiers,alpha,p
0,1,CARD,7,13,25,1,65,28,5,5,10,9,0.7000000000000001,0.30000000000000004
1,1,CLF_UNION,34,19,73,1,73,28,5,5,10,9,0.7000000000000001,0.30000000000000004
2,1,ORD-UNION,0,0,0,1,0,28,5,5,10,9,0.7000000000000001,0.30000000000000004
3,1,CARD,10,11,24,1,66,28,5,5,10,9,0.7000000000000001,0.30000000000000004
4,1,CLF_UNION,35,17,65,1,65,28,5,5,10,9,0.7000000000000001,0.30000000000000004
5,1,ORD-UNION,0,0,0,1,0,28,5,5,10,9,0.7000000000000001,0.30000000000000004
6,1,CARD,7,12,21,1,69,28,5,5,10,9,0.7000000000000001,0.30000000000000004
7,1,CLF_UNION,30,23,67,1,67,28,5,5,10,9,0.7000000000000001,0.30000000000000004
8,1,ORD-UNION,0,0,0,1,0,28,5,5,10,9,0.7000000000000001,0.30000000000000004
9,1,CARD,12,9,25,1,65,28,5,5,10,9,0.7000000000000001,0.30000000000000004
10,1,CLF_UNION,25,30,73,1,73,28,5,5,10,9,0.7000000000000001,0.30000000000000004
11,1,ORD-UNION,0,0,0,1,0,28,5,5,10,9,0.7000000000000001,0.30000000000000004
12,1,CARD,13,9,25,1,65,28,5,5,10,9,0.7000000000000001,0.30000000000000004
13,1,CLF_UNION,33,17,65,1,65,28,5,5,10,9,0.7000000000000001,0.30000000000000004
14,1,ORD-UNION,0,0,0,1,0,28,5,5,10,9,0.7000000000000001,0.30000000000000004
15,2,CARD,28,5,35,3,55,28,5,5,10,9,0.7000000000000001,0.30000000000000004
16,2,CLF_UNION,36,13,62,3,62,28,5,5,10,9,0.7000000000000001,0.30000000000000004
17,2,ORD-UNION,0,0,0,3,0,28,5,5,10,9,0.7000000000000001,0.30000000000000004
18,2,CARD,23,9,37,3,53,28,5,5,10,9,0.7000000000000001,0.30000000000000004
19,2,CLF_UNION,29,15,60,3,60,28,5,5,10,9,0.7000000000000001,0.30000000000000004
20,2,ORD-UNION,0,0,0,3,0,28,5,5,10,9,0.7000000000000001,0.30000000000000004
21,2,CARD,20,14,36,3,54,28,5,5,10,9,0.7000000000000001,0.30000000000000004
22,2,CLF_UNION,29,18,60,3,60,28,5,5,10,9,0.7000000000000001,0.30000000000000004
23,2,ORD-UNION,0,0,0,3,0,28,5,5,10,9,0.7000000000000001,0.30000000000000004
24,2,CARD,20,11,33,3,57,28,5,5,10,9,0.7000000000000001,0.30000000000000004
25,2,CLF_UNION,32,10,59,3,59,28,5,5,10,9,0.7000000000000001,0.30000000000000004
26,2,ORD-UNION,0,0,0,3,0,28,5,5,10,9,0.7000000000000001,0.30000000000000004
27,2,CARD,19,10,35,3,55,28,5,5,10,9,0.7000000000000001,0.30000000000000004
28,2,CLF_UNION,32,10,58,3,58,28,5,5,10,9,0.7000000000000001,0.30000000000000004
29,2,ORD-UNION,0,0,0,3,0,28,5,5,10,9,0.7000000000000001,0.30000000000000004
30,3,CARD,24,10,40,5,50,28,5,5,10,9,0.7000000000000001,0.30000000000000004
31,3,CLF_UNION,36,3,56,5,56,28,5,5,10,9,0.7000000000000001,0.30000000000000004
32,3,ORD-UNION,0,0,0,5,0,28,5,5,10,9,0.7000000000000001,0.30000000000000004
33,3,CARD,21,17,42,5,48,28,5,5,10,9,0.7000000000000001,0.30000000000000004
34,3,CLF_UNION,31,12,57,5,57,28,5,5,10,9,0.7000000000000001,0.30000000000000004
35,3,ORD-UNION,0,0,0,5,0,28,5,5,10,9,0.7000000000000001,0.30000000000000004
36,3,CARD,20,11,35,5,55,28,5,5,10,9,0.7000000000000001,0.30000000000000004
37,3,CLF_UNION,27,16,59,5,59,28,5,5,10,9,0.7000000000000001,0.30000000000000004
38,3,ORD-UNION,0,0,0,5,0,28,5,5,10,9,0.7000000000000001,0.30000000000000004
39,3,CARD,22,11,37,5,53,28,5,5,10,9,0.7000000000000001,0.30000000000000004
40,3,CLF_UNION,29,12,56,5,56,28,5,5,10,9,0.7000000000000001,0.30000000000000004
41,3,ORD-UNION,0,0,0,5,0,28,5,5,10,9,0.7000000000000001,0.30000000000000004
42,3,CARD,19,15,38,5,52,28,5,5,10,9,0.7000000000000001,0.30000000000000004
43,3,CLF_UNION,35,7,57,5,57,28,5,5,10,9,0.7000000000000001,0.30000000000000004
44,3,ORD-UNION,0,0,0,5,0,28,5,5,10,9,0.7000000000000001,0.30000000000000004
45,4,CARD,28,7,39,8,50,28,5,5,10,9,0.7000000000000001,0.30000000000000004
46,4,CLF_UNION,28,12,54,8,55,28,5,5,10,9,0.7000000000000001,0.30000000000000004
47,4,ORD-UNION,0,0,0,8,1,28,5,5,10,9,0.7000000000000001,0.30000000000000004
48,4,CARD,28,6,37,8,51,28,5,5,10,9,0.7000000000000001,0.30000000000000004
49,4,CLF_UNION,35,2,53,8,55,28,5,5,10,9,0.7000000000000001,0.30000000000000004
50,4,ORD-UNION,0,0,0,8,2,28,5,5,10,9,0.7000000000000001,0.30000000000000004
51,4,CARD,20,9,34,8,56,28,5,5,10,9,0.7000000000000001,0.30000000000000004
52,4,CLF_UNION,36,3,55,8,55,28,5,5,10,9,0.7000000000000001,0.30000000000000004
53,4,ORD-UNION,0,0,0,8,0,28,5,5,10,9,0.7000000000000001,0.30000000000000004
54,4,CARD,26,8,37,8,53,28,5,5,10,9,0.7000000000000001,0.30000000000000004
55,4,CLF_UNION,39,1,55,8,55,28,5,5,10,9,0.7000000000000001,0.30000000000000004
56,4,ORD-UNION,0,0,0,8,0,28,5,5,10,9,0.7000000000000001,0.30000000000000004
57,4,CARD,23,10,38,8,52,28,5,5,10,9,0.7000000000000001,0.30000000000000004
58,4,CLF_UNION,33,5,55,8,55,28,5,5,10,9,0.7000000000000001,0.30000000000000004
59,4,ORD-UNION,0,0,0,8,0,28,5,5,10,9,0.7000000000000001,0.30000000000000004
60,5,CARD,27,11,43,13,47,28,5,5,10,9,0.7000000000000001,0.30000000000000004
61,5,CLF_UNION,38,2,55,13,55,28,5,5,10,9,0.7000000000000001,0.30000000000000004
62,5,ORD-UNION,0,0,0,13,0,28,5,5,10,9,0.7000000000000001,0.30000000000000004
63,5,CARD,30,6,38,13,50,28,5,5,10,9,0.7000000000000001,0.30000000000000004
64,5,CLF_UNION,35,5,53,13,55,28,5,5,10,9,0.7000000000000001,0.30000000000000004
65,5,ORD-UNION,0,0,0,13,2,28,5,5,10,9,0.7000000000000001,0.30000000000000004
66,5,CARD,28,10,42,13,47,28,5,5,10,9,0.7000000000000001,0.30000000000000004
67,5,CLF_UNION,31,8,54,13,55,28,5,5,10,9,0.7000000000000001,0.30000000000000004
68,5,ORD-UNION,0,0,0,13,1,28,5,5,10,9,0.7000000000000001,0.30000000000000004
69,5,CARD,27,11,39,13,49,28,5,5,10,9,0.7000000000000001,0.30000000000000004
70,5,CLF_UNION,29,10,53,13,55,28,5,5,10,9,0.7000000000000001,0.30000000000000004
71,5,ORD-UNION,0,0,0,13,2,28,5,5,10,9,0.7000000000000001,0.30000000000000004
72,5,CARD,23,15,41,13,48,28,5,5,10,9,0.7000000000000001,0.30000000000000004
73,5,CLF_UNION,28,11,54,13,55,28,5,5,10,9,0.7000000000000001,0.30000000000000004
74,5,ORD-UNION,0,0,0,13,1,28,5,5,10,9,0.7000000000000001,0.30000000000000004
75,6,CARD,23,11,37,17,52,28,5,5,10,9,0.7000000000000001,0.30000000000000004
76,6,CLF_UNION,37,3,54,17,55,28,5,5,10,9,0.7000000000000001,0.30000000000000004
77,6,ORD-UNION,0,0,0,17,1,28,5,5,10,9,0.7000000000000001,0.30000000000000004
78,6,CARD,16,19,37,17,53,28,5,5,10,9,0.7000000000000001,0.30000000000000004
79,6,CLF_UNION,26,17,56,17,56,28,5,5,10,9,0.7000000000000001,0.30000000000000004
80,6,ORD-UNION,0,0,0,17,0,28,5,5,10,9,0.7000000000000001,0.30000000000000004
81,6,CARD,19,14,36,17,52,28,5,5,10,9,0.7000000000000001,0.30000000000000004
82,6,CLF_UNION,25,17,57,17,59,28,5,5,10,9,0.7000000000000001,0.30000000000000004
83,6,ORD-UNION,0,0,0,17,2,28,5,5,10,9,0.7000000000000001,0.30000000000000004
84,6,CARD,23,14,39,17,51,28,5,5,10,9,0.7000000000000001,0.30000000000000004
85,6,CLF_UNION,28,15,55,17,55,28,5,5,10,9,0.7000000000000001,0.30000000000000004
86,6,ORD-UNION,0,0,0,17,0,28,5,5,10,9,0.7000000000000001,0.30000000000000004
87,6,CARD,24,10,37,17,53,28,5,5,10,9,0.7000000000000001,0.30000000000000004
88,6,CLF_UNION,37,5,55,17,55,28,5,5,10,9,0.7000000000000001,0.30000000000000004
89,6,ORD-UNION,0,0,0,17,0,28,5,5,10,9,0.7000000000000001,0.30000000000000004
90,7,CARD,25,13,40,21,49,28,5,5,10,9,0.7000000000000001,0.30000000000000004
91,7,CLF_UNION,32,10,54,21,55,28,5,5,10,9,0.7000000000000001,0.30000000000000004
92,7,ORD-UNION,0,0,0,21,1,28,5,5,10,9,0.7000000000000001,0.30000000000000004
93,7,CARD,24,0,24,21,66,28,5,5,10,9,0.7000000000000001,0.30000000000000004
94,7,CLF_UNION,28,8,56,21,56,28,5,5,10,9,0.7000000000000001,0.30000000000000004
95,7,ORD-UNION,0,0,0,21,0,28,5,5,10,9,0.7000000000000001,0.30000000000000004
96,7,CARD,26,3,30,21,57,28,5,5,10,9,0.7000000000000001,0.30000000000000004
97,7,CLF_UNION,37,1,53,21,56,28,5,5,10,9,0.7000000000000001,0.30000000000000004
98,7,ORD-UNION,0,0,0,21,3,28,5,5,10,9,0.7000000000000001,0.30000000000000004
99,7,CARD,28,1,31,21,54,28,5,5,10,9,0.7000000000000001,0.30000000000000004
100,7,CLF_UNION,31,4,50,21,55,28,5,5,10,9,0.7000000000000001,0.30000000000000004
101,7,ORD-UNION,0,0,0,21,5,28,5,5,10,9,0.7000000000000001,0.30000000000000004
102,7,CARD,26,1,29,21,60,28,5,5,10,9,0.7000000000000001,0.30000000000000004
103,7,CLF_UNION,37,2,54,21,55,28,5,5,10,9,0.7000000000000001,0.30000000000000004
104,7,ORD-UNION,0,0,0,21,1,28,5,5,10,9,0.7000000000000001,0.30000000000000004
105,8,CARD,23,3,29,29,52,28,5,5,10,9,0.7000000000000001,0.30000000000000004
106,8,CLF_UNION,31,0,46,29,55,28,5,5,10,9,0.7000000000000001,0.30000000000000004
107,8,ORD-UNION,0,0,0,29,9,28,5,5,10,9,0.7000000000000001,0.30000000000000004
108,8,CARD,20,12,34,29,50,28,5,5,10,9,0.7000000000000001,0.30000000000000004
109,8,CLF_UNION,28,9,49,29,55,28,5,5,10,9,0.7000000000000001,0.30000000000000004
110,8,ORD-UNION,0,0,0,29,6,28,5,5,10,9,0.7000000000000001,0.30000000000000004
111,8,CARD,29,9,40,29,50,28,5,5,10,9,0.7000000000000001,0.30000000000000004
112,8,CLF_UNION,31,11,55,29,55,28,5,5,10,9,0.7000000000000001,0.30000000000000004
113,8,ORD-UNION,0,0,0,29,0,28,5,5,10,9,0.7000000000000001,0.30000000000000004
114,8,CARD,28,3,34,29,47,28,5,5,10,9,0.7000000000000001,0.30000000000000004
115,8,CLF_UNION,28,4,46,29,55,28,5,5,10,9,0.7000000000000001,0.30000000000000004
116,8,ORD-UNION,0,0,0,29,9,28,5,5,10,9,0.7000000000000001,0.30000000000000004
117,8,CARD,29,6,38,29,50,28,5,5,10,9,0.7000000000000001,0.30000000000000004
118,8,CLF_UNION,39,0,53,29,55,28,5,5,10,9,0.7000000000000001,0.30000000000000004
119,8,ORD-UNION,0,0,0,29,2,28,5,5,10,9,0.7000000000000001,0.30000000000000004
120,9,CARD,23,4,30,36,55,28,5,5,10,9,0.7000000000000001,0.30000000000000004
121,9,CLF_UNION,35,0,50,36,55,28,5,5,10,9,0.7000000000000001,0.30000000000000004
122,9,ORD-UNION,0,0,0,36,5,28,5,5,10,9,0.7000000000000001,0.30000000000000004
123,9,CARD,35,0,36,36,53,28,5,5,10,9,0.7000000000000001,0.30000000000000004
124,9,CLF_UNION,39,2,54,36,55,28,5,5,10,9,0.7000000000000001,0.30000000000000004
125,9,ORD-UNION,0,0,0,36,1,28,5,5,10,9,0.7000000000000001,0.30000000000000004
126,9,CARD,25,4,30,36,52,28,5,5,10,9,0.7000000000000001,0.30000000000000004
127,9,CLF_UNION,30,4,47,36,55,28,5,5,10,9,0.7000000000000001,0.30000000000000004
128,9,ORD-UNION,0,0,0,36,8,28,5,5,10,9,0.7000000000000001,0.30000000000000004
129,9,CARD,19,9,29,36,52,28,5,5,10,9,0.7000000000000001,0.30000000000000004
130,9,CLF_UNION,23,9,46,36,55,28,5,5,10,9,0.7000000000000001,0.30000000000000004
131,9,ORD-UNION,0,0,0,36,9,28,5,5,10,9,0.7000000000000001,0.30000000000000004
132,9,CARD,23,1,26,36,61,28,5,5,10,9,0.7000000000000001,0.30000000000000004
133,9,CLF_UNION,29,1,55,36,58,28,5,5,10,9,0.7000000000000001,0.30000000000000004
134,9,ORD-UNION,0,0,0,36,3,28,5,5,10,9,0.7000000000000001,0.30000000000000004
135,10,CARD,28,2,34,45,54,28,5,5,10,9,0.7000000000000001,0.30000000000000004
136,10,CLF_UNION,37,0,53,45,55,28,5,5,10,9,0.7000000000000001,0.30000000000000004
137,10,ORD-UNION,0,0,0,45,2,28,5,5,10,9,0.7000000000000001,0.30000000000000004
138,10,CARD,22,9,33,45,52,28,5,5,10,9,0.7000000000000001,0.30000000000000004
139,10,CLF_UNION,25,9,50,45,55,28,5,5,10,9,0.7000000000000001,0.30000000000000004
140,10,ORD-UNION,0,0,0,45,5,28,5,5,10,9,0.7000000000000001,0.30000000000000004
141,10,CARD,24,15,41,45,48,28,5,5,10,9,0.7000000000000001,0.30000000000000004
142,10,CLF_UNION,33,8,54,45,55,28,5,5,10,9,0.7000000000000001,0.30000000000000004
143,10,ORD-UNION,0,0,0,45,1,28,5,5,10,9,0.7000000000000001,0.30000000000000004
144,10,CARD,26,2,30,45,51,28,5,5,10,9,0.7000000000000001,0.30000000000000004
145,10,CLF_UNION,31,2,46,45,55,28,5,5,10,9,0.7000000000000001,0.30000000000000004
146,10,ORD-UNION,0,0,0,45,9,28,5,5,10,9,0.7000000000000001,0.30000000000000004
147,10,CARD,25,6,33,45,54,28,5,5,10,9,0.7000000000000001,0.30000000000000004
148,10,CLF_UNION,34,3,52,45,55,28,5,5,10,9,0.7000000000000001,0.30000000000000004
149,10,ORD-UNION,0,0,0,45,3,28,5,5,10,9,0.7000000000000001,0.30000000000000004
150,11,CARD,19,13,33,55,49,28,5,5,10,9,0.7000000000000001,0.30000000000000004
151,11,CLF_UNION,23,11,48,55,56,28,5,5,10,9,0.7000000000000001,0.30000000000000004
152,11,ORD-UNION,0,0,0,55,8,28,5,5,10,9,0.7000000000000001,0.30000000000000004
153,11,CARD,25,5,32,55,54,28,5,5,10,9,0.7000000000000001,0.30000000000000004
154,11,CLF_UNION,32,2,51,55,55,28,5,5,10,9,0.7000000000000001,0.30000000000000004
155,11,ORD-UNION,0,0,0,55,4,28,5,5,10,9,0.7000000000000001,0.30000000000000004
156,11,CARD,24,5,32,55,53,28,5,5,10,9,0.7000000000000001,0.30000000000000004
157,11,CLF_UNION,33,2,50,55,55,28,5,5,10,9,0.7000000000000001,0.30000000000000004
158,11,ORD-UNION,0,0,0,55,5,28,5,5,10,9,0.7000000000000001,0.30000000000000004
159,11,CARD,23,2,28,55,49,28,5,5,10,9,0.7000000000000001,0.30000000000000004
160,11,CLF_UNION,26,1,43,55,56,28,5,5,10,9,0.7000000000000001,0.30000000000000004
161,11,ORD-UNION,0,0,0,55,13,28,5,5,10,9,0.7000000000000001,0.30000000000000004
162,11,CARD,18,14,36,55,49,28,5,5,10,9,0.7000000000000001,0.30000000000000004
163,11,CLF_UNION,24,11,50,55,55,28,5,5,10,9,0.7000000000000001,0.30000000000000004
164,11,ORD-UNION,0,0,0,55,5,28,5,5,10,9,0.7000000000000001,0.30000000000000004
165,12,CARD,18,4,25,67,52,28,5,5,10,9,0.7000000000000001,0.30000000000000004
166,12,CLF_UNION,26,0,43,67,56,28,5,5,10,9,0.7000000000000001,0.30000000000000004
167,12,ORD-UNION,0,0,0,67,13,28,5,5,10,9,0.7000000000000001,0.30000000000000004
168,12,CARD,24,10,35,67,50,28,5,5,10,9,0.7000000000000001,0.30000000000000004
169,12,CLF_UNION,30,7,51,67,56,28,5,5,10,9,0.7000000000000001,0.30000000000000004
170,12,ORD-UNION,0,0,0,67,5,28,5,5,10,9,0.7000000000000001,0.30000000000000004
171,12,CARD,25,11,39,67,49,28,5,5,10,9,0.7000000000000001,0.30000000000000004
172,12,CLF_UNION,30,9,54,67,56,28,5,5,10,9,0.7000000000000001,0.30000000000000004
173,12,ORD-UNION,0,0,0,67,2,28,5,5,10,9,0.7000000000000001,0.30000000000000004
174,12,CARD,24,0,25,67,51,28,5,5,10,9,0.7000000000000001,0.30000000000000004
175,12,CLF_UNION,27,1,42,67,56,28,5,5,10,9,0.7000000000000001,0.30000000000000004
176,12,ORD-UNION,0,0,0,67,14,28,5,5,10,9,0.7000000000000001,0.30000000000000004
177,12,CARD,23,12,38,67,49,28,5,5,10,9,0.7000000000000001,0.30000000000000004
178,12,CLF_UNION,31,8,52,67,55,28,5,5,10,9,0.7000000000000001,0.30000000000000004
179,12,ORD-UNION,0,0,0,67,3,28,5,5,10,9,0.7000000000000001,0.30000000000000004
180,13,CARD,29,0,30,76,53,28,5,5,10,9,0.7000000000000001,0.30000000000000004
181,13,CLF_UNION,31,0,49,76,56,28,5,5,10,9,0.7000000000000001,0.30000000000000004
182,13,ORD-UNION,0,0,0,76,7,28,5,5,10,9,0.7000000000000001,0.30000000000000004
183,13,CARD,21,6,29,76,53,28,5,5,10,9,0.7000000000000001,0.30000000000000004
184,13,CLF_UNION,26,7,49,76,57,28,5,5,10,9,0.7000000000000001,0.30000000000000004
185,13,ORD-UNION,0,0,0,76,8,28,5,5,10,9,0.7000000000000001,0.30000000000000004
186,13,CARD,33,0,36,76,51,28,5,5,10,9,0.7000000000000001,0.30000000000000004
187,13,CLF_UNION,37,1,52,76,55,28,5,5,10,9,0.7000000000000001,0.30000000000000004
188,13,ORD-UNION,0,0,0,76,3,28,5,5,10,9,0.7000000000000001,0.30000000000000004
189,13,CARD,33,3,38,76,51,28,5,5,10,9,0.7000000000000001,0.30000000000000004
190,13,CLF_UNION,39,2,54,76,55,28,5,5,10,9,0.7000000000000001,0.30000000000000004
191,13,ORD-UNION,0,0,0,76,1,28,5,5,10,9,0.7000000000000001,0.30000000000000004
192,13,CARD,35,1,37,76,48,28,5,5,10,9,0.7000000000000001,0.30000000000000004
193,13,CLF_UNION,36,0,50,76,55,28,5,5,10,9,0.7000000000000001,0.30000000000000004
194,13,ORD-UNION,0,0,0,76,5,28,5,5,10,9,0.7000000000000001,0.30000000000000004
195,14,CARD,25,0,25,89,51,28,5,5,10,9,0.7000000000000001,0.30000000000000004
196,14,CLF_UNION,29,0,41,89,55,28,5,5,10,9,0.7000000000000001,0.30000000000000004
197,14,ORD-UNION,0,0,0,89,14,28,5,5,10,9,0.7000000000000001,0.30000000000000004
198,14,CARD,18,0,19,89,52,28,5,5,10,9,0.7000000000000001,0.30000000000000004
199,14,CLF_UNION,22,1,36,89,55,28,5,5,10,9,0.7000000000000001,0.30000000000000004
200,14,ORD-UNION,0,0,0,89,19,28,5,5,10,9,0.7000000000000001,0.30000000000000004
201,14,CARD,26,1,29,89,56,28,5,5,10,9,0.7000000000000001,0.30000000000000004
202,14,CLF_UNION,31,3,50,89,55,28,5,5,10,9,0.7000000000000001,0.30000000000000004
203,14,ORD-UNION,0,0,0,89,5,28,5,5,10,9,0.7000000000000001,0.30000000000000004
204,14,CARD,20,11,34,89,55,28,5,5,10,9,0.7000000000000001,0.30000000000000004
205,14,CLF_UNION,28,12,54,89,55,28,5,5,10,9,0.7000000000000001,0.30000000000000004
206,14,ORD-UNION,0,0,0,89,1,28,5,5,10,9,0.7000000000000001,0.30000000000000004
207,14,CARD,25,2,30,89,51,28,5,5,10,9,0.7000000000000001,0.30000000000000004
208,14,CLF_UNION,32,0,46,89,55,28,5,5,10,9,0.7000000000000001,0.30000000000000004
209,14,ORD-UNION,0,0,0,89,9,28,5,5,10,9,0.7000000000000001,0.30000000000000004
210,15,CARD,18,9,29,104,48,28,5,5,10,9,0.7000000000000001,0.30000000000000004
211,15,CLF_UNION,19,9,42,104,55,28,5,5,10,9,0.7000000000000001,0.30000000000000004
212,15,ORD-UNION,0,0,0,104,13,28,5,5,10,9,0.7000000000000001,0.30000000000000004
213,15,CARD,34,3,40,104,49,28,5,5,10,9,0.7000000000000001,0.30000000000000004
214,15,CLF_UNION,39,1,54,104,55,28,5,5,10,9,0.7000000000000001,0.30000000000000004
215,15,ORD-UNION,0,0,0,104,1,28,5,5,10,9,0.7000000000000001,0.30000000000000004
216,15,CARD,17,13,33,104,52,28,5,5,10,9,0.7000000000000001,0.30000000000000004
217,15,CLF_UNION,22,11,50,104,55,28,5,5,10,9,0.7000000000000001,0.30000000000000004
218,15,ORD-UNION,0,0,0,104,5,28,5,5,10,9,0.7000000000000001,0.30000000000000004
219,15,CARD,28,3,32,104,52,28,5,5,10,9,0.7000000000000001,0.30000000000000004
220,15,CLF_UNION,34,0,51,104,57,28,5,5,10,9,0.7000000000000001,0.30000000000000004
221,15,ORD-UNION,0,0,0,104,6,28,5,5,10,9,0.7000000000000001,0.30000000000000004
222,15,CARD,34,2,40,104,47,28,5,5,10,9,0.7000000000000001,0.30000000000000004
223,15,CLF_UNION,35,2,52,104,55,28,5,5,10,9,0.7000000000000001,0.30000000000000004
224,15,ORD-UNION,0,0,0,104,3,28,5,5,10,9,0.7000000000000001,0.30000000000000004
225,16,CARD,23,14,38,120,47,28,5,5,10,9,0.7000000000000001,0.30000000000000004
226,16,CLF_UNION,29,8,50,120,55,28,5,5,10,9,0.7000000000000001,0.30000000000000004
227,16,ORD-UNION,0,0,0,120,5,28,5,5,10,9,0.7000000000000001,0.30000000000000004
228,16,CARD,26,5,39,120,46,28,5,5,10,9,0.7000000000000001,0.30000000000000004
229,16,CLF_UNION,30,2,51,120,56,28,5,5,10,9,0.7000000000000001,0.30000000000000004
230,16,ORD-UNION,0,0,0,120,5,28,5,5,10,9,0.7000000000000001,0.30000000000000004
231,16,CARD,14,6,24,120,49,28,5,5,10,9,0.7000000000000001,0.30000000000000004
232,16,CLF_UNION,20,0,39,120,56,28,5,5,10,9,0.7000000000000001,0.30000000000000004
233,16,ORD-UNION,0,0,0,120,17,28,5,5,10,9,0.7000000000000001,0.30000000000000004
234,16,CARD,24,4,33,120,47,28,5,5,10,9,0.7000000000000001,0.30000000000000004
235,16,CLF_UNION,28,3,46,120,55,28,5,5,10,9,0.7000000000000001,0.30000000000000004
236,16,ORD-UNION,0,0,0,120,10,28,5,5,10,9,0.7000000000000001,0.30000000000000004
237,16,CARD,23,14,38,120,49,28,5,5,10,9,0.7000000000000001,0.30000000000000004
238,16,CLF_UNION,29,8,52,120,55,28,5,5,10,9,0.7000000000000001,0.30000000000000004
239,16,ORD-UNION,0,0,0,120,3,28,5,5,10,9,0.7000000000000001,0.30000000000000004
240,17,CARD,24,3,30,136,47,28,5,5,10,9,0.7000000000000001,0.30000000000000004
241,17,CLF_UNION,25,2,43,136,56,28,5,5,10,9,0.7000000000000001,0.30000000000000004
242,17,ORD-UNION,0,0,0,136,13,28,5,5,10,9,0.7000000000000001,0.30000000000000004
243,17,CARD,16,12,33,136,49,28,5,5,10,9,0.7000000000000001,0.30000000000000004
244,17,CLF_UNION,24,6,47,136,55,28,5,5,10,9,0.7000000000000001,0.30000000000000004
245,17,ORD-UNION,0,0,0,136,8,28,5,5,10,9,0.7000000000000001,0.30000000000000004
246,17,CARD,23,12,38,136,46,28,5,5,10,9,0.7000000000000001,0.30000000000000004
247,17,CLF_UNION,27,9,49,136,55,28,5,5,10,9,0.7000000000000001,0.30000000000000004
248,17,ORD-UNION,0,0,0,136,6,28,5,5,10,9,0.7000000000000001,0.30000000000000004
249,17,CARD,12,3,17,136,49,28,5,5,10,9,0.7000000000000001,0.30000000000000004
250,17,CLF_UNION,12,3,31,136,55,28,5,5,10,9,0.7000000000000001,0.30000000000000004
251,17,ORD-UNION,0,0,0,136,24,28,5,5,10,9,0.7000000000000001,0.30000000000000004
252,17,CARD,17,2,22,136,48,28,5,5,10,9,0.7000000000000001,0.30000000000000004
253,17,CLF_UNION,20,1,36,136,56,28,5,5,10,9,0.7000000000000001,0.30000000000000004
254,17,ORD-UNION,0,0,0,136,20,28,5,5,10,9,0.7000000000000001,0.30000000000000004
255,18,CARD,9,0,10,152,47,28,5,5,10,9,0.7000000000000001,0.30000000000000004
256,18,CLF_UNION,9,0,23,152,56,28,5,5,10,9,0.7000000000000001,0.30000000000000004
257,18,ORD-UNION,0,0,0,152,33,28,5,5,10,9,0.7000000000000001,0.30000000000000004
258,18,CARD,20,9,32,152,49,28,5,5,10,9,0.7000000000000001,0.30000000000000004
259,18,CLF_UNION,22,10,46,152,55,28,5,5,10,9,0.7000000000000001,0.30000000000000004
260,18,ORD-UNION,1,1,2,152,11,28,5,5,10,9,0.7000000000000001,0.30000000000000004
261,18,CARD,16,8,29,152,47,28,5,5,10,9,0.7000000000000001,0.30000000000000004
262,18,CLF_UNION,17,9,41,152,55,28,5,5,10,9,0.7000000000000001,0.30000000000000004
263,18,ORD-UNION,1,3,5,152,19,28,5,5,10,9,0.7000000000000001,0.30000000000000004
264,18,CARD,17,9,29,152,52,28,5,5,10,9,0.7000000000000001,0.30000000000000004
265,18,CLF_UNION,29,3,46,152,55,28,5,5,10,9,0.7000000000000001,0.30000000000000004
266,18,ORD-UNION,0,0,0,152,9,28,5,5,10,9,0.7000000000000001,0.30000000000000004
267,18,CARD,25,11,40,152,49,28,5,5,10,9,0.7000000000000001,0.30000000000000004
268,18,CLF_UNION,34,6,54,152,55,28,5,5,10,9,0.7000000000000001,0.30000000000000004
269,18,ORD-UNION,0,0,0,152,1,28,5,5,10,9,0.7000000000000001,0.30000000000000004
270,19,CARD,12,3,15,170,50,28,5,5,10,9,0.7000000000000001,0.30000000000000004
271,19,CLF_UNION,11,4,31,170,56,28,5,5,10,9,0.7000000000000001,0.30000000000000004
272,19,ORD-UNION,0,0,0,170,25,28,5,5,10,9,0.7000000000000001,0.30000000000000004
273,19,CARD,26,3,33,170,48,28,5,5,10,9,0.7000000000000001,0.30000000000000004
274,19,CLF_UNION,28,1,47,170,56,28,5,5,10,9,0.7000000000000001,0.30000000000000004
275,19,ORD-UNION,0,0,0,170,9,28,5,5,10,9,0.7000000000000001,0.30000000000000004
276,19,CARD,16,1,17,170,48,28,5,5,10,9,0.7000000000000001,0.30000000000000004
277,19,CLF_UNION,17,0,31,170,56,28,5,5,10,9,0.7000000000000001,0.30000000000000004
278,19,ORD-UNION,0,0,0,170,25,28,5,5,10,9,0.7000000000000001,0.30000000000000004
279,19,CARD,20,3,24,170,49,28,5,5,10,9,0.7000000000000001,0.30000000000000004
280,19,CLF_UNION,20,3,39,170,56,28,5,5,10,9,0.7000000000000001,0.30000000000000004
281,19,ORD-UNION,0,0,0,170,17,28,5,5,10,9,0.7000000000000001,0.30000000000000004
282,19,CARD,11,4,17,170,47,28,5,5,10,9,0.7000000000000001,0.30000000000000004
283,19,CLF_UNION,10,5,29,170,55,28,5,5,10,9,0.7000000000000001,0.30000000000000004
284,19,ORD-UNION,0,0,0,170,26,28,5,5,10,9,0.7000000000000001,0.30000000000000004
285,20,CARD,19,2,24,187,46,28,5,5,10,9,0.7000000000000001,0.30000000000000004
286,20,CLF_UNION,19,2,35,187,55,28,5,5,10,9,0.7000000000000001,0.30000000000000004
287,20,ORD-UNION,0,0,0,187,20,28,5,5,10,9,0.7000000000000001,0.30000000000000004
288,20,CARD,23,7,34,187,46,28,5,5,10,9,0.7000000000000001,0.30000000000000004
289,20,CLF_UNION,26,5,45,187,55,28,5,5,10,9,0.7000000000000001,0.30000000000000004
290,20,ORD-UNION,3,0,4,187,14,28,5,5,10,9,0.7000000000000001,0.30000000000000004
291,20,CARD,25,4,33,187,47,28,5,5,10,9,0.7000000000000001,0.30000000000000004
292,20,CLF_UNION,29,2,45,187,55,28,5,5,10,9,0.7000000000000001,0.30000000000000004
293,20,ORD-UNION,0,0,0,187,10,28,5,5,10,9,0.7000000000000001,0.30000000000000004
294,20,CARD,20,5,30,187,48,28,5,5,10,9,0.7000000000000001,0.30000000000000004
295,20,CLF_UNION,25,0,43,187,55,28,5,5,10,9,0.7000000000000001,0.30000000000000004
296,20,ORD-UNION,0,0,0,187,12,28,5,5,10,9,0.7000000000000001,0.30000000000000004
297,20,CARD,7,1,9,187,49,28,5,5,10,9,0.7000000000000001,0.30000000000000004
298,20,CLF_UNION,7,1,24,187,56,28,5,5,10,9,0.7000000000000001,0.30000000000000004
299,20,ORD-UNION,0,0,0,187,32,28,5,5,10,9,0.7000000000000001,0.30000000000000004
300,21,CARD,12,8,24,208,48,28,5,5,10,9,0.7000000000000001,0.30000000000000004
301,21,CLF_UNION,15,5,38,208,56,28,5,5,10,9,0.7000000000000001,0.30000000000000004
302,21,ORD-UNION,0,0,0,208,18,28,5,5,10,9,0.7000000000000001,0.30000000000000004
303,21,CARD,15,7,23,208,49,28,5,5,10,9,0.7000000000000001,0.30000000000000004
304,21,CLF_UNION,19,4,37,208,55,28,5,5,10,9,0.7000000000000001,0.30000000000000004
305,21,ORD-UNION,0,0,0,208,18,28,5,5,10,9,0.7000000000000001,0.30000000000000004
306,21,CARD,8,0,9,208,47,28,5,5,10,9,0.7000000000000001,0.30000000000000004
307,21,CLF_UNION,8,0,21,208,55,28,5,5,10,9,0.7000000000000001,0.30000000000000004
308,21,ORD-UNION,0,0,0,208,34,28,5,5,10,9,0.7000000000000001,0.30000000000000004
309,21,CARD,19,4,24,208,46,28,5,5,10,9,0.7000000000000001,0.30000000000000004
310,21,CLF_UNION,21,2,35,208,55,28,5,5,10,9,0.7000000000000001,0.30000000000000004
311,21,ORD-UNION,0,0,0,208,20,28,5,5,10,9,0.7000000000000001,0.30000000000000004
312,21,CARD,11,3,16,208,47,28,5,5,10,9,0.7000000000000001,0.30000000000000004
313,21,CLF_UNION,13,2,28,208,55,28,5,5,10,9,0.7000000000000001,0.30000000000000004
314,21,ORD-UNION,0,0,0,208,27,28,5,5,10,9,0.7000000000000001,0.30000000000000004
