,budget,model,correct,wrong,total,n_pref_input,n_pref_output,theta_size,theta_additivity,n_items,n_test_subsets,n_tiers,alpha,p
0,1,CARD,17,4,24,1,66,22,5,5,10,6,0.5,0.30000000000000004
1,1,CLF_UNION,31,8,59,1,59,22,5,5,10,6,0.5,0.30000000000000004
2,1,ORD-UNION,0,0,0,1,0,22,5,5,10,6,0.5,0.30000000000000004
3,1,CARD,12,8,21,1,69,22,5,5,10,6,0.5,0.30000000000000004
4,1,CLF_UNION,31,11,58,1,58,22,5,5,10,6,0.5,0.30000000000000004
5,1,ORD-UNION,0,0,0,1,0,22,5,5,10,6,0.5,0.30000000000000004
6,1,CARD,19,2,24,1,66,22,5,5,10,6,0.5,0.30000000000000004
7,1,CLF_UNION,36,4,56,1,56,22,5,5,10,6,0.5,0.30000000000000004
8,1,ORD-UNION,0,0,0,1,0,22,5,5,10,6,0.5,0.30000000000000004
9,1,CARD,10,9,24,1,66,22,5,5,10,6,0.5,0.30000000000000004
10,1,CLF_UNION,38,12,70,1,70,22,5,5,10,6,0.5,0.30000000000000004
11,1,ORD-UNION,0,0,0,1,0,22,5,5,10,6,0.5,0.30000000000000004
12,1,CARD,11,10,25,1,65,22,5,5,10,6,0.5,0.30000000000000004
13,1,CLF_UNION,32,13,62,1,62,22,5,5,10,6,0.5,0.30000000000000004
14,1,ORD-UNION,0,0,0,1,0,22,5,5,10,6,0.5,0.30000000000000004
15,2,CARD,12,18,35,3,55,22,5,5,10,6,0.5,0.30000000000000004
16,2,CLF_UNION,27,13,57,3,57,22,5,5,10,6,0.5,0.30000000000000004
17,2,ORD-UNION,0,0,0,3,0,22,5,5,10,6,0.5,0.30000000000000004
18,2,CARD,21,10,35,3,55,22,5,5,10,6,0.5,0.30000000000000004
19,2,CLF_UNION,26,12,56,3,56,22,5,5,10,6,0.5,0.30000000000000004
20,2,ORD-UNION,0,0,0,3,0,22,5,5,10,6,0.5,0.30000000000000004
21,2,CARD,21,8,35,3,55,22,5,5,10,6,0.5,0.30000000000000004
22,2,CLF_UNION,30,9,60,3,60,22,5,5,10,6,0.5,0.30000000000000004
23,2,ORD-UNION,0,0,0,3,0,22,5,5,10,6,0.5,0.30000000000000004
24,2,CARD,27,4,35,3,54,22,5,5,10,6,0.5,0.30000000000000004
25,2,CLF_UNION,28,13,57,3,58,22,5,5,10,6,0.5,0.30000000000000004
26,2,ORD-UNION,0,0,0,3,1,22,5,5,10,6,0.5,0.30000000000000004
27,2,CARD,8,21,36,3,54,22,5,5,10,6,0.5,0.30000000000000004
28,2,CLF_UNION,26,16,62,3,62,22,5,5,10,6,0.5,0.30000000000000004
29,2,ORD-UNION,0,0,0,3,0,22,5,5,10,6,0.5,0.30000000000000004
30,3,CARD,20,6,33,5,55,22,5,5,10,6,0.5,0.30000000000000004
31,3,CLF_UNION,29,7,54,5,56,22,5,5,10,6,0.5,0.30000000000000004
32,3,ORD-UNION,2,0,2,5,4,22,5,5,10,6,0.5,0.30000000000000004
33,3,CARD,23,6,36,5,53,22,5,5,10,6,0.5,0.30000000000000004
34,3,CLF_UNION,28,10,56,5,57,22,5,5,10,6,0.5,0.30000000000000004
35,3,ORD-UNION,1,0,1,5,2,22,5,5,10,6,0.5,0.30000000000000004
36,3,CARD,15,12,35,5,55,22,5,5,10,6,0.5,0.30000000000000004
37,3,CLF_UNION,24,15,57,5,57,22,5,5,10,6,0.5,0.30000000000000004
38,3,ORD-UNION,0,0,0,5,0,22,5,5,10,6,0.5,0.30000000000000004
39,3,CARD,8,14,28,5,61,22,5,5,10,6,0.5,0.30000000000000004
40,3,CLF_UNION,26,13,57,5,58,22,5,5,10,6,0.5,0.30000000000000004
41,3,ORD-UNION,0,0,0,5,1,22,5,5,10,6,0.5,0.30000000000000004
42,3,CARD,17,10,36,5,54,22,5,5,10,6,0.5,0.30000000000000004
43,3,CLF_UNION,20,17,58,5,58,22,5,5,10,6,0.5,0.30000000000000004
44,3,ORD-UNION,0,0,0,5,0,22,5,5,10,6,0.5,0.30000000000000004
45,4,CARD,31,0,36,9,53,22,5,5,10,6,0.5,0.30000000000000004
46,4,CLF_UNION,33,2,54,9,55,22,5,5,10,6,0.5,0.30000000000000004
47,4,ORD-UNION,1,0,1,9,2,22,5,5,10,6,0.5,0.30000000000000004
48,4,CARD,29,0,33,9,54,22,5,5,10,6,0.5,0.30000000000000004
49,4,CLF_UNION,34,2,52,9,55,22,5,5,10,6,0.5,0.30000000000000004
50,4,ORD-UNION,0,0,0,9,3,22,5,5,10,6,0.5,0.30000000000000004
51,4,CARD,26,2,36,9,54,22,5,5,10,6,0.5,0.30000000000000004
52,4,CLF_UNION,30,6,55,9,55,22,5,5,10,6,0.5,0.30000000000000004
53,4,ORD-UNION,0,0,0,9,0,22,5,5,10,6,0.5,0.30000000000000004
54,4,CARD,24,3,37,9,53,22,5,5,10,6,0.5,0.30000000000000004
55,4,CLF_UNION,31,2,57,9,57,22,5,5,10,6,0.5,0.30000000000000004
56,4,ORD-UNION,2,0,2,9,2,22,5,5,10,6,0.5,0.30000000000000004
57,4,CARD,24,2,34,9,55,22,5,5,10,6,0.5,0.30000000000000004
58,4,CLF_UNION,34,0,55,9,56,22,5,5,10,6,0.5,0.30000000000000004
59,4,ORD-UNION,2,0,2,9,3,22,5,5,10,6,0.5,0.30000000000000004
60,5,CARD,24,8,37,14,53,22,5,5,10,6,0.5,0.30000000000000004
61,5,CLF_UNION,31,6,55,14,55,22,5,5,10,6,0.5,0.30000000000000004
62,5,ORD-UNION,0,0,0,14,0,22,5,5,10,6,0.5,0.30000000000000004
63,5,CARD,31,3,41,14,49,22,5,5,10,6,0.5,0.30000000000000004
64,5,CLF_UNION,37,0,55,14,55,22,5,5,10,6,0.5,0.30000000000000004
65,5,ORD-UNION,1,0,1,14,1,22,5,5,10,6,0.5,0.30000000000000004
66,5,CARD,27,7,41,14,49,22,5,5,10,6,0.5,0.30000000000000004
67,5,CLF_UNION,35,3,55,14,55,22,5,5,10,6,0.5,0.30000000000000004
68,5,ORD-UNION,1,0,1,14,1,22,5,5,10,6,0.5,0.30000000000000004
69,5,CARD,26,8,41,14,49,22,5,5,10,6,0.5,0.30000000000000004
70,5,CLF_UNION,34,4,55,14,55,22,5,5,10,6,0.5,0.30000000000000004
71,5,ORD-UNION,0,0,0,14,0,22,5,5,10,6,0.5,0.30000000000000004
72,5,CARD,20,10,41,14,49,22,5,5,10,6,0.5,0.30000000000000004
73,5,CLF_UNION,28,4,55,14,55,22,5,5,10,6,0.5,0.30000000000000004
74,5,ORD-UNION,0,0,0,14,0,22,5,5,10,6,0.5,0.30000000000000004
75,6,CARD,32,1,38,20,51,22,5,5,10,6,0.5,0.30000000000000004
76,6,CLF_UNION,34,2,54,20,55,22,5,5,10,6,0.5,0.30000000000000004
77,6,ORD-UNION,1,0,1,20,2,22,5,5,10,6,0.5,0.30000000000000004
78,6,CARD,25,6,41,20,49,22,5,5,10,6,0.5,0.30000000000000004
79,6,CLF_UNION,27,8,55,20,55,22,5,5,10,6,0.5,0.30000000000000004
80,6,ORD-UNION,0,0,0,20,0,22,5,5,10,6,0.5,0.30000000000000004
81,6,CARD,21,8,34,20,53,22,5,5,10,6,0.5,0.30000000000000004
82,6,CLF_UNION,34,0,52,20,55,22,5,5,10,6,0.5,0.30000000000000004
83,6,ORD-UNION,1,0,1,20,4,22,5,5,10,6,0.5,0.30000000000000004
84,6,CARD,28,3,36,20,48,22,5,5,10,6,0.5,0.30000000000000004
85,6,CLF_UNION,32,1,49,20,55,22,5,5,10,6,0.5,0.30000000000000004
86,6,ORD-UNION,1,0,1,20,7,22,5,5,10,6,0.5,0.30000000000000004
87,6,CARD,25,7,40,20,49,22,5,5,10,6,0.5,0.30000000000000004
88,6,CLF_UNION,29,6,54,20,55,22,5,5,10,6,0.5,0.30000000000000004
89,6,ORD-UNION,0,0,0,20,1,22,5,5,10,6,0.5,0.30000000000000004
90,7,CARD,22,6,36,26,51,22,5,5,10,6,0.5,0.30000000000000004
91,7,CLF_UNION,24,8,52,26,55,22,5,5,10,6,0.5,0.30000000000000004
92,7,ORD-UNION,0,0,0,26,3,22,5,5,10,6,0.5,0.30000000000000004
93,7,CARD,27,4,40,26,47,22,5,5,10,6,0.5,0.30000000000000004
94,7,CLF_UNION,30,2,53,26,56,22,5,5,10,6,0.5,0.30000000000000004
95,7,ORD-UNION,0,0,0,26,3,22,5,5,10,6,0.5,0.30000000000000004
96,7,CARD,29,6,43,26,46,22,5,5,10,6,0.5,0.30000000000000004
97,7,CLF_UNION,34,2,55,26,56,22,5,5,10,6,0.5,0.30000000000000004
98,7,ORD-UNION,0,0,0,26,1,22,5,5,10,6,0.5,0.30000000000000004
99,7,CARD,31,2,39,26,48,22,5,5,10,6,0.5,0.30000000000000004
100,7,CLF_UNION,32,3,52,26,55,22,5,5,10,6,0.5,0.30000000000000004
101,7,ORD-UNION,2,0,2,26,5,22,5,5,10,6,0.5,0.30000000000000004
102,7,CARD,30,8,44,26,46,22,5,5,10,6,0.5,0.30000000000000004
103,7,CLF_UNION,33,6,55,26,55,22,5,5,10,6,0.5,0.30000000000000004
104,7,ORD-UNION,0,0,0,26,0,22,5,5,10,6,0.5,0.30000000000000004
105,8,CARD,33,3,41,32,48,22,5,5,10,6,0.5,0.30000000000000004
106,8,CLF_UNION,38,0,54,32,55,22,5,5,10,6,0.5,0.30000000000000004
107,8,ORD-UNION,0,0,0,32,1,22,5,5,10,6,0.5,0.30000000000000004
108,8,CARD,25,6,39,32,48,22,5,5,10,6,0.5,0.30000000000000004
109,8,CLF_UNION,32,2,54,32,57,22,5,5,10,6,0.5,0.30000000000000004
110,8,ORD-UNION,0,0,1,32,4,22,5,5,10,6,0.5,0.30000000000000004
111,8,CARD,26,3,35,32,49,22,5,5,10,6,0.5,0.30000000000000004
112,8,CLF_UNION,33,0,49,32,55,22,5,5,10,6,0.5,0.30000000000000004
113,8,ORD-UNION,2,0,2,32,8,22,5,5,10,6,0.5,0.30000000000000004
114,8,CARD,27,4,37,32,50,22,5,5,10,6,0.5,0.30000000000000004
115,8,CLF_UNION,30,3,52,32,55,22,5,5,10,6,0.5,0.30000000000000004
116,8,ORD-UNION,0,0,0,32,3,22,5,5,10,6,0.5,0.30000000000000004
117,8,CARD,24,4,38,32,49,22,5,5,10,6,0.5,0.30000000000000004
118,8,CLF_UNION,31,2,54,32,57,22,5,5,10,6,0.5,0.30000000000000004
119,8,ORD-UNION,1,0,1,32,4,22,5,5,10,6,0.5,0.30000000000000004
120,9,CARD,26,7,42,39,47,22,5,5,10,6,0.5,0.30000000000000004
121,9,CLF_UNION,28,7,54,39,55,22,5,5,10,6,0.5,0.30000000000000004
122,9,ORD-UNION,0,0,0,39,1,22,5,5,10,6,0.5,0.30000000000000004
123,9,CARD,26,4,37,39,46,22,5,5,10,6,0.5,0.30000000000000004
124,9,CLF_UNION,26,4,50,39,57,22,5,5,10,6,0.5,0.30000000000000004
125,9,ORD-UNION,1,0,2,39,9,22,5,5,10,6,0.5,0.30000000000000004
126,9,CARD,20,4,29,39,52,22,5,5,10,6,0.5,0.30000000000000004
127,9,CLF_UNION,30,0,48,39,57,22,5,5,10,6,0.5,0.30000000000000004
128,9,ORD-UNION,1,0,1,39,10,22,5,5,10,6,0.5,0.30000000000000004
129,9,CARD,29,5,41,39,47,22,5,5,10,6,0.5,0.30000000000000004
130,9,CLF_UNION,31,4,54,39,56,22,5,5,10,6,0.5,0.30000000000000004
131,9,ORD-UNION,0,0,0,39,2,22,5,5,10,6,0.5,0.30000000000000004
132,9,CARD,28,6,42,39,47,22,5,5,10,6,0.5,0.30000000000000004
133,9,CLF_UNION,32,3,54,39,55,22,5,5,10,6,0.5,0.30000000000000004
134,9,ORD-UNION,1,0,1,39,2,22,5,5,10,6,0.5,0.30000000000000004
135,10,CARD,20,8,36,46,49,22,5,5,10,6,0.5,0.30000000000000004
136,10,CLF_UNION,27,3,51,46,56,22,5,5,10,6,0.5,0.30000000000000004
137,10,ORD-UNION,1,0,1,46,6,22,5,5,10,6,0.5,0.30000000000000004
138,10,CARD,21,10,37,46,50,22,5,5,10,6,0.5,0.30000000000000004
139,10,CLF_UNION,30,5,52,46,55,22,5,5,10,6,0.5,0.30000000000000004
140,10,ORD-UNION,0,0,0,46,3,22,5,5,10,6,0.5,0.30000000000000004
141,10,CARD,21,13,40,46,47,22,5,5,10,6,0.5,0.30000000000000004
142,10,CLF_UNION,31,4,52,46,55,22,5,5,10,6,0.5,0.30000000000000004
143,10,ORD-UNION,0,0,0,46,3,22,5,5,10,6,0.5,0.30000000000000004
144,10,CARD,19,6,31,46,49,22,5,5,10,6,0.5,0.30000000000000004
145,10,CLF_UNION,24,5,45,46,55,22,5,5,10,6,0.5,0.30000000000000004
146,10,ORD-UNION,0,0,0,46,10,22,5,5,10,6,0.5,0.30000000000000004
147,10,CARD,20,4,32,46,50,22,5,5,10,6,0.5,0.30000000000000004
148,10,CLF_UNION,24,2,48,46,56,22,5,5,10,6,0.5,0.30000000000000004
149,10,ORD-UNION,3,0,4,46,12,22,5,5,10,6,0.5,0.30000000000000004
150,11,CARD,22,7,34,54,49,22,5,5,10,6,0.5,0.30000000000000004
151,11,CLF_UNION,27,3,51,54,58,22,5,5,10,6,0.5,0.30000000000000004
152,11,ORD-UNION,0,0,0,54,7,22,5,5,10,6,0.5,0.30000000000000004
153,11,CARD,11,16,38,54,49,22,5,5,10,6,0.5,0.30000000000000004
154,11,CLF_UNION,21,7,54,54,57,22,5,5,10,6,0.5,0.30000000000000004
155,11,ORD-UNION,0,0,1,54,4,22,5,5,10,6,0.5,0.30000000000000004
156,11,CARD,20,14,40,54,48,22,5,5,10,6,0.5,0.30000000000000004
157,11,CLF_UNION,34,1,53,54,55,22,5,5,10,6,0.5,0.30000000000000004
158,11,ORD-UNION,0,0,0,54,2,22,5,5,10,6,0.5,0.30000000000000004
159,11,CARD,21,8,36,54,49,22,5,5,10,6,0.5,0.30000000000000004
160,11,CLF_UNION,29,0,50,54,55,22,5,5,10,6,0.5,0.30000000000000004
161,11,ORD-UNION,3,0,3,54,8,22,5,5,10,6,0.5,0.30000000000000004
162,11,CARD,19,8,34,54,52,22,5,5,10,6,0.5,0.30000000000000004
163,11,CLF_UNION,28,0,55,54,59,22,5,5,10,6,0.5,0.30000000000000004
164,11,ORD-UNION,0,0,1,54,5,22,5,5,10,6,0.5,0.30000000000000004
165,12,CARD,16,13,36,62,47,22,5,5,10,6,0.5,0.30000000000000004
166,12,CLF_UNION,30,0,49,62,56,22,5,5,10,6,0.5,0.30000000000000004
167,12,ORD-UNION,0,0,0,62,7,22,5,5,10,6,0.5,0.30000000000000004
168,12,CARD,21,12,38,62,49,22,5,5,10,6,0.5,0.30000000000000004
169,12,CLF_UNION,29,5,54,62,57,22,5,5,10,6,0.5,0.30000000000000004
170,12,ORD-UNION,0,0,0,62,3,22,5,5,10,6,0.5,0.30000000000000004
171,12,CARD,18,17,43,62,46,22,5,5,10,6,0.5,0.30000000000000004
172,12,CLF_UNION,33,2,54,62,55,22,5,5,10,6,0.5,0.30000000000000004
173,12,ORD-UNION,0,0,0,62,1,22,5,5,10,6,0.5,0.30000000000000004
174,12,CARD,19,13,37,62,46,22,5,5,10,6,0.5,0.30000000000000004
175,12,CLF_UNION,29,3,50,62,57,22,5,5,10,6,0.5,0.30000000000000004
176,12,ORD-UNION,0,0,1,62,8,22,5,5,10,6,0.5,0.30000000000000004
177,12,CARD,17,2,23,62,50,22,5,5,10,6,0.5,0.30000000000000004
178,12,CLF_UNION,21,0,40,62,57,22,5,5,10,6,0.5,0.30000000000000004
179,12,ORD-UNION,2,0,2,62,19,22,5,5,10,6,0.5,0.30000000000000004
180,13,CARD,16,20,41,71,47,22,5,5,10,6,0.5,0.30000000000000004
181,13,CLF_UNION,34,3,54,71,56,22,5,5,10,6,0.5,0.30000000000000004
182,13,ORD-UNION,0,0,0,71,2,22,5,5,10,6,0.5,0.30000000000000004
183,13,CARD,11,15,28,71,49,22,5,5,10,6,0.5,0.30000000000000004
184,13,CLF_UNION,26,0,42,71,55,22,5,5,10,6,0.5,0.30000000000000004
185,13,ORD-UNION,0,0,0,71,13,22,5,5,10,6,0.5,0.30000000000000004
186,13,CARD,11,14,28,71,51,22,5,5,10,6,0.5,0.30000000000000004
187,13,CLF_UNION,24,3,47,71,58,22,5,5,10,6,0.5,0.30000000000000004
188,13,ORD-UNION,4,0,4,71,15,22,5,5,10,6,0.5,0.30000000000000004
189,13,CARD,13,20,38,71,49,22,5,5,10,6,0.5,0.30000000000000004
190,13,CLF_UNION,32,2,55,71,58,22,5,5,10,6,0.5,0.30000000000000004
191,13,ORD-UNION,0,0,0,71,3,22,5,5,10,6,0.5,0.30000000000000004
192,13,CARD,12,7,25,71,48,22,5,5,10,6,0.5,0.30000000000000004
193,13,CLF_UNION,16,3,38,71,55,22,5,5,10,6,0.5,0.30000000000000004
194,13,ORD-UNION,0,0,1,71,18,22,5,5,10,6,0.5,0.30000000000000004
195,14,CARD,13,15,36,84,49,22,5,5,10,6,0.5,0.30000000000000004
196,14,CLF_UNION,29,2,50,84,55,22,5,5,10,6,0.5,0.30000000000000004
197,14,ORD-UNION,2,0,2,84,7,22,5,5,10,6,0.5,0.30000000000000004
198,14,CARD,9,15,30,84,51,22,5,5,10,6,0.5,0.30000000000000004
199,14,CLF_UNION,22,2,50,84,59,22,5,5,10,6,0.5,0.30000000000000004
200,14,ORD-UNION,0,0,0,84,9,22,5,5,10,6,0.5,0.30000000000000004
201,14,CARD,14,15,34,84,52,22,5,5,10,6,0.5,0.30000000000000004
202,14,CLF_UNION,27,3,52,84,56,22,5,5,10,6,0.5,0.30000000000000004
203,14,ORD-UNION,0,0,0,84,4,22,5,5,10,6,0.5,0.30000000000000004
204,14,CARD,14,9,27,84,50,22,5,5,10,6,0.5,0.30000000000000004
205,14,CLF_UNION,25,1,43,84,56,22,5,5,10,6,0.5,0.30000000000000004
206,14,ORD-UNION,4,0,4,84,17,22,5,5,10,6,0.5,0.30000000000000004
207,14,CARD,22,11,41,84,47,22,5,5,10,6,0.5,0.30000000000000004
208,14,CLF_UNION,34,0,54,84,56,22,5,5,10,6,0.5,0.30000000000000004
209,14,ORD-UNION,0,0,0,84,2,22,5,5,10,6,0.5,0.30000000000000004
210,15,CARD,10,9,29,98,52,22,5,5,10,6,0.5,0.30000000000000004
211,15,CLF_UNION,11,9,46,98,55,22,5,5,10,6,0.5,0.30000000000000004
212,15,ORD-UNION,0,0,0,98,9,22,5,5,10,6,0.5,0.30000000000000004
213,15,CARD,14,13,30,98,48,22,5,5,10,6,0.5,0.30000000000000004
214,15,CLF_UNION,25,2,43,98,55,22,5,5,10,6,0.5,0.30000000000000004
215,15,ORD-UNION,0,0,0,98,12,22,5,5,10,6,0.5,0.30000000000000004
216,15,CARD,12,12,35,98,46,22,5,5,10,6,0.5,0.30000000000000004
217,15,CLF_UNION,21,3,46,98,55,22,5,5,10,6,0.5,0.30000000000000004
218,15,ORD-UNION,4,0,4,98,13,22,5,5,10,6,0.5,0.30000000000000004
219,15,CARD,10,12,31,98,46,22,5,5,10,6,0.5,0.30000000000000004
220,15,CLF_UNION,19,3,42,98,55,22,5,5,10,6,0.5,0.30000000000000004
221,15,ORD-UNION,0,0,0,98,13,22,5,5,10,6,0.5,0.30000000000000004
222,15,CARD,15,9,30,98,47,22,5,5,10,6,0.5,0.30000000000000004
223,15,CLF_UNION,21,3,42,98,55,22,5,5,10,6,0.5,0.30000000000000004
224,15,ORD-UNION,0,0,0,98,13,22,5,5,10,6,0.5,0.30000000000000004
225,16,CARD,18,15,39,109,46,22,5,5,10,6,0.5,0.30000000000000004
226,16,CLF_UNION,29,4,50,109,55,22,5,5,10,6,0.5,0.30000000000000004
227,16,ORD-UNION,1,0,1,109,6,22,5,5,10,6,0.5,0.30000000000000004
228,16,CARD,7,17,30,109,47,22,5,5,10,6,0.5,0.30000000000000004
229,16,CLF_UNION,21,4,43,109,56,22,5,5,10,6,0.5,0.30000000000000004
230,16,ORD-UNION,0,0,0,109,13,22,5,5,10,6,0.5,0.30000000000000004
231,16,CARD,14,13,32,109,49,22,5,5,10,6,0.5,0.30000000000000004
232,16,CLF_UNION,23,5,47,109,56,22,5,5,10,6,0.5,0.30000000000000004
233,16,ORD-UNION,1,0,1,109,10,22,5,5,10,6,0.5,0.30000000000000004
234,16,CARD,6,21,36,109,46,22,5,5,10,6,0.5,0.30000000000000004
235,16,CLF_UNION,25,3,47,109,55,22,5,5,10,6,0.5,0.30000000000000004
236,16,ORD-UNION,0,0,1,109,9,22,5,5,10,6,0.5,0.30000000000000004
237,16,CARD,16,17,39,109,46,22,5,5,10,6,0.5,0.30000000000000004
238,16,CLF_UNION,29,4,50,109,55,22,5,5,10,6,0.5,0.30000000000000004
239,16,ORD-UNION,2,0,2,109,7,22,5,5,10,6,0.5,0.30000000000000004
240,17,CARD,11,16,36,120,46,22,5,5,10,6,0.5,0.30000000000000004
241,17,CLF_UNION,25,2,48,120,56,22,5,5,10,6,0.5,0.30000000000000004
242,17,ORD-UNION,1,0,2,120,10,22,5,5,10,6,0.5,0.30000000000000004
243,17,CARD,20,3,28,120,49,22,5,5,10,6,0.5,0.30000000000000004
244,17,CLF_UNION,22,3,43,120,56,22,5,5,10,6,0.5,0.30000000000000004
245,17,ORD-UNION,3,0,3,120,16,22,5,5,10,6,0.5,0.30000000000000004
246,17,CARD,24,12,42,120,46,22,5,5,10,6,0.5,0.30000000000000004
247,17,CLF_UNION,32,4,54,120,56,22,5,5,10,6,0.5,0.30000000000000004
248,17,ORD-UNION,0,0,0,120,2,22,5,5,10,6,0.5,0.30000000000000004
249,17,CARD,9,9,25,120,48,22,5,5,10,6,0.5,0.30000000000000004
250,17,CLF_UNION,16,3,39,120,56,22,5,5,10,6,0.5,0.30000000000000004
251,17,ORD-UNION,5,0,6,120,23,22,5,5,10,6,0.5,0.30000000000000004
252,17,CARD,15,12,29,120,50,22,5,5,10,6,0.5,0.30000000000000004
253,17,CLF_UNION,22,6,47,120,58,22,5,5,10,6,0.5,0.30000000000000004
254,17,ORD-UNION,0,0,0,120,11,22,5,5,10,6,0.5,0.30000000000000004
255,18,CARD,17,4,29,137,50,22,5,5,10,6,0.5,0.30000000000000004
256,18,CLF_UNION,22,0,46,137,57,22,5,5,10,6,0.5,0.30000000000000004
257,18,ORD-UNION,0,0,0,137,11,22,5,5,10,6,0.5,0.30000000000000004
258,18,CARD,6,14,26,137,47,22,5,5,10,6,0.5,0.30000000000000004
259,18,CLF_UNION,18,2,40,137,57,22,5,5,10,6,0.5,0.30000000000000004
260,18,ORD-UNION,4,0,4,137,21,22,5,5,10,6,0.5,0.30000000000000004
261,18,CARD,13,0,16,137,49,22,5,5,10,6,0.5,0.30000000000000004
262,18,CLF_UNION,14,0,32,137,57,22,5,5,10,6,0.5,0.30000000000000004
263,18,ORD-UNION,0,0,0,137,25,22,5,5,10,6,0.5,0.30000000000000004
264,18,CARD,20,3,27,137,52,22,5,5,10,6,0.5,0.30000000000000004
265,18,CLF_UNION,21,3,45,137,56,22,5,5,10,6,0.5,0.30000000000000004
266,18,ORD-UNION,3,0,3,137,14,22,5,5,10,6,0.5,0.30000000000000004
267,18,CARD,16,15,36,137,46,22,5,5,10,6,0.5,0.30000000000000004
268,18,CLF_UNION,27,4,47,137,55,22,5,5,10,6,0.5,0.30000000000000004
269,18,ORD-UNION,0,0,0,137,8,22,5,5,10,6,0.5,0.30000000000000004
270,19,CARD,20,3,28,154,51,22,5,5,10,6,0.5,0.30000000000000004
271,19,CLF_UNION,24,2,45,154,56,22,5,5,10,6,0.5,0.30000000000000004
272,19,ORD-UNION,0,0,1,154,12,22,5,5,10,6,0.5,0.30000000000000004
273,19,CARD,18,0,22,154,52,22,5,5,10,6,0.5,0.30000000000000004
274,19,CLF_UNION,21,0,42,154,58,22,5,5,10,6,0.5,0.30000000000000004
275,19,ORD-UNION,1,0,1,154,17,22,5,5,10,6,0.5,0.30000000000000004
276,19,CARD,20,6,30,154,49,22,5,5,10,6,0.5,0.30000000000000004
277,19,CLF_UNION,22,4,47,154,58,22,5,5,10,6,0.5,0.30000000000000004
278,19,ORD-UNION,0,0,0,154,11,22,5,5,10,6,0.5,0.30000000000000004
279,19,CARD,0,0,0,154,53,22,5,5,10,6,0.5,0.30000000000000004
280,19,CLF_UNION,0,0,20,154,57,22,5,5,10,6,0.5,0.30000000000000004
281,19,ORD-UNION,0,0,0,154,37,22,5,5,10,6,0.5,0.30000000000000004
282,19,CARD,23,3,32,154,49,22,5,5,10,6,0.5,0.30000000000000004
283,19,CLF_UNION,27,3,46,154,55,22,5,5,10,6,0.5,0.30000000000000004
284,19,ORD-UNION,3,0,3,154,12,22,5,5,10,6,0.5,0.30000000000000004
285,20,CARD,7,0,11,167,50,22,5,5,10,6,0.5,0.30000000000000004
286,20,CLF_UNION,7,0,30,167,59,22,5,5,10,6,0.5,0.30000000000000004
287,20,ORD-UNION,0,0,0,167,29,22,5,5,10,6,0.5,0.30000000000000004
288,20,CARD,14,3,22,167,52,22,5,5,10,6,0.5,0.30000000000000004
289,20,CLF_UNION,19,0,42,167,58,22,5,5,10,6,0.5,0.30000000000000004
290,20,ORD-UNION,0,0,0,167,16,22,5,5,10,6,0.5,0.30000000000000004
291,20,CARD,24,6,37,167,48,22,5,5,10,6,0.5,0.30000000000000004
292,20,CLF_UNION,28,4,50,167,55,22,5,5,10,6,0.5,0.30000000000000004
293,20,ORD-UNION,0,0,0,167,5,22,5,5,10,6,0.5,0.30000000000000004
294,20,CARD,16,0,21,167,56,22,5,5,10,6,0.5,0.30000000000000004
295,20,CLF_UNION,17,0,46,167,59,22,5,5,10,6,0.5,0.30000000000000004
296,20,ORD-UNION,0,0,0,167,13,22,5,5,10,6,0.5,0.30000000000000004
297,20,CARD,12,2,17,167,49,22,5,5,10,6,0.5,0.30000000000000004
298,20,CLF_UNION,14,0,34,167,58,22,5,5,10,6,0.5,0.30000000000000004
299,20,ORD-UNION,0,0,0,167,24,22,5,5,10,6,0.5,0.30000000000000004
300,21,CARD,12,0,14,186,52,22,5,5,10,6,0.5,0.30000000000000004
301,21,CLF_UNION,15,0,32,186,56,22,5,5,10,6,0.5,0.30000000000000004
302,21,ORD-UNION,0,0,0,186,24,22,5,5,10,6,0.5,0.30000000000000004
303,21,CARD,10,6,22,186,49,22,5,5,10,6,0.5,0.30000000000000004
304,21,CLF_UNION,19,0,36,186,55,22,5,5,10,6,0.5,0.30000000000000004
305,21,ORD-UNION,0,0,0,186,19,22,5,5,10,6,0.5,0.30000000000000004
306,21,CARD,17,2,25,186,48,22,5,5,10,6,0.5,0.30000000000000004
307,21,CLF_UNION,18,2,38,186,55,22,5,5,10,6,0.5,0.30000000000000004
308,21,ORD-UNION,0,0,0,186,17,22,5,5,10,6,0.5,0.30000000000000004
309,21,CARD,21,3,28,186,49,22,5,5,10,6,0.5,0.30000000000000004
310,21,CLF_UNION,21,4,42,186,55,22,5,5,10,6,0.5,0.30000000000000004
311,21,ORD-UNION,0,0,0,186,13,22,5,5,10,6,0.5,0.30000000000000004
312,21,CARD,16,1,22,186,50,22,5,5,10,6,0.5,0.30000000000000004
313,21,CLF_UNION,18,1,37,186,55,22,5,5,10,6,0.5,0.30000000000000004
314,21,ORD-UNION,0,0,0,186,18,22,5,5,10,6,0.5,0.30000000000000004
315,22,CARD,7,1,12,203,47,22,5,5,10,6,0.5,0.30000000000000004
316,22,CLF_UNION,8,0,25,203,56,22,5,5,10,6,0.5,0.30000000000000004
317,22,ORD-UNION,0,0,0,203,31,22,5,5,10,6,0.5,0.30000000000000004
318,22,CARD,12,2,19,203,48,22,5,5,10,6,0.5,0.30000000000000004
319,22,CLF_UNION,15,0,32,203,55,22,5,5,10,6,0.5,0.30000000000000004
320,22,ORD-UNION,0,0,1,203,24,22,5,5,10,6,0.5,0.30000000000000004
321,22,CARD,14,1,20,203,52,22,5,5,10,6,0.5,0.30000000000000004
322,22,CLF_UNION,19,0,37,203,55,22,5,5,10,6,0.5,0.30000000000000004
323,22,ORD-UNION,1,0,1,203,19,22,5,5,10,6,0.5,0.30000000000000004
324,22,CARD,10,1,17,203,52,22,5,5,10,6,0.5,0.30000000000000004
325,22,CLF_UNION,14,0,35,203,56,22,5,5,10,6,0.5,0.30000000000000004
326,22,ORD-UNION,1,0,1,203,22,22,5,5,10,6,0.5,0.30000000000000004
327,22,CARD,15,0,20,203,51,22,5,5,10,6,0.5,0.30000000000000004
328,22,CLF_UNION,19,0,36,203,55,22,5,5,10,6,0.5,0.30000000000000004
329,22,ORD-UNION,1,0,1,203,20,22,5,5,10,6,0.5,0.30000000000000004
330,23,CARD,0,0,1,223,52,22,5,5,10,6,0.5,0.30000000000000004
331,23,CLF_UNION,0,0,19,223,56,22,5,5,10,6,0.5,0.30000000000000004
332,23,ORD-UNION,0,0,0,223,37,22,5,5,10,6,0.5,0.30000000000000004
333,23,CARD,17,1,24,223,61,22,5,5,10,6,0.5,0.30000000000000004
334,23,CLF_UNION,23,1,53,223,58,22,5,5,10,6,0.5,0.30000000000000004
335,23,ORD-UNION,1,0,1,223,6,22,5,5,10,6,0.5,0.30000000000000004
336,23,CARD,14,0,19,223,53,22,5,5,10,6,0.5,0.30000000000000004
337,23,CLF_UNION,19,0,38,223,56,22,5,5,10,6,0.5,0.30000000000000004
338,23,ORD-UNION,0,0,0,223,18,22,5,5,10,6,0.5,0.30000000000000004
339,23,CARD,18,0,23,223,49,22,5,5,10,6,0.5,0.30000000000000004
340,23,CLF_UNION,21,0,37,223,55,22,5,5,10,6,0.5,0.30000000000000004
341,23,ORD-UNION,0,0,1,223,19,22,5,5,10,6,0.5,0.30000000000000004
342,23,CARD,15,1,25,223,52,22,5,5,10,6,0.5,0.30000000000000004
343,23,CLF_UNION,18,1,43,223,56,22,5,5,10,6,0.5,0.30000000000000004
344,23,ORD-UNION,1,0,2,223,15,22,5,5,10,6,0.5,0.30000000000000004
345,24,CARD,18,2,22,241,49,22,5,5,10,6,0.5,0.30000000000000004
346,24,CLF_UNION,20,1,36,241,55,22,5,5,10,6,0.5,0.30000000000000004
347,24,ORD-UNION,0,0,0,241,19,22,5,5,10,6,0.5,0.30000000000000004
348,24,CARD,7,0,13,241,52,22,5,5,10,6,0.5,0.30000000000000004
349,24,CLF_UNION,7,0,31,241,56,22,5,5,10,6,0.5,0.30000000000000004
350,24,ORD-UNION,0,0,0,241,25,22,5,5,10,6,0.5,0.30000000000000004
351,24,CARD,13,0,16,241,49,22,5,5,10,6,0.5,0.30000000000000004
352,24,CLF_UNION,13,0,30,241,55,22,5,5,10,6,0.5,0.30000000000000004
353,24,ORD-UNION,2,0,2,241,27,22,5,5,10,6,0.5,0.30000000000000004
354,24,CARD,0,0,4,241,49,22,5,5,10,6,0.5,0.30000000000000004
355,24,CLF_UNION,0,0,18,241,55,22,5,5,10,6,0.5,0.30000000000000004
356,24,ORD-UNION,0,0,1,241,38,22,5,5,10,6,0.5,0.30000000000000004
357,24,CARD,12,2,18,241,48,22,5,5,10,6,0.5,0.30000000000000004
358,24,CLF_UNION,15,0,32,241,56,22,5,5,10,6,0.5,0.30000000000000004
359,24,ORD-UNION,0,0,1,241,25,22,5,5,10,6,0.5,0.30000000000000004
360,1,CARD,8,7,21,1,69,22,5,5,10,6,0.5,0.30000000000000004
361,1,CLF_UNION,26,18,71,1,71,22,5,5,10,6,0.5,0.30000000000000004
362,1,ORD-UNION,0,0,0,1,0,22,5,5,10,6,0.5,0.30000000000000004
363,1,CARD,4,17,25,1,65,22,5,5,10,6,0.5,0.30000000000000004
364,1,CLF_UNION,24,19,65,1,65,22,5,5,10,6,0.5,0.30000000000000004
365,1,ORD-UNION,0,0,0,1,0,22,5,5,10,6,0.5,0.30000000000000004
366,1,CARD,6,15,25,1,65,22,5,5,10,6,0.5,0.30000000000000004
367,1,CLF_UNION,32,24,76,1,76,22,5,5,10,6,0.5,0.30000000000000004
368,1,ORD-UNION,0,0,0,1,0,22,5,5,10,6,0.5,0.30000000000000004
369,1,CARD,10,7,24,1,66,22,5,5,10,6,0.5,0.30000000000000004
370,1,CLF_UNION,20,21,63,1,63,22,5,5,10,6,0.5,0.30000000000000004
371,1,ORD-UNION,0,0,0,1,0,22,5,5,10,6,0.5,0.30000000000000004
372,1,CARD,5,14,25,1,65,22,5,5,10,6,0.5,0.30000000000000004
373,1,CLF_UNION,28,19,71,1,71,22,5,5,10,6,0.5,0.30000000000000004
374,1,ORD-UNION,0,0,0,1,0,22,5,5,10,6,0.5,0.30000000000000004
375,2,CARD,18,8,31,2,59,22,5,5,10,6,0.5,0.30000000000000004
376,2,CLF_UNION,27,16,59,2,59,22,5,5,10,6,0.5,0.30000000000000004
377,2,ORD-UNION,0,0,0,2,0,22,5,5,10,6,0.5,0.30000000000000004
378,2,CARD,18,7,32,2,58,22,5,5,10,6,0.5,0.30000000000000004
379,2,CLF_UNION,26,14,59,2,59,22,5,5,10,6,0.5,0.30000000000000004
380,2,ORD-UNION,0,0,0,2,0,22,5,5,10,6,0.5,0.30000000000000004
381,2,CARD,6,11,23,2,67,22,5,5,10,6,0.5,0.30000000000000004
382,2,CLF_UNION,19,25,62,2,62,22,5,5,10,6,0.5,0.30000000000000004
383,2,ORD-UNION,0,0,0,2,0,22,5,5,10,6,0.5,0.30000000000000004
384,2,CARD,11,14,32,2,58,22,5,5,10,6,0.5,0.30000000000000004
385,2,CLF_UNION,18,21,58,2,58,22,5,5,10,6,0.5,0.30000000000000004
386,2,ORD-UNION,0,0,0,2,0,22,5,5,10,6,0.5,0.30000000000000004
387,2,CARD,16,7,26,2,63,22,5,5,10,6,0.5,0.30000000000000004
388,2,CLF_UNION,24,21,58,2,59,22,5,5,10,6,0.5,0.30000000000000004
389,2,ORD-UNION,0,0,0,2,1,22,5,5,10,6,0.5,0.30000000000000004
390,3,CARD,10,21,35,5,55,22,5,5,10,6,0.5,0.30000000000000004
391,3,CLF_UNION,14,27,56,5,56,22,5,5,10,6,0.5,0.30000000000000004
392,3,ORD-UNION,0,0,0,5,0,22,5,5,10,6,0.5,0.30000000000000004
393,3,CARD,15,17,40,5,50,22,5,5,10,6,0.5,0.30000000000000004
394,3,CLF_UNION,14,23,56,5,56,22,5,5,10,6,0.5,0.30000000000000004
395,3,ORD-UNION,0,0,0,5,0,22,5,5,10,6,0.5,0.30000000000000004
396,3,CARD,10,18,39,5,51,22,5,5,10,6,0.5,0.30000000000000004
397,3,CLF_UNION,13,19,55,5,55,22,5,5,10,6,0.5,0.30000000000000004
398,3,ORD-UNION,0,0,0,5,0,22,5,5,10,6,0.5,0.30000000000000004
399,3,CARD,14,15,40,5,50,22,5,5,10,6,0.5,0.30000000000000004
400,3,CLF_UNION,11,22,55,5,55,22,5,5,10,6,0.5,0.30000000000000004
401,3,ORD-UNION,0,0,0,5,0,22,5,5,10,6,0.5,0.30000000000000004
402,3,CARD,16,16,40,5,50,22,5,5,10,6,0.5,0.30000000000000004
403,3,CLF_UNION,20,18,57,5,57,22,5,5,10,6,0.5,0.30000000000000004
404,3,ORD-UNION,0,0,0,5,0,22,5,5,10,6,0.5,0.30000000000000004
405,4,CARD,11,19,40,8,50,22,5,5,10,6,0.5,0.30000000000000004
406,4,CLF_UNION,19,15,57,8,57,22,5,5,10,6,0.5,0.30000000000000004
407,4,ORD-UNION,0,0,0,8,0,22,5,5,10,6,0.5,0.30000000000000004
408,4,CARD,18,10,38,8,52,22,5,5,10,6,0.5,0.30000000000000004
409,4,CLF_UNION,21,14,56,8,56,22,5,5,10,6,0.5,0.30000000000000004
410,4,ORD-UNION,0,0,0,8,0,22,5,5,10,6,0.5,0.30000000000000004
411,4,CARD,18,8,36,8,54,22,5,5,10,6,0.5,0.30000000000000004
412,4,CLF_UNION,23,11,56,8,56,22,5,5,10,6,0.5,0.30000000000000004
413,4,ORD-UNION,0,0,0,8,0,22,5,5,10,6,0.5,0.30000000000000004
414,4,CARD,18,18,41,8,49,22,5,5,10,6,0.5,0.30000000000000004
415,4,CLF_UNION,26,11,56,8,56,22,5,5,10,6,0.5,0.30000000000000004
416,4,ORD-UNION,0,0,0,8,0,22,5,5,10,6,0.5,0.30000000000000004
417,4,CARD,14,21,42,8,48,22,5,5,10,6,0.5,0.30000000000000004
418,4,CLF_UNION,27,11,58,8,58,22,5,5,10,6,0.5,0.30000000000000004
419,4,ORD-UNION,0,0,0,8,0,22,5,5,10,6,0.5,0.30000000000000004
420,5,CARD,23,14,41,13,47,22,5,5,10,6,0.5,0.30000000000000004
421,5,CLF_UNION,22,16,53,13,55,22,5,5,10,6,0.5,0.30000000000000004
422,5,ORD-UNION,0,0,0,13,2,22,5,5,10,6,0.5,0.30000000000000004
423,5,CARD,26,9,41,13,49,22,5,5,10,6,0.5,0.30000000000000004
424,5,CLF_UNION,23,15,55,13,55,22,5,5,10,6,0.5,0.30000000000000004
425,5,ORD-UNION,0,0,0,13,0,22,5,5,10,6,0.5,0.30000000000000004
426,5,CARD,20,15,42,13,48,22,5,5,10,6,0.5,0.30000000000000004
427,5,CLF_UNION,18,20,55,13,55,22,5,5,10,6,0.5,0.30000000000000004
428,5,ORD-UNION,0,0,0,13,0,22,5,5,10,6,0.5,0.30000000000000004
429,5,CARD,23,13,42,13,48,22,5,5,10,6,0.5,0.30000000000000004
430,5,CLF_UNION,18,20,55,13,55,22,5,5,10,6,0.5,0.30000000000000004
431,5,ORD-UNION,0,0,0,13,0,22,5,5,10,6,0.5,0.30000000000000004
432,5,CARD,9,21,41,13,49,22,5,5,10,6,0.5,0.30000000000000004
433,5,CLF_UNION,15,18,55,13,55,22,5,5,10,6,0.5,0.30000000000000004
434,5,ORD-UNION,0,0,0,13,0,22,5,5,10,6,0.5,0.30000000000000004
435,6,CARD,24,11,42,18,48,22,5,5,10,6,0.5,0.30000000000000004
436,6,CLF_UNION,25,12,55,18,55,22,5,5,10,6,0.5,0.30000000000000004
437,6,ORD-UNION,0,0,0,18,0,22,5,5,10,6,0.5,0.30000000000000004
438,6,CARD,25,5,33,18,52,22,5,5,10,6,0.5,0.30000000000000004
439,6,CLF_UNION,30,6,50,18,55,22,5,5,10,6,0.5,0.30000000000000004
440,6,ORD-UNION,0,0,0,18,5,22,5,5,10,6,0.5,0.30000000000000004
441,6,CARD,24,11,44,18,46,22,5,5,10,6,0.5,0.30000000000000004
442,6,CLF_UNION,22,14,55,18,55,22,5,5,10,6,0.5,0.30000000000000004
443,6,ORD-UNION,0,0,0,18,0,22,5,5,10,6,0.5,0.30000000000000004
444,6,CARD,33,3,42,18,48,22,5,5,10,6,0.5,0.30000000000000004
445,6,CLF_UNION,31,7,55,18,55,22,5,5,10,6,0.5,0.30000000000000004
446,6,ORD-UNION,0,0,0,18,0,22,5,5,10,6,0.5,0.30000000000000004
447,6,CARD,30,9,41,18,49,22,5,5,10,6,0.5,0.30000000000000004
448,6,CLF_UNION,26,14,55,18,55,22,5,5,10,6,0.5,0.30000000000000004
449,6,ORD-UNION,0,0,0,18,0,22,5,5,10,6,0.5,0.30000000000000004
450,7,CARD,30,6,39,24,50,22,5,5,10,6,0.5,0.30000000000000004
451,7,CLF_UNION,30,7,54,24,55,22,5,5,10,6,0.5,0.30000000000000004
452,7,ORD-UNION,0,0,0,24,1,22,5,5,10,6,0.5,0.30000000000000004
453,7,CARD,20,10,41,24,49,22,5,5,10,6,0.5,0.30000000000000004
454,7,CLF_UNION,22,11,55,24,55,22,5,5,10,6,0.5,0.30000000000000004
455,7,ORD-UNION,0,0,0,24,0,22,5,5,10,6,0.5,0.30000000000000004
456,7,CARD,12,17,40,24,49,22,5,5,10,6,0.5,0.30000000000000004
457,7,CLF_UNION,22,10,54,24,55,22,5,5,10,6,0.5,0.30000000000000004
458,7,ORD-UNION,0,0,0,24,1,22,5,5,10,6,0.5,0.30000000000000004
459,7,CARD,17,12,38,24,49,22,5,5,10,6,0.5,0.30000000000000004
460,7,CLF_UNION,26,6,52,24,55,22,5,5,10,6,0.5,0.30000000000000004
461,7,ORD-UNION,0,0,0,24,3,22,5,5,10,6,0.5,0.30000000000000004
462,7,CARD,26,10,43,24,47,22,5,5,10,6,0.5,0.30000000000000004
463,7,CLF_UNION,26,12,55,24,55,22,5,5,10,6,0.5,0.30000000000000004
464,7,ORD-UNION,0,0,0,24,0,22,5,5,10,6,0.5,0.30000000000000004
465,8,CARD,16,19,40,32,50,22,5,5,10,6,0.5,0.30000000000000004
466,8,CLF_UNION,14,22,55,32,55,22,5,5,10,6,0.5,0.30000000000000004
467,8,ORD-UNION,0,0,0,32,0,22,5,5,10,6,0.5,0.30000000000000004
468,8,CARD,19,13,38,32,47,22,5,5,10,6,0.5,0.30000000000000004
469,8,CLF_UNION,20,12,50,32,55,22,5,5,10,6,0.5,0.30000000000000004
470,8,ORD-UNION,0,0,0,32,5,22,5,5,10,6,0.5,0.30000000000000004
471,8,CARD,23,9,40,32,50,22,5,5,10,6,0.5,0.30000000000000004
472,8,CLF_UNION,17,16,55,32,55,22,5,5,10,6,0.5,0.30000000000000004
473,8,ORD-UNION,0,0,0,32,0,22,5,5,10,6,0.5,0.30000000000000004
474,8,CARD,22,12,39,32,48,22,5,5,10,6,0.5,0.30000000000000004
475,8,CLF_UNION,26,11,52,32,55,22,5,5,10,6,0.5,0.30000000000000004
476,8,ORD-UNION,0,0,0,32,3,22,5,5,10,6,0.5,0.30000000000000004
477,8,CARD,17,16,42,32,48,22,5,5,10,6,0.5,0.30000000000000004
478,8,CLF_UNION,20,16,56,32,56,22,5,5,10,6,0.5,0.30000000000000004
479,8,ORD-UNION,0,0,0,32,0,22,5,5,10,6,0.5,0.30000000000000004
480,9,CARD,26,8,40,41,47,22,5,5,10,6,0.5,0.30000000000000004
481,9,CLF_UNION,28,6,52,41,55,22,5,5,10,6,0.5,0.30000000000000004
482,9,ORD-UNION,0,0,0,41,3,22,5,5,10,6,0.5,0.30000000000000004
483,9,CARD,18,6,35,41,46,22,5,5,10,6,0.5,0.30000000000000004
484,9,CLF_UNION,19,5,46,41,55,22,5,5,10,6,0.5,0.30000000000000004
485,9,ORD-UNION,0,0,0,41,9,22,5,5,10,6,0.5,0.30000000000000004
486,9,CARD,22,12,37,41,47,22,5,5,10,6,0.5,0.30000000000000004
487,9,CLF_UNION,26,10,49,41,55,22,5,5,10,6,0.5,0.30000000000000004
488,9,ORD-UNION,0,0,0,41,6,22,5,5,10,6,0.5,0.30000000000000004
489,9,CARD,22,12,42,41,48,22,5,5,10,6,0.5,0.30000000000000004
490,9,CLF_UNION,27,8,55,41,55,22,5,5,10,6,0.5,0.30000000000000004
491,9,ORD-UNION,0,0,0,41,0,22,5,5,10,6,0.5,0.30000000000000004
492,9,CARD,25,10,43,41,46,22,5,5,10,6,0.5,0.30000000000000004
493,9,CLF_UNION,25,11,54,41,55,22,5,5,10,6,0.5,0.30000000000000004
494,9,ORD-UNION,0,0,0,41,1,22,5,5,10,6,0.5,0.30000000000000004
495,10,CARD,14,15,34,50,48,22,5,5,10,6,0.5,0.30000000000000004
496,10,CLF_UNION,23,8,49,50,56,22,5,5,10,6,0.5,0.30000000000000004
497,10,ORD-UNION,0,0,0,50,8,22,5,5,10,6,0.5,0.30000000000000004
498,10,CARD,20,15,40,50,47,22,5,5,10,6,0.5,0.30000000000000004
499,10,CLF_UNION,30,8,53,50,55,22,5,5,10,6,0.5,0.30000000000000004
500,10,ORD-UNION,0,0,0,50,3,22,5,5,10,6,0.5,0.30000000000000004
501,10,CARD,17,15,40,50,47,22,5,5,10,6,0.5,0.30000000000000004
502,10,CLF_UNION,24,10,52,50,55,22,5,5,10,6,0.5,0.30000000000000004
503,10,ORD-UNION,0,0,0,50,3,22,5,5,10,6,0.5,0.30000000000000004
504,10,CARD,12,22,39,50,46,22,5,5,10,6,0.5,0.30000000000000004
505,10,CLF_UNION,17,17,51,50,56,22,5,5,10,6,0.5,0.30000000000000004
506,10,ORD-UNION,0,0,0,50,5,22,5,5,10,6,0.5,0.30000000000000004
507,10,CARD,12,22,44,50,46,22,5,5,10,6,0.5,0.30000000000000004
508,10,CLF_UNION,17,18,55,50,55,22,5,5,10,6,0.5,0.30000000000000004
509,10,ORD-UNION,0,0,0,50,0,22,5,5,10,6,0.5,0.30000000000000004
510,11,CARD,22,9,40,59,48,22,5,5,10,6,0.5,0.30000000000000004
511,11,CLF_UNION,26,7,53,59,55,22,5,5,10,6,0.5,0.30000000000000004
512,11,ORD-UNION,0,0,0,59,2,22,5,5,10,6,0.5,0.30000000000000004
513,11,CARD,13,17,40,59,47,22,5,5,10,6,0.5,0.30000000000000004
514,11,CLF_UNION,23,10,53,59,55,22,5,5,10,6,0.5,0.30000000000000004
515,11,ORD-UNION,0,0,0,59,3,22,5,5,10,6,0.5,0.30000000000000004
516,11,CARD,9,16,37,59,50,22,5,5,10,6,0.5,0.30000000000000004
517,11,CLF_UNION,12,14,52,59,55,22,5,5,10,6,0.5,0.30000000000000004
518,11,ORD-UNION,0,0,0,59,3,22,5,5,10,6,0.5,0.30000000000000004
519,11,CARD,17,11,38,59,46,22,5,5,10,6,0.5,0.30000000000000004
520,11,CLF_UNION,22,7,49,59,55,22,5,5,10,6,0.5,0.30000000000000004
521,11,ORD-UNION,0,0,0,59,6,22,5,5,10,6,0.5,0.30000000000000004
522,11,CARD,18,11,34,59,46,22,5,5,10,6,0.5,0.30000000000000004
523,11,CLF_UNION,23,8,46,59,55,22,5,5,10,6,0.5,0.30000000000000004
524,11,ORD-UNION,0,0,0,59,10,22,5,5,10,6,0.5,0.30000000000000004
525,12,CARD,16,11,35,68,46,22,5,5,10,6,0.5,0.30000000000000004
526,12,CLF_UNION,16,11,46,68,55,22,5,5,10,6,0.5,0.30000000000000004
527,12,ORD-UNION,0,0,0,68,9,22,5,5,10,6,0.5,0.30000000000000004
528,12,CARD,21,11,42,68,45,22,5,5,10,6,0.5,0.30000000000000004
529,12,CLF_UNION,19,13,52,68,55,22,5,5,10,6,0.5,0.30000000000000004
530,12,ORD-UNION,0,0,0,68,3,22,5,5,10,6,0.5,0.30000000000000004
531,12,CARD,20,5,35,68,48,22,5,5,10,6,0.5,0.30000000000000004
532,12,CLF_UNION,19,6,49,68,56,22,5,5,10,6,0.5,0.30000000000000004
533,12,ORD-UNION,0,0,0,68,7,22,5,5,10,6,0.5,0.30000000000000004
534,12,CARD,21,11,42,68,45,22,5,5,10,6,0.5,0.30000000000000004
535,12,CLF_UNION,21,11,52,68,55,22,5,5,10,6,0.5,0.30000000000000004
536,12,ORD-UNION,0,0,0,68,3,22,5,5,10,6,0.5,0.30000000000000004
537,12,CARD,22,13,42,68,45,22,5,5,10,6,0.5,0.30000000000000004
538,12,CLF_UNION,23,12,52,68,55,22,5,5,10,6,0.5,0.30000000000000004
539,12,ORD-UNION,0,0,0,68,3,22,5,5,10,6,0.5,0.30000000000000004
540,13,CARD,4,23,34,77,49,22,5,5,10,6,0.5,0.30000000000000004
541,13,CLF_UNION,16,12,48,77,55,22,5,5,10,6,0.5,0.30000000000000004
542,13,ORD-UNION,0,0,0,77,7,22,5,5,10,6,0.5,0.30000000000000004
543,13,CARD,16,19,43,77,46,22,5,5,10,6,0.5,0.30000000000000004
544,13,CLF_UNION,16,19,54,77,55,22,5,5,10,6,0.5,0.30000000000000004
545,13,ORD-UNION,0,0,0,77,1,22,5,5,10,6,0.5,0.30000000000000004
546,13,CARD,9,17,34,77,49,22,5,5,10,6,0.5,0.30000000000000004
547,13,CLF_UNION,23,4,49,77,56,22,5,5,10,6,0.5,0.30000000000000004
548,13,ORD-UNION,0,0,0,77,7,22,5,5,10,6,0.5,0.30000000000000004
549,13,CARD,10,18,30,77,49,22,5,5,10,6,0.5,0.30000000000000004
550,13,CLF_UNION,17,11,47,77,58,22,5,5,10,6,0.5,0.30000000000000004
551,13,ORD-UNION,0,0,0,77,11,22,5,5,10,6,0.5,0.30000000000000004
552,13,CARD,9,23,41,77,46,22,5,5,10,6,0.5,0.30000000000000004
553,13,CLF_UNION,14,19,52,77,55,22,5,5,10,6,0.5,0.30000000000000004
554,13,ORD-UNION,0,0,0,77,3,22,5,5,10,6,0.5,0.30000000000000004
555,14,CARD,6,10,24,91,55,22,5,5,10,6,0.5,0.30000000000000004
556,14,CLF_UNION,9,7,45,91,56,22,5,5,10,6,0.5,0.30000000000000004
557,14,ORD-UNION,0,0,0,91,11,22,5,5,10,6,0.5,0.30000000000000004
558,14,CARD,19,11,35,91,47,22,5,5,10,6,0.5,0.30000000000000004
559,14,CLF_UNION,21,9,49,91,57,22,5,5,10,6,0.5,0.30000000000000004
560,14,ORD-UNION,0,0,0,91,8,22,5,5,10,6,0.5,0.30000000000000004
561,14,CARD,20,10,35,91,46,22,5,5,10,6,0.5,0.30000000000000004
562,14,CLF_UNION,22,8,46,91,55,22,5,5,10,6,0.5,0.30000000000000004
563,14,ORD-UNION,0,0,0,91,9,22,5,5,10,6,0.5,0.30000000000000004
564,14,CARD,24,9,39,91,46,22,5,5,10,6,0.5,0.30000000000000004
565,14,CLF_UNION,29,4,50,91,55,22,5,5,10,6,0.5,0.30000000000000004
566,14,ORD-UNION,0,0,0,91,5,22,5,5,10,6,0.5,0.30000000000000004
567,14,CARD,16,15,39,91,46,22,5,5,10,6,0.5,0.30000000000000004
568,14,CLF_UNION,17,14,50,91,55,22,5,5,10,6,0.5,0.30000000000000004
569,14,ORD-UNION,0,0,0,91,5,22,5,5,10,6,0.5,0.30000000000000004
570,15,CARD,13,21,39,105,46,22,5,5,10,6,0.5,0.30000000000000004
571,15,CLF_UNION,14,20,50,105,55,22,5,5,10,6,0.5,0.30000000000000004
572,15,ORD-UNION,0,0,0,105,5,22,5,5,10,6,0.5,0.30000000000000004
573,15,CARD,16,9,39,105,46,22,5,5,10,6,0.5,0.30000000000000004
574,15,CLF_UNION,20,5,51,105,56,22,5,5,10,6,0.5,0.30000000000000004
575,15,ORD-UNION,0,0,0,105,5,22,5,5,10,6,0.5,0.30000000000000004
576,15,CARD,14,7,24,105,49,22,5,5,10,6,0.5,0.30000000000000004
577,15,CLF_UNION,15,6,40,105,57,22,5,5,10,6,0.5,0.30000000000000004
578,15,ORD-UNION,0,0,0,105,17,22,5,5,10,6,0.5,0.30000000000000004
579,15,CARD,16,8,30,105,48,22,5,5,10,6,0.5,0.30000000000000004
580,15,CLF_UNION,19,5,44,105,56,22,5,5,10,6,0.5,0.30000000000000004
581,15,ORD-UNION,0,0,0,105,12,22,5,5,10,6,0.5,0.30000000000000004
582,15,CARD,14,12,29,105,46,22,5,5,10,6,0.5,0.30000000000000004
583,15,CLF_UNION,16,10,40,105,55,22,5,5,10,6,0.5,0.30000000000000004
584,15,ORD-UNION,0,0,0,105,15,22,5,5,10,6,0.5,0.30000000000000004
585,16,CARD,20,12,37,119,48,22,5,5,10,6,0.5,0.30000000000000004
586,16,CLF_UNION,19,15,50,119,55,22,5,5,10,6,0.5,0.30000000000000004
587,16,ORD-UNION,0,0,0,119,5,22,5,5,10,6,0.5,0.30000000000000004
588,16,CARD,16,9,30,119,51,22,5,5,10,6,0.5,0.30000000000000004
589,16,CLF_UNION,18,8,47,119,55,22,5,5,10,6,0.5,0.30000000000000004
590,16,ORD-UNION,0,0,0,119,9,22,5,5,10,6,0.5,0.30000000000000004
591,16,CARD,12,16,35,119,46,22,5,5,10,6,0.5,0.30000000000000004
592,16,CLF_UNION,19,9,47,119,56,22,5,5,10,6,0.5,0.30000000000000004
593,16,ORD-UNION,0,0,0,119,9,22,5,5,10,6,0.5,0.30000000000000004
594,16,CARD,19,9,34,119,47,22,5,5,10,6,0.5,0.30000000000000004
595,16,CLF_UNION,18,11,46,119,55,22,5,5,10,6,0.5,0.30000000000000004
596,16,ORD-UNION,0,0,0,119,9,22,5,5,10,6,0.5,0.30000000000000004
597,16,CARD,12,17,35,119,46,22,5,5,10,6,0.5,0.30000000000000004
598,16,CLF_UNION,13,16,46,119,55,22,5,5,10,6,0.5,0.30000000000000004
599,16,ORD-UNION,0,0,0,119,9,22,5,5,10,6,0.5,0.30000000000000004
600,17,CARD,16,10,32,134,48,22,5,5,10,6,0.5,0.30000000000000004
601,17,CLF_UNION,20,8,45,134,55,22,5,5,10,6,0.5,0.30000000000000004
602,17,ORD-UNION,0,0,0,134,10,22,5,5,10,6,0.5,0.30000000000000004
603,17,CARD,13,8,29,134,48,22,5,5,10,6,0.5,0.30000000000000004
604,17,CLF_UNION,18,4,43,134,56,22,5,5,10,6,0.5,0.30000000000000004
605,17,ORD-UNION,0,0,0,134,13,22,5,5,10,6,0.5,0.30000000000000004
606,17,CARD,9,9,24,134,49,22,5,5,10,6,0.5,0.30000000000000004
607,17,CLF_UNION,9,9,39,134,56,22,5,5,10,6,0.5,0.30000000000000004
608,17,ORD-UNION,0,0,0,134,17,22,5,5,10,6,0.5,0.30000000000000004
609,17,CARD,20,6,35,134,48,22,5,5,10,6,0.5,0.30000000000000004
610,17,CLF_UNION,19,7,49,134,56,22,5,5,10,6,0.5,0.30000000000000004
611,17,ORD-UNION,4,0,5,134,12,22,5,5,10,6,0.5,0.30000000000000004
612,17,CARD,16,5,23,134,49,22,5,5,10,6,0.5,0.30000000000000004
613,17,CLF_UNION,20,2,38,134,56,22,5,5,10,6,0.5,0.30000000000000004
614,17,ORD-UNION,0,0,0,134,18,22,5,5,10,6,0.5,0.30000000000000004
615,18,CARD,20,1,30,149,49,22,5,5,10,6,0.5,0.30000000000000004
616,18,CLF_UNION,16,6,46,149,57,22,5,5,10,6,0.5,0.30000000000000004
617,18,ORD-UNION,1,0,1,149,12,22,5,5,10,6,0.5,0.30000000000000004
618,18,CARD,16,6,29,149,47,22,5,5,10,6,0.5,0.30000000000000004
619,18,CLF_UNION,15,9,42,149,55,22,5,5,10,6,0.5,0.30000000000000004
620,18,ORD-UNION,4,1,6,149,20,22,5,5,10,6,0.5,0.30000000000000004
621,18,CARD,8,4,15,149,51,22,5,5,10,6,0.5,0.30000000000000004
622,18,CLF_UNION,8,6,32,149,56,22,5,5,10,6,0.5,0.30000000000000004
623,18,ORD-UNION,0,0,0,149,24,22,5,5,10,6,0.5,0.30000000000000004
624,18,CARD,15,3,23,149,48,22,5,5,10,6,0.5,0.30000000000000004
625,18,CLF_UNION,16,4,37,149,55,22,5,5,10,6,0.5,0.30000000000000004
626,18,ORD-UNION,0,0,0,149,19,22,5,5,10,6,0.5,0.30000000000000004
627,18,CARD,10,12,30,149,47,22,5,5,10,6,0.5,0.30000000000000004
628,18,CLF_UNION,12,10,42,149,55,22,5,5,10,6,0.5,0.30000000000000004
629,18,ORD-UNION,0,0,0,149,13,22,5,5,10,6,0.5,0.30000000000000004
630,19,CARD,9,2,16,163,50,22,5,5,10,6,0.5,0.30000000000000004
631,19,CLF_UNION,10,2,32,163,56,22,5,5,10,6,0.5,0.30000000000000004
632,19,ORD-UNION,4,2,8,163,32,22,5,5,10,6,0.5,0.30000000000000004
633,19,CARD,11,1,17,163,52,22,5,5,10,6,0.5,0.30000000000000004
634,19,CLF_UNION,11,1,35,163,56,22,5,5,10,6,0.5,0.30000000000000004
635,19,ORD-UNION,0,0,0,163,21,22,5,5,10,6,0.5,0.30000000000000004
636,19,CARD,19,5,30,163,46,22,5,5,10,6,0.5,0.30000000000000004
637,19,CLF_UNION,21,3,41,163,55,22,5,5,10,6,0.5,0.30000000000000004
638,19,ORD-UNION,10,2,12,163,26,22,5,5,10,6,0.5,0.30000000000000004
639,19,CARD,13,2,17,163,49,22,5,5,10,6,0.5,0.30000000000000004
640,19,CLF_UNION,14,1,31,163,55,22,5,5,10,6,0.5,0.30000000000000004
641,19,ORD-UNION,0,0,0,163,24,22,5,5,10,6,0.5,0.30000000000000004
642,19,CARD,21,3,29,163,47,22,5,5,10,6,0.5,0.30000000000000004
643,19,CLF_UNION,21,4,42,163,56,22,5,5,10,6,0.5,0.30000000000000004
644,19,ORD-UNION,9,2,13,163,27,22,5,5,10,6,0.5,0.30000000000000004
645,20,CARD,9,7,22,177,51,22,5,5,10,6,0.5,0.30000000000000004
646,20,CLF_UNION,10,9,39,177,55,22,5,5,10,6,0.5,0.30000000000000004
647,20,ORD-UNION,0,0,0,177,17,22,5,5,10,6,0.5,0.30000000000000004
648,20,CARD,23,0,34,177,52,22,5,5,10,6,0.5,0.30000000000000004
649,20,CLF_UNION,21,2,51,177,55,22,5,5,10,6,0.5,0.30000000000000004
650,20,ORD-UNION,7,0,8,177,12,22,5,5,10,6,0.5,0.30000000000000004
651,20,CARD,15,7,24,177,48,22,5,5,10,6,0.5,0.30000000000000004
652,20,CLF_UNION,17,5,37,177,55,22,5,5,10,6,0.5,0.30000000000000004
653,20,ORD-UNION,2,0,2,177,20,22,5,5,10,6,0.5,0.30000000000000004
654,20,CARD,17,5,30,177,47,22,5,5,10,6,0.5,0.30000000000000004
655,20,CLF_UNION,16,6,42,177,55,22,5,5,10,6,0.5,0.30000000000000004
656,20,ORD-UNION,6,0,7,177,20,22,5,5,10,6,0.5,0.30000000000000004
657,20,CARD,12,2,17,177,48,22,5,5,10,6,0.5,0.30000000000000004
658,20,CLF_UNION,13,2,31,177,55,22,5,5,10,6,0.5,0.30000000000000004
659,20,ORD-UNION,7,0,8,177,33,22,5,5,10,6,0.5,0.30000000000000004
660,21,CARD,17,8,29,194,47,22,5,5,10,6,0.5,0.30000000000000004
661,21,CLF_UNION,19,6,41,194,55,22,5,5,10,6,0.5,0.30000000000000004
662,21,ORD-UNION,2,0,2,194,16,22,5,5,10,6,0.5,0.30000000000000004
663,21,CARD,15,1,17,194,52,22,5,5,10,6,0.5,0.30000000000000004
664,21,CLF_UNION,15,1,35,194,56,22,5,5,10,6,0.5,0.30000000000000004
665,21,ORD-UNION,8,1,10,194,31,22,5,5,10,6,0.5,0.30000000000000004
666,21,CARD,10,1,16,194,52,22,5,5,10,6,0.5,0.30000000000000004
667,21,CLF_UNION,9,3,36,194,58,22,5,5,10,6,0.5,0.30000000000000004
668,21,ORD-UNION,8,0,9,194,31,22,5,5,10,6,0.5,0.30000000000000004
669,21,CARD,11,11,24,194,51,22,5,5,10,6,0.5,0.30000000000000004
670,21,CLF_UNION,15,7,41,194,56,22,5,5,10,6,0.5,0.30000000000000004
671,21,ORD-UNION,7,0,7,194,22,22,5,5,10,6,0.5,0.30000000000000004
672,21,CARD,18,4,28,194,50,22,5,5,10,6,0.5,0.30000000000000004
673,21,CLF_UNION,20,3,44,194,56,22,5,5,10,6,0.5,0.30000000000000004
674,21,ORD-UNION,2,0,2,194,14,22,5,5,10,6,0.5,0.30000000000000004
