,budget,model,correct,wrong,total,n_pref_input,n_pref_output,theta_size,theta_additivity,n_items,n_test_subsets,n_tiers,alpha,p
0,1,CARD,9,6,25,1,65,15,5,5,10,3,0.30000000000000004,0.7000000000000001
1,1,CLF_UNION,24,8,62,1,62,15,5,5,10,3,0.30000000000000004,0.7000000000000001
2,1,ORD-UNION,0,0,0,1,0,15,5,5,10,3,0.30000000000000004,0.7000000000000001
3,1,CARD,12,6,25,1,65,15,5,5,10,3,0.30000000000000004,0.7000000000000001
4,1,CLF_UNION,31,5,62,1,62,15,5,5,10,3,0.30000000000000004,0.7000000000000001
5,1,ORD-UNION,0,0,0,1,0,15,5,5,10,3,0.30000000000000004,0.7000000000000001
6,1,CARD,7,6,21,1,69,15,5,5,10,3,0.30000000000000004,0.7000000000000001
7,1,CLF_UNION,26,11,76,1,76,15,5,5,10,3,0.30000000000000004,0.7000000000000001
8,1,ORD-UNION,0,0,0,1,0,15,5,5,10,3,0.30000000000000004,0.7000000000000001
9,1,CARD,10,2,21,1,69,15,5,5,10,3,0.30000000000000004,0.7000000000000001
10,1,CLF_UNION,28,4,65,1,65,15,5,5,10,3,0.30000000000000004,0.7000000000000001
11,1,ORD-UNION,0,0,0,1,0,15,5,5,10,3,0.30000000000000004,0.7000000000000001
12,1,CARD,17,1,25,1,65,15,5,5,10,3,0.30000000000000004,0.7000000000000001
13,1,CLF_UNION,28,7,68,1,68,15,5,5,10,3,0.30000000000000004,0.7000000000000001
14,1,ORD-UNION,0,0,0,1,0,15,5,5,10,3,0.30000000000000004,0.7000000000000001
15,2,CARD,20,4,36,3,54,15,5,5,10,3,0.30000000000000004,0.7000000000000001
16,2,CLF_UNION,27,2,61,3,61,15,5,5,10,3,0.30000000000000004,0.7000000000000001
17,2,ORD-UNION,2,0,3,3,3,15,5,5,10,3,0.30000000000000004,0.7000000000000001
18,2,CARD,21,3,37,3,53,15,5,5,10,3,0.30000000000000004,0.7000000000000001
19,2,CLF_UNION,27,3,59,3,59,15,5,5,10,3,0.30000000000000004,0.7000000000000001
20,2,ORD-UNION,0,0,0,3,0,15,5,5,10,3,0.30000000000000004,0.7000000000000001
21,2,CARD,18,6,35,3,55,15,5,5,10,3,0.30000000000000004,0.7000000000000001
22,2,CLF_UNION,31,1,59,3,59,15,5,5,10,3,0.30000000000000004,0.7000000000000001
23,2,ORD-UNION,1,0,1,3,1,15,5,5,10,3,0.30000000000000004,0.7000000000000001
24,2,CARD,22,0,34,3,55,15,5,5,10,3,0.30000000000000004,0.7000000000000001
25,2,CLF_UNION,24,0,60,3,61,15,5,5,10,3,0.30000000000000004,0.7000000000000001
26,2,ORD-UNION,1,0,1,3,2,15,5,5,10,3,0.30000000000000004,0.7000000000000001
27,2,CARD,17,7,37,3,53,15,5,5,10,3,0.30000000000000004,0.7000000000000001
28,2,CLF_UNION,26,4,60,3,60,15,5,5,10,3,0.30000000000000004,0.7000000000000001
29,2,ORD-UNION,2,0,3,3,3,15,5,5,10,3,0.30000000000000004,0.7000000000000001
30,3,CARD,21,0,37,5,52,15,5,5,10,3,0.30000000000000004,0.7000000000000001
31,3,CLF_UNION,26,0,56,5,57,15,5,5,10,3,0.30000000000000004,0.7000000000000001
32,3,ORD-UNION,0,0,1,5,2,15,5,5,10,3,0.30000000000000004,0.7000000000000001
33,3,CARD,19,8,39,5,51,15,5,5,10,3,0.30000000000000004,0.7000000000000001
34,3,CLF_UNION,31,1,58,5,58,15,5,5,10,3,0.30000000000000004,0.7000000000000001
35,3,ORD-UNION,1,0,1,5,1,15,5,5,10,3,0.30000000000000004,0.7000000000000001
36,3,CARD,18,6,38,5,52,15,5,5,10,3,0.30000000000000004,0.7000000000000001
37,3,CLF_UNION,28,3,58,5,58,15,5,5,10,3,0.30000000000000004,0.7000000000000001
38,3,ORD-UNION,0,0,1,5,1,15,5,5,10,3,0.30000000000000004,0.7000000000000001
39,3,CARD,14,7,37,5,53,15,5,5,10,3,0.30000000000000004,0.7000000000000001
40,3,CLF_UNION,23,3,57,5,57,15,5,5,10,3,0.30000000000000004,0.7000000000000001
41,3,ORD-UNION,3,0,5,5,5,15,5,5,10,3,0.30000000000000004,0.7000000000000001
42,3,CARD,20,3,34,5,56,15,5,5,10,3,0.30000000000000004,0.7000000000000001
43,3,CLF_UNION,29,4,58,5,58,15,5,5,10,3,0.30000000000000004,0.7000000000000001
44,3,ORD-UNION,0,0,0,5,0,15,5,5,10,3,0.30000000000000004,0.7000000000000001
45,4,CARD,18,4,43,8,47,15,5,5,10,3,0.30000000000000004,0.7000000000000001
46,4,CLF_UNION,22,2,56,8,56,15,5,5,10,3,0.30000000000000004,0.7000000000000001
47,4,ORD-UNION,1,0,2,8,2,15,5,5,10,3,0.30000000000000004,0.7000000000000001
48,4,CARD,19,6,43,8,47,15,5,5,10,3,0.30000000000000004,0.7000000000000001
49,4,CLF_UNION,22,5,55,8,55,15,5,5,10,3,0.30000000000000004,0.7000000000000001
50,4,ORD-UNION,2,0,3,8,3,15,5,5,10,3,0.30000000000000004,0.7000000000000001
51,4,CARD,18,12,41,8,49,15,5,5,10,3,0.30000000000000004,0.7000000000000001
52,4,CLF_UNION,23,12,57,8,57,15,5,5,10,3,0.30000000000000004,0.7000000000000001
53,4,ORD-UNION,2,0,2,8,2,15,5,5,10,3,0.30000000000000004,0.7000000000000001
54,4,CARD,20,3,37,8,52,15,5,5,10,3,0.30000000000000004,0.7000000000000001
55,4,CLF_UNION,28,1,56,8,57,15,5,5,10,3,0.30000000000000004,0.7000000000000001
56,4,ORD-UNION,1,0,2,8,3,15,5,5,10,3,0.30000000000000004,0.7000000000000001
57,4,CARD,18,10,41,8,48,15,5,5,10,3,0.30000000000000004,0.7000000000000001
58,4,CLF_UNION,31,1,55,8,56,15,5,5,10,3,0.30000000000000004,0.7000000000000001
59,4,ORD-UNION,0,0,0,8,1,15,5,5,10,3,0.30000000000000004,0.7000000000000001
60,5,CARD,15,11,38,13,51,15,5,5,10,3,0.30000000000000004,0.7000000000000001
61,5,CLF_UNION,23,9,56,13,57,15,5,5,10,3,0.30000000000000004,0.7000000000000001
62,5,ORD-UNION,2,0,2,13,3,15,5,5,10,3,0.30000000000000004,0.7000000000000001
63,5,CARD,7,11,37,13,52,15,5,5,10,3,0.30000000000000004,0.7000000000000001
64,5,CLF_UNION,16,7,54,13,55,15,5,5,10,3,0.30000000000000004,0.7000000000000001
65,5,ORD-UNION,0,0,1,13,2,15,5,5,10,3,0.30000000000000004,0.7000000000000001
66,5,CARD,9,15,36,13,53,15,5,5,10,3,0.30000000000000004,0.7000000000000001
67,5,CLF_UNION,22,7,55,13,56,15,5,5,10,3,0.30000000000000004,0.7000000000000001
68,5,ORD-UNION,0,0,1,13,2,15,5,5,10,3,0.30000000000000004,0.7000000000000001
69,5,CARD,27,1,38,13,52,15,5,5,10,3,0.30000000000000004,0.7000000000000001
70,5,CLF_UNION,31,1,55,13,55,15,5,5,10,3,0.30000000000000004,0.7000000000000001
71,5,ORD-UNION,6,0,7,13,7,15,5,5,10,3,0.30000000000000004,0.7000000000000001
72,5,CARD,15,8,36,13,49,15,5,5,10,3,0.30000000000000004,0.7000000000000001
73,5,CLF_UNION,19,8,52,13,57,15,5,5,10,3,0.30000000000000004,0.7000000000000001
74,5,ORD-UNION,1,0,1,13,6,15,5,5,10,3,0.30000000000000004,0.7000000000000001
75,6,CARD,25,3,40,17,49,15,5,5,10,3,0.30000000000000004,0.7000000000000001
76,6,CLF_UNION,31,0,54,17,55,15,5,5,10,3,0.30000000000000004,0.7000000000000001
77,6,ORD-UNION,2,0,2,17,3,15,5,5,10,3,0.30000000000000004,0.7000000000000001
78,6,CARD,23,1,37,17,51,15,5,5,10,3,0.30000000000000004,0.7000000000000001
79,6,CLF_UNION,26,1,54,17,56,15,5,5,10,3,0.30000000000000004,0.7000000000000001
80,6,ORD-UNION,0,0,1,17,3,15,5,5,10,3,0.30000000000000004,0.7000000000000001
81,6,CARD,24,1,41,17,48,15,5,5,10,3,0.30000000000000004,0.7000000000000001
82,6,CLF_UNION,25,2,54,17,55,15,5,5,10,3,0.30000000000000004,0.7000000000000001
83,6,ORD-UNION,1,0,2,17,3,15,5,5,10,3,0.30000000000000004,0.7000000000000001
84,6,CARD,26,3,42,17,48,15,5,5,10,3,0.30000000000000004,0.7000000000000001
85,6,CLF_UNION,27,2,55,17,55,15,5,5,10,3,0.30000000000000004,0.7000000000000001
86,6,ORD-UNION,1,0,1,17,1,15,5,5,10,3,0.30000000000000004,0.7000000000000001
87,6,CARD,20,0,38,17,48,15,5,5,10,3,0.30000000000000004,0.7000000000000001
88,6,CLF_UNION,19,2,52,17,56,15,5,5,10,3,0.30000000000000004,0.7000000000000001
89,6,ORD-UNION,0,0,1,17,5,15,5,5,10,3,0.30000000000000004,0.7000000000000001
90,7,CARD,19,1,39,22,49,15,5,5,10,3,0.30000000000000004,0.7000000000000001
91,7,CLF_UNION,21,1,54,22,56,15,5,5,10,3,0.30000000000000004,0.7000000000000001
92,7,ORD-UNION,1,0,3,22,5,15,5,5,10,3,0.30000000000000004,0.7000000000000001
93,7,CARD,25,2,41,22,48,15,5,5,10,3,0.30000000000000004,0.7000000000000001
94,7,CLF_UNION,30,0,55,22,56,15,5,5,10,3,0.30000000000000004,0.7000000000000001
95,7,ORD-UNION,5,0,6,22,7,15,5,5,10,3,0.30000000000000004,0.7000000000000001
96,7,CARD,25,1,38,22,52,15,5,5,10,3,0.30000000000000004,0.7000000000000001
97,7,CLF_UNION,28,1,55,22,55,15,5,5,10,3,0.30000000000000004,0.7000000000000001
98,7,ORD-UNION,2,0,2,22,2,15,5,5,10,3,0.30000000000000004,0.7000000000000001
99,7,CARD,21,2,37,22,52,15,5,5,10,3,0.30000000000000004,0.7000000000000001
100,7,CLF_UNION,25,1,54,22,55,15,5,5,10,3,0.30000000000000004,0.7000000000000001
101,7,ORD-UNION,3,0,6,22,7,15,5,5,10,3,0.30000000000000004,0.7000000000000001
102,7,CARD,19,1,37,22,52,15,5,5,10,3,0.30000000000000004,0.7000000000000001
103,7,CLF_UNION,23,2,56,22,57,15,5,5,10,3,0.30000000000000004,0.7000000000000001
104,7,ORD-UNION,2,0,5,22,6,15,5,5,10,3,0.30000000000000004,0.7000000000000001
105,8,CARD,19,7,38,27,49,15,5,5,10,3,0.30000000000000004,0.7000000000000001
106,8,CLF_UNION,25,4,53,27,56,15,5,5,10,3,0.30000000000000004,0.7000000000000001
107,8,ORD-UNION,6,0,7,27,10,15,5,5,10,3,0.30000000000000004,0.7000000000000001
108,8,CARD,23,1,41,27,49,15,5,5,10,3,0.30000000000000004,0.7000000000000001
109,8,CLF_UNION,26,1,56,27,56,15,5,5,10,3,0.30000000000000004,0.7000000000000001
110,8,ORD-UNION,3,0,4,27,4,15,5,5,10,3,0.30000000000000004,0.7000000000000001
111,8,CARD,18,0,34,27,50,15,5,5,10,3,0.30000000000000004,0.7000000000000001
112,8,CLF_UNION,18,0,50,27,56,15,5,5,10,3,0.30000000000000004,0.7000000000000001
113,8,ORD-UNION,2,0,4,27,10,15,5,5,10,3,0.30000000000000004,0.7000000000000001
114,8,CARD,22,5,40,27,49,15,5,5,10,3,0.30000000000000004,0.7000000000000001
115,8,CLF_UNION,25,3,54,27,55,15,5,5,10,3,0.30000000000000004,0.7000000000000001
116,8,ORD-UNION,5,0,6,27,7,15,5,5,10,3,0.30000000000000004,0.7000000000000001
117,8,CARD,23,3,39,27,50,15,5,5,10,3,0.30000000000000004,0.7000000000000001
118,8,CLF_UNION,25,2,55,27,56,15,5,5,10,3,0.30000000000000004,0.7000000000000001
119,8,ORD-UNION,7,0,10,27,11,15,5,5,10,3,0.30000000000000004,0.7000000000000001
120,9,CARD,21,3,38,33,49,15,5,5,10,3,0.30000000000000004,0.7000000000000001
121,9,CLF_UNION,23,2,53,33,56,15,5,5,10,3,0.30000000000000004,0.7000000000000001
122,9,ORD-UNION,6,0,7,33,10,15,5,5,10,3,0.30000000000000004,0.7000000000000001
123,9,CARD,24,3,39,33,48,15,5,5,10,3,0.30000000000000004,0.7000000000000001
124,9,CLF_UNION,27,1,52,33,55,15,5,5,10,3,0.30000000000000004,0.7000000000000001
125,9,ORD-UNION,3,0,4,33,7,15,5,5,10,3,0.30000000000000004,0.7000000000000001
126,9,CARD,18,2,39,33,50,15,5,5,10,3,0.30000000000000004,0.7000000000000001
127,9,CLF_UNION,18,4,54,33,55,15,5,5,10,3,0.30000000000000004,0.7000000000000001
128,9,ORD-UNION,9,0,11,33,12,15,5,5,10,3,0.30000000000000004,0.7000000000000001
129,9,CARD,24,3,38,33,52,15,5,5,10,3,0.30000000000000004,0.7000000000000001
130,9,CLF_UNION,29,3,55,33,55,15,5,5,10,3,0.30000000000000004,0.7000000000000001
131,9,ORD-UNION,4,0,4,33,4,15,5,5,10,3,0.30000000000000004,0.7000000000000001
132,9,CARD,15,3,30,33,52,15,5,5,10,3,0.30000000000000004,0.7000000000000001
133,9,CLF_UNION,21,0,47,33,55,15,5,5,10,3,0.30000000000000004,0.7000000000000001
134,9,ORD-UNION,0,0,0,33,8,15,5,5,10,3,0.30000000000000004,0.7000000000000001
135,10,CARD,21,0,38,39,52,15,5,5,10,3,0.30000000000000004,0.7000000000000001
136,10,CLF_UNION,24,0,55,39,55,15,5,5,10,3,0.30000000000000004,0.7000000000000001
137,10,ORD-UNION,5,0,6,39,6,15,5,5,10,3,0.30000000000000004,0.7000000000000001
138,10,CARD,22,1,35,39,52,15,5,5,10,3,0.30000000000000004,0.7000000000000001
139,10,CLF_UNION,24,0,52,39,55,15,5,5,10,3,0.30000000000000004,0.7000000000000001
140,10,ORD-UNION,5,0,6,39,9,15,5,5,10,3,0.30000000000000004,0.7000000000000001
141,10,CARD,25,2,38,39,50,15,5,5,10,3,0.30000000000000004,0.7000000000000001
142,10,CLF_UNION,30,0,53,39,55,15,5,5,10,3,0.30000000000000004,0.7000000000000001
143,10,ORD-UNION,4,0,7,39,9,15,5,5,10,3,0.30000000000000004,0.7000000000000001
144,10,CARD,23,1,36,39,52,15,5,5,10,3,0.30000000000000004,0.7000000000000001
145,10,CLF_UNION,25,2,53,39,55,15,5,5,10,3,0.30000000000000004,0.7000000000000001
146,10,ORD-UNION,6,0,9,39,11,15,5,5,10,3,0.30000000000000004,0.7000000000000001
147,10,CARD,27,0,34,39,54,15,5,5,10,3,0.30000000000000004,0.7000000000000001
148,10,CLF_UNION,27,0,53,39,55,15,5,5,10,3,0.30000000000000004,0.7000000000000001
149,10,ORD-UNION,4,0,4,39,6,15,5,5,10,3,0.30000000000000004,0.7000000000000001
150,11,CARD,24,2,39,46,50,15,5,5,10,3,0.30000000000000004,0.7000000000000001
151,11,CLF_UNION,30,0,55,46,56,15,5,5,10,3,0.30000000000000004,0.7000000000000001
152,11,ORD-UNION,4,0,6,46,7,15,5,5,10,3,0.30000000000000004,0.7000000000000001
153,11,CARD,31,0,39,46,51,15,5,5,10,3,0.30000000000000004,0.7000000000000001
154,11,CLF_UNION,30,1,56,46,56,15,5,5,10,3,0.30000000000000004,0.7000000000000001
155,11,ORD-UNION,7,0,8,46,8,15,5,5,10,3,0.30000000000000004,0.7000000000000001
156,11,CARD,8,0,25,46,61,15,5,5,10,3,0.30000000000000004,0.7000000000000001
157,11,CLF_UNION,12,0,51,46,55,15,5,5,10,3,0.30000000000000004,0.7000000000000001
158,11,ORD-UNION,2,0,5,46,9,15,5,5,10,3,0.30000000000000004,0.7000000000000001
159,11,CARD,13,1,29,46,57,15,5,5,10,3,0.30000000000000004,0.7000000000000001
160,11,CLF_UNION,19,1,52,46,56,15,5,5,10,3,0.30000000000000004,0.7000000000000001
161,11,ORD-UNION,0,0,1,46,5,15,5,5,10,3,0.30000000000000004,0.7000000000000001
162,11,CARD,15,2,34,46,54,15,5,5,10,3,0.30000000000000004,0.7000000000000001
163,11,CLF_UNION,21,1,53,46,55,15,5,5,10,3,0.30000000000000004,0.7000000000000001
164,11,ORD-UNION,4,0,7,46,9,15,5,5,10,3,0.30000000000000004,0.7000000000000001
165,12,CARD,24,1,42,53,47,15,5,5,10,3,0.30000000000000004,0.7000000000000001
166,12,CLF_UNION,26,0,54,53,55,15,5,5,10,3,0.30000000000000004,0.7000000000000001
167,12,ORD-UNION,4,0,4,53,5,15,5,5,10,3,0.30000000000000004,0.7000000000000001
168,12,CARD,9,0,28,53,56,15,5,5,10,3,0.30000000000000004,0.7000000000000001
169,12,CLF_UNION,15,0,49,53,55,15,5,5,10,3,0.30000000000000004,0.7000000000000001
170,12,ORD-UNION,1,0,5,53,11,15,5,5,10,3,0.30000000000000004,0.7000000000000001
171,12,CARD,25,2,38,53,49,15,5,5,10,3,0.30000000000000004,0.7000000000000001
172,12,CLF_UNION,30,0,52,53,55,15,5,5,10,3,0.30000000000000004,0.7000000000000001
173,12,ORD-UNION,8,0,9,53,12,15,5,5,10,3,0.30000000000000004,0.7000000000000001
174,12,CARD,13,0,18,53,67,15,5,5,10,3,0.30000000000000004,0.7000000000000001
175,12,CLF_UNION,19,0,50,53,55,15,5,5,10,3,0.30000000000000004,0.7000000000000001
176,12,ORD-UNION,6,0,6,53,11,15,5,5,10,3,0.30000000000000004,0.7000000000000001
177,12,CARD,22,3,36,53,51,15,5,5,10,3,0.30000000000000004,0.7000000000000001
178,12,CLF_UNION,28,0,53,53,56,15,5,5,10,3,0.30000000000000004,0.7000000000000001
179,12,ORD-UNION,4,0,6,53,9,15,5,5,10,3,0.30000000000000004,0.7000000000000001
180,13,CARD,21,4,39,60,49,15,5,5,10,3,0.30000000000000004,0.7000000000000001
181,13,CLF_UNION,25,2,53,60,55,15,5,5,10,3,0.30000000000000004,0.7000000000000001
182,13,ORD-UNION,6,0,8,60,10,15,5,5,10,3,0.30000000000000004,0.7000000000000001
183,13,CARD,17,0,33,60,47,15,5,5,10,3,0.30000000000000004,0.7000000000000001
184,13,CLF_UNION,17,0,46,60,56,15,5,5,10,3,0.30000000000000004,0.7000000000000001
185,13,ORD-UNION,1,0,3,60,13,15,5,5,10,3,0.30000000000000004,0.7000000000000001
186,13,CARD,20,0,30,60,51,15,5,5,10,3,0.30000000000000004,0.7000000000000001
187,13,CLF_UNION,20,0,47,60,56,15,5,5,10,3,0.30000000000000004,0.7000000000000001
188,13,ORD-UNION,5,0,9,60,18,15,5,5,10,3,0.30000000000000004,0.7000000000000001
189,13,CARD,27,0,35,60,50,15,5,5,10,3,0.30000000000000004,0.7000000000000001
190,13,CLF_UNION,28,0,50,60,55,15,5,5,10,3,0.30000000000000004,0.7000000000000001
191,13,ORD-UNION,7,0,7,60,12,15,5,5,10,3,0.30000000000000004,0.7000000000000001
192,13,CARD,28,0,39,60,48,15,5,5,10,3,0.30000000000000004,0.7000000000000001
193,13,CLF_UNION,30,0,52,60,55,15,5,5,10,3,0.30000000000000004,0.7000000000000001
194,13,ORD-UNION,8,0,8,60,11,15,5,5,10,3,0.30000000000000004,0.7000000000000001
195,14,CARD,18,2,34,69,52,15,5,5,10,3,0.30000000000000004,0.7000000000000001
196,14,CLF_UNION,22,1,52,69,56,15,5,5,10,3,0.30000000000000004,0.7000000000000001
197,14,ORD-UNION,0,0,1,69,5,15,5,5,10,3,0.30000000000000004,0.7000000000000001
198,14,CARD,18,0,31,69,50,15,5,5,10,3,0.30000000000000004,0.7000000000000001
199,14,CLF_UNION,18,0,46,69,55,15,5,5,10,3,0.30000000000000004,0.7000000000000001
200,14,ORD-UNION,7,0,9,69,18,15,5,5,10,3,0.30000000000000004,0.7000000000000001
201,14,CARD,19,1,30,69,49,15,5,5,10,3,0.30000000000000004,0.7000000000000001
202,14,CLF_UNION,20,1,44,69,55,15,5,5,10,3,0.30000000000000004,0.7000000000000001
203,14,ORD-UNION,5,0,6,69,17,15,5,5,10,3,0.30000000000000004,0.7000000000000001
204,14,CARD,17,2,30,69,49,15,5,5,10,3,0.30000000000000004,0.7000000000000001
205,14,CLF_UNION,20,3,48,69,59,15,5,5,10,3,0.30000000000000004,0.7000000000000001
206,14,ORD-UNION,8,0,9,69,20,15,5,5,10,3,0.30000000000000004,0.7000000000000001
207,14,CARD,17,0,29,69,50,15,5,5,10,3,0.30000000000000004,0.7000000000000001
208,14,CLF_UNION,20,0,44,69,55,15,5,5,10,3,0.30000000000000004,0.7000000000000001
209,14,ORD-UNION,7,0,7,69,18,15,5,5,10,3,0.30000000000000004,0.7000000000000001
210,15,CARD,8,0,17,78,54,15,5,5,10,3,0.30000000000000004,0.7000000000000001
211,15,CLF_UNION,8,0,37,78,56,15,5,5,10,3,0.30000000000000004,0.7000000000000001
212,15,ORD-UNION,1,0,3,78,22,15,5,5,10,3,0.30000000000000004,0.7000000000000001
213,15,CARD,21,2,38,78,48,15,5,5,10,3,0.30000000000000004,0.7000000000000001
214,15,CLF_UNION,23,1,53,78,57,15,5,5,10,3,0.30000000000000004,0.7000000000000001
215,15,ORD-UNION,6,0,7,78,11,15,5,5,10,3,0.30000000000000004,0.7000000000000001
216,15,CARD,12,0,28,78,48,15,5,5,10,3,0.30000000000000004,0.7000000000000001
217,15,CLF_UNION,13,0,42,78,56,15,5,5,10,3,0.30000000000000004,0.7000000000000001
218,15,ORD-UNION,2,0,7,78,21,15,5,5,10,3,0.30000000000000004,0.7000000000000001
219,15,CARD,13,0,26,78,50,15,5,5,10,3,0.30000000000000004,0.7000000000000001
220,15,CLF_UNION,13,0,43,78,57,15,5,5,10,3,0.30000000000000004,0.7000000000000001
221,15,ORD-UNION,2,0,3,78,17,15,5,5,10,3,0.30000000000000004,0.7000000000000001
222,15,CARD,13,0,20,78,51,15,5,5,10,3,0.30000000000000004,0.7000000000000001
223,15,CLF_UNION,13,0,37,78,56,15,5,5,10,3,0.30000000000000004,0.7000000000000001
224,15,ORD-UNION,1,0,1,78,20,15,5,5,10,3,0.30000000000000004,0.7000000000000001
225,16,CARD,9,0,23,93,52,15,5,5,10,3,0.30000000000000004,0.7000000000000001
226,16,CLF_UNION,9,0,41,93,56,15,5,5,10,3,0.30000000000000004,0.7000000000000001
227,16,ORD-UNION,1,0,3,93,18,15,5,5,10,3,0.30000000000000004,0.7000000000000001
228,16,CARD,23,0,32,93,50,15,5,5,10,3,0.30000000000000004,0.7000000000000001
229,16,CLF_UNION,23,2,47,93,55,15,5,5,10,3,0.30000000000000004,0.7000000000000001
230,16,ORD-UNION,6,0,7,93,15,15,5,5,10,3,0.30000000000000004,0.7000000000000001
231,16,CARD,19,0,30,93,52,15,5,5,10,3,0.30000000000000004,0.7000000000000001
232,16,CLF_UNION,18,1,47,93,55,15,5,5,10,3,0.30000000000000004,0.7000000000000001
233,16,ORD-UNION,6,0,7,93,15,15,5,5,10,3,0.30000000000000004,0.7000000000000001
234,16,CARD,20,0,33,93,50,15,5,5,10,3,0.30000000000000004,0.7000000000000001
235,16,CLF_UNION,16,6,48,93,55,15,5,5,10,3,0.30000000000000004,0.7000000000000001
236,16,ORD-UNION,2,0,5,93,12,15,5,5,10,3,0.30000000000000004,0.7000000000000001
237,16,CARD,16,0,27,93,52,15,5,5,10,3,0.30000000000000004,0.7000000000000001
238,16,CLF_UNION,17,1,45,93,56,15,5,5,10,3,0.30000000000000004,0.7000000000000001
239,16,ORD-UNION,2,0,3,93,14,15,5,5,10,3,0.30000000000000004,0.7000000000000001
240,17,CARD,25,2,40,103,47,15,5,5,10,3,0.30000000000000004,0.7000000000000001
241,17,CLF_UNION,27,1,54,103,57,15,5,5,10,3,0.30000000000000004,0.7000000000000001
242,17,ORD-UNION,10,0,12,103,15,15,5,5,10,3,0.30000000000000004,0.7000000000000001
243,17,CARD,19,1,36,103,48,15,5,5,10,3,0.30000000000000004,0.7000000000000001
244,17,CLF_UNION,21,0,49,103,55,15,5,5,10,3,0.30000000000000004,0.7000000000000001
245,17,ORD-UNION,5,0,7,103,13,15,5,5,10,3,0.30000000000000004,0.7000000000000001
246,17,CARD,23,1,37,103,48,15,5,5,10,3,0.30000000000000004,0.7000000000000001
247,17,CLF_UNION,26,0,50,103,55,15,5,5,10,3,0.30000000000000004,0.7000000000000001
248,17,ORD-UNION,8,0,9,103,14,15,5,5,10,3,0.30000000000000004,0.7000000000000001
249,17,CARD,16,0,27,103,49,15,5,5,10,3,0.30000000000000004,0.7000000000000001
250,17,CLF_UNION,17,0,41,103,55,15,5,5,10,3,0.30000000000000004,0.7000000000000001
251,17,ORD-UNION,6,0,8,103,22,15,5,5,10,3,0.30000000000000004,0.7000000000000001
252,17,CARD,14,2,33,103,51,15,5,5,10,3,0.30000000000000004,0.7000000000000001
253,17,CLF_UNION,16,2,49,103,55,15,5,5,10,3,0.30000000000000004,0.7000000000000001
254,17,ORD-UNION,3,0,3,103,9,15,5,5,10,3,0.30000000000000004,0.7000000000000001
255,18,CARD,13,0,20,114,54,15,5,5,10,3,0.30000000000000004,0.7000000000000001
256,18,CLF_UNION,13,0,40,114,56,15,5,5,10,3,0.30000000000000004,0.7000000000000001
257,18,ORD-UNION,8,0,10,114,26,15,5,5,10,3,0.30000000000000004,0.7000000000000001
258,18,CARD,12,0,26,114,52,15,5,5,10,3,0.30000000000000004,0.7000000000000001
259,18,CLF_UNION,12,0,43,114,55,15,5,5,10,3,0.30000000000000004,0.7000000000000001
260,18,ORD-UNION,4,0,7,114,19,15,5,5,10,3,0.30000000000000004,0.7000000000000001
261,18,CARD,15,0,24,114,54,15,5,5,10,3,0.30000000000000004,0.7000000000000001
262,18,CLF_UNION,15,0,44,114,56,15,5,5,10,3,0.30000000000000004,0.7000000000000001
263,18,ORD-UNION,9,0,11,114,23,15,5,5,10,3,0.30000000000000004,0.7000000000000001
264,18,CARD,23,0,33,114,49,15,5,5,10,3,0.30000000000000004,0.7000000000000001
265,18,CLF_UNION,23,0,49,114,57,15,5,5,10,3,0.30000000000000004,0.7000000000000001
266,18,ORD-UNION,11,0,12,114,20,15,5,5,10,3,0.30000000000000004,0.7000000000000001
267,18,CARD,16,2,31,114,50,15,5,5,10,3,0.30000000000000004,0.7000000000000001
268,18,CLF_UNION,17,1,46,114,55,15,5,5,10,3,0.30000000000000004,0.7000000000000001
269,18,ORD-UNION,7,0,12,114,21,15,5,5,10,3,0.30000000000000004,0.7000000000000001
270,19,CARD,12,0,27,125,48,15,5,5,10,3,0.30000000000000004,0.7000000000000001
271,19,CLF_UNION,12,0,40,125,55,15,5,5,10,3,0.30000000000000004,0.7000000000000001
272,19,ORD-UNION,4,0,8,125,23,15,5,5,10,3,0.30000000000000004,0.7000000000000001
273,19,CARD,13,2,29,125,50,15,5,5,10,3,0.30000000000000004,0.7000000000000001
274,19,CLF_UNION,18,0,44,125,55,15,5,5,10,3,0.30000000000000004,0.7000000000000001
275,19,ORD-UNION,4,0,8,125,19,15,5,5,10,3,0.30000000000000004,0.7000000000000001
276,19,CARD,15,0,27,125,47,15,5,5,10,3,0.30000000000000004,0.7000000000000001
277,19,CLF_UNION,15,0,39,125,55,15,5,5,10,3,0.30000000000000004,0.7000000000000001
278,19,ORD-UNION,12,0,14,125,30,15,5,5,10,3,0.30000000000000004,0.7000000000000001
279,19,CARD,6,0,16,125,51,15,5,5,10,3,0.30000000000000004,0.7000000000000001
280,19,CLF_UNION,6,0,32,125,55,15,5,5,10,3,0.30000000000000004,0.7000000000000001
281,19,ORD-UNION,5,0,6,125,29,15,5,5,10,3,0.30000000000000004,0.7000000000000001
282,19,CARD,17,0,33,125,51,15,5,5,10,3,0.30000000000000004,0.7000000000000001
283,19,CLF_UNION,17,0,49,125,55,15,5,5,10,3,0.30000000000000004,0.7000000000000001
284,19,ORD-UNION,9,0,10,125,16,15,5,5,10,3,0.30000000000000004,0.7000000000000001
285,20,CARD,9,0,22,137,49,15,5,5,10,3,0.30000000000000004,0.7000000000000001
286,20,CLF_UNION,10,0,36,137,55,15,5,5,10,3,0.30000000000000004,0.7000000000000001
287,20,ORD-UNION,4,0,6,137,25,15,5,5,10,3,0.30000000000000004,0.7000000000000001
288,20,CARD,5,0,12,137,54,15,5,5,10,3,0.30000000000000004,0.7000000000000001
289,20,CLF_UNION,5,0,31,137,55,15,5,5,10,3,0.30000000000000004,0.7000000000000001
290,20,ORD-UNION,2,0,4,137,28,15,5,5,10,3,0.30000000000000004,0.7000000000000001
291,20,CARD,12,1,31,137,49,15,5,5,10,3,0.30000000000000004,0.7000000000000001
292,20,CLF_UNION,14,0,45,137,55,15,5,5,10,3,0.30000000000000004,0.7000000000000001
293,20,ORD-UNION,4,0,10,137,20,15,5,5,10,3,0.30000000000000004,0.7000000000000001
294,20,CARD,18,0,29,137,52,15,5,5,10,3,0.30000000000000004,0.7000000000000001
295,20,CLF_UNION,22,0,46,137,55,15,5,5,10,3,0.30000000000000004,0.7000000000000001
296,20,ORD-UNION,10,0,13,137,22,15,5,5,10,3,0.30000000000000004,0.7000000000000001
297,20,CARD,21,0,32,137,49,15,5,5,10,3,0.30000000000000004,0.7000000000000001
298,20,CLF_UNION,22,0,46,137,55,15,5,5,10,3,0.30000000000000004,0.7000000000000001
299,20,ORD-UNION,15,0,16,137,25,15,5,5,10,3,0.30000000000000004,0.7000000000000001
300,21,CARD,16,0,26,149,50,15,5,5,10,3,0.30000000000000004,0.7000000000000001
301,21,CLF_UNION,17,0,42,149,56,15,5,5,10,3,0.30000000000000004,0.7000000000000001
302,21,ORD-UNION,8,0,11,149,25,15,5,5,10,3,0.30000000000000004,0.7000000000000001
303,21,CARD,9,0,23,149,48,15,5,5,10,3,0.30000000000000004,0.7000000000000001
304,21,CLF_UNION,10,0,37,149,56,15,5,5,10,3,0.30000000000000004,0.7000000000000001
305,21,ORD-UNION,5,0,11,149,30,15,5,5,10,3,0.30000000000000004,0.7000000000000001
306,21,CARD,15,1,26,149,49,15,5,5,10,3,0.30000000000000004,0.7000000000000001
307,21,CLF_UNION,17,0,41,149,56,15,5,5,10,3,0.30000000000000004,0.7000000000000001
308,21,ORD-UNION,6,0,7,149,22,15,5,5,10,3,0.30000000000000004,0.7000000000000001
309,21,CARD,11,2,27,149,49,15,5,5,10,3,0.30000000000000004,0.7000000000000001
310,21,CLF_UNION,15,0,43,149,57,15,5,5,10,3,0.30000000000000004,0.7000000000000001
311,21,ORD-UNION,6,0,9,149,23,15,5,5,10,3,0.30000000000000004,0.7000000000000001
312,21,CARD,14,2,29,149,49,15,5,5,10,3,0.30000000000000004,0.7000000000000001
313,21,CLF_UNION,17,0,43,149,55,15,5,5,10,3,0.30000000000000004,0.7000000000000001
314,21,ORD-UNION,8,0,12,149,24,15,5,5,10,3,0.30000000000000004,0.7000000000000001
315,22,CARD,10,0,28,161,51,15,5,5,10,3,0.30000000000000004,0.7000000000000001
316,22,CLF_UNION,12,0,45,161,56,15,5,5,10,3,0.30000000000000004,0.7000000000000001
317,22,ORD-UNION,8,0,11,161,22,15,5,5,10,3,0.30000000000000004,0.7000000000000001
318,22,CARD,4,0,16,161,50,15,5,5,10,3,0.30000000000000004,0.7000000000000001
319,22,CLF_UNION,5,0,31,161,55,15,5,5,10,3,0.30000000000000004,0.7000000000000001
320,22,ORD-UNION,1,0,4,161,28,15,5,5,10,3,0.30000000000000004,0.7000000000000001
321,22,CARD,7,1,22,161,53,15,5,5,10,3,0.30000000000000004,0.7000000000000001
322,22,CLF_UNION,9,0,41,161,56,15,5,5,10,3,0.30000000000000004,0.7000000000000001
323,22,ORD-UNION,2,0,6,161,21,15,5,5,10,3,0.30000000000000004,0.7000000000000001
324,22,CARD,17,1,33,161,52,15,5,5,10,3,0.30000000000000004,0.7000000000000001
325,22,CLF_UNION,19,0,50,161,55,15,5,5,10,3,0.30000000000000004,0.7000000000000001
326,22,ORD-UNION,8,0,14,161,19,15,5,5,10,3,0.30000000000000004,0.7000000000000001
327,22,CARD,15,0,29,161,50,15,5,5,10,3,0.30000000000000004,0.7000000000000001
328,22,CLF_UNION,17,0,44,161,55,15,5,5,10,3,0.30000000000000004,0.7000000000000001
329,22,ORD-UNION,9,0,11,161,22,15,5,5,10,3,0.30000000000000004,0.7000000000000001
330,23,CARD,5,0,13,175,53,15,5,5,10,3,0.30000000000000004,0.7000000000000001
331,23,CLF_UNION,5,0,32,175,56,15,5,5,10,3,0.30000000000000004,0.7000000000000001
332,23,ORD-UNION,5,0,9,175,33,15,5,5,10,3,0.30000000000000004,0.7000000000000001
333,23,CARD,13,2,33,175,49,15,5,5,10,3,0.30000000000000004,0.7000000000000001
334,23,CLF_UNION,17,0,49,175,57,15,5,5,10,3,0.30000000000000004,0.7000000000000001
335,23,ORD-UNION,6,0,15,175,23,15,5,5,10,3,0.30000000000000004,0.7000000000000001
336,23,CARD,7,0,18,175,52,15,5,5,10,3,0.30000000000000004,0.7000000000000001
337,23,CLF_UNION,7,0,38,175,58,15,5,5,10,3,0.30000000000000004,0.7000000000000001
338,23,ORD-UNION,3,0,3,175,23,15,5,5,10,3,0.30000000000000004,0.7000000000000001
339,23,CARD,15,1,32,175,48,15,5,5,10,3,0.30000000000000004,0.7000000000000001
340,23,CLF_UNION,17,0,49,175,59,15,5,5,10,3,0.30000000000000004,0.7000000000000001
341,23,ORD-UNION,14,0,22,175,32,15,5,5,10,3,0.30000000000000004,0.7000000000000001
342,23,CARD,16,0,26,175,49,15,5,5,10,3,0.30000000000000004,0.7000000000000001
343,23,CLF_UNION,16,0,43,175,58,15,5,5,10,3,0.30000000000000004,0.7000000000000001
344,23,ORD-UNION,9,0,10,175,25,15,5,5,10,3,0.30000000000000004,0.7000000000000001
345,24,CARD,10,0,25,189,48,15,5,5,10,3,0.30000000000000004,0.7000000000000001
346,24,CLF_UNION,10,0,38,189,55,15,5,5,10,3,0.30000000000000004,0.7000000000000001
347,24,ORD-UNION,4,0,7,189,24,15,5,5,10,3,0.30000000000000004,0.7000000000000001
348,24,CARD,11,0,26,189,47,15,5,5,10,3,0.30000000000000004,0.7000000000000001
349,24,CLF_UNION,11,0,38,189,55,15,5,5,10,3,0.30000000000000004,0.7000000000000001
350,24,ORD-UNION,9,0,15,189,32,15,5,5,10,3,0.30000000000000004,0.7000000000000001
351,24,CARD,14,0,27,189,48,15,5,5,10,3,0.30000000000000004,0.7000000000000001
352,24,CLF_UNION,14,0,40,189,55,15,5,5,10,3,0.30000000000000004,0.7000000000000001
353,24,ORD-UNION,9,0,12,189,27,15,5,5,10,3,0.30000000000000004,0.7000000000000001
354,24,CARD,11,0,28,189,50,15,5,5,10,3,0.30000000000000004,0.7000000000000001
355,24,CLF_UNION,11,0,43,189,55,15,5,5,10,3,0.30000000000000004,0.7000000000000001
356,24,ORD-UNION,10,0,15,189,27,15,5,5,10,3,0.30000000000000004,0.7000000000000001
357,24,CARD,17,1,28,189,48,15,5,5,10,3,0.30000000000000004,0.7000000000000001
358,24,CLF_UNION,18,0,42,189,56,15,5,5,10,3,0.30000000000000004,0.7000000000000001
359,24,ORD-UNION,10,0,11,189,25,15,5,5,10,3,0.30000000000000004,0.7000000000000001
360,1,CARD,12,4,25,1,65,15,5,5,10,3,0.30000000000000004,0.7000000000000001
361,1,CLF_UNION,27,11,72,1,72,15,5,5,10,3,0.30000000000000004,0.7000000000000001
362,1,ORD-UNION,1,0,1,1,1,15,5,5,10,3,0.30000000000000004,0.7000000000000001
363,1,CARD,10,6,25,1,65,15,5,5,10,3,0.30000000000000004,0.7000000000000001
364,1,CLF_UNION,21,18,72,1,72,15,5,5,10,3,0.30000000000000004,0.7000000000000001
365,1,ORD-UNION,0,0,0,1,0,15,5,5,10,3,0.30000000000000004,0.7000000000000001
366,1,CARD,7,7,25,1,65,15,5,5,10,3,0.30000000000000004,0.7000000000000001
367,1,CLF_UNION,20,23,77,1,77,15,5,5,10,3,0.30000000000000004,0.7000000000000001
368,1,ORD-UNION,0,0,0,1,0,15,5,5,10,3,0.30000000000000004,0.7000000000000001
369,1,CARD,11,4,25,1,65,15,5,5,10,3,0.30000000000000004,0.7000000000000001
370,1,CLF_UNION,21,17,68,1,68,15,5,5,10,3,0.30000000000000004,0.7000000000000001
371,1,ORD-UNION,0,0,0,1,0,15,5,5,10,3,0.30000000000000004,0.7000000000000001
372,1,CARD,8,7,25,1,65,15,5,5,10,3,0.30000000000000004,0.7000000000000001
373,1,CLF_UNION,17,19,68,1,68,15,5,5,10,3,0.30000000000000004,0.7000000000000001
374,1,ORD-UNION,0,0,1,1,1,15,5,5,10,3,0.30000000000000004,0.7000000000000001
375,2,CARD,11,6,24,2,66,15,5,5,10,3,0.30000000000000004,0.7000000000000001
376,2,CLF_UNION,20,15,57,2,57,15,5,5,10,3,0.30000000000000004,0.7000000000000001
377,2,ORD-UNION,0,0,0,2,0,15,5,5,10,3,0.30000000000000004,0.7000000000000001
378,2,CARD,14,5,25,2,65,15,5,5,10,3,0.30000000000000004,0.7000000000000001
379,2,CLF_UNION,21,14,58,2,58,15,5,5,10,3,0.30000000000000004,0.7000000000000001
380,2,ORD-UNION,1,0,1,2,1,15,5,5,10,3,0.30000000000000004,0.7000000000000001
381,2,CARD,13,2,24,2,66,15,5,5,10,3,0.30000000000000004,0.7000000000000001
382,2,CLF_UNION,29,4,62,2,62,15,5,5,10,3,0.30000000000000004,0.7000000000000001
383,2,ORD-UNION,0,0,0,2,0,15,5,5,10,3,0.30000000000000004,0.7000000000000001
384,2,CARD,6,12,24,2,66,15,5,5,10,3,0.30000000000000004,0.7000000000000001
385,2,CLF_UNION,18,15,56,2,56,15,5,5,10,3,0.30000000000000004,0.7000000000000001
386,2,ORD-UNION,0,0,0,2,0,15,5,5,10,3,0.30000000000000004,0.7000000000000001
387,2,CARD,3,12,25,2,65,15,5,5,10,3,0.30000000000000004,0.7000000000000001
388,2,CLF_UNION,14,17,59,2,59,15,5,5,10,3,0.30000000000000004,0.7000000000000001
389,2,ORD-UNION,0,0,0,2,0,15,5,5,10,3,0.30000000000000004,0.7000000000000001
390,3,CARD,11,15,37,5,53,15,5,5,10,3,0.30000000000000004,0.7000000000000001
391,3,CLF_UNION,20,14,56,5,56,15,5,5,10,3,0.30000000000000004,0.7000000000000001
392,3,ORD-UNION,0,0,0,5,0,15,5,5,10,3,0.30000000000000004,0.7000000000000001
393,3,CARD,6,16,37,5,52,15,5,5,10,3,0.30000000000000004,0.7000000000000001
394,3,CLF_UNION,13,16,56,5,57,15,5,5,10,3,0.30000000000000004,0.7000000000000001
395,3,ORD-UNION,0,0,1,5,2,15,5,5,10,3,0.30000000000000004,0.7000000000000001
396,3,CARD,15,8,33,5,57,15,5,5,10,3,0.30000000000000004,0.7000000000000001
397,3,CLF_UNION,28,7,57,5,57,15,5,5,10,3,0.30000000000000004,0.7000000000000001
398,3,ORD-UNION,0,0,0,5,0,15,5,5,10,3,0.30000000000000004,0.7000000000000001
399,3,CARD,12,16,37,5,52,15,5,5,10,3,0.30000000000000004,0.7000000000000001
400,3,CLF_UNION,20,15,56,5,57,15,5,5,10,3,0.30000000000000004,0.7000000000000001
401,3,ORD-UNION,0,0,0,5,1,15,5,5,10,3,0.30000000000000004,0.7000000000000001
402,3,CARD,19,9,40,5,50,15,5,5,10,3,0.30000000000000004,0.7000000000000001
403,3,CLF_UNION,24,7,55,5,55,15,5,5,10,3,0.30000000000000004,0.7000000000000001
404,3,ORD-UNION,1,0,1,5,1,15,5,5,10,3,0.30000000000000004,0.7000000000000001
405,4,CARD,16,9,33,7,57,15,5,5,10,3,0.30000000000000004,0.7000000000000001
406,4,CLF_UNION,22,13,57,7,57,15,5,5,10,3,0.30000000000000004,0.7000000000000001
407,4,ORD-UNION,1,0,1,7,1,15,5,5,10,3,0.30000000000000004,0.7000000000000001
408,4,CARD,13,7,30,7,58,15,5,5,10,3,0.30000000000000004,0.7000000000000001
409,4,CLF_UNION,22,11,57,7,59,15,5,5,10,3,0.30000000000000004,0.7000000000000001
410,4,ORD-UNION,0,0,0,7,2,15,5,5,10,3,0.30000000000000004,0.7000000000000001
411,4,CARD,15,12,34,7,55,15,5,5,10,3,0.30000000000000004,0.7000000000000001
412,4,CLF_UNION,31,2,56,7,57,15,5,5,10,3,0.30000000000000004,0.7000000000000001
413,4,ORD-UNION,2,0,3,7,4,15,5,5,10,3,0.30000000000000004,0.7000000000000001
414,4,CARD,8,14,36,7,54,15,5,5,10,3,0.30000000000000004,0.7000000000000001
415,4,CLF_UNION,28,4,60,7,60,15,5,5,10,3,0.30000000000000004,0.7000000000000001
416,4,ORD-UNION,1,0,1,7,1,15,5,5,10,3,0.30000000000000004,0.7000000000000001
417,4,CARD,17,10,37,7,53,15,5,5,10,3,0.30000000000000004,0.7000000000000001
418,4,CLF_UNION,30,3,56,7,56,15,5,5,10,3,0.30000000000000004,0.7000000000000001
419,4,ORD-UNION,1,0,1,7,1,15,5,5,10,3,0.30000000000000004,0.7000000000000001
420,5,CARD,15,13,42,11,48,15,5,5,10,3,0.30000000000000004,0.7000000000000001
421,5,CLF_UNION,20,9,55,11,55,15,5,5,10,3,0.30000000000000004,0.7000000000000001
422,5,ORD-UNION,1,0,2,11,2,15,5,5,10,3,0.30000000000000004,0.7000000000000001
423,5,CARD,13,5,33,11,57,15,5,5,10,3,0.30000000000000004,0.7000000000000001
424,5,CLF_UNION,23,0,55,11,55,15,5,5,10,3,0.30000000000000004,0.7000000000000001
425,5,ORD-UNION,3,0,4,11,4,15,5,5,10,3,0.30000000000000004,0.7000000000000001
426,5,CARD,12,12,40,11,49,15,5,5,10,3,0.30000000000000004,0.7000000000000001
427,5,CLF_UNION,24,3,55,11,56,15,5,5,10,3,0.30000000000000004,0.7000000000000001
428,5,ORD-UNION,0,0,1,11,2,15,5,5,10,3,0.30000000000000004,0.7000000000000001
429,5,CARD,14,13,39,11,51,15,5,5,10,3,0.30000000000000004,0.7000000000000001
430,5,CLF_UNION,19,13,55,11,55,15,5,5,10,3,0.30000000000000004,0.7000000000000001
431,5,ORD-UNION,1,0,1,11,1,15,5,5,10,3,0.30000000000000004,0.7000000000000001
432,5,CARD,16,9,39,11,51,15,5,5,10,3,0.30000000000000004,0.7000000000000001
433,5,CLF_UNION,31,0,56,11,56,15,5,5,10,3,0.30000000000000004,0.7000000000000001
434,5,ORD-UNION,0,0,0,11,0,15,5,5,10,3,0.30000000000000004,0.7000000000000001
435,6,CARD,25,1,38,17,49,15,5,5,10,3,0.30000000000000004,0.7000000000000001
436,6,CLF_UNION,27,1,52,17,55,15,5,5,10,3,0.30000000000000004,0.7000000000000001
437,6,ORD-UNION,1,0,2,17,5,15,5,5,10,3,0.30000000000000004,0.7000000000000001
438,6,CARD,19,3,38,17,49,15,5,5,10,3,0.30000000000000004,0.7000000000000001
439,6,CLF_UNION,24,1,52,17,55,15,5,5,10,3,0.30000000000000004,0.7000000000000001
440,6,ORD-UNION,0,0,1,17,4,15,5,5,10,3,0.30000000000000004,0.7000000000000001
441,6,CARD,25,5,43,17,47,15,5,5,10,3,0.30000000000000004,0.7000000000000001
442,6,CLF_UNION,31,1,56,17,56,15,5,5,10,3,0.30000000000000004,0.7000000000000001
443,6,ORD-UNION,1,0,1,17,1,15,5,5,10,3,0.30000000000000004,0.7000000000000001
444,6,CARD,13,13,42,17,48,15,5,5,10,3,0.30000000000000004,0.7000000000000001
445,6,CLF_UNION,22,5,56,17,56,15,5,5,10,3,0.30000000000000004,0.7000000000000001
446,6,ORD-UNION,0,0,0,17,0,15,5,5,10,3,0.30000000000000004,0.7000000000000001
447,6,CARD,12,8,40,17,50,15,5,5,10,3,0.30000000000000004,0.7000000000000001
448,6,CLF_UNION,23,0,55,17,55,15,5,5,10,3,0.30000000000000004,0.7000000000000001
449,6,ORD-UNION,0,0,1,17,1,15,5,5,10,3,0.30000000000000004,0.7000000000000001
450,7,CARD,22,3,37,22,52,15,5,5,10,3,0.30000000000000004,0.7000000000000001
451,7,CLF_UNION,29,2,54,22,55,15,5,5,10,3,0.30000000000000004,0.7000000000000001
452,7,ORD-UNION,3,0,5,22,6,15,5,5,10,3,0.30000000000000004,0.7000000000000001
453,7,CARD,15,4,41,22,49,15,5,5,10,3,0.30000000000000004,0.7000000000000001
454,7,CLF_UNION,18,3,55,22,55,15,5,5,10,3,0.30000000000000004,0.7000000000000001
455,7,ORD-UNION,2,0,3,22,3,15,5,5,10,3,0.30000000000000004,0.7000000000000001
456,7,CARD,21,10,37,22,53,15,5,5,10,3,0.30000000000000004,0.7000000000000001
457,7,CLF_UNION,22,13,55,22,55,15,5,5,10,3,0.30000000000000004,0.7000000000000001
458,7,ORD-UNION,2,0,2,22,2,15,5,5,10,3,0.30000000000000004,0.7000000000000001
459,7,CARD,19,9,36,22,52,15,5,5,10,3,0.30000000000000004,0.7000000000000001
460,7,CLF_UNION,21,10,53,22,55,15,5,5,10,3,0.30000000000000004,0.7000000000000001
461,7,ORD-UNION,2,0,3,22,5,15,5,5,10,3,0.30000000000000004,0.7000000000000001
462,7,CARD,19,4,33,22,52,15,5,5,10,3,0.30000000000000004,0.7000000000000001
463,7,CLF_UNION,25,3,50,22,55,15,5,5,10,3,0.30000000000000004,0.7000000000000001
464,7,ORD-UNION,2,0,2,22,7,15,5,5,10,3,0.30000000000000004,0.7000000000000001
465,8,CARD,13,13,39,27,46,15,5,5,10,3,0.30000000000000004,0.7000000000000001
466,8,CLF_UNION,24,5,52,27,57,15,5,5,10,3,0.30000000000000004,0.7000000000000001
467,8,ORD-UNION,3,0,5,27,10,15,5,5,10,3,0.30000000000000004,0.7000000000000001
468,8,CARD,14,11,36,27,51,15,5,5,10,3,0.30000000000000004,0.7000000000000001
469,8,CLF_UNION,21,10,53,27,56,15,5,5,10,3,0.30000000000000004,0.7000000000000001
470,8,ORD-UNION,1,0,1,27,4,15,5,5,10,3,0.30000000000000004,0.7000000000000001
471,8,CARD,12,9,32,27,55,15,5,5,10,3,0.30000000000000004,0.7000000000000001
472,8,CLF_UNION,25,1,54,27,57,15,5,5,10,3,0.30000000000000004,0.7000000000000001
473,8,ORD-UNION,4,0,5,27,8,15,5,5,10,3,0.30000000000000004,0.7000000000000001
474,8,CARD,18,13,41,27,49,15,5,5,10,3,0.30000000000000004,0.7000000000000001
475,8,CLF_UNION,22,11,56,27,56,15,5,5,10,3,0.30000000000000004,0.7000000000000001
476,8,ORD-UNION,4,0,5,27,5,15,5,5,10,3,0.30000000000000004,0.7000000000000001
477,8,CARD,22,5,37,27,48,15,5,5,10,3,0.30000000000000004,0.7000000000000001
478,8,CLF_UNION,22,9,52,27,57,15,5,5,10,3,0.30000000000000004,0.7000000000000001
479,8,ORD-UNION,2,0,3,27,8,15,5,5,10,3,0.30000000000000004,0.7000000000000001
480,9,CARD,26,4,42,33,46,15,5,5,10,3,0.30000000000000004,0.7000000000000001
481,9,CLF_UNION,28,2,53,33,55,15,5,5,10,3,0.30000000000000004,0.7000000000000001
482,9,ORD-UNION,2,0,5,33,7,15,5,5,10,3,0.30000000000000004,0.7000000000000001
483,9,CARD,22,2,34,33,48,15,5,5,10,3,0.30000000000000004,0.7000000000000001
484,9,CLF_UNION,24,1,50,33,58,15,5,5,10,3,0.30000000000000004,0.7000000000000001
485,9,ORD-UNION,3,0,3,33,11,15,5,5,10,3,0.30000000000000004,0.7000000000000001
486,9,CARD,17,14,43,33,46,15,5,5,10,3,0.30000000000000004,0.7000000000000001
487,9,CLF_UNION,22,10,54,33,55,15,5,5,10,3,0.30000000000000004,0.7000000000000001
488,9,ORD-UNION,3,0,5,33,6,15,5,5,10,3,0.30000000000000004,0.7000000000000001
489,9,CARD,18,10,41,33,47,15,5,5,10,3,0.30000000000000004,0.7000000000000001
490,9,CLF_UNION,25,4,53,33,55,15,5,5,10,3,0.30000000000000004,0.7000000000000001
491,9,ORD-UNION,2,0,2,33,4,15,5,5,10,3,0.30000000000000004,0.7000000000000001
492,9,CARD,11,20,39,33,47,15,5,5,10,3,0.30000000000000004,0.7000000000000001
493,9,CLF_UNION,18,13,51,33,55,15,5,5,10,3,0.30000000000000004,0.7000000000000001
494,9,ORD-UNION,1,0,1,33,5,15,5,5,10,3,0.30000000000000004,0.7000000000000001
495,10,CARD,21,9,41,39,46,15,5,5,10,3,0.30000000000000004,0.7000000000000001
496,10,CLF_UNION,22,8,52,39,55,15,5,5,10,3,0.30000000000000004,0.7000000000000001
497,10,ORD-UNION,0,0,0,39,3,15,5,5,10,3,0.30000000000000004,0.7000000000000001
498,10,CARD,17,0,40,39,46,15,5,5,10,3,0.30000000000000004,0.7000000000000001
499,10,CLF_UNION,17,0,51,39,55,15,5,5,10,3,0.30000000000000004,0.7000000000000001
500,10,ORD-UNION,0,0,3,39,7,15,5,5,10,3,0.30000000000000004,0.7000000000000001
501,10,CARD,15,10,36,39,46,15,5,5,10,3,0.30000000000000004,0.7000000000000001
502,10,CLF_UNION,17,8,47,39,55,15,5,5,10,3,0.30000000000000004,0.7000000000000001
503,10,ORD-UNION,3,0,4,39,12,15,5,5,10,3,0.30000000000000004,0.7000000000000001
504,10,CARD,26,0,41,39,47,15,5,5,10,3,0.30000000000000004,0.7000000000000001
505,10,CLF_UNION,26,0,53,39,55,15,5,5,10,3,0.30000000000000004,0.7000000000000001
506,10,ORD-UNION,3,0,3,39,5,15,5,5,10,3,0.30000000000000004,0.7000000000000001
507,10,CARD,26,9,43,39,47,15,5,5,10,3,0.30000000000000004,0.7000000000000001
508,10,CLF_UNION,27,8,55,39,55,15,5,5,10,3,0.30000000000000004,0.7000000000000001
509,10,ORD-UNION,1,0,1,39,1,15,5,5,10,3,0.30000000000000004,0.7000000000000001
510,11,CARD,19,10,38,46,49,15,5,5,10,3,0.30000000000000004,0.7000000000000001
511,11,CLF_UNION,22,10,54,46,57,15,5,5,10,3,0.30000000000000004,0.7000000000000001
512,11,ORD-UNION,4,0,6,46,9,15,5,5,10,3,0.30000000000000004,0.7000000000000001
513,11,CARD,11,2,40,46,48,15,5,5,10,3,0.30000000000000004,0.7000000000000001
514,11,CLF_UNION,14,0,55,46,57,15,5,5,10,3,0.30000000000000004,0.7000000000000001
515,11,ORD-UNION,3,0,4,46,6,15,5,5,10,3,0.30000000000000004,0.7000000000000001
516,11,CARD,14,0,38,46,49,15,5,5,10,3,0.30000000000000004,0.7000000000000001
517,11,CLF_UNION,14,0,54,46,57,15,5,5,10,3,0.30000000000000004,0.7000000000000001
518,11,ORD-UNION,2,0,6,46,9,15,5,5,10,3,0.30000000000000004,0.7000000000000001
519,11,CARD,22,9,42,46,48,15,5,5,10,3,0.30000000000000004,0.7000000000000001
520,11,CLF_UNION,21,12,57,46,57,15,5,5,10,3,0.30000000000000004,0.7000000000000001
521,11,ORD-UNION,8,0,10,46,10,15,5,5,10,3,0.30000000000000004,0.7000000000000001
522,11,CARD,12,13,38,46,48,15,5,5,10,3,0.30000000000000004,0.7000000000000001
523,11,CLF_UNION,17,8,53,46,57,15,5,5,10,3,0.30000000000000004,0.7000000000000001
524,11,ORD-UNION,4,0,8,46,12,15,5,5,10,3,0.30000000000000004,0.7000000000000001
525,12,CARD,24,0,41,53,46,15,5,5,10,3,0.30000000000000004,0.7000000000000001
526,12,CLF_UNION,24,0,57,53,60,15,5,5,10,3,0.30000000000000004,0.7000000000000001
527,12,ORD-UNION,5,0,11,53,14,15,5,5,10,3,0.30000000000000004,0.7000000000000001
528,12,CARD,16,10,39,53,48,15,5,5,10,3,0.30000000000000004,0.7000000000000001
529,12,CLF_UNION,18,8,55,53,58,15,5,5,10,3,0.30000000000000004,0.7000000000000001
530,12,ORD-UNION,4,0,5,53,8,15,5,5,10,3,0.30000000000000004,0.7000000000000001
531,12,CARD,26,2,42,53,45,15,5,5,10,3,0.30000000000000004,0.7000000000000001
532,12,CLF_UNION,26,2,53,53,56,15,5,5,10,3,0.30000000000000004,0.7000000000000001
533,12,ORD-UNION,3,0,3,53,6,15,5,5,10,3,0.30000000000000004,0.7000000000000001
534,12,CARD,17,9,39,53,48,15,5,5,10,3,0.30000000000000004,0.7000000000000001
535,12,CLF_UNION,18,8,54,53,57,15,5,5,10,3,0.30000000000000004,0.7000000000000001
536,12,ORD-UNION,5,0,7,53,10,15,5,5,10,3,0.30000000000000004,0.7000000000000001
537,12,CARD,21,13,43,53,46,15,5,5,10,3,0.30000000000000004,0.7000000000000001
538,12,CLF_UNION,27,8,55,53,56,15,5,5,10,3,0.30000000000000004,0.7000000000000001
539,12,ORD-UNION,2,0,3,53,4,15,5,5,10,3,0.30000000000000004,0.7000000000000001
540,13,CARD,20,0,32,65,47,15,5,5,10,3,0.30000000000000004,0.7000000000000001
541,13,CLF_UNION,19,1,44,65,55,15,5,5,10,3,0.30000000000000004,0.7000000000000001
542,13,ORD-UNION,3,0,8,65,19,15,5,5,10,3,0.30000000000000004,0.7000000000000001
543,13,CARD,25,0,35,65,49,15,5,5,10,3,0.30000000000000004,0.7000000000000001
544,13,CLF_UNION,22,3,49,65,55,15,5,5,10,3,0.30000000000000004,0.7000000000000001
545,13,ORD-UNION,0,0,3,65,9,15,5,5,10,3,0.30000000000000004,0.7000000000000001
546,13,CARD,15,9,34,65,47,15,5,5,10,3,0.30000000000000004,0.7000000000000001
547,13,CLF_UNION,15,9,46,65,55,15,5,5,10,3,0.30000000000000004,0.7000000000000001
548,13,ORD-UNION,5,0,10,65,19,15,5,5,10,3,0.30000000000000004,0.7000000000000001
549,13,CARD,27,0,38,65,47,15,5,5,10,3,0.30000000000000004,0.7000000000000001
550,13,CLF_UNION,27,0,50,65,55,15,5,5,10,3,0.30000000000000004,0.7000000000000001
551,13,ORD-UNION,5,0,7,65,12,15,5,5,10,3,0.30000000000000004,0.7000000000000001
552,13,CARD,19,0,30,65,56,15,5,5,10,3,0.30000000000000004,0.7000000000000001
553,13,CLF_UNION,19,0,51,65,55,15,5,5,10,3,0.30000000000000004,0.7000000000000001
554,13,ORD-UNION,0,0,2,65,6,15,5,5,10,3,0.30000000000000004,0.7000000000000001
555,14,CARD,9,15,38,78,47,15,5,5,10,3,0.30000000000000004,0.7000000000000001
556,14,CLF_UNION,20,4,51,78,56,15,5,5,10,3,0.30000000000000004,0.7000000000000001
557,14,ORD-UNION,6,4,14,78,19,15,5,5,10,3,0.30000000000000004,0.7000000000000001
558,14,CARD,14,12,42,78,46,15,5,5,10,3,0.30000000000000004,0.7000000000000001
559,14,CLF_UNION,18,9,54,78,56,15,5,5,10,3,0.30000000000000004,0.7000000000000001
560,14,ORD-UNION,4,8,20,78,22,15,5,5,10,3,0.30000000000000004,0.7000000000000001
561,14,CARD,12,2,27,78,49,15,5,5,10,3,0.30000000000000004,0.7000000000000001
562,14,CLF_UNION,13,2,43,78,56,15,5,5,10,3,0.30000000000000004,0.7000000000000001
563,14,ORD-UNION,2,0,4,78,18,15,5,5,10,3,0.30000000000000004,0.7000000000000001
564,14,CARD,11,6,37,78,46,15,5,5,10,3,0.30000000000000004,0.7000000000000001
565,14,CLF_UNION,17,0,48,78,55,15,5,5,10,3,0.30000000000000004,0.7000000000000001
566,14,ORD-UNION,6,0,15,78,22,15,5,5,10,3,0.30000000000000004,0.7000000000000001
567,14,CARD,18,12,41,78,47,15,5,5,10,3,0.30000000000000004,0.7000000000000001
568,14,CLF_UNION,25,5,53,78,55,15,5,5,10,3,0.30000000000000004,0.7000000000000001
569,14,ORD-UNION,10,7,22,78,24,15,5,5,10,3,0.30000000000000004,0.7000000000000001
