,budget,model,correct,wrong,total,n_pref_input,n_pref_output,theta_size,theta_additivity,n_items,n_test_subsets,n_tiers,alpha,p
0,1,CARD,11,3,25,1,65,15,5,5,10,3,0.30000000000000004,0.30000000000000004
1,1,CLF_UNION,22,7,64,1,64,15,5,5,10,3,0.30000000000000004,0.30000000000000004
2,1,ORD-UNION,0,0,0,1,0,15,5,5,10,3,0.30000000000000004,0.30000000000000004
3,1,CARD,14,3,25,1,65,15,5,5,10,3,0.30000000000000004,0.30000000000000004
4,1,CLF_UNION,31,4,64,1,64,15,5,5,10,3,0.30000000000000004,0.30000000000000004
5,1,ORD-UNION,0,0,0,1,0,15,5,5,10,3,0.30000000000000004,0.30000000000000004
6,1,CARD,7,6,21,1,69,15,5,5,10,3,0.30000000000000004,0.30000000000000004
7,1,CLF_UNION,26,11,76,1,76,15,5,5,10,3,0.30000000000000004,0.30000000000000004
8,1,ORD-UNION,0,0,0,1,0,15,5,5,10,3,0.30000000000000004,0.30000000000000004
9,1,CARD,12,2,21,1,69,15,5,5,10,3,0.30000000000000004,0.30000000000000004
10,1,CLF_UNION,29,7,64,1,64,15,5,5,10,3,0.30000000000000004,0.30000000000000004
11,1,ORD-UNION,0,0,0,1,0,15,5,5,10,3,0.30000000000000004,0.30000000000000004
12,1,CARD,17,1,25,1,65,15,5,5,10,3,0.30000000000000004,0.30000000000000004
13,1,CLF_UNION,27,7,66,1,66,15,5,5,10,3,0.30000000000000004,0.30000000000000004
14,1,ORD-UNION,0,0,0,1,0,15,5,5,10,3,0.30000000000000004,0.30000000000000004
15,2,CARD,20,4,36,3,54,15,5,5,10,3,0.30000000000000004,0.30000000000000004
16,2,CLF_UNION,26,2,60,3,60,15,5,5,10,3,0.30000000000000004,0.30000000000000004
17,2,ORD-UNION,1,0,1,3,1,15,5,5,10,3,0.30000000000000004,0.30000000000000004
18,2,CARD,20,4,37,3,53,15,5,5,10,3,0.30000000000000004,0.30000000000000004
19,2,CLF_UNION,24,7,59,3,59,15,5,5,10,3,0.30000000000000004,0.30000000000000004
20,2,ORD-UNION,0,0,1,3,1,15,5,5,10,3,0.30000000000000004,0.30000000000000004
21,2,CARD,14,8,35,3,55,15,5,5,10,3,0.30000000000000004,0.30000000000000004
22,2,CLF_UNION,26,2,59,3,59,15,5,5,10,3,0.30000000000000004,0.30000000000000004
23,2,ORD-UNION,0,0,0,3,0,15,5,5,10,3,0.30000000000000004,0.30000000000000004
24,2,CARD,22,0,34,3,55,15,5,5,10,3,0.30000000000000004,0.30000000000000004
25,2,CLF_UNION,23,1,58,3,59,15,5,5,10,3,0.30000000000000004,0.30000000000000004
26,2,ORD-UNION,1,0,1,3,2,15,5,5,10,3,0.30000000000000004,0.30000000000000004
27,2,CARD,17,7,37,3,53,15,5,5,10,3,0.30000000000000004,0.30000000000000004
28,2,CLF_UNION,26,4,60,3,60,15,5,5,10,3,0.30000000000000004,0.30000000000000004
29,2,ORD-UNION,0,0,0,3,0,15,5,5,10,3,0.30000000000000004,0.30000000000000004
30,3,CARD,21,0,37,5,52,15,5,5,10,3,0.30000000000000004,0.30000000000000004
31,3,CLF_UNION,25,1,56,5,57,15,5,5,10,3,0.30000000000000004,0.30000000000000004
32,3,ORD-UNION,0,0,1,5,2,15,5,5,10,3,0.30000000000000004,0.30000000000000004
33,3,CARD,21,9,39,5,51,15,5,5,10,3,0.30000000000000004,0.30000000000000004
34,3,CLF_UNION,31,1,56,5,56,15,5,5,10,3,0.30000000000000004,0.30000000000000004
35,3,ORD-UNION,0,0,0,5,0,15,5,5,10,3,0.30000000000000004,0.30000000000000004
36,3,CARD,18,6,38,5,52,15,5,5,10,3,0.30000000000000004,0.30000000000000004
37,3,CLF_UNION,28,3,58,5,58,15,5,5,10,3,0.30000000000000004,0.30000000000000004
38,3,ORD-UNION,0,0,1,5,1,15,5,5,10,3,0.30000000000000004,0.30000000000000004
39,3,CARD,14,7,37,5,53,15,5,5,10,3,0.30000000000000004,0.30000000000000004
40,3,CLF_UNION,22,4,57,5,57,15,5,5,10,3,0.30000000000000004,0.30000000000000004
41,3,ORD-UNION,1,0,2,5,2,15,5,5,10,3,0.30000000000000004,0.30000000000000004
42,3,CARD,18,7,34,5,56,15,5,5,10,3,0.30000000000000004,0.30000000000000004
43,3,CLF_UNION,24,10,57,5,57,15,5,5,10,3,0.30000000000000004,0.30000000000000004
44,3,ORD-UNION,0,0,0,5,0,15,5,5,10,3,0.30000000000000004,0.30000000000000004
45,4,CARD,20,4,43,8,47,15,5,5,10,3,0.30000000000000004,0.30000000000000004
46,4,CLF_UNION,24,2,57,8,57,15,5,5,10,3,0.30000000000000004,0.30000000000000004
47,4,ORD-UNION,1,0,1,8,1,15,5,5,10,3,0.30000000000000004,0.30000000000000004
48,4,CARD,21,6,43,8,47,15,5,5,10,3,0.30000000000000004,0.30000000000000004
49,4,CLF_UNION,25,4,57,8,57,15,5,5,10,3,0.30000000000000004,0.30000000000000004
50,4,ORD-UNION,0,0,1,8,1,15,5,5,10,3,0.30000000000000004,0.30000000000000004
51,4,CARD,18,10,41,8,49,15,5,5,10,3,0.30000000000000004,0.30000000000000004
52,4,CLF_UNION,23,9,56,8,56,15,5,5,10,3,0.30000000000000004,0.30000000000000004
53,4,ORD-UNION,0,0,0,8,0,15,5,5,10,3,0.30000000000000004,0.30000000000000004
54,4,CARD,20,3,37,8,52,15,5,5,10,3,0.30000000000000004,0.30000000000000004
55,4,CLF_UNION,28,1,56,8,57,15,5,5,10,3,0.30000000000000004,0.30000000000000004
56,4,ORD-UNION,0,0,1,8,2,15,5,5,10,3,0.30000000000000004,0.30000000000000004
57,4,CARD,18,10,41,8,48,15,5,5,10,3,0.30000000000000004,0.30000000000000004
58,4,CLF_UNION,30,2,55,8,56,15,5,5,10,3,0.30000000000000004,0.30000000000000004
59,4,ORD-UNION,0,0,0,8,1,15,5,5,10,3,0.30000000000000004,0.30000000000000004
60,5,CARD,24,4,41,13,48,15,5,5,10,3,0.30000000000000004,0.30000000000000004
61,5,CLF_UNION,26,5,54,13,55,15,5,5,10,3,0.30000000000000004,0.30000000000000004
62,5,ORD-UNION,1,0,2,13,3,15,5,5,10,3,0.30000000000000004,0.30000000000000004
63,5,CARD,18,7,40,13,49,15,5,5,10,3,0.30000000000000004,0.30000000000000004
64,5,CLF_UNION,21,7,54,13,55,15,5,5,10,3,0.30000000000000004,0.30000000000000004
65,5,ORD-UNION,0,0,0,13,1,15,5,5,10,3,0.30000000000000004,0.30000000000000004
66,5,CARD,11,13,40,13,49,15,5,5,10,3,0.30000000000000004,0.30000000000000004
67,5,CLF_UNION,21,7,54,13,55,15,5,5,10,3,0.30000000000000004,0.30000000000000004
68,5,ORD-UNION,0,0,0,13,1,15,5,5,10,3,0.30000000000000004,0.30000000000000004
69,5,CARD,27,3,43,13,47,15,5,5,10,3,0.30000000000000004,0.30000000000000004
70,5,CLF_UNION,29,3,55,13,55,15,5,5,10,3,0.30000000000000004,0.30000000000000004
71,5,ORD-UNION,1,0,1,13,1,15,5,5,10,3,0.30000000000000004,0.30000000000000004
72,5,CARD,17,4,37,13,48,15,5,5,10,3,0.30000000000000004,0.30000000000000004
73,5,CLF_UNION,20,3,50,13,55,15,5,5,10,3,0.30000000000000004,0.30000000000000004
74,5,ORD-UNION,0,0,0,13,5,15,5,5,10,3,0.30000000000000004,0.30000000000000004
75,6,CARD,27,2,40,17,49,15,5,5,10,3,0.30000000000000004,0.30000000000000004
76,6,CLF_UNION,29,4,55,17,56,15,5,5,10,3,0.30000000000000004,0.30000000000000004
77,6,ORD-UNION,0,0,0,17,1,15,5,5,10,3,0.30000000000000004,0.30000000000000004
78,6,CARD,21,4,39,17,49,15,5,5,10,3,0.30000000000000004,0.30000000000000004
79,6,CLF_UNION,25,0,53,17,55,15,5,5,10,3,0.30000000000000004,0.30000000000000004
80,6,ORD-UNION,0,0,1,17,3,15,5,5,10,3,0.30000000000000004,0.30000000000000004
81,6,CARD,20,6,42,17,47,15,5,5,10,3,0.30000000000000004,0.30000000000000004
82,6,CLF_UNION,25,2,54,17,55,15,5,5,10,3,0.30000000000000004,0.30000000000000004
83,6,ORD-UNION,0,0,1,17,2,15,5,5,10,3,0.30000000000000004,0.30000000000000004
84,6,CARD,19,8,42,17,48,15,5,5,10,3,0.30000000000000004,0.30000000000000004
85,6,CLF_UNION,26,3,55,17,55,15,5,5,10,3,0.30000000000000004,0.30000000000000004
86,6,ORD-UNION,1,0,1,17,1,15,5,5,10,3,0.30000000000000004,0.30000000000000004
87,6,CARD,16,3,36,17,50,15,5,5,10,3,0.30000000000000004,0.30000000000000004
88,6,CLF_UNION,18,2,51,17,55,15,5,5,10,3,0.30000000000000004,0.30000000000000004
89,6,ORD-UNION,0,0,2,17,6,15,5,5,10,3,0.30000000000000004,0.30000000000000004
90,7,CARD,19,3,38,21,50,15,5,5,10,3,0.30000000000000004,0.30000000000000004
91,7,CLF_UNION,18,4,54,21,56,15,5,5,10,3,0.30000000000000004,0.30000000000000004
92,7,ORD-UNION,0,0,0,21,2,15,5,5,10,3,0.30000000000000004,0.30000000000000004
93,7,CARD,28,4,40,21,49,15,5,5,10,3,0.30000000000000004,0.30000000000000004
94,7,CLF_UNION,27,5,54,21,55,15,5,5,10,3,0.30000000000000004,0.30000000000000004
95,7,ORD-UNION,1,0,1,21,2,15,5,5,10,3,0.30000000000000004,0.30000000000000004
96,7,CARD,27,4,43,21,47,15,5,5,10,3,0.30000000000000004,0.30000000000000004
97,7,CLF_UNION,30,1,56,21,56,15,5,5,10,3,0.30000000000000004,0.30000000000000004
98,7,ORD-UNION,1,0,3,21,3,15,5,5,10,3,0.30000000000000004,0.30000000000000004
99,7,CARD,24,2,40,21,49,15,5,5,10,3,0.30000000000000004,0.30000000000000004
100,7,CLF_UNION,26,0,56,21,57,15,5,5,10,3,0.30000000000000004,0.30000000000000004
101,7,ORD-UNION,0,0,1,21,2,15,5,5,10,3,0.30000000000000004,0.30000000000000004
102,7,CARD,21,4,39,21,51,15,5,5,10,3,0.30000000000000004,0.30000000000000004
103,7,CLF_UNION,24,1,56,21,56,15,5,5,10,3,0.30000000000000004,0.30000000000000004
104,7,ORD-UNION,0,0,0,21,0,15,5,5,10,3,0.30000000000000004,0.30000000000000004
105,8,CARD,28,0,36,27,51,15,5,5,10,3,0.30000000000000004,0.30000000000000004
106,8,CLF_UNION,28,0,52,27,55,15,5,5,10,3,0.30000000000000004,0.30000000000000004
107,8,ORD-UNION,0,0,1,27,4,15,5,5,10,3,0.30000000000000004,0.30000000000000004
108,8,CARD,26,5,43,27,47,15,5,5,10,3,0.30000000000000004,0.30000000000000004
109,8,CLF_UNION,28,3,55,27,55,15,5,5,10,3,0.30000000000000004,0.30000000000000004
110,8,ORD-UNION,0,0,0,27,0,15,5,5,10,3,0.30000000000000004,0.30000000000000004
111,8,CARD,19,0,27,27,57,15,5,5,10,3,0.30000000000000004,0.30000000000000004
112,8,CLF_UNION,19,0,49,27,55,15,5,5,10,3,0.30000000000000004,0.30000000000000004
113,8,ORD-UNION,2,0,3,27,9,15,5,5,10,3,0.30000000000000004,0.30000000000000004
114,8,CARD,24,3,41,27,48,15,5,5,10,3,0.30000000000000004,0.30000000000000004
115,8,CLF_UNION,26,2,54,27,55,15,5,5,10,3,0.30000000000000004,0.30000000000000004
116,8,ORD-UNION,2,0,2,27,3,15,5,5,10,3,0.30000000000000004,0.30000000000000004
117,8,CARD,26,0,39,27,50,15,5,5,10,3,0.30000000000000004,0.30000000000000004
118,8,CLF_UNION,26,0,54,27,55,15,5,5,10,3,0.30000000000000004,0.30000000000000004
119,8,ORD-UNION,1,0,2,27,3,15,5,5,10,3,0.30000000000000004,0.30000000000000004
120,9,CARD,26,0,33,32,52,15,5,5,10,3,0.30000000000000004,0.30000000000000004
121,9,CLF_UNION,23,4,51,32,56,15,5,5,10,3,0.30000000000000004,0.30000000000000004
122,9,ORD-UNION,0,0,1,32,6,15,5,5,10,3,0.30000000000000004,0.30000000000000004
123,9,CARD,26,1,38,32,49,15,5,5,10,3,0.30000000000000004,0.30000000000000004
124,9,CLF_UNION,28,0,52,32,55,15,5,5,10,3,0.30000000000000004,0.30000000000000004
125,9,ORD-UNION,3,0,4,32,7,15,5,5,10,3,0.30000000000000004,0.30000000000000004
126,9,CARD,15,0,38,32,51,15,5,5,10,3,0.30000000000000004,0.30000000000000004
127,9,CLF_UNION,15,0,54,32,55,15,5,5,10,3,0.30000000000000004,0.30000000000000004
128,9,ORD-UNION,1,0,2,32,3,15,5,5,10,3,0.30000000000000004,0.30000000000000004
129,9,CARD,31,1,41,32,49,15,5,5,10,3,0.30000000000000004,0.30000000000000004
130,9,CLF_UNION,31,1,55,32,55,15,5,5,10,3,0.30000000000000004,0.30000000000000004
131,9,ORD-UNION,3,0,4,32,4,15,5,5,10,3,0.30000000000000004,0.30000000000000004
132,9,CARD,20,2,32,32,50,15,5,5,10,3,0.30000000000000004,0.30000000000000004
133,9,CLF_UNION,22,1,47,32,55,15,5,5,10,3,0.30000000000000004,0.30000000000000004
134,9,ORD-UNION,1,0,1,32,9,15,5,5,10,3,0.30000000000000004,0.30000000000000004
135,10,CARD,18,2,32,37,58,15,5,5,10,3,0.30000000000000004,0.30000000000000004
136,10,CLF_UNION,27,2,56,37,56,15,5,5,10,3,0.30000000000000004,0.30000000000000004
137,10,ORD-UNION,3,0,3,37,3,15,5,5,10,3,0.30000000000000004,0.30000000000000004
138,10,CARD,18,3,34,37,53,15,5,5,10,3,0.30000000000000004,0.30000000000000004
139,10,CLF_UNION,23,1,52,37,55,15,5,5,10,3,0.30000000000000004,0.30000000000000004
140,10,ORD-UNION,7,0,7,37,10,15,5,5,10,3,0.30000000000000004,0.30000000000000004
141,10,CARD,28,0,36,37,52,15,5,5,10,3,0.30000000000000004,0.30000000000000004
142,10,CLF_UNION,28,3,53,37,55,15,5,5,10,3,0.30000000000000004,0.30000000000000004
143,10,ORD-UNION,4,0,5,37,7,15,5,5,10,3,0.30000000000000004,0.30000000000000004
144,10,CARD,20,1,34,37,54,15,5,5,10,3,0.30000000000000004,0.30000000000000004
145,10,CLF_UNION,25,0,53,37,55,15,5,5,10,3,0.30000000000000004,0.30000000000000004
146,10,ORD-UNION,3,0,3,37,5,15,5,5,10,3,0.30000000000000004,0.30000000000000004
147,10,CARD,19,4,38,37,50,15,5,5,10,3,0.30000000000000004,0.30000000000000004
148,10,CLF_UNION,23,4,53,37,55,15,5,5,10,3,0.30000000000000004,0.30000000000000004
149,10,ORD-UNION,1,0,2,37,4,15,5,5,10,3,0.30000000000000004,0.30000000000000004
150,11,CARD,22,7,39,45,50,15,5,5,10,3,0.30000000000000004,0.30000000000000004
151,11,CLF_UNION,30,0,54,45,55,15,5,5,10,3,0.30000000000000004,0.30000000000000004
152,11,ORD-UNION,4,0,4,45,5,15,5,5,10,3,0.30000000000000004,0.30000000000000004
153,11,CARD,27,0,38,45,52,15,5,5,10,3,0.30000000000000004,0.30000000000000004
154,11,CLF_UNION,23,5,56,45,56,15,5,5,10,3,0.30000000000000004,0.30000000000000004
155,11,ORD-UNION,0,0,0,45,0,15,5,5,10,3,0.30000000000000004,0.30000000000000004
156,11,CARD,15,0,31,45,53,15,5,5,10,3,0.30000000000000004,0.30000000000000004
157,11,CLF_UNION,15,0,49,45,55,15,5,5,10,3,0.30000000000000004,0.30000000000000004
158,11,ORD-UNION,0,0,1,45,7,15,5,5,10,3,0.30000000000000004,0.30000000000000004
159,11,CARD,16,2,35,45,51,15,5,5,10,3,0.30000000000000004,0.30000000000000004
160,11,CLF_UNION,15,5,52,45,56,15,5,5,10,3,0.30000000000000004,0.30000000000000004
161,11,ORD-UNION,1,0,3,45,7,15,5,5,10,3,0.30000000000000004,0.30000000000000004
162,11,CARD,19,3,39,45,49,15,5,5,10,3,0.30000000000000004,0.30000000000000004
163,11,CLF_UNION,18,4,53,45,55,15,5,5,10,3,0.30000000000000004,0.30000000000000004
164,11,ORD-UNION,3,0,4,45,6,15,5,5,10,3,0.30000000000000004,0.30000000000000004
165,12,CARD,24,6,42,53,47,15,5,5,10,3,0.30000000000000004,0.30000000000000004
166,12,CLF_UNION,30,0,54,53,55,15,5,5,10,3,0.30000000000000004,0.30000000000000004
167,12,ORD-UNION,3,0,3,53,4,15,5,5,10,3,0.30000000000000004,0.30000000000000004
168,12,CARD,16,0,28,53,58,15,5,5,10,3,0.30000000000000004,0.30000000000000004
169,12,CLF_UNION,20,0,53,53,57,15,5,5,10,3,0.30000000000000004,0.30000000000000004
170,12,ORD-UNION,4,0,5,53,9,15,5,5,10,3,0.30000000000000004,0.30000000000000004
171,12,CARD,27,3,41,53,46,15,5,5,10,3,0.30000000000000004,0.30000000000000004
172,12,CLF_UNION,30,0,52,53,55,15,5,5,10,3,0.30000000000000004,0.30000000000000004
173,12,ORD-UNION,1,0,1,53,4,15,5,5,10,3,0.30000000000000004,0.30000000000000004
174,12,CARD,12,1,26,53,56,15,5,5,10,3,0.30000000000000004,0.30000000000000004
175,12,CLF_UNION,15,2,47,53,55,15,5,5,10,3,0.30000000000000004,0.30000000000000004
176,12,ORD-UNION,0,0,2,53,10,15,5,5,10,3,0.30000000000000004,0.30000000000000004
177,12,CARD,28,0,38,53,49,15,5,5,10,3,0.30000000000000004,0.30000000000000004
178,12,CLF_UNION,28,0,55,53,58,15,5,5,10,3,0.30000000000000004,0.30000000000000004
179,12,ORD-UNION,3,0,3,53,6,15,5,5,10,3,0.30000000000000004,0.30000000000000004
180,13,CARD,27,0,40,61,48,15,5,5,10,3,0.30000000000000004,0.30000000000000004
181,13,CLF_UNION,27,0,53,61,55,15,5,5,10,3,0.30000000000000004,0.30000000000000004
182,13,ORD-UNION,2,0,2,61,4,15,5,5,10,3,0.30000000000000004,0.30000000000000004
183,13,CARD,17,0,28,61,52,15,5,5,10,3,0.30000000000000004,0.30000000000000004
184,13,CLF_UNION,17,0,45,61,55,15,5,5,10,3,0.30000000000000004,0.30000000000000004
185,13,ORD-UNION,2,0,4,61,14,15,5,5,10,3,0.30000000000000004,0.30000000000000004
186,13,CARD,22,0,31,61,50,15,5,5,10,3,0.30000000000000004,0.30000000000000004
187,13,CLF_UNION,23,0,46,61,55,15,5,5,10,3,0.30000000000000004,0.30000000000000004
188,13,ORD-UNION,0,0,1,61,10,15,5,5,10,3,0.30000000000000004,0.30000000000000004
189,13,CARD,26,1,38,61,47,15,5,5,10,3,0.30000000000000004,0.30000000000000004
190,13,CLF_UNION,27,0,50,61,55,15,5,5,10,3,0.30000000000000004,0.30000000000000004
191,13,ORD-UNION,2,0,3,61,8,15,5,5,10,3,0.30000000000000004,0.30000000000000004
192,13,CARD,25,2,36,61,51,15,5,5,10,3,0.30000000000000004,0.30000000000000004
193,13,CLF_UNION,30,0,52,61,55,15,5,5,10,3,0.30000000000000004,0.30000000000000004
194,13,ORD-UNION,3,0,4,61,7,15,5,5,10,3,0.30000000000000004,0.30000000000000004
195,14,CARD,28,0,33,69,53,15,5,5,10,3,0.30000000000000004,0.30000000000000004
196,14,CLF_UNION,28,0,51,69,55,15,5,5,10,3,0.30000000000000004,0.30000000000000004
197,14,ORD-UNION,1,0,1,69,5,15,5,5,10,3,0.30000000000000004,0.30000000000000004
198,14,CARD,15,0,24,69,57,15,5,5,10,3,0.30000000000000004,0.30000000000000004
199,14,CLF_UNION,18,0,47,69,56,15,5,5,10,3,0.30000000000000004,0.30000000000000004
200,14,ORD-UNION,3,0,4,69,13,15,5,5,10,3,0.30000000000000004,0.30000000000000004
201,14,CARD,21,0,30,69,49,15,5,5,10,3,0.30000000000000004,0.30000000000000004
202,14,CLF_UNION,20,1,44,69,55,15,5,5,10,3,0.30000000000000004,0.30000000000000004
203,14,ORD-UNION,4,0,5,69,16,15,5,5,10,3,0.30000000000000004,0.30000000000000004
204,14,CARD,17,0,23,69,56,15,5,5,10,3,0.30000000000000004,0.30000000000000004
205,14,CLF_UNION,21,0,45,69,56,15,5,5,10,3,0.30000000000000004,0.30000000000000004
206,14,ORD-UNION,0,0,0,69,11,15,5,5,10,3,0.30000000000000004,0.30000000000000004
207,14,CARD,16,1,27,69,52,15,5,5,10,3,0.30000000000000004,0.30000000000000004
208,14,CLF_UNION,20,0,44,69,55,15,5,5,10,3,0.30000000000000004,0.30000000000000004
209,14,ORD-UNION,2,0,2,69,13,15,5,5,10,3,0.30000000000000004,0.30000000000000004
210,15,CARD,10,0,16,77,55,15,5,5,10,3,0.30000000000000004,0.30000000000000004
211,15,CLF_UNION,10,0,36,77,55,15,5,5,10,3,0.30000000000000004,0.30000000000000004
212,15,ORD-UNION,1,0,3,77,22,15,5,5,10,3,0.30000000000000004,0.30000000000000004
213,15,CARD,20,2,34,77,52,15,5,5,10,3,0.30000000000000004,0.30000000000000004
214,15,CLF_UNION,23,0,51,77,55,15,5,5,10,3,0.30000000000000004,0.30000000000000004
215,15,ORD-UNION,2,0,2,77,6,15,5,5,10,3,0.30000000000000004,0.30000000000000004
216,15,CARD,11,1,23,77,52,15,5,5,10,3,0.30000000000000004,0.30000000000000004
217,15,CLF_UNION,14,0,40,77,55,15,5,5,10,3,0.30000000000000004,0.30000000000000004
218,15,ORD-UNION,0,0,1,77,16,15,5,5,10,3,0.30000000000000004,0.30000000000000004
219,15,CARD,8,2,23,77,53,15,5,5,10,3,0.30000000000000004,0.30000000000000004
220,15,CLF_UNION,12,1,42,77,56,15,5,5,10,3,0.30000000000000004,0.30000000000000004
221,15,ORD-UNION,4,0,6,77,20,15,5,5,10,3,0.30000000000000004,0.30000000000000004
222,15,CARD,14,0,17,77,56,15,5,5,10,3,0.30000000000000004,0.30000000000000004
223,15,CLF_UNION,14,0,38,77,55,15,5,5,10,3,0.30000000000000004,0.30000000000000004
224,15,ORD-UNION,0,0,0,77,17,15,5,5,10,3,0.30000000000000004,0.30000000000000004
225,16,CARD,8,0,22,92,52,15,5,5,10,3,0.30000000000000004,0.30000000000000004
226,16,CLF_UNION,9,0,42,92,58,15,5,5,10,3,0.30000000000000004,0.30000000000000004
227,16,ORD-UNION,5,0,7,92,23,15,5,5,10,3,0.30000000000000004,0.30000000000000004
228,16,CARD,22,1,32,92,50,15,5,5,10,3,0.30000000000000004,0.30000000000000004
229,16,CLF_UNION,24,1,49,92,57,15,5,5,10,3,0.30000000000000004,0.30000000000000004
230,16,ORD-UNION,4,0,4,92,12,15,5,5,10,3,0.30000000000000004,0.30000000000000004
231,16,CARD,18,1,31,92,50,15,5,5,10,3,0.30000000000000004,0.30000000000000004
232,16,CLF_UNION,20,0,48,92,57,15,5,5,10,3,0.30000000000000004,0.30000000000000004
233,16,ORD-UNION,2,0,3,92,12,15,5,5,10,3,0.30000000000000004,0.30000000000000004
234,16,CARD,12,4,28,92,55,15,5,5,10,3,0.30000000000000004,0.30000000000000004
235,16,CLF_UNION,19,1,48,92,55,15,5,5,10,3,0.30000000000000004,0.30000000000000004
236,16,ORD-UNION,3,0,3,92,10,15,5,5,10,3,0.30000000000000004,0.30000000000000004
237,16,CARD,14,1,29,92,50,15,5,5,10,3,0.30000000000000004,0.30000000000000004
238,16,CLF_UNION,16,0,44,92,55,15,5,5,10,3,0.30000000000000004,0.30000000000000004
239,16,ORD-UNION,7,0,7,92,18,15,5,5,10,3,0.30000000000000004,0.30000000000000004
240,17,CARD,23,2,35,103,52,15,5,5,10,3,0.30000000000000004,0.30000000000000004
241,17,CLF_UNION,28,0,52,103,55,15,5,5,10,3,0.30000000000000004,0.30000000000000004
242,17,ORD-UNION,7,0,8,103,11,15,5,5,10,3,0.30000000000000004,0.30000000000000004
243,17,CARD,15,0,33,103,51,15,5,5,10,3,0.30000000000000004,0.30000000000000004
244,17,CLF_UNION,17,0,50,103,56,15,5,5,10,3,0.30000000000000004,0.30000000000000004
245,17,ORD-UNION,3,0,4,103,10,15,5,5,10,3,0.30000000000000004,0.30000000000000004
246,17,CARD,24,2,36,103,49,15,5,5,10,3,0.30000000000000004,0.30000000000000004
247,17,CLF_UNION,28,0,51,103,56,15,5,5,10,3,0.30000000000000004,0.30000000000000004
248,17,ORD-UNION,3,0,3,103,8,15,5,5,10,3,0.30000000000000004,0.30000000000000004
249,17,CARD,17,0,24,103,51,15,5,5,10,3,0.30000000000000004,0.30000000000000004
250,17,CLF_UNION,17,0,42,103,57,15,5,5,10,3,0.30000000000000004,0.30000000000000004
251,17,ORD-UNION,2,0,2,103,17,15,5,5,10,3,0.30000000000000004,0.30000000000000004
252,17,CARD,15,1,35,103,49,15,5,5,10,3,0.30000000000000004,0.30000000000000004
253,17,CLF_UNION,18,0,50,103,56,15,5,5,10,3,0.30000000000000004,0.30000000000000004
254,17,ORD-UNION,6,0,6,103,12,15,5,5,10,3,0.30000000000000004,0.30000000000000004
255,18,CARD,13,0,25,114,49,15,5,5,10,3,0.30000000000000004,0.30000000000000004
256,18,CLF_UNION,13,0,40,114,56,15,5,5,10,3,0.30000000000000004,0.30000000000000004
257,18,ORD-UNION,2,0,4,114,20,15,5,5,10,3,0.30000000000000004,0.30000000000000004
258,18,CARD,17,0,29,114,49,15,5,5,10,3,0.30000000000000004,0.30000000000000004
259,18,CLF_UNION,17,0,44,114,56,15,5,5,10,3,0.30000000000000004,0.30000000000000004
260,18,ORD-UNION,7,0,9,114,21,15,5,5,10,3,0.30000000000000004,0.30000000000000004
261,18,CARD,15,0,28,114,50,15,5,5,10,3,0.30000000000000004,0.30000000000000004
262,18,CLF_UNION,15,0,43,114,55,15,5,5,10,3,0.30000000000000004,0.30000000000000004
263,18,ORD-UNION,1,0,3,114,15,15,5,5,10,3,0.30000000000000004,0.30000000000000004
264,18,CARD,23,0,35,114,47,15,5,5,10,3,0.30000000000000004,0.30000000000000004
265,18,CLF_UNION,24,0,47,114,55,15,5,5,10,3,0.30000000000000004,0.30000000000000004
266,18,ORD-UNION,4,0,4,114,12,15,5,5,10,3,0.30000000000000004,0.30000000000000004
267,18,CARD,21,0,32,114,47,15,5,5,10,3,0.30000000000000004,0.30000000000000004
268,18,CLF_UNION,21,0,44,114,55,15,5,5,10,3,0.30000000000000004,0.30000000000000004
269,18,ORD-UNION,5,0,5,114,16,15,5,5,10,3,0.30000000000000004,0.30000000000000004
270,19,CARD,9,2,26,125,49,15,5,5,10,3,0.30000000000000004,0.30000000000000004
271,19,CLF_UNION,12,0,40,125,55,15,5,5,10,3,0.30000000000000004,0.30000000000000004
272,19,ORD-UNION,2,0,4,125,19,15,5,5,10,3,0.30000000000000004,0.30000000000000004
273,19,CARD,16,1,29,125,50,15,5,5,10,3,0.30000000000000004,0.30000000000000004
274,19,CLF_UNION,18,0,44,125,55,15,5,5,10,3,0.30000000000000004,0.30000000000000004
275,19,ORD-UNION,2,0,3,125,14,15,5,5,10,3,0.30000000000000004,0.30000000000000004
276,19,CARD,14,0,22,125,52,15,5,5,10,3,0.30000000000000004,0.30000000000000004
277,19,CLF_UNION,17,0,39,125,55,15,5,5,10,3,0.30000000000000004,0.30000000000000004
278,19,ORD-UNION,0,0,0,125,16,15,5,5,10,3,0.30000000000000004,0.30000000000000004
279,19,CARD,8,0,18,125,49,15,5,5,10,3,0.30000000000000004,0.30000000000000004
280,19,CLF_UNION,8,0,32,125,55,15,5,5,10,3,0.30000000000000004,0.30000000000000004
281,19,ORD-UNION,5,0,6,125,29,15,5,5,10,3,0.30000000000000004,0.30000000000000004
282,19,CARD,22,0,37,125,47,15,5,5,10,3,0.30000000000000004,0.30000000000000004
283,19,CLF_UNION,22,0,49,125,55,15,5,5,10,3,0.30000000000000004,0.30000000000000004
284,19,ORD-UNION,5,0,6,125,12,15,5,5,10,3,0.30000000000000004,0.30000000000000004
285,20,CARD,8,1,22,137,49,15,5,5,10,3,0.30000000000000004,0.30000000000000004
286,20,CLF_UNION,10,0,36,137,55,15,5,5,10,3,0.30000000000000004,0.30000000000000004
287,20,ORD-UNION,1,0,2,137,21,15,5,5,10,3,0.30000000000000004,0.30000000000000004
288,20,CARD,5,0,15,137,51,15,5,5,10,3,0.30000000000000004,0.30000000000000004
289,20,CLF_UNION,5,0,31,137,55,15,5,5,10,3,0.30000000000000004,0.30000000000000004
290,20,ORD-UNION,1,0,4,137,28,15,5,5,10,3,0.30000000000000004,0.30000000000000004
291,20,CARD,10,3,30,137,48,15,5,5,10,3,0.30000000000000004,0.30000000000000004
292,20,CLF_UNION,13,0,43,137,55,15,5,5,10,3,0.30000000000000004,0.30000000000000004
293,20,ORD-UNION,0,0,2,137,14,15,5,5,10,3,0.30000000000000004,0.30000000000000004
294,20,CARD,19,3,32,137,49,15,5,5,10,3,0.30000000000000004,0.30000000000000004
295,20,CLF_UNION,22,0,46,137,55,15,5,5,10,3,0.30000000000000004,0.30000000000000004
296,20,ORD-UNION,4,0,4,137,13,15,5,5,10,3,0.30000000000000004,0.30000000000000004
297,20,CARD,19,2,33,137,46,15,5,5,10,3,0.30000000000000004,0.30000000000000004
298,20,CLF_UNION,22,0,44,137,55,15,5,5,10,3,0.30000000000000004,0.30000000000000004
299,20,ORD-UNION,6,0,7,137,18,15,5,5,10,3,0.30000000000000004,0.30000000000000004
300,21,CARD,14,2,26,149,50,15,5,5,10,3,0.30000000000000004,0.30000000000000004
301,21,CLF_UNION,17,0,42,149,56,15,5,5,10,3,0.30000000000000004,0.30000000000000004
302,21,ORD-UNION,4,0,7,149,21,15,5,5,10,3,0.30000000000000004,0.30000000000000004
303,21,CARD,8,2,21,149,50,15,5,5,10,3,0.30000000000000004,0.30000000000000004
304,21,CLF_UNION,10,0,37,149,56,15,5,5,10,3,0.30000000000000004,0.30000000000000004
305,21,ORD-UNION,0,0,1,149,20,15,5,5,10,3,0.30000000000000004,0.30000000000000004
306,21,CARD,14,3,29,149,47,15,5,5,10,3,0.30000000000000004,0.30000000000000004
307,21,CLF_UNION,17,0,42,149,56,15,5,5,10,3,0.30000000000000004,0.30000000000000004
308,21,ORD-UNION,2,0,2,149,16,15,5,5,10,3,0.30000000000000004,0.30000000000000004
309,21,CARD,14,3,30,149,46,15,5,5,10,3,0.30000000000000004,0.30000000000000004
310,21,CLF_UNION,18,0,43,149,57,15,5,5,10,3,0.30000000000000004,0.30000000000000004
311,21,ORD-UNION,8,0,8,149,22,15,5,5,10,3,0.30000000000000004,0.30000000000000004
312,21,CARD,16,0,28,149,50,15,5,5,10,3,0.30000000000000004,0.30000000000000004
313,21,CLF_UNION,17,0,44,149,56,15,5,5,10,3,0.30000000000000004,0.30000000000000004
314,21,ORD-UNION,2,0,3,149,15,15,5,5,10,3,0.30000000000000004,0.30000000000000004
315,22,CARD,10,2,27,161,49,15,5,5,10,3,0.30000000000000004,0.30000000000000004
316,22,CLF_UNION,13,0,41,161,55,15,5,5,10,3,0.30000000000000004,0.30000000000000004
317,22,ORD-UNION,1,0,1,161,15,15,5,5,10,3,0.30000000000000004,0.30000000000000004
318,22,CARD,5,1,15,161,52,15,5,5,10,3,0.30000000000000004,0.30000000000000004
319,22,CLF_UNION,6,0,32,161,55,15,5,5,10,3,0.30000000000000004,0.30000000000000004
320,22,ORD-UNION,2,0,2,161,25,15,5,5,10,3,0.30000000000000004,0.30000000000000004
321,22,CARD,8,0,23,161,52,15,5,5,10,3,0.30000000000000004,0.30000000000000004
322,22,CLF_UNION,9,0,40,161,55,15,5,5,10,3,0.30000000000000004,0.30000000000000004
323,22,ORD-UNION,2,0,4,161,19,15,5,5,10,3,0.30000000000000004,0.30000000000000004
324,22,CARD,16,4,36,161,49,15,5,5,10,3,0.30000000000000004,0.30000000000000004
325,22,CLF_UNION,22,0,50,161,55,15,5,5,10,3,0.30000000000000004,0.30000000000000004
326,22,ORD-UNION,7,0,12,161,17,15,5,5,10,3,0.30000000000000004,0.30000000000000004
327,22,CARD,16,0,30,161,49,15,5,5,10,3,0.30000000000000004,0.30000000000000004
328,22,CLF_UNION,17,0,44,161,55,15,5,5,10,3,0.30000000000000004,0.30000000000000004
329,22,ORD-UNION,3,0,3,161,14,15,5,5,10,3,0.30000000000000004,0.30000000000000004
330,23,CARD,5,0,14,175,52,15,5,5,10,3,0.30000000000000004,0.30000000000000004
331,23,CLF_UNION,5,0,32,175,56,15,5,5,10,3,0.30000000000000004,0.30000000000000004
332,23,ORD-UNION,0,0,1,175,25,15,5,5,10,3,0.30000000000000004,0.30000000000000004
333,23,CARD,15,1,28,175,54,15,5,5,10,3,0.30000000000000004,0.30000000000000004
334,23,CLF_UNION,21,0,47,175,55,15,5,5,10,3,0.30000000000000004,0.30000000000000004
335,23,ORD-UNION,6,0,8,175,16,15,5,5,10,3,0.30000000000000004,0.30000000000000004
336,23,CARD,4,0,13,175,54,15,5,5,10,3,0.30000000000000004,0.30000000000000004
337,23,CLF_UNION,6,0,32,175,55,15,5,5,10,3,0.30000000000000004,0.30000000000000004
338,23,ORD-UNION,2,0,4,175,27,15,5,5,10,3,0.30000000000000004,0.30000000000000004
339,23,CARD,13,0,26,175,58,15,5,5,10,3,0.30000000000000004,0.30000000000000004
340,23,CLF_UNION,17,0,50,175,56,15,5,5,10,3,0.30000000000000004,0.30000000000000004
341,23,ORD-UNION,2,0,4,175,10,15,5,5,10,3,0.30000000000000004,0.30000000000000004
342,23,CARD,18,0,25,175,50,15,5,5,10,3,0.30000000000000004,0.30000000000000004
343,23,CLF_UNION,18,0,40,175,55,15,5,5,10,3,0.30000000000000004,0.30000000000000004
344,23,ORD-UNION,6,0,7,175,22,15,5,5,10,3,0.30000000000000004,0.30000000000000004
345,24,CARD,12,2,24,189,49,15,5,5,10,3,0.30000000000000004,0.30000000000000004
346,24,CLF_UNION,14,0,41,189,58,15,5,5,10,3,0.30000000000000004,0.30000000000000004
347,24,ORD-UNION,3,0,3,189,20,15,5,5,10,3,0.30000000000000004,0.30000000000000004
348,24,CARD,11,0,24,189,49,15,5,5,10,3,0.30000000000000004,0.30000000000000004
349,24,CLF_UNION,11,0,39,189,56,15,5,5,10,3,0.30000000000000004,0.30000000000000004
350,24,ORD-UNION,0,0,3,189,20,15,5,5,10,3,0.30000000000000004,0.30000000000000004
351,24,CARD,14,0,28,189,47,15,5,5,10,3,0.30000000000000004,0.30000000000000004
352,24,CLF_UNION,14,0,41,189,56,15,5,5,10,3,0.30000000000000004,0.30000000000000004
353,24,ORD-UNION,1,0,1,189,16,15,5,5,10,3,0.30000000000000004,0.30000000000000004
354,24,CARD,10,0,28,189,50,15,5,5,10,3,0.30000000000000004,0.30000000000000004
355,24,CLF_UNION,11,0,43,189,55,15,5,5,10,3,0.30000000000000004,0.30000000000000004
356,24,ORD-UNION,1,0,6,189,18,15,5,5,10,3,0.30000000000000004,0.30000000000000004
357,24,CARD,19,0,29,189,47,15,5,5,10,3,0.30000000000000004,0.30000000000000004
358,24,CLF_UNION,19,0,41,189,55,15,5,5,10,3,0.30000000000000004,0.30000000000000004
359,24,ORD-UNION,8,0,9,189,23,15,5,5,10,3,0.30000000000000004,0.30000000000000004
360,1,CARD,17,1,25,1,65,15,3,5,10,3,0.30000000000000004,0.30000000000000004
361,1,CLF_UNION,29,10,72,1,72,15,3,5,10,3,0.30000000000000004,0.30000000000000004
362,1,ORD-UNION,0,0,0,1,0,15,3,5,10,3,0.30000000000000004,0.30000000000000004
363,1,CARD,19,0,25,1,65,15,3,5,10,3,0.30000000000000004,0.30000000000000004
364,1,CLF_UNION,28,16,72,1,72,15,3,5,10,3,0.30000000000000004,0.30000000000000004
365,1,ORD-UNION,0,0,0,1,0,15,3,5,10,3,0.30000000000000004,0.30000000000000004
366,1,CARD,16,2,25,1,65,15,3,5,10,3,0.30000000000000004,0.30000000000000004
367,1,CLF_UNION,27,22,77,1,77,15,3,5,10,3,0.30000000000000004,0.30000000000000004
368,1,ORD-UNION,0,0,0,1,0,15,3,5,10,3,0.30000000000000004,0.30000000000000004
369,1,CARD,17,0,25,1,65,15,3,5,10,3,0.30000000000000004,0.30000000000000004
370,1,CLF_UNION,25,10,68,1,68,15,3,5,10,3,0.30000000000000004,0.30000000000000004
371,1,ORD-UNION,0,0,0,1,0,15,3,5,10,3,0.30000000000000004,0.30000000000000004
372,1,CARD,16,2,25,1,65,15,3,5,10,3,0.30000000000000004,0.30000000000000004
373,1,CLF_UNION,27,15,68,1,68,15,3,5,10,3,0.30000000000000004,0.30000000000000004
374,1,ORD-UNION,0,0,0,1,0,15,3,5,10,3,0.30000000000000004,0.30000000000000004
375,2,CARD,12,4,24,2,66,15,3,5,10,3,0.30000000000000004,0.30000000000000004
376,2,CLF_UNION,28,6,57,2,57,15,3,5,10,3,0.30000000000000004,0.30000000000000004
377,2,ORD-UNION,0,0,0,2,0,15,3,5,10,3,0.30000000000000004,0.30000000000000004
378,2,CARD,13,0,25,2,65,15,3,5,10,3,0.30000000000000004,0.30000000000000004
379,2,CLF_UNION,23,1,57,2,57,15,3,5,10,3,0.30000000000000004,0.30000000000000004
380,2,ORD-UNION,0,0,0,2,0,15,3,5,10,3,0.30000000000000004,0.30000000000000004
381,2,CARD,10,6,24,2,66,15,3,5,10,3,0.30000000000000004,0.30000000000000004
382,2,CLF_UNION,26,12,62,2,62,15,3,5,10,3,0.30000000000000004,0.30000000000000004
383,2,ORD-UNION,0,0,0,2,0,15,3,5,10,3,0.30000000000000004,0.30000000000000004
384,2,CARD,13,4,24,2,66,15,3,5,10,3,0.30000000000000004,0.30000000000000004
385,2,CLF_UNION,29,5,56,2,56,15,3,5,10,3,0.30000000000000004,0.30000000000000004
386,2,ORD-UNION,0,0,0,2,0,15,3,5,10,3,0.30000000000000004,0.30000000000000004
387,2,CARD,13,2,25,2,65,15,3,5,10,3,0.30000000000000004,0.30000000000000004
388,2,CLF_UNION,24,5,59,2,59,15,3,5,10,3,0.30000000000000004,0.30000000000000004
389,2,ORD-UNION,0,0,0,2,0,15,3,5,10,3,0.30000000000000004,0.30000000000000004
390,3,CARD,24,1,37,5,53,15,3,5,10,3,0.30000000000000004,0.30000000000000004
391,3,CLF_UNION,28,2,56,5,56,15,3,5,10,3,0.30000000000000004,0.30000000000000004
392,3,ORD-UNION,0,0,0,5,0,15,3,5,10,3,0.30000000000000004,0.30000000000000004
393,3,CARD,20,2,37,5,52,15,3,5,10,3,0.30000000000000004,0.30000000000000004
394,3,CLF_UNION,25,2,56,5,57,15,3,5,10,3,0.30000000000000004,0.30000000000000004
395,3,ORD-UNION,0,0,0,5,1,15,3,5,10,3,0.30000000000000004,0.30000000000000004
396,3,CARD,9,11,33,5,57,15,3,5,10,3,0.30000000000000004,0.30000000000000004
397,3,CLF_UNION,20,9,57,5,57,15,3,5,10,3,0.30000000000000004,0.30000000000000004
398,3,ORD-UNION,0,0,0,5,0,15,3,5,10,3,0.30000000000000004,0.30000000000000004
399,3,CARD,19,8,37,5,52,15,3,5,10,3,0.30000000000000004,0.30000000000000004
400,3,CLF_UNION,24,8,56,5,57,15,3,5,10,3,0.30000000000000004,0.30000000000000004
401,3,ORD-UNION,0,0,0,5,1,15,3,5,10,3,0.30000000000000004,0.30000000000000004
402,3,CARD,15,12,40,5,50,15,3,5,10,3,0.30000000000000004,0.30000000000000004
403,3,CLF_UNION,20,12,55,5,55,15,3,5,10,3,0.30000000000000004,0.30000000000000004
404,3,ORD-UNION,0,0,0,5,0,15,3,5,10,3,0.30000000000000004,0.30000000000000004
405,4,CARD,9,14,34,7,56,15,3,5,10,3,0.30000000000000004,0.30000000000000004
406,4,CLF_UNION,29,3,57,7,57,15,3,5,10,3,0.30000000000000004,0.30000000000000004
407,4,ORD-UNION,0,0,2,7,2,15,3,5,10,3,0.30000000000000004,0.30000000000000004
408,4,CARD,18,3,32,7,56,15,3,5,10,3,0.30000000000000004,0.30000000000000004
409,4,CLF_UNION,29,3,57,7,59,15,3,5,10,3,0.30000000000000004,0.30000000000000004
410,4,ORD-UNION,0,0,0,7,2,15,3,5,10,3,0.30000000000000004,0.30000000000000004
411,4,CARD,12,11,37,7,52,15,3,5,10,3,0.30000000000000004,0.30000000000000004
412,4,CLF_UNION,23,5,56,7,57,15,3,5,10,3,0.30000000000000004,0.30000000000000004
413,4,ORD-UNION,2,0,4,7,5,15,3,5,10,3,0.30000000000000004,0.30000000000000004
414,4,CARD,18,2,30,7,60,15,3,5,10,3,0.30000000000000004,0.30000000000000004
415,4,CLF_UNION,31,2,60,7,60,15,3,5,10,3,0.30000000000000004,0.30000000000000004
416,4,ORD-UNION,0,0,0,7,0,15,3,5,10,3,0.30000000000000004,0.30000000000000004
417,4,CARD,7,15,37,7,53,15,3,5,10,3,0.30000000000000004,0.30000000000000004
418,4,CLF_UNION,24,3,56,7,56,15,3,5,10,3,0.30000000000000004,0.30000000000000004
419,4,ORD-UNION,1,0,1,7,1,15,3,5,10,3,0.30000000000000004,0.30000000000000004
420,5,CARD,16,12,40,11,50,15,3,5,10,3,0.30000000000000004,0.30000000000000004
421,5,CLF_UNION,33,0,55,11,55,15,3,5,10,3,0.30000000000000004,0.30000000000000004
422,5,ORD-UNION,0,0,0,11,0,15,3,5,10,3,0.30000000000000004,0.30000000000000004
423,5,CARD,16,2,33,11,57,15,3,5,10,3,0.30000000000000004,0.30000000000000004
424,5,CLF_UNION,24,0,56,11,56,15,3,5,10,3,0.30000000000000004,0.30000000000000004
425,5,ORD-UNION,2,0,2,11,2,15,3,5,10,3,0.30000000000000004,0.30000000000000004
426,5,CARD,14,7,41,11,48,15,3,5,10,3,0.30000000000000004,0.30000000000000004
427,5,CLF_UNION,22,1,55,11,56,15,3,5,10,3,0.30000000000000004,0.30000000000000004
428,5,ORD-UNION,0,0,1,11,2,15,3,5,10,3,0.30000000000000004,0.30000000000000004
429,5,CARD,22,6,41,11,49,15,3,5,10,3,0.30000000000000004,0.30000000000000004
430,5,CLF_UNION,29,2,55,11,55,15,3,5,10,3,0.30000000000000004,0.30000000000000004
431,5,ORD-UNION,0,0,0,11,0,15,3,5,10,3,0.30000000000000004,0.30000000000000004
432,5,CARD,20,9,40,11,50,15,3,5,10,3,0.30000000000000004,0.30000000000000004
433,5,CLF_UNION,31,2,56,11,56,15,3,5,10,3,0.30000000000000004,0.30000000000000004
434,5,ORD-UNION,0,0,0,11,0,15,3,5,10,3,0.30000000000000004,0.30000000000000004
435,6,CARD,23,2,38,14,50,15,3,5,10,3,0.30000000000000004,0.30000000000000004
436,6,CLF_UNION,24,1,53,14,55,15,3,5,10,3,0.30000000000000004,0.30000000000000004
437,6,ORD-UNION,0,0,1,14,3,15,3,5,10,3,0.30000000000000004,0.30000000000000004
438,6,CARD,26,1,38,14,50,15,3,5,10,3,0.30000000000000004,0.30000000000000004
439,6,CLF_UNION,25,2,53,14,55,15,3,5,10,3,0.30000000000000004,0.30000000000000004
440,6,ORD-UNION,0,0,0,14,2,15,3,5,10,3,0.30000000000000004,0.30000000000000004
441,6,CARD,25,2,41,14,49,15,3,5,10,3,0.30000000000000004,0.30000000000000004
442,6,CLF_UNION,28,0,56,14,56,15,3,5,10,3,0.30000000000000004,0.30000000000000004
443,6,ORD-UNION,0,0,1,14,1,15,3,5,10,3,0.30000000000000004,0.30000000000000004
444,6,CARD,20,2,36,14,54,15,3,5,10,3,0.30000000000000004,0.30000000000000004
445,6,CLF_UNION,25,3,56,14,56,15,3,5,10,3,0.30000000000000004,0.30000000000000004
446,6,ORD-UNION,0,0,2,14,2,15,3,5,10,3,0.30000000000000004,0.30000000000000004
447,6,CARD,30,0,43,14,47,15,3,5,10,3,0.30000000000000004,0.30000000000000004
448,6,CLF_UNION,30,1,56,14,56,15,3,5,10,3,0.30000000000000004,0.30000000000000004
449,6,ORD-UNION,1,0,1,14,1,15,3,5,10,3,0.30000000000000004,0.30000000000000004
450,7,CARD,13,5,36,19,54,15,3,5,10,3,0.30000000000000004,0.30000000000000004
451,7,CLF_UNION,21,2,55,19,55,15,3,5,10,3,0.30000000000000004,0.30000000000000004
452,7,ORD-UNION,1,0,2,19,2,15,3,5,10,3,0.30000000000000004,0.30000000000000004
453,7,CARD,19,4,34,19,56,15,3,5,10,3,0.30000000000000004,0.30000000000000004
454,7,CLF_UNION,29,0,56,19,56,15,3,5,10,3,0.30000000000000004,0.30000000000000004
455,7,ORD-UNION,2,0,2,19,2,15,3,5,10,3,0.30000000000000004,0.30000000000000004
456,7,CARD,22,3,35,19,55,15,3,5,10,3,0.30000000000000004,0.30000000000000004
457,7,CLF_UNION,30,1,56,19,56,15,3,5,10,3,0.30000000000000004,0.30000000000000004
458,7,ORD-UNION,1,0,1,19,1,15,3,5,10,3,0.30000000000000004,0.30000000000000004
459,7,CARD,14,8,36,19,52,15,3,5,10,3,0.30000000000000004,0.30000000000000004
460,7,CLF_UNION,23,4,54,19,56,15,3,5,10,3,0.30000000000000004,0.30000000000000004
461,7,ORD-UNION,2,0,2,19,4,15,3,5,10,3,0.30000000000000004,0.30000000000000004
462,7,CARD,14,6,29,19,57,15,3,5,10,3,0.30000000000000004,0.30000000000000004
463,7,CLF_UNION,25,3,52,19,56,15,3,5,10,3,0.30000000000000004,0.30000000000000004
464,7,ORD-UNION,0,0,0,19,4,15,3,5,10,3,0.30000000000000004,0.30000000000000004
465,8,CARD,29,0,34,23,52,15,3,5,10,3,0.30000000000000004,0.30000000000000004
466,8,CLF_UNION,29,0,52,23,56,15,3,5,10,3,0.30000000000000004,0.30000000000000004
467,8,ORD-UNION,5,0,5,23,9,15,3,5,10,3,0.30000000000000004,0.30000000000000004
468,8,CARD,28,0,35,23,53,15,3,5,10,3,0.30000000000000004,0.30000000000000004
469,8,CLF_UNION,29,0,54,23,56,15,3,5,10,3,0.30000000000000004,0.30000000000000004
470,8,ORD-UNION,0,0,0,23,2,15,3,5,10,3,0.30000000000000004,0.30000000000000004
471,8,CARD,25,0,29,23,57,15,3,5,10,3,0.30000000000000004,0.30000000000000004
472,8,CLF_UNION,25,0,51,23,55,15,3,5,10,3,0.30000000000000004,0.30000000000000004
473,8,ORD-UNION,1,0,1,23,5,15,3,5,10,3,0.30000000000000004,0.30000000000000004
474,8,CARD,24,0,31,23,57,15,3,5,10,3,0.30000000000000004,0.30000000000000004
475,8,CLF_UNION,29,0,53,23,55,15,3,5,10,3,0.30000000000000004,0.30000000000000004
476,8,ORD-UNION,2,0,2,23,4,15,3,5,10,3,0.30000000000000004,0.30000000000000004
477,8,CARD,25,0,26,23,61,15,3,5,10,3,0.30000000000000004,0.30000000000000004
478,8,CLF_UNION,25,0,53,23,56,15,3,5,10,3,0.30000000000000004,0.30000000000000004
479,8,ORD-UNION,1,0,1,23,4,15,3,5,10,3,0.30000000000000004,0.30000000000000004
480,9,CARD,25,0,33,27,55,15,3,5,10,3,0.30000000000000004,0.30000000000000004
481,9,CLF_UNION,28,1,53,27,55,15,3,5,10,3,0.30000000000000004,0.30000000000000004
482,9,ORD-UNION,2,0,2,27,4,15,3,5,10,3,0.30000000000000004,0.30000000000000004
483,9,CARD,18,0,19,27,67,15,3,5,10,3,0.30000000000000004,0.30000000000000004
484,9,CLF_UNION,24,0,52,27,56,15,3,5,10,3,0.30000000000000004,0.30000000000000004
485,9,ORD-UNION,3,0,3,27,7,15,3,5,10,3,0.30000000000000004,0.30000000000000004
486,9,CARD,26,3,37,27,52,15,3,5,10,3,0.30000000000000004,0.30000000000000004
487,9,CLF_UNION,28,3,54,27,55,15,3,5,10,3,0.30000000000000004,0.30000000000000004
488,9,ORD-UNION,2,0,2,27,3,15,3,5,10,3,0.30000000000000004,0.30000000000000004
489,9,CARD,22,4,38,27,50,15,3,5,10,3,0.30000000000000004,0.30000000000000004
490,9,CLF_UNION,23,4,54,27,56,15,3,5,10,3,0.30000000000000004,0.30000000000000004
491,9,ORD-UNION,2,0,2,27,4,15,3,5,10,3,0.30000000000000004,0.30000000000000004
492,9,CARD,26,3,34,27,52,15,3,5,10,3,0.30000000000000004,0.30000000000000004
493,9,CLF_UNION,28,1,51,27,55,15,3,5,10,3,0.30000000000000004,0.30000000000000004
494,9,ORD-UNION,1,0,1,27,5,15,3,5,10,3,0.30000000000000004,0.30000000000000004
495,10,CARD,21,2,30,37,57,15,3,5,10,3,0.30000000000000004,0.30000000000000004
496,10,CLF_UNION,28,2,52,37,55,15,3,5,10,3,0.30000000000000004,0.30000000000000004
497,10,ORD-UNION,1,0,1,37,4,15,3,5,10,3,0.30000000000000004,0.30000000000000004
498,10,CARD,12,5,31,37,55,15,3,5,10,3,0.30000000000000004,0.30000000000000004
499,10,CLF_UNION,18,3,51,37,55,15,3,5,10,3,0.30000000000000004,0.30000000000000004
500,10,ORD-UNION,1,0,1,37,5,15,3,5,10,3,0.30000000000000004,0.30000000000000004
501,10,CARD,16,2,29,37,55,15,3,5,10,3,0.30000000000000004,0.30000000000000004
502,10,CLF_UNION,25,0,49,37,55,15,3,5,10,3,0.30000000000000004,0.30000000000000004
503,10,ORD-UNION,1,0,1,37,7,15,3,5,10,3,0.30000000000000004,0.30000000000000004
504,10,CARD,11,8,35,37,53,15,3,5,10,3,0.30000000000000004,0.30000000000000004
505,10,CLF_UNION,22,3,53,37,55,15,3,5,10,3,0.30000000000000004,0.30000000000000004
506,10,ORD-UNION,0,0,0,37,2,15,3,5,10,3,0.30000000000000004,0.30000000000000004
507,10,CARD,18,9,38,37,52,15,3,5,10,3,0.30000000000000004,0.30000000000000004
508,10,CLF_UNION,30,2,55,37,55,15,3,5,10,3,0.30000000000000004,0.30000000000000004
509,10,ORD-UNION,2,0,2,37,2,15,3,5,10,3,0.30000000000000004,0.30000000000000004
510,11,CARD,27,0,37,45,50,15,3,5,10,3,0.30000000000000004,0.30000000000000004
511,11,CLF_UNION,28,1,52,45,55,15,3,5,10,3,0.30000000000000004,0.30000000000000004
512,11,ORD-UNION,0,0,0,45,3,15,3,5,10,3,0.30000000000000004,0.30000000000000004
513,11,CARD,14,0,37,45,51,15,3,5,10,3,0.30000000000000004,0.30000000000000004
514,11,CLF_UNION,14,1,53,45,55,15,3,5,10,3,0.30000000000000004,0.30000000000000004
515,11,ORD-UNION,1,0,2,45,4,15,3,5,10,3,0.30000000000000004,0.30000000000000004
516,11,CARD,25,0,32,45,53,15,3,5,10,3,0.30000000000000004,0.30000000000000004
517,11,CLF_UNION,26,0,50,45,55,15,3,5,10,3,0.30000000000000004,0.30000000000000004
518,11,ORD-UNION,0,0,0,45,5,15,3,5,10,3,0.30000000000000004,0.30000000000000004
519,11,CARD,29,0,40,45,50,15,3,5,10,3,0.30000000000000004,0.30000000000000004
520,11,CLF_UNION,31,0,55,45,55,15,3,5,10,3,0.30000000000000004,0.30000000000000004
521,11,ORD-UNION,0,0,1,45,1,15,3,5,10,3,0.30000000000000004,0.30000000000000004
522,11,CARD,22,0,28,45,58,15,3,5,10,3,0.30000000000000004,0.30000000000000004
523,11,CLF_UNION,24,4,51,45,55,15,3,5,10,3,0.30000000000000004,0.30000000000000004
524,11,ORD-UNION,1,0,1,45,5,15,3,5,10,3,0.30000000000000004,0.30000000000000004
525,12,CARD,22,5,34,53,53,15,3,5,10,3,0.30000000000000004,0.30000000000000004
526,12,CLF_UNION,27,1,52,53,55,15,3,5,10,3,0.30000000000000004,0.30000000000000004
527,12,ORD-UNION,0,0,0,53,3,15,3,5,10,3,0.30000000000000004,0.30000000000000004
528,12,CARD,23,0,34,53,52,15,3,5,10,3,0.30000000000000004,0.30000000000000004
529,12,CLF_UNION,25,0,51,53,55,15,3,5,10,3,0.30000000000000004,0.30000000000000004
530,12,ORD-UNION,4,0,4,53,8,15,3,5,10,3,0.30000000000000004,0.30000000000000004
531,12,CARD,19,5,37,53,50,15,3,5,10,3,0.30000000000000004,0.30000000000000004
532,12,CLF_UNION,26,2,52,53,55,15,3,5,10,3,0.30000000000000004,0.30000000000000004
533,12,ORD-UNION,1,0,2,53,5,15,3,5,10,3,0.30000000000000004,0.30000000000000004
534,12,CARD,19,5,36,53,50,15,3,5,10,3,0.30000000000000004,0.30000000000000004
535,12,CLF_UNION,21,4,52,53,56,15,3,5,10,3,0.30000000000000004,0.30000000000000004
536,12,ORD-UNION,2,0,3,53,7,15,3,5,10,3,0.30000000000000004,0.30000000000000004
537,12,CARD,18,11,40,53,49,15,3,5,10,3,0.30000000000000004,0.30000000000000004
538,12,CLF_UNION,24,6,54,53,55,15,3,5,10,3,0.30000000000000004,0.30000000000000004
539,12,ORD-UNION,2,0,2,53,3,15,3,5,10,3,0.30000000000000004,0.30000000000000004
540,13,CARD,6,7,28,65,51,15,3,5,10,3,0.30000000000000004,0.30000000000000004
541,13,CLF_UNION,10,6,44,65,55,15,3,5,10,3,0.30000000000000004,0.30000000000000004
542,13,ORD-UNION,2,0,3,65,14,15,3,5,10,3,0.30000000000000004,0.30000000000000004
543,13,CARD,16,8,32,65,52,15,3,5,10,3,0.30000000000000004,0.30000000000000004
544,13,CLF_UNION,19,6,49,65,55,15,3,5,10,3,0.30000000000000004,0.30000000000000004
545,13,ORD-UNION,0,0,0,65,6,15,3,5,10,3,0.30000000000000004,0.30000000000000004
546,13,CARD,17,1,26,65,53,15,3,5,10,3,0.30000000000000004,0.30000000000000004
547,13,CLF_UNION,22,0,44,65,55,15,3,5,10,3,0.30000000000000004,0.30000000000000004
548,13,ORD-UNION,3,0,3,65,14,15,3,5,10,3,0.30000000000000004,0.30000000000000004
549,13,CARD,10,9,33,65,52,15,3,5,10,3,0.30000000000000004,0.30000000000000004
550,13,CLF_UNION,15,7,50,65,55,15,3,5,10,3,0.30000000000000004,0.30000000000000004
551,13,ORD-UNION,3,0,4,65,9,15,3,5,10,3,0.30000000000000004,0.30000000000000004
552,13,CARD,20,0,26,65,60,15,3,5,10,3,0.30000000000000004,0.30000000000000004
553,13,CLF_UNION,25,0,51,65,55,15,3,5,10,3,0.30000000000000004,0.30000000000000004
554,13,ORD-UNION,4,0,4,65,8,15,3,5,10,3,0.30000000000000004,0.30000000000000004
555,14,CARD,21,2,34,77,51,15,3,5,10,3,0.30000000000000004,0.30000000000000004
556,14,CLF_UNION,24,3,50,77,55,15,3,5,10,3,0.30000000000000004,0.30000000000000004
557,14,ORD-UNION,3,0,4,77,9,15,3,5,10,3,0.30000000000000004,0.30000000000000004
558,14,CARD,5,1,36,77,54,15,3,5,10,3,0.30000000000000004,0.30000000000000004
559,14,CLF_UNION,9,0,55,77,55,15,3,5,10,3,0.30000000000000004,0.30000000000000004
560,14,ORD-UNION,0,0,2,77,2,15,3,5,10,3,0.30000000000000004,0.30000000000000004
561,14,CARD,11,1,19,77,57,15,3,5,10,3,0.30000000000000004,0.30000000000000004
562,14,CLF_UNION,17,0,42,77,56,15,3,5,10,3,0.30000000000000004,0.30000000000000004
563,14,ORD-UNION,2,0,3,77,17,15,3,5,10,3,0.30000000000000004,0.30000000000000004
564,14,CARD,11,6,29,77,54,15,3,5,10,3,0.30000000000000004,0.30000000000000004
565,14,CLF_UNION,17,5,48,77,55,15,3,5,10,3,0.30000000000000004,0.30000000000000004
566,14,ORD-UNION,1,0,1,77,8,15,3,5,10,3,0.30000000000000004,0.30000000000000004
567,14,CARD,22,4,38,77,50,15,3,5,10,3,0.30000000000000004,0.30000000000000004
568,14,CLF_UNION,28,1,53,77,55,15,3,5,10,3,0.30000000000000004,0.30000000000000004
569,14,ORD-UNION,5,0,5,77,7,15,3,5,10,3,0.30000000000000004,0.30000000000000004
570,15,CARD,13,5,29,86,50,15,3,5,10,3,0.30000000000000004,0.30000000000000004
571,15,CLF_UNION,17,3,44,86,55,15,3,5,10,3,0.30000000000000004,0.30000000000000004
572,15,ORD-UNION,3,0,3,86,14,15,3,5,10,3,0.30000000000000004,0.30000000000000004
573,15,CARD,20,4,37,86,48,15,3,5,10,3,0.30000000000000004,0.30000000000000004
574,15,CLF_UNION,24,2,50,86,55,15,3,5,10,3,0.30000000000000004,0.30000000000000004
575,15,ORD-UNION,3,0,3,86,8,15,3,5,10,3,0.30000000000000004,0.30000000000000004
576,15,CARD,5,3,14,86,52,15,3,5,10,3,0.30000000000000004,0.30000000000000004
577,15,CLF_UNION,8,0,32,86,56,15,3,5,10,3,0.30000000000000004,0.30000000000000004
578,15,ORD-UNION,0,0,0,86,24,15,3,5,10,3,0.30000000000000004,0.30000000000000004
579,15,CARD,13,1,26,86,55,15,3,5,10,3,0.30000000000000004,0.30000000000000004
580,15,CLF_UNION,14,0,46,86,55,15,3,5,10,3,0.30000000000000004,0.30000000000000004
581,15,ORD-UNION,2,0,3,86,12,15,3,5,10,3,0.30000000000000004,0.30000000000000004
582,15,CARD,16,1,29,86,50,15,3,5,10,3,0.30000000000000004,0.30000000000000004
583,15,CLF_UNION,18,0,44,86,55,15,3,5,10,3,0.30000000000000004,0.30000000000000004
584,15,ORD-UNION,6,0,9,86,20,15,3,5,10,3,0.30000000000000004,0.30000000000000004
585,16,CARD,10,6,25,95,54,15,3,5,10,3,0.30000000000000004,0.30000000000000004
586,16,CLF_UNION,21,0,44,95,55,15,3,5,10,3,0.30000000000000004,0.30000000000000004
587,16,ORD-UNION,5,0,8,95,19,15,3,5,10,3,0.30000000000000004,0.30000000000000004
588,16,CARD,6,3,25,95,53,15,3,5,10,3,0.30000000000000004,0.30000000000000004
589,16,CLF_UNION,8,5,44,95,56,15,3,5,10,3,0.30000000000000004,0.30000000000000004
590,16,ORD-UNION,0,0,0,95,12,15,3,5,10,3,0.30000000000000004,0.30000000000000004
591,16,CARD,7,4,25,95,57,15,3,5,10,3,0.30000000000000004,0.30000000000000004
592,16,CLF_UNION,15,0,48,95,56,15,3,5,10,3,0.30000000000000004,0.30000000000000004
593,16,ORD-UNION,0,0,0,95,8,15,3,5,10,3,0.30000000000000004,0.30000000000000004
594,16,CARD,13,4,21,95,54,15,3,5,10,3,0.30000000000000004,0.30000000000000004
595,16,CLF_UNION,17,0,40,95,55,15,3,5,10,3,0.30000000000000004,0.30000000000000004
596,16,ORD-UNION,2,0,2,95,17,15,3,5,10,3,0.30000000000000004,0.30000000000000004
597,16,CARD,10,8,31,95,54,15,3,5,10,3,0.30000000000000004,0.30000000000000004
598,16,CLF_UNION,17,1,51,95,56,15,3,5,10,3,0.30000000000000004,0.30000000000000004
599,16,ORD-UNION,1,0,1,95,6,15,3,5,10,3,0.30000000000000004,0.30000000000000004
600,17,CARD,0,6,14,107,50,15,3,5,10,3,0.30000000000000004,0.30000000000000004
601,17,CLF_UNION,6,0,29,107,55,15,3,5,10,3,0.30000000000000004,0.30000000000000004
602,17,ORD-UNION,0,0,0,107,26,15,3,5,10,3,0.30000000000000004,0.30000000000000004
603,17,CARD,17,1,30,107,49,15,3,5,10,3,0.30000000000000004,0.30000000000000004
604,17,CLF_UNION,18,0,44,107,55,15,3,5,10,3,0.30000000000000004,0.30000000000000004
605,17,ORD-UNION,1,0,1,107,12,15,3,5,10,3,0.30000000000000004,0.30000000000000004
606,17,CARD,14,9,35,107,47,15,3,5,10,3,0.30000000000000004,0.30000000000000004
607,17,CLF_UNION,21,2,47,107,55,15,3,5,10,3,0.30000000000000004,0.30000000000000004
608,17,ORD-UNION,5,0,6,107,14,15,3,5,10,3,0.30000000000000004,0.30000000000000004
609,17,CARD,13,4,33,107,49,15,3,5,10,3,0.30000000000000004,0.30000000000000004
610,17,CLF_UNION,19,0,47,107,55,15,3,5,10,3,0.30000000000000004,0.30000000000000004
611,17,ORD-UNION,2,0,3,107,11,15,3,5,10,3,0.30000000000000004,0.30000000000000004
612,17,CARD,1,12,31,107,54,15,3,5,10,3,0.30000000000000004,0.30000000000000004
613,17,CLF_UNION,12,4,53,107,58,15,3,5,10,3,0.30000000000000004,0.30000000000000004
614,17,ORD-UNION,0,0,0,107,5,15,3,5,10,3,0.30000000000000004,0.30000000000000004
615,18,CARD,21,0,30,122,49,15,3,5,10,3,0.30000000000000004,0.30000000000000004
616,18,CLF_UNION,20,1,44,122,55,15,3,5,10,3,0.30000000000000004,0.30000000000000004
617,18,ORD-UNION,4,0,5,122,16,15,3,5,10,3,0.30000000000000004,0.30000000000000004
618,18,CARD,18,0,30,122,49,15,3,5,10,3,0.30000000000000004,0.30000000000000004
619,18,CLF_UNION,18,0,44,122,55,15,3,5,10,3,0.30000000000000004,0.30000000000000004
620,18,ORD-UNION,8,0,8,122,19,15,3,5,10,3,0.30000000000000004,0.30000000000000004
621,18,CARD,12,0,31,122,50,15,3,5,10,3,0.30000000000000004,0.30000000000000004
622,18,CLF_UNION,12,0,46,122,55,15,3,5,10,3,0.30000000000000004,0.30000000000000004
623,18,ORD-UNION,0,0,0,122,9,15,3,5,10,3,0.30000000000000004,0.30000000000000004
624,18,CARD,11,0,17,122,52,15,3,5,10,3,0.30000000000000004,0.30000000000000004
625,18,CLF_UNION,11,0,34,122,55,15,3,5,10,3,0.30000000000000004,0.30000000000000004
626,18,ORD-UNION,5,0,6,122,27,15,3,5,10,3,0.30000000000000004,0.30000000000000004
627,18,CARD,15,1,24,122,50,15,3,5,10,3,0.30000000000000004,0.30000000000000004
628,18,CLF_UNION,16,0,39,122,55,15,3,5,10,3,0.30000000000000004,0.30000000000000004
629,18,ORD-UNION,6,0,6,122,22,15,3,5,10,3,0.30000000000000004,0.30000000000000004
630,19,CARD,17,3,32,133,47,15,3,5,10,3,0.30000000000000004,0.30000000000000004
631,19,CLF_UNION,21,0,44,133,55,15,3,5,10,3,0.30000000000000004,0.30000000000000004
632,19,ORD-UNION,8,0,9,133,20,15,3,5,10,3,0.30000000000000004,0.30000000000000004
633,19,CARD,9,0,21,133,50,15,3,5,10,3,0.30000000000000004,0.30000000000000004
634,19,CLF_UNION,7,3,36,133,55,15,3,5,10,3,0.30000000000000004,0.30000000000000004
635,19,ORD-UNION,3,0,4,133,23,15,3,5,10,3,0.30000000000000004,0.30000000000000004
636,19,CARD,10,4,28,133,48,15,3,5,10,3,0.30000000000000004,0.30000000000000004
637,19,CLF_UNION,10,4,41,133,55,15,3,5,10,3,0.30000000000000004,0.30000000000000004
638,19,ORD-UNION,1,0,3,133,17,15,3,5,10,3,0.30000000000000004,0.30000000000000004
639,19,CARD,11,3,20,133,56,15,3,5,10,3,0.30000000000000004,0.30000000000000004
640,19,CLF_UNION,18,0,41,133,55,15,3,5,10,3,0.30000000000000004,0.30000000000000004
641,19,ORD-UNION,2,0,2,133,16,15,3,5,10,3,0.30000000000000004,0.30000000000000004
642,19,CARD,10,7,28,133,48,15,3,5,10,3,0.30000000000000004,0.30000000000000004
643,19,CLF_UNION,17,0,42,133,56,15,3,5,10,3,0.30000000000000004,0.30000000000000004
644,19,ORD-UNION,2,0,2,133,16,15,3,5,10,3,0.30000000000000004,0.30000000000000004
645,20,CARD,7,3,20,147,53,15,3,5,10,3,0.30000000000000004,0.30000000000000004
646,20,CLF_UNION,14,0,40,147,57,15,3,5,10,3,0.30000000000000004,0.30000000000000004
647,20,ORD-UNION,0,0,1,147,18,15,3,5,10,3,0.30000000000000004,0.30000000000000004
648,20,CARD,13,3,27,147,47,15,3,5,10,3,0.30000000000000004,0.30000000000000004
649,20,CLF_UNION,15,1,39,147,55,15,3,5,10,3,0.30000000000000004,0.30000000000000004
650,20,ORD-UNION,4,0,6,147,22,15,3,5,10,3,0.30000000000000004,0.30000000000000004
651,20,CARD,2,2,14,147,52,15,3,5,10,3,0.30000000000000004,0.30000000000000004
652,20,CLF_UNION,4,0,32,147,56,15,3,5,10,3,0.30000000000000004,0.30000000000000004
653,20,ORD-UNION,2,0,3,147,27,15,3,5,10,3,0.30000000000000004,0.30000000000000004
654,20,CARD,7,4,24,147,49,15,3,5,10,3,0.30000000000000004,0.30000000000000004
655,20,CLF_UNION,12,2,39,147,56,15,3,5,10,3,0.30000000000000004,0.30000000000000004
656,20,ORD-UNION,0,0,0,147,17,15,3,5,10,3,0.30000000000000004,0.30000000000000004
657,20,CARD,14,6,31,147,48,15,3,5,10,3,0.30000000000000004,0.30000000000000004
658,20,CLF_UNION,19,2,45,147,56,15,3,5,10,3,0.30000000000000004,0.30000000000000004
659,20,ORD-UNION,3,0,3,147,14,15,3,5,10,3,0.30000000000000004,0.30000000000000004
660,21,CARD,23,0,34,159,48,15,3,5,10,3,0.30000000000000004,0.30000000000000004
661,21,CLF_UNION,23,0,47,159,55,15,3,5,10,3,0.30000000000000004,0.30000000000000004
662,21,ORD-UNION,12,0,12,159,20,15,3,5,10,3,0.30000000000000004,0.30000000000000004
663,21,CARD,6,0,13,159,51,15,3,5,10,3,0.30000000000000004,0.30000000000000004
664,21,CLF_UNION,7,0,29,159,55,15,3,5,10,3,0.30000000000000004,0.30000000000000004
665,21,ORD-UNION,5,0,6,159,32,15,3,5,10,3,0.30000000000000004,0.30000000000000004
666,21,CARD,17,0,27,159,47,15,3,5,10,3,0.30000000000000004,0.30000000000000004
667,21,CLF_UNION,17,0,39,159,55,15,3,5,10,3,0.30000000000000004,0.30000000000000004
668,21,ORD-UNION,11,0,13,159,29,15,3,5,10,3,0.30000000000000004,0.30000000000000004
669,21,CARD,13,0,29,159,47,15,3,5,10,3,0.30000000000000004,0.30000000000000004
670,21,CLF_UNION,14,0,41,159,55,15,3,5,10,3,0.30000000000000004,0.30000000000000004
671,21,ORD-UNION,9,0,12,159,26,15,3,5,10,3,0.30000000000000004,0.30000000000000004
672,21,CARD,19,0,29,159,50,15,3,5,10,3,0.30000000000000004,0.30000000000000004
673,21,CLF_UNION,20,0,44,159,55,15,3,5,10,3,0.30000000000000004,0.30000000000000004
674,21,ORD-UNION,7,0,7,159,18,15,3,5,10,3,0.30000000000000004,0.30000000000000004
675,22,CARD,16,0,24,177,50,15,3,5,10,3,0.30000000000000004,0.30000000000000004
676,22,CLF_UNION,14,2,40,177,56,15,3,5,10,3,0.30000000000000004,0.30000000000000004
677,22,ORD-UNION,5,0,6,177,22,15,3,5,10,3,0.30000000000000004,0.30000000000000004
678,22,CARD,6,0,11,177,52,15,3,5,10,3,0.30000000000000004,0.30000000000000004
679,22,CLF_UNION,6,0,28,177,55,15,3,5,10,3,0.30000000000000004,0.30000000000000004
680,22,ORD-UNION,3,0,3,177,30,15,3,5,10,3,0.30000000000000004,0.30000000000000004
681,22,CARD,10,0,19,177,52,15,3,5,10,3,0.30000000000000004,0.30000000000000004
682,22,CLF_UNION,10,0,38,177,57,15,3,5,10,3,0.30000000000000004,0.30000000000000004
683,22,ORD-UNION,5,0,6,177,25,15,3,5,10,3,0.30000000000000004,0.30000000000000004
684,22,CARD,10,0,16,177,55,15,3,5,10,3,0.30000000000000004,0.30000000000000004
685,22,CLF_UNION,10,0,36,177,55,15,3,5,10,3,0.30000000000000004,0.30000000000000004
686,22,ORD-UNION,2,0,2,177,21,15,3,5,10,3,0.30000000000000004,0.30000000000000004
687,22,CARD,17,0,24,177,50,15,3,5,10,3,0.30000000000000004,0.30000000000000004
688,22,CLF_UNION,17,0,39,177,55,15,3,5,10,3,0.30000000000000004,0.30000000000000004
689,22,ORD-UNION,6,0,6,177,22,15,3,5,10,3,0.30000000000000004,0.30000000000000004
690,23,CARD,4,0,18,190,48,15,3,5,10,3,0.30000000000000004,0.30000000000000004
691,23,CLF_UNION,4,0,31,190,55,15,3,5,10,3,0.30000000000000004,0.30000000000000004
692,23,ORD-UNION,1,0,3,190,27,15,3,5,10,3,0.30000000000000004,0.30000000000000004
693,23,CARD,5,0,16,190,48,15,3,5,10,3,0.30000000000000004,0.30000000000000004
694,23,CLF_UNION,5,0,29,190,55,15,3,5,10,3,0.30000000000000004,0.30000000000000004
695,23,ORD-UNION,1,0,1,190,27,15,3,5,10,3,0.30000000000000004,0.30000000000000004
696,23,CARD,10,0,18,190,51,15,3,5,10,3,0.30000000000000004,0.30000000000000004
697,23,CLF_UNION,10,0,34,190,55,15,3,5,10,3,0.30000000000000004,0.30000000000000004
698,23,ORD-UNION,6,0,6,190,27,15,3,5,10,3,0.30000000000000004,0.30000000000000004
699,23,CARD,13,0,18,190,52,15,3,5,10,3,0.30000000000000004,0.30000000000000004
700,23,CLF_UNION,13,0,35,190,55,15,3,5,10,3,0.30000000000000004,0.30000000000000004
701,23,ORD-UNION,7,0,7,190,27,15,3,5,10,3,0.30000000000000004,0.30000000000000004
702,23,CARD,11,0,19,190,50,15,3,5,10,3,0.30000000000000004,0.30000000000000004
703,23,CLF_UNION,11,0,34,190,55,15,3,5,10,3,0.30000000000000004,0.30000000000000004
704,23,ORD-UNION,6,0,6,190,27,15,3,5,10,3,0.30000000000000004,0.30000000000000004
705,24,CARD,6,6,28,207,51,15,3,5,10,3,0.30000000000000004,0.30000000000000004
706,24,CLF_UNION,9,3,45,207,56,15,3,5,10,3,0.30000000000000004,0.30000000000000004
707,24,ORD-UNION,2,1,4,207,15,15,3,5,10,3,0.30000000000000004,0.30000000000000004
708,24,CARD,3,0,18,207,52,15,3,5,10,3,0.30000000000000004,0.30000000000000004
709,24,CLF_UNION,3,0,35,207,55,15,3,5,10,3,0.30000000000000004,0.30000000000000004
710,24,ORD-UNION,1,0,2,207,22,15,3,5,10,3,0.30000000000000004,0.30000000000000004
711,24,CARD,4,0,18,207,48,15,3,5,10,3,0.30000000000000004,0.30000000000000004
712,24,CLF_UNION,4,0,31,207,55,15,3,5,10,3,0.30000000000000004,0.30000000000000004
713,24,ORD-UNION,1,0,1,207,25,15,3,5,10,3,0.30000000000000004,0.30000000000000004
714,24,CARD,10,0,20,207,53,15,3,5,10,3,0.30000000000000004,0.30000000000000004
715,24,CLF_UNION,10,0,38,207,55,15,3,5,10,3,0.30000000000000004,0.30000000000000004
716,24,ORD-UNION,5,0,5,207,22,15,3,5,10,3,0.30000000000000004,0.30000000000000004
717,24,CARD,13,0,14,207,57,15,3,5,10,3,0.30000000000000004,0.30000000000000004
718,24,CLF_UNION,13,0,37,207,56,15,3,5,10,3,0.30000000000000004,0.30000000000000004
719,24,ORD-UNION,6,0,6,207,25,15,3,5,10,3,0.30000000000000004,0.30000000000000004
720,1,CARD,8,9,24,1,66,15,4,5,10,3,0.30000000000000004,0.30000000000000004
721,1,CLF_UNION,19,22,67,1,67,15,4,5,10,3,0.30000000000000004,0.30000000000000004
722,1,ORD-UNION,0,0,0,1,0,15,4,5,10,3,0.30000000000000004,0.30000000000000004
723,1,CARD,14,2,21,1,69,15,4,5,10,3,0.30000000000000004,0.30000000000000004
724,1,CLF_UNION,26,21,71,1,71,15,4,5,10,3,0.30000000000000004,0.30000000000000004
725,1,ORD-UNION,0,0,0,1,0,15,4,5,10,3,0.30000000000000004,0.30000000000000004
726,1,CARD,10,8,25,1,65,15,4,5,10,3,0.30000000000000004,0.30000000000000004
727,1,CLF_UNION,26,23,72,1,72,15,4,5,10,3,0.30000000000000004,0.30000000000000004
728,1,ORD-UNION,0,0,0,1,0,15,4,5,10,3,0.30000000000000004,0.30000000000000004
729,1,CARD,5,14,24,1,66,15,4,5,10,3,0.30000000000000004,0.30000000000000004
730,1,CLF_UNION,20,26,73,1,73,15,4,5,10,3,0.30000000000000004,0.30000000000000004
731,1,ORD-UNION,0,0,0,1,0,15,4,5,10,3,0.30000000000000004,0.30000000000000004
732,1,CARD,7,6,21,1,69,15,4,5,10,3,0.30000000000000004,0.30000000000000004
733,1,CLF_UNION,20,18,68,1,68,15,4,5,10,3,0.30000000000000004,0.30000000000000004
734,1,ORD-UNION,0,0,0,1,0,15,4,5,10,3,0.30000000000000004,0.30000000000000004
735,2,CARD,4,17,31,2,59,15,4,5,10,3,0.30000000000000004,0.30000000000000004
736,2,CLF_UNION,8,28,63,2,63,15,4,5,10,3,0.30000000000000004,0.30000000000000004
737,2,ORD-UNION,0,0,0,2,0,15,4,5,10,3,0.30000000000000004,0.30000000000000004
738,2,CARD,8,17,32,2,57,15,4,5,10,3,0.30000000000000004,0.30000000000000004
739,2,CLF_UNION,17,22,60,2,61,15,4,5,10,3,0.30000000000000004,0.30000000000000004
740,2,ORD-UNION,0,0,0,2,1,15,4,5,10,3,0.30000000000000004,0.30000000000000004
741,2,CARD,6,10,27,2,63,15,4,5,10,3,0.30000000000000004,0.30000000000000004
742,2,CLF_UNION,7,20,61,2,61,15,4,5,10,3,0.30000000000000004,0.30000000000000004
743,2,ORD-UNION,0,0,0,2,0,15,4,5,10,3,0.30000000000000004,0.30000000000000004
744,2,CARD,8,16,28,2,62,15,4,5,10,3,0.30000000000000004,0.30000000000000004
745,2,CLF_UNION,8,25,61,2,61,15,4,5,10,3,0.30000000000000004,0.30000000000000004
746,2,ORD-UNION,0,0,0,2,0,15,4,5,10,3,0.30000000000000004,0.30000000000000004
747,2,CARD,9,12,27,2,63,15,4,5,10,3,0.30000000000000004,0.30000000000000004
748,2,CLF_UNION,16,23,60,2,60,15,4,5,10,3,0.30000000000000004,0.30000000000000004
749,2,ORD-UNION,1,0,1,2,1,15,4,5,10,3,0.30000000000000004,0.30000000000000004
750,3,CARD,9,20,40,5,50,15,4,5,10,3,0.30000000000000004,0.30000000000000004
751,3,CLF_UNION,8,27,57,5,57,15,4,5,10,3,0.30000000000000004,0.30000000000000004
752,3,ORD-UNION,0,0,0,5,0,15,4,5,10,3,0.30000000000000004,0.30000000000000004
753,3,CARD,7,17,37,5,53,15,4,5,10,3,0.30000000000000004,0.30000000000000004
754,3,CLF_UNION,12,21,58,5,58,15,4,5,10,3,0.30000000000000004,0.30000000000000004
755,3,ORD-UNION,0,0,0,5,0,15,4,5,10,3,0.30000000000000004,0.30000000000000004
756,3,CARD,14,11,36,5,51,15,4,5,10,3,0.30000000000000004,0.30000000000000004
757,3,CLF_UNION,18,14,56,5,59,15,4,5,10,3,0.30000000000000004,0.30000000000000004
758,3,ORD-UNION,0,0,0,5,3,15,4,5,10,3,0.30000000000000004,0.30000000000000004
759,3,CARD,12,16,39,5,50,15,4,5,10,3,0.30000000000000004,0.30000000000000004
760,3,CLF_UNION,16,20,61,5,62,15,4,5,10,3,0.30000000000000004,0.30000000000000004
761,3,ORD-UNION,0,0,0,5,1,15,4,5,10,3,0.30000000000000004,0.30000000000000004
762,3,CARD,9,14,40,5,50,15,4,5,10,3,0.30000000000000004,0.30000000000000004
763,3,CLF_UNION,13,16,57,5,57,15,4,5,10,3,0.30000000000000004,0.30000000000000004
764,3,ORD-UNION,0,0,0,5,0,15,4,5,10,3,0.30000000000000004,0.30000000000000004
765,4,CARD,15,14,38,8,51,15,4,5,10,3,0.30000000000000004,0.30000000000000004
766,4,CLF_UNION,16,19,54,8,55,15,4,5,10,3,0.30000000000000004,0.30000000000000004
767,4,ORD-UNION,0,0,0,8,1,15,4,5,10,3,0.30000000000000004,0.30000000000000004
768,4,CARD,9,14,39,8,51,15,4,5,10,3,0.30000000000000004,0.30000000000000004
769,4,CLF_UNION,12,17,57,8,57,15,4,5,10,3,0.30000000000000004,0.30000000000000004
770,4,ORD-UNION,0,0,0,8,0,15,4,5,10,3,0.30000000000000004,0.30000000000000004
771,4,CARD,13,13,39,8,50,15,4,5,10,3,0.30000000000000004,0.30000000000000004
772,4,CLF_UNION,17,14,55,8,56,15,4,5,10,3,0.30000000000000004,0.30000000000000004
773,4,ORD-UNION,0,0,0,8,1,15,4,5,10,3,0.30000000000000004,0.30000000000000004
774,4,CARD,15,12,40,8,50,15,4,5,10,3,0.30000000000000004,0.30000000000000004
775,4,CLF_UNION,14,18,56,8,56,15,4,5,10,3,0.30000000000000004,0.30000000000000004
776,4,ORD-UNION,0,0,0,8,0,15,4,5,10,3,0.30000000000000004,0.30000000000000004
777,4,CARD,16,11,39,8,50,15,4,5,10,3,0.30000000000000004,0.30000000000000004
778,4,CLF_UNION,18,14,55,8,56,15,4,5,10,3,0.30000000000000004,0.30000000000000004
779,4,ORD-UNION,0,0,0,8,1,15,4,5,10,3,0.30000000000000004,0.30000000000000004
780,5,CARD,11,13,41,11,49,15,4,5,10,3,0.30000000000000004,0.30000000000000004
781,5,CLF_UNION,13,17,59,11,59,15,4,5,10,3,0.30000000000000004,0.30000000000000004
782,5,ORD-UNION,0,1,1,11,1,15,4,5,10,3,0.30000000000000004,0.30000000000000004
783,5,CARD,9,20,41,11,49,15,4,5,10,3,0.30000000000000004,0.30000000000000004
784,5,CLF_UNION,10,24,58,11,58,15,4,5,10,3,0.30000000000000004,0.30000000000000004
785,5,ORD-UNION,0,0,0,11,0,15,4,5,10,3,0.30000000000000004,0.30000000000000004
786,5,CARD,20,10,41,11,48,15,4,5,10,3,0.30000000000000004,0.30000000000000004
787,5,CLF_UNION,22,11,56,11,57,15,4,5,10,3,0.30000000000000004,0.30000000000000004
788,5,ORD-UNION,0,0,0,11,1,15,4,5,10,3,0.30000000000000004,0.30000000000000004
789,5,CARD,16,9,40,11,49,15,4,5,10,3,0.30000000000000004,0.30000000000000004
790,5,CLF_UNION,16,13,56,11,57,15,4,5,10,3,0.30000000000000004,0.30000000000000004
791,5,ORD-UNION,0,0,0,11,1,15,4,5,10,3,0.30000000000000004,0.30000000000000004
792,5,CARD,16,15,40,11,49,15,4,5,10,3,0.30000000000000004,0.30000000000000004
793,5,CLF_UNION,15,22,58,11,59,15,4,5,10,3,0.30000000000000004,0.30000000000000004
794,5,ORD-UNION,0,0,0,11,1,15,4,5,10,3,0.30000000000000004,0.30000000000000004
795,6,CARD,18,8,42,16,48,15,4,5,10,3,0.30000000000000004,0.30000000000000004
796,6,CLF_UNION,19,11,58,16,58,15,4,5,10,3,0.30000000000000004,0.30000000000000004
797,6,ORD-UNION,0,0,0,16,0,15,4,5,10,3,0.30000000000000004,0.30000000000000004
798,6,CARD,15,11,42,16,48,15,4,5,10,3,0.30000000000000004,0.30000000000000004
799,6,CLF_UNION,15,14,56,16,56,15,4,5,10,3,0.30000000000000004,0.30000000000000004
800,6,ORD-UNION,0,0,0,16,0,15,4,5,10,3,0.30000000000000004,0.30000000000000004
801,6,CARD,9,18,39,16,50,15,4,5,10,3,0.30000000000000004,0.30000000000000004
802,6,CLF_UNION,11,19,54,16,55,15,4,5,10,3,0.30000000000000004,0.30000000000000004
803,6,ORD-UNION,0,0,0,16,1,15,4,5,10,3,0.30000000000000004,0.30000000000000004
804,6,CARD,22,10,42,16,47,15,4,5,10,3,0.30000000000000004,0.30000000000000004
805,6,CLF_UNION,25,11,56,16,57,15,4,5,10,3,0.30000000000000004,0.30000000000000004
806,6,ORD-UNION,0,0,0,16,1,15,4,5,10,3,0.30000000000000004,0.30000000000000004
807,6,CARD,13,20,42,16,47,15,4,5,10,3,0.30000000000000004,0.30000000000000004
808,6,CLF_UNION,16,19,55,16,56,15,4,5,10,3,0.30000000000000004,0.30000000000000004
809,6,ORD-UNION,1,0,1,16,2,15,4,5,10,3,0.30000000000000004,0.30000000000000004
810,7,CARD,9,20,41,20,49,15,4,5,10,3,0.30000000000000004,0.30000000000000004
811,7,CLF_UNION,11,21,55,20,55,15,4,5,10,3,0.30000000000000004,0.30000000000000004
812,7,ORD-UNION,0,3,4,20,4,15,4,5,10,3,0.30000000000000004,0.30000000000000004
813,7,CARD,20,6,36,20,51,15,4,5,10,3,0.30000000000000004,0.30000000000000004
814,7,CLF_UNION,20,6,52,20,55,15,4,5,10,3,0.30000000000000004,0.30000000000000004
815,7,ORD-UNION,0,0,3,20,6,15,4,5,10,3,0.30000000000000004,0.30000000000000004
816,7,CARD,14,13,43,20,46,15,4,5,10,3,0.30000000000000004,0.30000000000000004
817,7,CLF_UNION,17,10,54,20,55,15,4,5,10,3,0.30000000000000004,0.30000000000000004
818,7,ORD-UNION,0,1,3,20,4,15,4,5,10,3,0.30000000000000004,0.30000000000000004
819,7,CARD,15,16,42,20,47,15,4,5,10,3,0.30000000000000004,0.30000000000000004
820,7,CLF_UNION,16,16,54,20,55,15,4,5,10,3,0.30000000000000004,0.30000000000000004
821,7,ORD-UNION,1,3,5,20,6,15,4,5,10,3,0.30000000000000004,0.30000000000000004
822,7,CARD,10,18,37,20,52,15,4,5,10,3,0.30000000000000004,0.30000000000000004
823,7,CLF_UNION,10,18,54,20,55,15,4,5,10,3,0.30000000000000004,0.30000000000000004
824,7,ORD-UNION,2,1,4,20,5,15,4,5,10,3,0.30000000000000004,0.30000000000000004
