,budget,model,correct,wrong,total,n_pref_input,n_pref_output,theta_size,theta_additivity,n_items,n_test_subsets,n_tiers,alpha,p
0,1,CARD,9,11,25,1,65,15,4,5,10,12,0.30000000000000004,0.30000000000000004
1,1,CLF_UNION,34,11,64,1,64,15,4,5,10,12,0.30000000000000004,0.30000000000000004
2,1,ORD-UNION,0,0,0,1,0,15,4,5,10,12,0.30000000000000004,0.30000000000000004
3,1,CARD,13,9,25,1,65,15,4,5,10,12,0.30000000000000004,0.30000000000000004
4,1,CLF_UNION,37,11,62,1,62,15,4,5,10,12,0.30000000000000004,0.30000000000000004
5,1,ORD-UNION,0,0,0,1,0,15,4,5,10,12,0.30000000000000004,0.30000000000000004
6,1,CARD,10,8,21,1,69,15,4,5,10,12,0.30000000000000004,0.30000000000000004
7,1,CLF_UNION,40,19,77,1,77,15,4,5,10,12,0.30000000000000004,0.30000000000000004
8,1,ORD-UNION,0,0,0,1,0,15,4,5,10,12,0.30000000000000004,0.30000000000000004
9,1,CARD,8,11,21,1,69,15,4,5,10,12,0.30000000000000004,0.30000000000000004
10,1,CLF_UNION,35,16,65,1,65,15,4,5,10,12,0.30000000000000004,0.30000000000000004
11,1,ORD-UNION,0,0,0,1,0,15,4,5,10,12,0.30000000000000004,0.30000000000000004
12,1,CARD,19,3,25,1,65,15,4,5,10,12,0.30000000000000004,0.30000000000000004
13,1,CLF_UNION,37,13,66,1,66,15,4,5,10,12,0.30000000000000004,0.30000000000000004
14,1,ORD-UNION,0,0,0,1,0,15,4,5,10,12,0.30000000000000004,0.30000000000000004
15,2,CARD,26,8,36,3,54,15,4,5,10,12,0.30000000000000004,0.30000000000000004
16,2,CLF_UNION,35,12,60,3,60,15,4,5,10,12,0.30000000000000004,0.30000000000000004
17,2,ORD-UNION,1,0,1,3,1,15,4,5,10,12,0.30000000000000004,0.30000000000000004
18,2,CARD,28,9,37,3,53,15,4,5,10,12,0.30000000000000004,0.30000000000000004
19,2,CLF_UNION,34,13,59,3,59,15,4,5,10,12,0.30000000000000004,0.30000000000000004
20,2,ORD-UNION,0,0,0,3,0,15,4,5,10,12,0.30000000000000004,0.30000000000000004
21,2,CARD,23,9,35,3,55,15,4,5,10,12,0.30000000000000004,0.30000000000000004
22,2,CLF_UNION,35,9,59,3,59,15,4,5,10,12,0.30000000000000004,0.30000000000000004
23,2,ORD-UNION,0,0,0,3,0,15,4,5,10,12,0.30000000000000004,0.30000000000000004
24,2,CARD,29,3,34,3,55,15,4,5,10,12,0.30000000000000004,0.30000000000000004
25,2,CLF_UNION,30,13,58,3,59,15,4,5,10,12,0.30000000000000004,0.30000000000000004
26,2,ORD-UNION,0,0,0,3,1,15,4,5,10,12,0.30000000000000004,0.30000000000000004
27,2,CARD,23,12,37,3,53,15,4,5,10,12,0.30000000000000004,0.30000000000000004
28,2,CLF_UNION,31,14,60,3,60,15,4,5,10,12,0.30000000000000004,0.30000000000000004
29,2,ORD-UNION,1,0,1,3,1,15,4,5,10,12,0.30000000000000004,0.30000000000000004
30,3,CARD,26,8,38,6,51,15,4,5,10,12,0.30000000000000004,0.30000000000000004
31,3,CLF_UNION,32,14,61,6,62,15,4,5,10,12,0.30000000000000004,0.30000000000000004
32,3,ORD-UNION,0,0,0,6,1,15,4,5,10,12,0.30000000000000004,0.30000000000000004
33,3,CARD,32,6,39,6,51,15,4,5,10,12,0.30000000000000004,0.30000000000000004
34,3,CLF_UNION,32,15,59,6,59,15,4,5,10,12,0.30000000000000004,0.30000000000000004
35,3,ORD-UNION,0,0,0,6,0,15,4,5,10,12,0.30000000000000004,0.30000000000000004
36,3,CARD,24,9,40,6,50,15,4,5,10,12,0.30000000000000004,0.30000000000000004
37,3,CLF_UNION,29,16,64,6,64,15,4,5,10,12,0.30000000000000004,0.30000000000000004
38,3,ORD-UNION,0,0,0,6,0,15,4,5,10,12,0.30000000000000004,0.30000000000000004
39,3,CARD,26,9,37,6,53,15,4,5,10,12,0.30000000000000004,0.30000000000000004
40,3,CLF_UNION,32,16,62,6,62,15,4,5,10,12,0.30000000000000004,0.30000000000000004
41,3,ORD-UNION,1,0,1,6,1,15,4,5,10,12,0.30000000000000004,0.30000000000000004
42,3,CARD,20,14,37,6,53,15,4,5,10,12,0.30000000000000004,0.30000000000000004
43,3,CLF_UNION,28,18,60,6,60,15,4,5,10,12,0.30000000000000004,0.30000000000000004
44,3,ORD-UNION,0,0,0,6,0,15,4,5,10,12,0.30000000000000004,0.30000000000000004
45,4,CARD,27,8,38,9,52,15,4,5,10,12,0.30000000000000004,0.30000000000000004
46,4,CLF_UNION,35,9,59,9,59,15,4,5,10,12,0.30000000000000004,0.30000000000000004
47,4,ORD-UNION,1,0,1,9,1,15,4,5,10,12,0.30000000000000004,0.30000000000000004
48,4,CARD,25,12,40,9,50,15,4,5,10,12,0.30000000000000004,0.30000000000000004
49,4,CLF_UNION,34,11,58,9,58,15,4,5,10,12,0.30000000000000004,0.30000000000000004
50,4,ORD-UNION,1,0,1,9,1,15,4,5,10,12,0.30000000000000004,0.30000000000000004
51,4,CARD,14,21,39,9,51,15,4,5,10,12,0.30000000000000004,0.30000000000000004
52,4,CLF_UNION,27,19,61,9,61,15,4,5,10,12,0.30000000000000004,0.30000000000000004
53,4,ORD-UNION,0,0,0,9,0,15,4,5,10,12,0.30000000000000004,0.30000000000000004
54,4,CARD,29,6,37,9,52,15,4,5,10,12,0.30000000000000004,0.30000000000000004
55,4,CLF_UNION,37,8,57,9,58,15,4,5,10,12,0.30000000000000004,0.30000000000000004
56,4,ORD-UNION,0,0,0,9,1,15,4,5,10,12,0.30000000000000004,0.30000000000000004
57,4,CARD,28,10,40,9,49,15,4,5,10,12,0.30000000000000004,0.30000000000000004
58,4,CLF_UNION,33,11,56,9,57,15,4,5,10,12,0.30000000000000004,0.30000000000000004
59,4,ORD-UNION,0,0,0,9,1,15,4,5,10,12,0.30000000000000004,0.30000000000000004
60,5,CARD,31,4,41,14,48,15,4,5,10,12,0.30000000000000004,0.30000000000000004
61,5,CLF_UNION,29,9,54,14,55,15,4,5,10,12,0.30000000000000004,0.30000000000000004
62,5,ORD-UNION,0,0,0,14,1,15,4,5,10,12,0.30000000000000004,0.30000000000000004
63,5,CARD,27,8,41,14,48,15,4,5,10,12,0.30000000000000004,0.30000000000000004
64,5,CLF_UNION,27,11,54,14,55,15,4,5,10,12,0.30000000000000004,0.30000000000000004
65,5,ORD-UNION,0,0,0,14,1,15,4,5,10,12,0.30000000000000004,0.30000000000000004
66,5,CARD,28,7,40,14,49,15,4,5,10,12,0.30000000000000004,0.30000000000000004
67,5,CLF_UNION,20,19,54,14,55,15,4,5,10,12,0.30000000000000004,0.30000000000000004
68,5,ORD-UNION,0,0,0,14,1,15,4,5,10,12,0.30000000000000004,0.30000000000000004
69,5,CARD,38,2,44,14,46,15,4,5,10,12,0.30000000000000004,0.30000000000000004
70,5,CLF_UNION,32,8,55,14,55,15,4,5,10,12,0.30000000000000004,0.30000000000000004
71,5,ORD-UNION,1,0,1,14,1,15,4,5,10,12,0.30000000000000004,0.30000000000000004
72,5,CARD,33,4,38,14,47,15,4,5,10,12,0.30000000000000004,0.30000000000000004
73,5,CLF_UNION,23,15,50,14,55,15,4,5,10,12,0.30000000000000004,0.30000000000000004
74,5,ORD-UNION,0,0,0,14,5,15,4,5,10,12,0.30000000000000004,0.30000000000000004
75,6,CARD,35,3,41,20,48,15,4,5,10,12,0.30000000000000004,0.30000000000000004
76,6,CLF_UNION,37,4,54,20,55,15,4,5,10,12,0.30000000000000004,0.30000000000000004
77,6,ORD-UNION,0,0,0,20,1,15,4,5,10,12,0.30000000000000004,0.30000000000000004
78,6,CARD,30,2,40,20,48,15,4,5,10,12,0.30000000000000004,0.30000000000000004
79,6,CLF_UNION,30,4,54,20,56,15,4,5,10,12,0.30000000000000004,0.30000000000000004
80,6,ORD-UNION,0,0,0,20,2,15,4,5,10,12,0.30000000000000004,0.30000000000000004
81,6,CARD,34,3,42,20,47,15,4,5,10,12,0.30000000000000004,0.30000000000000004
82,6,CLF_UNION,33,5,54,20,55,15,4,5,10,12,0.30000000000000004,0.30000000000000004
83,6,ORD-UNION,1,0,1,20,2,15,4,5,10,12,0.30000000000000004,0.30000000000000004
84,6,CARD,31,7,41,20,49,15,4,5,10,12,0.30000000000000004,0.30000000000000004
85,6,CLF_UNION,34,8,55,20,55,15,4,5,10,12,0.30000000000000004,0.30000000000000004
86,6,ORD-UNION,0,0,0,20,0,15,4,5,10,12,0.30000000000000004,0.30000000000000004
87,6,CARD,32,3,38,20,47,15,4,5,10,12,0.30000000000000004,0.30000000000000004
88,6,CLF_UNION,28,8,51,20,56,15,4,5,10,12,0.30000000000000004,0.30000000000000004
89,6,ORD-UNION,0,0,0,20,5,15,4,5,10,12,0.30000000000000004,0.30000000000000004
90,7,CARD,33,4,39,25,48,15,4,5,10,12,0.30000000000000004,0.30000000000000004
91,7,CLF_UNION,35,4,53,25,56,15,4,5,10,12,0.30000000000000004,0.30000000000000004
92,7,ORD-UNION,1,0,1,25,4,15,4,5,10,12,0.30000000000000004,0.30000000000000004
93,7,CARD,34,4,39,25,50,15,4,5,10,12,0.30000000000000004,0.30000000000000004
94,7,CLF_UNION,37,5,54,25,55,15,4,5,10,12,0.30000000000000004,0.30000000000000004
95,7,ORD-UNION,0,0,0,25,1,15,4,5,10,12,0.30000000000000004,0.30000000000000004
96,7,CARD,37,0,37,25,52,15,4,5,10,12,0.30000000000000004,0.30000000000000004
97,7,CLF_UNION,38,4,54,25,55,15,4,5,10,12,0.30000000000000004,0.30000000000000004
98,7,ORD-UNION,0,0,0,25,1,15,4,5,10,12,0.30000000000000004,0.30000000000000004
99,7,CARD,39,0,40,25,49,15,4,5,10,12,0.30000000000000004,0.30000000000000004
100,7,CLF_UNION,36,5,54,25,55,15,4,5,10,12,0.30000000000000004,0.30000000000000004
101,7,ORD-UNION,1,0,1,25,2,15,4,5,10,12,0.30000000000000004,0.30000000000000004
102,7,CARD,34,1,38,25,51,15,4,5,10,12,0.30000000000000004,0.30000000000000004
103,7,CLF_UNION,36,4,54,25,55,15,4,5,10,12,0.30000000000000004,0.30000000000000004
104,7,ORD-UNION,0,0,0,25,1,15,4,5,10,12,0.30000000000000004,0.30000000000000004
105,8,CARD,35,0,39,32,48,15,4,5,10,12,0.30000000000000004,0.30000000000000004
106,8,CLF_UNION,34,6,55,32,58,15,4,5,10,12,0.30000000000000004,0.30000000000000004
107,8,ORD-UNION,1,0,1,32,4,15,4,5,10,12,0.30000000000000004,0.30000000000000004
108,8,CARD,33,3,40,32,50,15,4,5,10,12,0.30000000000000004,0.30000000000000004
109,8,CLF_UNION,39,3,57,32,57,15,4,5,10,12,0.30000000000000004,0.30000000000000004
110,8,ORD-UNION,0,0,0,32,0,15,4,5,10,12,0.30000000000000004,0.30000000000000004
111,8,CARD,34,1,35,32,47,15,4,5,10,12,0.30000000000000004,0.30000000000000004
112,8,CLF_UNION,31,4,49,32,57,15,4,5,10,12,0.30000000000000004,0.30000000000000004
113,8,ORD-UNION,0,0,0,32,8,15,4,5,10,12,0.30000000000000004,0.30000000000000004
114,8,CARD,35,3,42,32,47,15,4,5,10,12,0.30000000000000004,0.30000000000000004
115,8,CLF_UNION,36,10,60,32,61,15,4,5,10,12,0.30000000000000004,0.30000000000000004
116,8,ORD-UNION,1,0,1,32,2,15,4,5,10,12,0.30000000000000004,0.30000000000000004
117,8,CARD,33,0,37,32,52,15,4,5,10,12,0.30000000000000004,0.30000000000000004
118,8,CLF_UNION,36,5,58,32,59,15,4,5,10,12,0.30000000000000004,0.30000000000000004
119,8,ORD-UNION,1,0,1,32,2,15,4,5,10,12,0.30000000000000004,0.30000000000000004
120,9,CARD,32,3,39,41,46,15,4,5,10,12,0.30000000000000004,0.30000000000000004
121,9,CLF_UNION,30,7,53,41,58,15,4,5,10,12,0.30000000000000004,0.30000000000000004
122,9,ORD-UNION,2,0,2,41,7,15,4,5,10,12,0.30000000000000004,0.30000000000000004
123,9,CARD,36,3,41,41,46,15,4,5,10,12,0.30000000000000004,0.30000000000000004
124,9,CLF_UNION,38,6,56,41,59,15,4,5,10,12,0.30000000000000004,0.30000000000000004
125,9,ORD-UNION,1,0,1,41,4,15,4,5,10,12,0.30000000000000004,0.30000000000000004
126,9,CARD,34,0,39,41,50,15,4,5,10,12,0.30000000000000004,0.30000000000000004
127,9,CLF_UNION,30,10,60,41,61,15,4,5,10,12,0.30000000000000004,0.30000000000000004
128,9,ORD-UNION,3,0,3,41,4,15,4,5,10,12,0.30000000000000004,0.30000000000000004
129,9,CARD,40,1,43,41,47,15,4,5,10,12,0.30000000000000004,0.30000000000000004
130,9,CLF_UNION,38,9,60,41,60,15,4,5,10,12,0.30000000000000004,0.30000000000000004
131,9,ORD-UNION,2,0,2,41,2,15,4,5,10,12,0.30000000000000004,0.30000000000000004
132,9,CARD,31,2,33,41,47,15,4,5,10,12,0.30000000000000004,0.30000000000000004
133,9,CLF_UNION,31,3,46,41,56,15,4,5,10,12,0.30000000000000004,0.30000000000000004
134,9,ORD-UNION,0,0,0,41,10,15,4,5,10,12,0.30000000000000004,0.30000000000000004
135,10,CARD,37,2,40,51,47,15,4,5,10,12,0.30000000000000004,0.30000000000000004
136,10,CLF_UNION,37,4,53,51,56,15,4,5,10,12,0.30000000000000004,0.30000000000000004
137,10,ORD-UNION,1,0,1,51,4,15,4,5,10,12,0.30000000000000004,0.30000000000000004
138,10,CARD,32,0,33,51,51,15,4,5,10,12,0.30000000000000004,0.30000000000000004
139,10,CLF_UNION,36,0,49,51,55,15,4,5,10,12,0.30000000000000004,0.30000000000000004
140,10,ORD-UNION,1,0,1,51,7,15,4,5,10,12,0.30000000000000004,0.30000000000000004
141,10,CARD,39,0,39,51,49,15,4,5,10,12,0.30000000000000004,0.30000000000000004
142,10,CLF_UNION,39,2,53,51,55,15,4,5,10,12,0.30000000000000004,0.30000000000000004
143,10,ORD-UNION,0,0,0,51,2,15,4,5,10,12,0.30000000000000004,0.30000000000000004
144,10,CARD,35,2,39,51,49,15,4,5,10,12,0.30000000000000004,0.30000000000000004
145,10,CLF_UNION,36,2,54,51,56,15,4,5,10,12,0.30000000000000004,0.30000000000000004
146,10,ORD-UNION,1,0,1,51,3,15,4,5,10,12,0.30000000000000004,0.30000000000000004
147,10,CARD,30,0,33,51,54,15,4,5,10,12,0.30000000000000004,0.30000000000000004
148,10,CLF_UNION,34,0,53,51,56,15,4,5,10,12,0.30000000000000004,0.30000000000000004
149,10,ORD-UNION,2,0,2,51,5,15,4,5,10,12,0.30000000000000004,0.30000000000000004
150,11,CARD,36,3,42,61,47,15,4,5,10,12,0.30000000000000004,0.30000000000000004
151,11,CLF_UNION,40,0,54,61,55,15,4,5,10,12,0.30000000000000004,0.30000000000000004
152,11,ORD-UNION,2,0,2,61,3,15,4,5,10,12,0.30000000000000004,0.30000000000000004
153,11,CARD,37,0,39,61,48,15,4,5,10,12,0.30000000000000004,0.30000000000000004
154,11,CLF_UNION,38,1,52,61,55,15,4,5,10,12,0.30000000000000004,0.30000000000000004
155,11,ORD-UNION,1,0,1,61,4,15,4,5,10,12,0.30000000000000004,0.30000000000000004
156,11,CARD,30,0,32,61,49,15,4,5,10,12,0.30000000000000004,0.30000000000000004
157,11,CLF_UNION,32,0,46,61,55,15,4,5,10,12,0.30000000000000004,0.30000000000000004
158,11,ORD-UNION,3,0,3,61,12,15,4,5,10,12,0.30000000000000004,0.30000000000000004
159,11,CARD,31,3,35,61,49,15,4,5,10,12,0.30000000000000004,0.30000000000000004
160,11,CLF_UNION,34,2,49,61,55,15,4,5,10,12,0.30000000000000004,0.30000000000000004
161,11,ORD-UNION,4,0,4,61,10,15,4,5,10,12,0.30000000000000004,0.30000000000000004
162,11,CARD,34,4,41,61,46,15,4,5,10,12,0.30000000000000004,0.30000000000000004
163,11,CLF_UNION,37,1,52,61,55,15,4,5,10,12,0.30000000000000004,0.30000000000000004
164,11,ORD-UNION,2,0,2,61,5,15,4,5,10,12,0.30000000000000004,0.30000000000000004
165,12,CARD,31,4,41,73,48,15,4,5,10,12,0.30000000000000004,0.30000000000000004
166,12,CLF_UNION,37,0,54,73,55,15,4,5,10,12,0.30000000000000004,0.30000000000000004
167,12,ORD-UNION,1,0,1,73,2,15,4,5,10,12,0.30000000000000004,0.30000000000000004
168,12,CARD,28,1,33,73,48,15,4,5,10,12,0.30000000000000004,0.30000000000000004
169,12,CLF_UNION,31,0,46,73,55,15,4,5,10,12,0.30000000000000004,0.30000000000000004
170,12,ORD-UNION,5,0,5,73,14,15,4,5,10,12,0.30000000000000004,0.30000000000000004
171,12,CARD,33,6,42,73,45,15,4,5,10,12,0.30000000000000004,0.30000000000000004
172,12,CLF_UNION,38,1,52,73,55,15,4,5,10,12,0.30000000000000004,0.30000000000000004
173,12,ORD-UNION,2,0,2,73,5,15,4,5,10,12,0.30000000000000004,0.30000000000000004
174,12,CARD,29,0,29,73,47,15,4,5,10,12,0.30000000000000004,0.30000000000000004
175,12,CLF_UNION,29,0,42,73,56,15,4,5,10,12,0.30000000000000004,0.30000000000000004
176,12,ORD-UNION,4,0,4,73,18,15,4,5,10,12,0.30000000000000004,0.30000000000000004
177,12,CARD,33,1,39,73,46,15,4,5,10,12,0.30000000000000004,0.30000000000000004
178,12,CLF_UNION,33,1,50,73,55,15,4,5,10,12,0.30000000000000004,0.30000000000000004
179,12,ORD-UNION,3,0,4,73,9,15,4,5,10,12,0.30000000000000004,0.30000000000000004
180,13,CARD,35,1,38,84,49,15,4,5,10,12,0.30000000000000004,0.30000000000000004
181,13,CLF_UNION,39,1,52,84,55,15,4,5,10,12,0.30000000000000004,0.30000000000000004
182,13,ORD-UNION,2,0,2,84,5,15,4,5,10,12,0.30000000000000004,0.30000000000000004
183,13,CARD,18,2,24,84,48,15,4,5,10,12,0.30000000000000004,0.30000000000000004
184,13,CLF_UNION,19,1,37,84,55,15,4,5,10,12,0.30000000000000004,0.30000000000000004
185,13,ORD-UNION,2,0,2,84,20,15,4,5,10,12,0.30000000000000004,0.30000000000000004
186,13,CARD,23,2,27,84,50,15,4,5,10,12,0.30000000000000004,0.30000000000000004
187,13,CLF_UNION,28,0,43,84,56,15,4,5,10,12,0.30000000000000004,0.30000000000000004
188,13,ORD-UNION,0,0,0,84,13,15,4,5,10,12,0.30000000000000004,0.30000000000000004
189,13,CARD,32,0,35,84,49,15,4,5,10,12,0.30000000000000004,0.30000000000000004
190,13,CLF_UNION,35,0,49,84,55,15,4,5,10,12,0.30000000000000004,0.30000000000000004
191,13,ORD-UNION,6,0,6,84,12,15,4,5,10,12,0.30000000000000004,0.30000000000000004
192,13,CARD,34,0,36,84,48,15,4,5,10,12,0.30000000000000004,0.30000000000000004
193,13,CLF_UNION,36,0,49,84,55,15,4,5,10,12,0.30000000000000004,0.30000000000000004
194,13,ORD-UNION,2,0,2,84,8,15,4,5,10,12,0.30000000000000004,0.30000000000000004
195,14,CARD,35,2,39,98,46,15,4,5,10,12,0.30000000000000004,0.30000000000000004
196,14,CLF_UNION,37,0,51,98,56,15,4,5,10,12,0.30000000000000004,0.30000000000000004
197,14,ORD-UNION,1,0,1,98,6,15,4,5,10,12,0.30000000000000004,0.30000000000000004
198,14,CARD,25,0,30,98,46,15,4,5,10,12,0.30000000000000004,0.30000000000000004
199,14,CLF_UNION,25,1,41,98,55,15,4,5,10,12,0.30000000000000004,0.30000000000000004
200,14,ORD-UNION,9,0,9,98,23,15,4,5,10,12,0.30000000000000004,0.30000000000000004
201,14,CARD,27,0,29,98,46,15,4,5,10,12,0.30000000000000004,0.30000000000000004
202,14,CLF_UNION,27,1,40,98,55,15,4,5,10,12,0.30000000000000004,0.30000000000000004
203,14,ORD-UNION,4,0,4,98,19,15,4,5,10,12,0.30000000000000004,0.30000000000000004
204,14,CARD,26,2,30,98,46,15,4,5,10,12,0.30000000000000004,0.30000000000000004
205,14,CLF_UNION,28,0,42,98,56,15,4,5,10,12,0.30000000000000004,0.30000000000000004
206,14,ORD-UNION,0,0,0,98,14,15,4,5,10,12,0.30000000000000004,0.30000000000000004
207,14,CARD,29,0,30,98,46,15,4,5,10,12,0.30000000000000004,0.30000000000000004
208,14,CLF_UNION,29,0,42,98,56,15,4,5,10,12,0.30000000000000004,0.30000000000000004
209,14,ORD-UNION,0,0,0,98,14,15,4,5,10,12,0.30000000000000004,0.30000000000000004
210,15,CARD,13,0,16,112,48,15,4,5,10,12,0.30000000000000004,0.30000000000000004
211,15,CLF_UNION,14,0,30,112,56,15,4,5,10,12,0.30000000000000004,0.30000000000000004
212,15,ORD-UNION,8,0,8,112,34,15,4,5,10,12,0.30000000000000004,0.30000000000000004
213,15,CARD,26,3,35,112,46,15,4,5,10,12,0.30000000000000004,0.30000000000000004
214,15,CLF_UNION,30,0,46,112,55,15,4,5,10,12,0.30000000000000004,0.30000000000000004
215,15,ORD-UNION,2,0,2,112,11,15,4,5,10,12,0.30000000000000004,0.30000000000000004
216,15,CARD,21,1,24,112,46,15,4,5,10,12,0.30000000000000004,0.30000000000000004
217,15,CLF_UNION,22,0,35,112,55,15,4,5,10,12,0.30000000000000004,0.30000000000000004
218,15,ORD-UNION,2,0,2,112,22,15,4,5,10,12,0.30000000000000004,0.30000000000000004
219,15,CARD,17,0,24,112,48,15,4,5,10,12,0.30000000000000004,0.30000000000000004
220,15,CLF_UNION,17,0,37,112,55,15,4,5,10,12,0.30000000000000004,0.30000000000000004
221,15,ORD-UNION,7,0,7,112,25,15,4,5,10,12,0.30000000000000004,0.30000000000000004
222,15,CARD,15,1,19,112,45,15,4,5,10,12,0.30000000000000004,0.30000000000000004
223,15,CLF_UNION,16,0,29,112,55,15,4,5,10,12,0.30000000000000004,0.30000000000000004
224,15,ORD-UNION,0,0,0,112,26,15,4,5,10,12,0.30000000000000004,0.30000000000000004
225,16,CARD,13,1,16,126,47,15,4,5,10,12,0.30000000000000004,0.30000000000000004
226,16,CLF_UNION,15,0,28,126,55,15,4,5,10,12,0.30000000000000004,0.30000000000000004
227,16,ORD-UNION,3,0,3,126,30,15,4,5,10,12,0.30000000000000004,0.30000000000000004
228,16,CARD,34,0,34,126,47,15,4,5,10,12,0.30000000000000004,0.30000000000000004
229,16,CLF_UNION,35,0,46,126,55,15,4,5,10,12,0.30000000000000004,0.30000000000000004
230,16,ORD-UNION,4,0,4,126,13,15,4,5,10,12,0.30000000000000004,0.30000000000000004
231,16,CARD,26,0,28,126,47,15,4,5,10,12,0.30000000000000004,0.30000000000000004
232,16,CLF_UNION,26,1,40,126,55,15,4,5,10,12,0.30000000000000004,0.30000000000000004
233,16,ORD-UNION,8,0,8,126,23,15,4,5,10,12,0.30000000000000004,0.30000000000000004
234,16,CARD,27,2,32,126,49,15,4,5,10,12,0.30000000000000004,0.30000000000000004
235,16,CLF_UNION,31,0,47,126,56,15,4,5,10,12,0.30000000000000004,0.30000000000000004
236,16,ORD-UNION,3,0,4,126,13,15,4,5,10,12,0.30000000000000004,0.30000000000000004
237,16,CARD,25,1,30,126,49,15,4,5,10,12,0.30000000000000004,0.30000000000000004
238,16,CLF_UNION,26,0,46,126,57,15,4,5,10,12,0.30000000000000004,0.30000000000000004
239,16,ORD-UNION,5,0,5,126,16,15,4,5,10,12,0.30000000000000004,0.30000000000000004
240,17,CARD,26,9,37,141,47,15,4,5,10,12,0.30000000000000004,0.30000000000000004
241,17,CLF_UNION,37,0,49,141,55,15,4,5,10,12,0.30000000000000004,0.30000000000000004
242,17,ORD-UNION,9,0,9,141,15,15,4,5,10,12,0.30000000000000004,0.30000000000000004
243,17,CARD,23,3,31,141,49,15,4,5,10,12,0.30000000000000004,0.30000000000000004
244,17,CLF_UNION,29,0,45,141,55,15,4,5,10,12,0.30000000000000004,0.30000000000000004
245,17,ORD-UNION,11,0,11,141,21,15,4,5,10,12,0.30000000000000004,0.30000000000000004
246,17,CARD,22,14,39,141,45,15,4,5,10,12,0.30000000000000004,0.30000000000000004
247,17,CLF_UNION,36,0,49,141,55,15,4,5,10,12,0.30000000000000004,0.30000000000000004
248,17,ORD-UNION,2,0,2,141,8,15,4,5,10,12,0.30000000000000004,0.30000000000000004
249,17,CARD,23,0,24,141,46,15,4,5,10,12,0.30000000000000004,0.30000000000000004
250,17,CLF_UNION,23,0,35,141,55,15,4,5,10,12,0.30000000000000004,0.30000000000000004
251,17,ORD-UNION,6,0,6,141,26,15,4,5,10,12,0.30000000000000004,0.30000000000000004
252,17,CARD,21,8,34,141,46,15,4,5,10,12,0.30000000000000004,0.30000000000000004
253,17,CLF_UNION,29,1,45,141,55,15,4,5,10,12,0.30000000000000004,0.30000000000000004
254,17,ORD-UNION,7,0,7,141,17,15,4,5,10,12,0.30000000000000004,0.30000000000000004
255,18,CARD,15,0,16,156,47,15,4,5,10,12,0.30000000000000004,0.30000000000000004
256,18,CLF_UNION,16,0,28,156,55,15,4,5,10,12,0.30000000000000004,0.30000000000000004
257,18,ORD-UNION,6,0,6,156,33,15,4,5,10,12,0.30000000000000004,0.30000000000000004
258,18,CARD,17,4,22,156,49,15,4,5,10,12,0.30000000000000004,0.30000000000000004
259,18,CLF_UNION,22,1,36,156,55,15,4,5,10,12,0.30000000000000004,0.30000000000000004
260,18,ORD-UNION,4,0,4,156,23,15,4,5,10,12,0.30000000000000004,0.30000000000000004
261,18,CARD,22,0,23,156,47,15,4,5,10,12,0.30000000000000004,0.30000000000000004
262,18,CLF_UNION,22,0,35,156,55,15,4,5,10,12,0.30000000000000004,0.30000000000000004
263,18,ORD-UNION,12,0,12,156,32,15,4,5,10,12,0.30000000000000004,0.30000000000000004
264,18,CARD,25,4,33,156,48,15,4,5,10,12,0.30000000000000004,0.30000000000000004
265,18,CLF_UNION,31,0,46,156,55,15,4,5,10,12,0.30000000000000004,0.30000000000000004
266,18,ORD-UNION,8,0,8,156,17,15,4,5,10,12,0.30000000000000004,0.30000000000000004
267,18,CARD,18,6,29,156,47,15,4,5,10,12,0.30000000000000004,0.30000000000000004
268,18,CLF_UNION,25,1,41,156,55,15,4,5,10,12,0.30000000000000004,0.30000000000000004
269,18,ORD-UNION,8,0,8,156,22,15,4,5,10,12,0.30000000000000004,0.30000000000000004
270,19,CARD,12,8,23,172,48,15,4,5,10,12,0.30000000000000004,0.30000000000000004
271,19,CLF_UNION,22,0,37,172,56,15,4,5,10,12,0.30000000000000004,0.30000000000000004
272,19,ORD-UNION,4,0,4,172,23,15,4,5,10,12,0.30000000000000004,0.30000000000000004
273,19,CARD,13,14,31,172,45,15,4,5,10,12,0.30000000000000004,0.30000000000000004
274,19,CLF_UNION,25,2,41,172,55,15,4,5,10,12,0.30000000000000004,0.30000000000000004
275,19,ORD-UNION,2,0,2,172,16,15,4,5,10,12,0.30000000000000004,0.30000000000000004
276,19,CARD,17,5,24,172,47,15,4,5,10,12,0.30000000000000004,0.30000000000000004
277,19,CLF_UNION,22,0,37,172,56,15,4,5,10,12,0.30000000000000004,0.30000000000000004
278,19,ORD-UNION,2,0,3,172,22,15,4,5,10,12,0.30000000000000004,0.30000000000000004
279,19,CARD,7,0,9,172,52,15,4,5,10,12,0.30000000000000004,0.30000000000000004
280,19,CLF_UNION,7,0,30,172,59,15,4,5,10,12,0.30000000000000004,0.30000000000000004
281,19,ORD-UNION,5,0,5,172,34,15,4,5,10,12,0.30000000000000004,0.30000000000000004
282,19,CARD,26,5,33,172,47,15,4,5,10,12,0.30000000000000004,0.30000000000000004
283,19,CLF_UNION,33,0,45,172,55,15,4,5,10,12,0.30000000000000004,0.30000000000000004
284,19,ORD-UNION,8,0,8,172,18,15,4,5,10,12,0.30000000000000004,0.30000000000000004
285,20,CARD,12,2,15,189,49,15,4,5,10,12,0.30000000000000004,0.30000000000000004
286,20,CLF_UNION,16,0,29,189,55,15,4,5,10,12,0.30000000000000004,0.30000000000000004
287,20,ORD-UNION,3,0,3,189,29,15,4,5,10,12,0.30000000000000004,0.30000000000000004
288,20,CARD,9,0,9,189,46,15,4,5,10,12,0.30000000000000004,0.30000000000000004
289,20,CLF_UNION,9,0,21,189,56,15,4,5,10,12,0.30000000000000004,0.30000000000000004
290,20,ORD-UNION,0,0,0,189,35,15,4,5,10,12,0.30000000000000004,0.30000000000000004
291,20,CARD,19,3,24,189,46,15,4,5,10,12,0.30000000000000004,0.30000000000000004
292,20,CLF_UNION,22,0,36,189,56,15,4,5,10,12,0.30000000000000004,0.30000000000000004
293,20,ORD-UNION,6,0,6,189,26,15,4,5,10,12,0.30000000000000004,0.30000000000000004
294,20,CARD,26,2,31,189,47,15,4,5,10,12,0.30000000000000004,0.30000000000000004
295,20,CLF_UNION,28,0,44,189,56,15,4,5,10,12,0.30000000000000004,0.30000000000000004
296,20,ORD-UNION,7,0,7,189,19,15,4,5,10,12,0.30000000000000004,0.30000000000000004
297,20,CARD,28,0,30,189,46,15,4,5,10,12,0.30000000000000004,0.30000000000000004
298,20,CLF_UNION,28,0,41,189,55,15,4,5,10,12,0.30000000000000004,0.30000000000000004
299,20,ORD-UNION,8,0,8,189,22,15,4,5,10,12,0.30000000000000004,0.30000000000000004
300,21,CARD,21,0,24,206,45,15,4,5,10,12,0.30000000000000004,0.30000000000000004
301,21,CLF_UNION,21,0,34,206,55,15,4,5,10,12,0.30000000000000004,0.30000000000000004
302,21,ORD-UNION,16,0,16,206,37,15,4,5,10,12,0.30000000000000004,0.30000000000000004
303,21,CARD,15,1,22,206,46,15,4,5,10,12,0.30000000000000004,0.30000000000000004
304,21,CLF_UNION,16,0,33,206,55,15,4,5,10,12,0.30000000000000004,0.30000000000000004
305,21,ORD-UNION,7,0,7,206,29,15,4,5,10,12,0.30000000000000004,0.30000000000000004
306,21,CARD,21,0,24,206,48,15,4,5,10,12,0.30000000000000004,0.30000000000000004
307,21,CLF_UNION,21,0,37,206,55,15,4,5,10,12,0.30000000000000004,0.30000000000000004
308,21,ORD-UNION,9,0,10,206,28,15,4,5,10,12,0.30000000000000004,0.30000000000000004
309,21,CARD,18,4,25,206,47,15,4,5,10,12,0.30000000000000004,0.30000000000000004
310,21,CLF_UNION,22,1,38,206,56,15,4,5,10,12,0.30000000000000004,0.30000000000000004
311,21,ORD-UNION,8,0,8,206,26,15,4,5,10,12,0.30000000000000004,0.30000000000000004
312,21,CARD,16,6,24,206,47,15,4,5,10,12,0.30000000000000004,0.30000000000000004
313,21,CLF_UNION,22,0,36,206,55,15,4,5,10,12,0.30000000000000004,0.30000000000000004
314,21,ORD-UNION,7,0,7,206,26,15,4,5,10,12,0.30000000000000004,0.30000000000000004
315,22,CARD,18,2,24,224,48,15,4,5,10,12,0.30000000000000004,0.30000000000000004
316,22,CLF_UNION,20,1,37,224,55,15,4,5,10,12,0.30000000000000004,0.30000000000000004
317,22,ORD-UNION,7,0,7,224,25,15,4,5,10,12,0.30000000000000004,0.30000000000000004
318,22,CARD,1,8,13,224,45,15,4,5,10,12,0.30000000000000004,0.30000000000000004
319,22,CLF_UNION,9,0,23,224,55,15,4,5,10,12,0.30000000000000004,0.30000000000000004
320,22,ORD-UNION,0,0,0,224,32,15,4,5,10,12,0.30000000000000004,0.30000000000000004
321,22,CARD,9,6,17,224,47,15,4,5,10,12,0.30000000000000004,0.30000000000000004
322,22,CLF_UNION,15,0,29,224,55,15,4,5,10,12,0.30000000000000004,0.30000000000000004
323,22,ORD-UNION,4,0,4,224,30,15,4,5,10,12,0.30000000000000004,0.30000000000000004
324,22,CARD,26,0,31,224,47,15,4,5,10,12,0.30000000000000004,0.30000000000000004
325,22,CLF_UNION,26,0,44,224,56,15,4,5,10,12,0.30000000000000004,0.30000000000000004
326,22,ORD-UNION,18,0,18,224,30,15,4,5,10,12,0.30000000000000004,0.30000000000000004
327,22,CARD,24,5,30,224,46,15,4,5,10,12,0.30000000000000004,0.30000000000000004
328,22,CLF_UNION,29,0,41,224,55,15,4,5,10,12,0.30000000000000004,0.30000000000000004
329,22,ORD-UNION,6,0,6,224,20,15,4,5,10,12,0.30000000000000004,0.30000000000000004
330,23,CARD,9,0,11,246,45,15,4,5,10,12,0.30000000000000004,0.30000000000000004
331,23,CLF_UNION,9,0,22,246,56,15,4,5,10,12,0.30000000000000004,0.30000000000000004
332,23,ORD-UNION,5,0,5,246,39,15,4,5,10,12,0.30000000000000004,0.30000000000000004
333,23,CARD,24,1,29,246,47,15,4,5,10,12,0.30000000000000004,0.30000000000000004
334,23,CLF_UNION,26,1,42,246,56,15,4,5,10,12,0.30000000000000004,0.30000000000000004
335,23,ORD-UNION,13,0,13,246,27,15,4,5,10,12,0.30000000000000004,0.30000000000000004
336,23,CARD,9,0,10,246,51,15,4,5,10,12,0.30000000000000004,0.30000000000000004
337,23,CLF_UNION,9,0,30,246,59,15,4,5,10,12,0.30000000000000004,0.30000000000000004
338,23,ORD-UNION,5,0,5,246,34,15,4,5,10,12,0.30000000000000004,0.30000000000000004
339,23,CARD,21,1,24,246,46,15,4,5,10,12,0.30000000000000004,0.30000000000000004
340,23,CLF_UNION,23,0,35,246,55,15,4,5,10,12,0.30000000000000004,0.30000000000000004
341,23,ORD-UNION,11,0,11,246,31,15,4,5,10,12,0.30000000000000004,0.30000000000000004
342,23,CARD,22,0,24,246,46,15,4,5,10,12,0.30000000000000004,0.30000000000000004
343,23,CLF_UNION,22,0,35,246,55,15,4,5,10,12,0.30000000000000004,0.30000000000000004
344,23,ORD-UNION,11,0,11,246,31,15,4,5,10,12,0.30000000000000004,0.30000000000000004
345,24,CARD,13,0,15,270,49,15,4,5,10,12,0.30000000000000004,0.30000000000000004
346,24,CLF_UNION,13,1,32,270,58,15,4,5,10,12,0.30000000000000004,0.30000000000000004
347,24,ORD-UNION,9,0,9,270,35,15,4,5,10,12,0.30000000000000004,0.30000000000000004
348,24,CARD,13,0,17,270,51,15,4,5,10,12,0.30000000000000004,0.30000000000000004
349,24,CLF_UNION,13,0,35,270,57,15,4,5,10,12,0.30000000000000004,0.30000000000000004
350,24,ORD-UNION,9,0,10,270,32,15,4,5,10,12,0.30000000000000004,0.30000000000000004
351,24,CARD,15,1,17,270,46,15,4,5,10,12,0.30000000000000004,0.30000000000000004
352,24,CLF_UNION,16,1,29,270,56,15,4,5,10,12,0.30000000000000004,0.30000000000000004
353,24,ORD-UNION,10,0,10,270,37,15,4,5,10,12,0.30000000000000004,0.30000000000000004
354,24,CARD,15,0,17,270,47,15,4,5,10,12,0.30000000000000004,0.30000000000000004
355,24,CLF_UNION,15,0,31,270,57,15,4,5,10,12,0.30000000000000004,0.30000000000000004
356,24,ORD-UNION,9,0,9,270,35,15,4,5,10,12,0.30000000000000004,0.30000000000000004
357,24,CARD,23,0,24,270,47,15,4,5,10,12,0.30000000000000004,0.30000000000000004
358,24,CLF_UNION,23,0,38,270,57,15,4,5,10,12,0.30000000000000004,0.30000000000000004
359,24,ORD-UNION,13,0,13,270,32,15,4,5,10,12,0.30000000000000004,0.30000000000000004
360,1,CARD,8,16,25,1,65,15,5,5,10,12,0.30000000000000004,0.30000000000000004
361,1,CLF_UNION,31,26,72,1,72,15,5,5,10,12,0.30000000000000004,0.30000000000000004
362,1,ORD-UNION,0,0,0,1,0,15,5,5,10,12,0.30000000000000004,0.30000000000000004
363,1,CARD,10,14,25,1,65,15,5,5,10,12,0.30000000000000004,0.30000000000000004
364,1,CLF_UNION,28,29,72,1,72,15,5,5,10,12,0.30000000000000004,0.30000000000000004
365,1,ORD-UNION,0,0,0,1,0,15,5,5,10,12,0.30000000000000004,0.30000000000000004
366,1,CARD,7,14,25,1,65,15,5,5,10,12,0.30000000000000004,0.30000000000000004
367,1,CLF_UNION,28,31,77,1,77,15,5,5,10,12,0.30000000000000004,0.30000000000000004
368,1,ORD-UNION,0,0,0,1,0,15,5,5,10,12,0.30000000000000004,0.30000000000000004
369,1,CARD,13,4,25,1,65,15,5,5,10,12,0.30000000000000004,0.30000000000000004
370,1,CLF_UNION,25,18,68,1,68,15,5,5,10,12,0.30000000000000004,0.30000000000000004
371,1,ORD-UNION,0,0,0,1,0,15,5,5,10,12,0.30000000000000004,0.30000000000000004
372,1,CARD,6,15,25,1,65,15,5,5,10,12,0.30000000000000004,0.30000000000000004
373,1,CLF_UNION,18,33,68,1,68,15,5,5,10,12,0.30000000000000004,0.30000000000000004
374,1,ORD-UNION,0,0,0,1,0,15,5,5,10,12,0.30000000000000004,0.30000000000000004
375,2,CARD,16,10,35,3,55,15,5,5,10,12,0.30000000000000004,0.30000000000000004
376,2,CLF_UNION,27,9,56,3,56,15,5,5,10,12,0.30000000000000004,0.30000000000000004
377,2,ORD-UNION,0,0,0,3,0,15,5,5,10,12,0.30000000000000004,0.30000000000000004
378,2,CARD,21,14,37,3,53,15,5,5,10,12,0.30000000000000004,0.30000000000000004
379,2,CLF_UNION,28,16,57,3,57,15,5,5,10,12,0.30000000000000004,0.30000000000000004
380,2,ORD-UNION,0,0,0,3,0,15,5,5,10,12,0.30000000000000004,0.30000000000000004
381,2,CARD,15,17,37,3,53,15,5,5,10,12,0.30000000000000004,0.30000000000000004
382,2,CLF_UNION,31,12,59,3,59,15,5,5,10,12,0.30000000000000004,0.30000000000000004
383,2,ORD-UNION,0,0,0,3,0,15,5,5,10,12,0.30000000000000004,0.30000000000000004
384,2,CARD,22,9,36,3,54,15,5,5,10,12,0.30000000000000004,0.30000000000000004
385,2,CLF_UNION,33,7,56,3,56,15,5,5,10,12,0.30000000000000004,0.30000000000000004
386,2,ORD-UNION,0,0,0,3,0,15,5,5,10,12,0.30000000000000004,0.30000000000000004
387,2,CARD,14,18,37,3,53,15,5,5,10,12,0.30000000000000004,0.30000000000000004
388,2,CLF_UNION,25,18,59,3,59,15,5,5,10,12,0.30000000000000004,0.30000000000000004
389,2,ORD-UNION,0,0,0,3,0,15,5,5,10,12,0.30000000000000004,0.30000000000000004
390,3,CARD,26,8,37,6,53,15,5,5,10,12,0.30000000000000004,0.30000000000000004
391,3,CLF_UNION,32,7,56,6,56,15,5,5,10,12,0.30000000000000004,0.30000000000000004
392,3,ORD-UNION,0,0,0,6,0,15,5,5,10,12,0.30000000000000004,0.30000000000000004
393,3,CARD,14,14,32,6,57,15,5,5,10,12,0.30000000000000004,0.30000000000000004
394,3,CLF_UNION,25,17,56,6,57,15,5,5,10,12,0.30000000000000004,0.30000000000000004
395,3,ORD-UNION,0,0,1,6,2,15,5,5,10,12,0.30000000000000004,0.30000000000000004
396,3,CARD,20,11,34,6,55,15,5,5,10,12,0.30000000000000004,0.30000000000000004
397,3,CLF_UNION,37,6,56,6,57,15,5,5,10,12,0.30000000000000004,0.30000000000000004
398,3,ORD-UNION,0,0,0,6,1,15,5,5,10,12,0.30000000000000004,0.30000000000000004
399,3,CARD,16,15,35,6,54,15,5,5,10,12,0.30000000000000004,0.30000000000000004
400,3,CLF_UNION,32,9,56,6,57,15,5,5,10,12,0.30000000000000004,0.30000000000000004
401,3,ORD-UNION,0,0,0,6,1,15,5,5,10,12,0.30000000000000004,0.30000000000000004
402,3,CARD,16,17,37,6,53,15,5,5,10,12,0.30000000000000004,0.30000000000000004
403,3,CLF_UNION,24,16,55,6,55,15,5,5,10,12,0.30000000000000004,0.30000000000000004
404,3,ORD-UNION,0,0,0,6,0,15,5,5,10,12,0.30000000000000004,0.30000000000000004
405,4,CARD,34,1,37,10,53,15,5,5,10,12,0.30000000000000004,0.30000000000000004
406,4,CLF_UNION,35,4,55,10,55,15,5,5,10,12,0.30000000000000004,0.30000000000000004
407,4,ORD-UNION,0,0,0,10,0,15,5,5,10,12,0.30000000000000004,0.30000000000000004
408,4,CARD,27,0,34,10,53,15,5,5,10,12,0.30000000000000004,0.30000000000000004
409,4,CLF_UNION,31,4,53,10,56,15,5,5,10,12,0.30000000000000004,0.30000000000000004
410,4,ORD-UNION,0,0,0,10,3,15,5,5,10,12,0.30000000000000004,0.30000000000000004
411,4,CARD,31,1,34,10,55,15,5,5,10,12,0.30000000000000004,0.30000000000000004
412,4,CLF_UNION,31,9,56,10,57,15,5,5,10,12,0.30000000000000004,0.30000000000000004
413,4,ORD-UNION,0,0,0,10,1,15,5,5,10,12,0.30000000000000004,0.30000000000000004
414,4,CARD,32,2,36,10,54,15,5,5,10,12,0.30000000000000004,0.30000000000000004
415,4,CLF_UNION,33,10,57,10,57,15,5,5,10,12,0.30000000000000004,0.30000000000000004
416,4,ORD-UNION,0,0,0,10,0,15,5,5,10,12,0.30000000000000004,0.30000000000000004
417,4,CARD,31,2,36,10,54,15,5,5,10,12,0.30000000000000004,0.30000000000000004
418,4,CLF_UNION,32,9,56,10,56,15,5,5,10,12,0.30000000000000004,0.30000000000000004
419,4,ORD-UNION,0,0,0,10,0,15,5,5,10,12,0.30000000000000004,0.30000000000000004
420,5,CARD,27,9,42,14,48,15,5,5,10,12,0.30000000000000004,0.30000000000000004
421,5,CLF_UNION,32,6,55,14,55,15,5,5,10,12,0.30000000000000004,0.30000000000000004
422,5,ORD-UNION,0,0,1,14,1,15,5,5,10,12,0.30000000000000004,0.30000000000000004
423,5,CARD,19,10,36,14,54,15,5,5,10,12,0.30000000000000004,0.30000000000000004
424,5,CLF_UNION,25,11,55,14,55,15,5,5,10,12,0.30000000000000004,0.30000000000000004
425,5,ORD-UNION,0,0,0,14,0,15,5,5,10,12,0.30000000000000004,0.30000000000000004
426,5,CARD,23,9,34,14,55,15,5,5,10,12,0.30000000000000004,0.30000000000000004
427,5,CLF_UNION,30,11,54,14,55,15,5,5,10,12,0.30000000000000004,0.30000000000000004
428,5,ORD-UNION,0,0,1,14,2,15,5,5,10,12,0.30000000000000004,0.30000000000000004
429,5,CARD,25,10,39,14,51,15,5,5,10,12,0.30000000000000004,0.30000000000000004
430,5,CLF_UNION,32,9,55,14,55,15,5,5,10,12,0.30000000000000004,0.30000000000000004
431,5,ORD-UNION,0,0,0,14,0,15,5,5,10,12,0.30000000000000004,0.30000000000000004
432,5,CARD,28,6,38,14,52,15,5,5,10,12,0.30000000000000004,0.30000000000000004
433,5,CLF_UNION,34,5,55,14,55,15,5,5,10,12,0.30000000000000004,0.30000000000000004
434,5,ORD-UNION,0,0,0,14,0,15,5,5,10,12,0.30000000000000004,0.30000000000000004
435,6,CARD,31,0,38,20,49,15,5,5,10,12,0.30000000000000004,0.30000000000000004
436,6,CLF_UNION,30,4,53,20,56,15,5,5,10,12,0.30000000000000004,0.30000000000000004
437,6,ORD-UNION,0,0,1,20,4,15,5,5,10,12,0.30000000000000004,0.30000000000000004
438,6,CARD,27,5,38,20,49,15,5,5,10,12,0.30000000000000004,0.30000000000000004
439,6,CLF_UNION,30,6,53,20,56,15,5,5,10,12,0.30000000000000004,0.30000000000000004
440,6,ORD-UNION,0,0,1,20,4,15,5,5,10,12,0.30000000000000004,0.30000000000000004
441,6,CARD,35,3,40,20,50,15,5,5,10,12,0.30000000000000004,0.30000000000000004
442,6,CLF_UNION,30,13,55,20,55,15,5,5,10,12,0.30000000000000004,0.30000000000000004
443,6,ORD-UNION,0,0,0,20,0,15,5,5,10,12,0.30000000000000004,0.30000000000000004
444,6,CARD,32,3,39,20,50,15,5,5,10,12,0.30000000000000004,0.30000000000000004
445,6,CLF_UNION,27,12,54,20,55,15,5,5,10,12,0.30000000000000004,0.30000000000000004
446,6,ORD-UNION,0,0,0,20,1,15,5,5,10,12,0.30000000000000004,0.30000000000000004
447,6,CARD,27,7,40,20,50,15,5,5,10,12,0.30000000000000004,0.30000000000000004
448,6,CLF_UNION,30,8,55,20,55,15,5,5,10,12,0.30000000000000004,0.30000000000000004
449,6,ORD-UNION,0,0,1,20,1,15,5,5,10,12,0.30000000000000004,0.30000000000000004
450,7,CARD,30,6,42,25,47,15,5,5,10,12,0.30000000000000004,0.30000000000000004
451,7,CLF_UNION,34,4,54,25,55,15,5,5,10,12,0.30000000000000004,0.30000000000000004
452,7,ORD-UNION,0,0,1,25,2,15,5,5,10,12,0.30000000000000004,0.30000000000000004
453,7,CARD,26,7,43,25,47,15,5,5,10,12,0.30000000000000004,0.30000000000000004
454,7,CLF_UNION,29,6,55,25,55,15,5,5,10,12,0.30000000000000004,0.30000000000000004
455,7,ORD-UNION,0,0,1,25,1,15,5,5,10,12,0.30000000000000004,0.30000000000000004
456,7,CARD,27,10,41,25,49,15,5,5,10,12,0.30000000000000004,0.30000000000000004
457,7,CLF_UNION,31,9,55,25,55,15,5,5,10,12,0.30000000000000004,0.30000000000000004
458,7,ORD-UNION,0,0,0,25,0,15,5,5,10,12,0.30000000000000004,0.30000000000000004
459,7,CARD,31,2,39,25,49,15,5,5,10,12,0.30000000000000004,0.30000000000000004
460,7,CLF_UNION,33,4,54,25,56,15,5,5,10,12,0.30000000000000004,0.30000000000000004
461,7,ORD-UNION,1,0,1,25,3,15,5,5,10,12,0.30000000000000004,0.30000000000000004
462,7,CARD,23,8,35,25,50,15,5,5,10,12,0.30000000000000004,0.30000000000000004
463,7,CLF_UNION,30,7,52,25,57,15,5,5,10,12,0.30000000000000004,0.30000000000000004
464,7,ORD-UNION,0,0,0,25,5,15,5,5,10,12,0.30000000000000004,0.30000000000000004
465,8,CARD,25,9,36,33,49,15,5,5,10,12,0.30000000000000004,0.30000000000000004
466,8,CLF_UNION,32,5,50,33,55,15,5,5,10,12,0.30000000000000004,0.30000000000000004
467,8,ORD-UNION,0,0,1,33,6,15,5,5,10,12,0.30000000000000004,0.30000000000000004
468,8,CARD,28,7,38,33,49,15,5,5,10,12,0.30000000000000004,0.30000000000000004
469,8,CLF_UNION,34,3,52,33,55,15,5,5,10,12,0.30000000000000004,0.30000000000000004
470,8,ORD-UNION,0,0,0,33,3,15,5,5,10,12,0.30000000000000004,0.30000000000000004
471,8,CARD,29,5,38,33,47,15,5,5,10,12,0.30000000000000004,0.30000000000000004
472,8,CLF_UNION,30,5,50,33,55,15,5,5,10,12,0.30000000000000004,0.30000000000000004
473,8,ORD-UNION,0,0,1,33,6,15,5,5,10,12,0.30000000000000004,0.30000000000000004
474,8,CARD,31,6,41,33,47,15,5,5,10,12,0.30000000000000004,0.30000000000000004
475,8,CLF_UNION,35,4,53,33,55,15,5,5,10,12,0.30000000000000004,0.30000000000000004
476,8,ORD-UNION,0,0,1,33,3,15,5,5,10,12,0.30000000000000004,0.30000000000000004
477,8,CARD,29,6,37,33,47,15,5,5,10,12,0.30000000000000004,0.30000000000000004
478,8,CLF_UNION,32,4,49,33,55,15,5,5,10,12,0.30000000000000004,0.30000000000000004
479,8,ORD-UNION,1,0,1,33,7,15,5,5,10,12,0.30000000000000004,0.30000000000000004
480,9,CARD,29,9,41,41,46,15,5,5,10,12,0.30000000000000004,0.30000000000000004
481,9,CLF_UNION,33,6,52,41,55,15,5,5,10,12,0.30000000000000004,0.30000000000000004
482,9,ORD-UNION,0,0,0,41,3,15,5,5,10,12,0.30000000000000004,0.30000000000000004
483,9,CARD,27,6,35,41,45,15,5,5,10,12,0.30000000000000004,0.30000000000000004
484,9,CLF_UNION,29,4,45,41,55,15,5,5,10,12,0.30000000000000004,0.30000000000000004
485,9,ORD-UNION,0,0,0,41,10,15,5,5,10,12,0.30000000000000004,0.30000000000000004
486,9,CARD,33,7,44,41,45,15,5,5,10,12,0.30000000000000004,0.30000000000000004
487,9,CLF_UNION,35,5,54,41,55,15,5,5,10,12,0.30000000000000004,0.30000000000000004
488,9,ORD-UNION,0,0,0,41,1,15,5,5,10,12,0.30000000000000004,0.30000000000000004
489,9,CARD,26,11,41,41,46,15,5,5,10,12,0.30000000000000004,0.30000000000000004
490,9,CLF_UNION,32,6,52,41,55,15,5,5,10,12,0.30000000000000004,0.30000000000000004
491,9,ORD-UNION,0,0,0,41,3,15,5,5,10,12,0.30000000000000004,0.30000000000000004
492,9,CARD,21,12,36,41,50,15,5,5,10,12,0.30000000000000004,0.30000000000000004
493,9,CLF_UNION,27,7,51,41,55,15,5,5,10,12,0.30000000000000004,0.30000000000000004
494,9,ORD-UNION,0,0,0,41,4,15,5,5,10,12,0.30000000000000004,0.30000000000000004
495,10,CARD,25,8,36,51,49,15,5,5,10,12,0.30000000000000004,0.30000000000000004
496,10,CLF_UNION,29,5,50,51,55,15,5,5,10,12,0.30000000000000004,0.30000000000000004
497,10,ORD-UNION,0,0,0,51,5,15,5,5,10,12,0.30000000000000004,0.30000000000000004
498,10,CARD,26,5,39,51,47,15,5,5,10,12,0.30000000000000004,0.30000000000000004
499,10,CLF_UNION,30,2,51,51,55,15,5,5,10,12,0.30000000000000004,0.30000000000000004
500,10,ORD-UNION,0,0,2,51,6,15,5,5,10,12,0.30000000000000004,0.30000000000000004
501,10,CARD,27,5,33,51,48,15,5,5,10,12,0.30000000000000004,0.30000000000000004
502,10,CLF_UNION,31,2,46,51,55,15,5,5,10,12,0.30000000000000004,0.30000000000000004
503,10,ORD-UNION,0,0,0,51,9,15,5,5,10,12,0.30000000000000004,0.30000000000000004
504,10,CARD,27,5,39,51,48,15,5,5,10,12,0.30000000000000004,0.30000000000000004
505,10,CLF_UNION,35,0,52,51,55,15,5,5,10,12,0.30000000000000004,0.30000000000000004
506,10,ORD-UNION,0,0,0,51,3,15,5,5,10,12,0.30000000000000004,0.30000000000000004
507,10,CARD,34,6,44,51,46,15,5,5,10,12,0.30000000000000004,0.30000000000000004
508,10,CLF_UNION,36,5,55,51,55,15,5,5,10,12,0.30000000000000004,0.30000000000000004
509,10,ORD-UNION,0,0,0,51,0,15,5,5,10,12,0.30000000000000004,0.30000000000000004
510,11,CARD,33,3,38,62,46,15,5,5,10,12,0.30000000000000004,0.30000000000000004
511,11,CLF_UNION,32,6,50,62,56,15,5,5,10,12,0.30000000000000004,0.30000000000000004
512,11,ORD-UNION,0,0,0,62,6,15,5,5,10,12,0.30000000000000004,0.30000000000000004
513,11,CARD,24,7,42,62,45,15,5,5,10,12,0.30000000000000004,0.30000000000000004
514,11,CLF_UNION,31,0,52,62,55,15,5,5,10,12,0.30000000000000004,0.30000000000000004
515,11,ORD-UNION,0,0,0,62,3,15,5,5,10,12,0.30000000000000004,0.30000000000000004
516,11,CARD,18,13,38,62,47,15,5,5,10,12,0.30000000000000004,0.30000000000000004
517,11,CLF_UNION,31,3,51,62,56,15,5,5,10,12,0.30000000000000004,0.30000000000000004
518,11,ORD-UNION,0,0,2,62,7,15,5,5,10,12,0.30000000000000004,0.30000000000000004
519,11,CARD,33,3,42,62,46,15,5,5,10,12,0.30000000000000004,0.30000000000000004
520,11,CLF_UNION,31,5,53,62,55,15,5,5,10,12,0.30000000000000004,0.30000000000000004
521,11,ORD-UNION,0,0,1,62,3,15,5,5,10,12,0.30000000000000004,0.30000000000000004
522,11,CARD,16,9,32,62,51,15,5,5,10,12,0.30000000000000004,0.30000000000000004
523,11,CLF_UNION,28,0,49,62,56,15,5,5,10,12,0.30000000000000004,0.30000000000000004
524,11,ORD-UNION,0,0,2,62,9,15,5,5,10,12,0.30000000000000004,0.30000000000000004
525,12,CARD,30,4,38,73,47,15,5,5,10,12,0.30000000000000004,0.30000000000000004
526,12,CLF_UNION,33,3,50,73,55,15,5,5,10,12,0.30000000000000004,0.30000000000000004
527,12,ORD-UNION,2,1,5,73,10,15,5,5,10,12,0.30000000000000004,0.30000000000000004
528,12,CARD,28,6,38,73,46,15,5,5,10,12,0.30000000000000004,0.30000000000000004
529,12,CLF_UNION,33,2,49,73,55,15,5,5,10,12,0.30000000000000004,0.30000000000000004
530,12,ORD-UNION,6,1,8,73,14,15,5,5,10,12,0.30000000000000004,0.30000000000000004
531,12,CARD,23,10,38,73,46,15,5,5,10,12,0.30000000000000004,0.30000000000000004
532,12,CLF_UNION,29,5,49,73,55,15,5,5,10,12,0.30000000000000004,0.30000000000000004
533,12,ORD-UNION,5,0,6,73,12,15,5,5,10,12,0.30000000000000004,0.30000000000000004
534,12,CARD,27,7,39,73,45,15,5,5,10,12,0.30000000000000004,0.30000000000000004
535,12,CLF_UNION,32,2,49,73,55,15,5,5,10,12,0.30000000000000004,0.30000000000000004
536,12,ORD-UNION,2,1,4,73,10,15,5,5,10,12,0.30000000000000004,0.30000000000000004
537,12,CARD,27,12,43,73,46,15,5,5,10,12,0.30000000000000004,0.30000000000000004
538,12,CLF_UNION,35,4,54,73,55,15,5,5,10,12,0.30000000000000004,0.30000000000000004
539,12,ORD-UNION,0,0,0,73,1,15,5,5,10,12,0.30000000000000004,0.30000000000000004
540,13,CARD,24,4,30,86,45,15,5,5,10,12,0.30000000000000004,0.30000000000000004
541,13,CLF_UNION,27,2,41,86,56,15,5,5,10,12,0.30000000000000004,0.30000000000000004
542,13,ORD-UNION,1,0,1,86,16,15,5,5,10,12,0.30000000000000004,0.30000000000000004
543,13,CARD,26,6,35,86,46,15,5,5,10,12,0.30000000000000004,0.30000000000000004
544,13,CLF_UNION,31,1,46,86,55,15,5,5,10,12,0.30000000000000004,0.30000000000000004
545,13,ORD-UNION,0,0,0,86,9,15,5,5,10,12,0.30000000000000004,0.30000000000000004
546,13,CARD,23,3,29,86,47,15,5,5,10,12,0.30000000000000004,0.30000000000000004
547,13,CLF_UNION,25,4,43,86,57,15,5,5,10,12,0.30000000000000004,0.30000000000000004
548,13,ORD-UNION,4,0,6,86,20,15,5,5,10,12,0.30000000000000004,0.30000000000000004
549,13,CARD,28,5,39,86,45,15,5,5,10,12,0.30000000000000004,0.30000000000000004
550,13,CLF_UNION,32,1,49,86,55,15,5,5,10,12,0.30000000000000004,0.30000000000000004
551,13,ORD-UNION,1,0,1,86,7,15,5,5,10,12,0.30000000000000004,0.30000000000000004
552,13,CARD,22,7,34,86,48,15,5,5,10,12,0.30000000000000004,0.30000000000000004
553,13,CLF_UNION,25,5,47,86,55,15,5,5,10,12,0.30000000000000004,0.30000000000000004
554,13,ORD-UNION,3,0,3,86,11,15,5,5,10,12,0.30000000000000004,0.30000000000000004
555,14,CARD,31,2,37,99,47,15,5,5,10,12,0.30000000000000004,0.30000000000000004
556,14,CLF_UNION,32,3,50,99,56,15,5,5,10,12,0.30000000000000004,0.30000000000000004
557,14,ORD-UNION,10,0,10,99,16,15,5,5,10,12,0.30000000000000004,0.30000000000000004
558,14,CARD,34,4,39,99,48,15,5,5,10,12,0.30000000000000004,0.30000000000000004
559,14,CLF_UNION,35,4,52,99,55,15,5,5,10,12,0.30000000000000004,0.30000000000000004
560,14,ORD-UNION,0,0,0,99,3,15,5,5,10,12,0.30000000000000004,0.30000000000000004
561,14,CARD,15,5,23,99,48,15,5,5,10,12,0.30000000000000004,0.30000000000000004
562,14,CLF_UNION,17,6,39,99,58,15,5,5,10,12,0.30000000000000004,0.30000000000000004
563,14,ORD-UNION,0,0,0,99,19,15,5,5,10,12,0.30000000000000004,0.30000000000000004
564,14,CARD,32,0,32,99,49,15,5,5,10,12,0.30000000000000004,0.30000000000000004
565,14,CLF_UNION,28,4,46,99,55,15,5,5,10,12,0.30000000000000004,0.30000000000000004
566,14,ORD-UNION,1,0,1,99,10,15,5,5,10,12,0.30000000000000004,0.30000000000000004
567,14,CARD,31,4,40,99,47,15,5,5,10,12,0.30000000000000004,0.30000000000000004
568,14,CLF_UNION,33,3,52,99,55,15,5,5,10,12,0.30000000000000004,0.30000000000000004
569,14,ORD-UNION,2,0,2,99,5,15,5,5,10,12,0.30000000000000004,0.30000000000000004
570,15,CARD,24,2,29,111,48,15,5,5,10,12,0.30000000000000004,0.30000000000000004
571,15,CLF_UNION,25,2,42,111,55,15,5,5,10,12,0.30000000000000004,0.30000000000000004
572,15,ORD-UNION,7,0,7,111,20,15,5,5,10,12,0.30000000000000004,0.30000000000000004
573,15,CARD,30,4,38,111,47,15,5,5,10,12,0.30000000000000004,0.30000000000000004
574,15,CLF_UNION,33,2,51,111,56,15,5,5,10,12,0.30000000000000004,0.30000000000000004
575,15,ORD-UNION,8,1,9,111,14,15,5,5,10,12,0.30000000000000004,0.30000000000000004
576,15,CARD,8,0,9,111,49,15,5,5,10,12,0.30000000000000004,0.30000000000000004
577,15,CLF_UNION,8,0,24,111,56,15,5,5,10,12,0.30000000000000004,0.30000000000000004
578,15,ORD-UNION,0,0,0,111,32,15,5,5,10,12,0.30000000000000004,0.30000000000000004
579,15,CARD,23,1,28,111,48,15,5,5,10,12,0.30000000000000004,0.30000000000000004
580,15,CLF_UNION,23,2,41,111,55,15,5,5,10,12,0.30000000000000004,0.30000000000000004
581,15,ORD-UNION,5,0,6,111,20,15,5,5,10,12,0.30000000000000004,0.30000000000000004
582,15,CARD,21,3,30,111,46,15,5,5,10,12,0.30000000000000004,0.30000000000000004
583,15,CLF_UNION,23,1,41,111,55,15,5,5,10,12,0.30000000000000004,0.30000000000000004
584,15,ORD-UNION,3,1,6,111,20,15,5,5,10,12,0.30000000000000004,0.30000000000000004
585,16,CARD,18,7,28,125,47,15,5,5,10,12,0.30000000000000004,0.30000000000000004
586,16,CLF_UNION,23,4,40,125,55,15,5,5,10,12,0.30000000000000004,0.30000000000000004
587,16,ORD-UNION,0,0,0,125,15,15,5,5,10,12,0.30000000000000004,0.30000000000000004
588,16,CARD,20,4,27,125,46,15,5,5,10,12,0.30000000000000004,0.30000000000000004
589,16,CLF_UNION,23,1,38,125,55,15,5,5,10,12,0.30000000000000004,0.30000000000000004
590,16,ORD-UNION,7,0,7,125,24,15,5,5,10,12,0.30000000000000004,0.30000000000000004
591,16,CARD,20,8,31,125,45,15,5,5,10,12,0.30000000000000004,0.30000000000000004
592,16,CLF_UNION,23,5,41,125,55,15,5,5,10,12,0.30000000000000004,0.30000000000000004
593,16,ORD-UNION,3,0,3,125,17,15,5,5,10,12,0.30000000000000004,0.30000000000000004
594,16,CARD,15,6,25,125,46,15,5,5,10,12,0.30000000000000004,0.30000000000000004
595,16,CLF_UNION,17,4,36,125,55,15,5,5,10,12,0.30000000000000004,0.30000000000000004
596,16,ORD-UNION,4,1,6,125,25,15,5,5,10,12,0.30000000000000004,0.30000000000000004
597,16,CARD,22,2,28,125,50,15,5,5,10,12,0.30000000000000004,0.30000000000000004
598,16,CLF_UNION,26,0,43,125,55,15,5,5,10,12,0.30000000000000004,0.30000000000000004
599,16,ORD-UNION,4,0,4,125,16,15,5,5,10,12,0.30000000000000004,0.30000000000000004
600,17,CARD,7,1,11,142,46,15,5,5,10,12,0.30000000000000004,0.30000000000000004
601,17,CLF_UNION,8,0,23,142,56,15,5,5,10,12,0.30000000000000004,0.30000000000000004
602,17,ORD-UNION,1,0,1,142,34,15,5,5,10,12,0.30000000000000004,0.30000000000000004
603,17,CARD,11,11,32,142,46,15,5,5,10,12,0.30000000000000004,0.30000000000000004
604,17,CLF_UNION,17,5,44,142,56,15,5,5,10,12,0.30000000000000004,0.30000000000000004
605,17,ORD-UNION,3,1,5,142,17,15,5,5,10,12,0.30000000000000004,0.30000000000000004
606,17,CARD,27,4,35,142,45,15,5,5,10,12,0.30000000000000004,0.30000000000000004
607,17,CLF_UNION,29,2,45,142,55,15,5,5,10,12,0.30000000000000004,0.30000000000000004
608,17,ORD-UNION,5,1,7,142,17,15,5,5,10,12,0.30000000000000004,0.30000000000000004
609,17,CARD,20,5,30,142,46,15,5,5,10,12,0.30000000000000004,0.30000000000000004
610,17,CLF_UNION,22,4,41,142,55,15,5,5,10,12,0.30000000000000004,0.30000000000000004
611,17,ORD-UNION,12,0,13,142,27,15,5,5,10,12,0.30000000000000004,0.30000000000000004
612,17,CARD,22,4,30,142,46,15,5,5,10,12,0.30000000000000004,0.30000000000000004
613,17,CLF_UNION,24,2,41,142,55,15,5,5,10,12,0.30000000000000004,0.30000000000000004
614,17,ORD-UNION,8,0,8,142,22,15,5,5,10,12,0.30000000000000004,0.30000000000000004
615,18,CARD,22,4,31,157,46,15,5,5,10,12,0.30000000000000004,0.30000000000000004
616,18,CLF_UNION,25,1,42,157,55,15,5,5,10,12,0.30000000000000004,0.30000000000000004
617,18,ORD-UNION,9,0,9,157,22,15,5,5,10,12,0.30000000000000004,0.30000000000000004
618,18,CARD,17,7,32,157,45,15,5,5,10,12,0.30000000000000004,0.30000000000000004
619,18,CLF_UNION,20,4,42,157,55,15,5,5,10,12,0.30000000000000004,0.30000000000000004
620,18,ORD-UNION,9,1,12,157,25,15,5,5,10,12,0.30000000000000004,0.30000000000000004
621,18,CARD,21,4,30,157,46,15,5,5,10,12,0.30000000000000004,0.30000000000000004
622,18,CLF_UNION,25,1,41,157,55,15,5,5,10,12,0.30000000000000004,0.30000000000000004
623,18,ORD-UNION,5,0,5,157,19,15,5,5,10,12,0.30000000000000004,0.30000000000000004
624,18,CARD,10,4,19,157,45,15,5,5,10,12,0.30000000000000004,0.30000000000000004
625,18,CLF_UNION,12,2,29,157,55,15,5,5,10,12,0.30000000000000004,0.30000000000000004
626,18,ORD-UNION,0,0,0,157,26,15,5,5,10,12,0.30000000000000004,0.30000000000000004
627,18,CARD,18,5,26,157,45,15,5,5,10,12,0.30000000000000004,0.30000000000000004
628,18,CLF_UNION,21,2,36,157,55,15,5,5,10,12,0.30000000000000004,0.30000000000000004
629,18,ORD-UNION,11,1,13,157,32,15,5,5,10,12,0.30000000000000004,0.30000000000000004
630,19,CARD,24,1,30,172,46,15,5,5,10,12,0.30000000000000004,0.30000000000000004
631,19,CLF_UNION,25,0,42,172,56,15,5,5,10,12,0.30000000000000004,0.30000000000000004
632,19,ORD-UNION,16,0,17,172,31,15,5,5,10,12,0.30000000000000004,0.30000000000000004
633,19,CARD,15,0,19,172,46,15,5,5,10,12,0.30000000000000004,0.30000000000000004
634,19,CLF_UNION,15,2,33,172,58,15,5,5,10,12,0.30000000000000004,0.30000000000000004
635,19,ORD-UNION,8,0,8,172,33,15,5,5,10,12,0.30000000000000004,0.30000000000000004
636,19,CARD,18,1,27,172,46,15,5,5,10,12,0.30000000000000004,0.30000000000000004
637,19,CLF_UNION,19,0,39,172,56,15,5,5,10,12,0.30000000000000004,0.30000000000000004
638,19,ORD-UNION,10,0,10,172,27,15,5,5,10,12,0.30000000000000004,0.30000000000000004
639,19,CARD,17,4,25,172,47,15,5,5,10,12,0.30000000000000004,0.30000000000000004
640,19,CLF_UNION,21,4,41,172,59,15,5,5,10,12,0.30000000000000004,0.30000000000000004
641,19,ORD-UNION,9,0,10,172,28,15,5,5,10,12,0.30000000000000004,0.30000000000000004
642,19,CARD,13,7,28,172,47,15,5,5,10,12,0.30000000000000004,0.30000000000000004
643,19,CLF_UNION,18,2,41,172,56,15,5,5,10,12,0.30000000000000004,0.30000000000000004
644,19,ORD-UNION,5,1,7,172,22,15,5,5,10,12,0.30000000000000004,0.30000000000000004
645,20,CARD,12,4,17,190,48,15,5,5,10,12,0.30000000000000004,0.30000000000000004
646,20,CLF_UNION,13,5,31,190,56,15,5,5,10,12,0.30000000000000004,0.30000000000000004
647,20,ORD-UNION,4,1,6,190,31,15,5,5,10,12,0.30000000000000004,0.30000000000000004
648,20,CARD,20,2,24,190,45,15,5,5,10,12,0.30000000000000004,0.30000000000000004
649,20,CLF_UNION,22,0,34,190,55,15,5,5,10,12,0.30000000000000004,0.30000000000000004
650,20,ORD-UNION,16,0,17,190,38,15,5,5,10,12,0.30000000000000004,0.30000000000000004
651,20,CARD,4,3,14,190,47,15,5,5,10,12,0.30000000000000004,0.30000000000000004
652,20,CLF_UNION,6,1,26,190,55,15,5,5,10,12,0.30000000000000004,0.30000000000000004
653,20,ORD-UNION,4,2,10,190,39,15,5,5,10,12,0.30000000000000004,0.30000000000000004
654,20,CARD,14,3,18,190,45,15,5,5,10,12,0.30000000000000004,0.30000000000000004
655,20,CLF_UNION,16,1,28,190,55,15,5,5,10,12,0.30000000000000004,0.30000000000000004
656,20,ORD-UNION,9,0,9,190,36,15,5,5,10,12,0.30000000000000004,0.30000000000000004
657,20,CARD,22,5,30,190,46,15,5,5,10,12,0.30000000000000004,0.30000000000000004
658,20,CLF_UNION,26,2,42,190,56,15,5,5,10,12,0.30000000000000004,0.30000000000000004
659,20,ORD-UNION,15,2,19,190,33,15,5,5,10,12,0.30000000000000004,0.30000000000000004
660,21,CARD,25,6,34,207,47,15,5,5,10,12,0.30000000000000004,0.30000000000000004
661,21,CLF_UNION,30,1,48,207,57,15,5,5,10,12,0.30000000000000004,0.30000000000000004
662,21,ORD-UNION,17,3,23,207,32,15,5,5,10,12,0.30000000000000004,0.30000000000000004
663,21,CARD,6,2,11,207,46,15,5,5,10,12,0.30000000000000004,0.30000000000000004
664,21,CLF_UNION,6,2,22,207,55,15,5,5,10,12,0.30000000000000004,0.30000000000000004
665,21,ORD-UNION,2,1,5,207,38,15,5,5,10,12,0.30000000000000004,0.30000000000000004
666,21,CARD,18,3,24,207,46,15,5,5,10,12,0.30000000000000004,0.30000000000000004
667,21,CLF_UNION,19,2,35,207,55,15,5,5,10,12,0.30000000000000004,0.30000000000000004
668,21,ORD-UNION,11,0,14,207,34,15,5,5,10,12,0.30000000000000004,0.30000000000000004
669,21,CARD,14,5,25,207,48,15,5,5,10,12,0.30000000000000004,0.30000000000000004
670,21,CLF_UNION,17,4,39,207,56,15,5,5,10,12,0.30000000000000004,0.30000000000000004
671,21,ORD-UNION,10,2,12,207,29,15,5,5,10,12,0.30000000000000004,0.30000000000000004
672,21,CARD,24,5,33,207,45,15,5,5,10,12,0.30000000000000004,0.30000000000000004
673,21,CLF_UNION,25,4,43,207,55,15,5,5,10,12,0.30000000000000004,0.30000000000000004
674,21,ORD-UNION,15,1,17,207,29,15,5,5,10,12,0.30000000000000004,0.30000000000000004
