,budget,model,correct,wrong,total,n_pref_input,n_pref_output,theta_size,theta_additivity,n_items,n_test_subsets,n_tiers,alpha,p
0,1,CARD,6,11,25,1,65,9,5,5,10,3,0.1,0.7000000000000001
1,1,CLF_UNION,28,15,73,1,73,9,5,5,10,3,0.1,0.7000000000000001
2,1,ORD-UNION,0,0,0,1,0,9,5,5,10,3,0.1,0.7000000000000001
3,1,CARD,15,5,24,1,66,9,5,5,10,3,0.1,0.7000000000000001
4,1,CLF_UNION,28,12,63,1,63,9,5,5,10,3,0.1,0.7000000000000001
5,1,ORD-UNION,1,0,1,1,1,9,5,5,10,3,0.1,0.7000000000000001
6,1,CARD,9,5,21,1,69,9,5,5,10,3,0.1,0.7000000000000001
7,1,CLF_UNION,22,22,68,1,68,9,5,5,10,3,0.1,0.7000000000000001
8,1,ORD-UNION,0,0,0,1,0,9,5,5,10,3,0.1,0.7000000000000001
9,1,CARD,12,9,24,1,66,9,5,5,10,3,0.1,0.7000000000000001
10,1,CLF_UNION,29,17,71,1,71,9,5,5,10,3,0.1,0.7000000000000001
11,1,ORD-UNION,0,0,0,1,0,9,5,5,10,3,0.1,0.7000000000000001
12,1,CARD,3,6,24,1,66,9,5,5,10,3,0.1,0.7000000000000001
13,1,CLF_UNION,11,10,68,1,68,9,5,5,10,3,0.1,0.7000000000000001
14,1,ORD-UNION,0,0,0,1,0,9,5,5,10,3,0.1,0.7000000000000001
15,2,CARD,17,1,36,3,53,9,5,5,10,3,0.1,0.7000000000000001
16,2,CLF_UNION,17,9,60,3,61,9,5,5,10,3,0.1,0.7000000000000001
17,2,ORD-UNION,1,0,1,3,2,9,5,5,10,3,0.1,0.7000000000000001
18,2,CARD,16,7,33,3,57,9,5,5,10,3,0.1,0.7000000000000001
19,2,CLF_UNION,17,20,61,3,61,9,5,5,10,3,0.1,0.7000000000000001
20,2,ORD-UNION,1,0,1,3,1,9,5,5,10,3,0.1,0.7000000000000001
21,2,CARD,23,4,37,3,53,9,5,5,10,3,0.1,0.7000000000000001
22,2,CLF_UNION,29,7,59,3,59,9,5,5,10,3,0.1,0.7000000000000001
23,2,ORD-UNION,1,0,1,3,1,9,5,5,10,3,0.1,0.7000000000000001
24,2,CARD,24,4,37,3,53,9,5,5,10,3,0.1,0.7000000000000001
25,2,CLF_UNION,27,10,61,3,61,9,5,5,10,3,0.1,0.7000000000000001
26,2,ORD-UNION,3,0,4,3,4,9,5,5,10,3,0.1,0.7000000000000001
27,2,CARD,18,4,37,3,53,9,5,5,10,3,0.1,0.7000000000000001
28,2,CLF_UNION,17,14,60,3,60,9,5,5,10,3,0.1,0.7000000000000001
29,2,ORD-UNION,2,0,3,3,3,9,5,5,10,3,0.1,0.7000000000000001
30,3,CARD,20,0,39,5,51,9,5,5,10,3,0.1,0.7000000000000001
31,3,CLF_UNION,20,3,58,5,58,9,5,5,10,3,0.1,0.7000000000000001
32,3,ORD-UNION,1,0,1,5,1,9,5,5,10,3,0.1,0.7000000000000001
33,3,CARD,28,1,40,5,50,9,5,5,10,3,0.1,0.7000000000000001
34,3,CLF_UNION,28,7,59,5,59,9,5,5,10,3,0.1,0.7000000000000001
35,3,ORD-UNION,2,0,2,5,2,9,5,5,10,3,0.1,0.7000000000000001
36,3,CARD,21,3,39,5,50,9,5,5,10,3,0.1,0.7000000000000001
37,3,CLF_UNION,26,8,62,5,63,9,5,5,10,3,0.1,0.7000000000000001
38,3,ORD-UNION,0,0,0,5,1,9,5,5,10,3,0.1,0.7000000000000001
39,3,CARD,16,5,31,5,58,9,5,5,10,3,0.1,0.7000000000000001
40,3,CLF_UNION,20,11,59,5,60,9,5,5,10,3,0.1,0.7000000000000001
41,3,ORD-UNION,0,0,0,5,1,9,5,5,10,3,0.1,0.7000000000000001
42,3,CARD,23,5,38,5,52,9,5,5,10,3,0.1,0.7000000000000001
43,3,CLF_UNION,22,13,59,5,59,9,5,5,10,3,0.1,0.7000000000000001
44,3,ORD-UNION,0,0,1,5,1,9,5,5,10,3,0.1,0.7000000000000001
45,4,CARD,8,12,36,8,53,9,5,5,10,3,0.1,0.7000000000000001
46,4,CLF_UNION,15,12,56,8,57,9,5,5,10,3,0.1,0.7000000000000001
47,4,ORD-UNION,0,0,0,8,1,9,5,5,10,3,0.1,0.7000000000000001
48,4,CARD,20,7,35,8,55,9,5,5,10,3,0.1,0.7000000000000001
49,4,CLF_UNION,26,9,57,8,57,9,5,5,10,3,0.1,0.7000000000000001
50,4,ORD-UNION,1,0,2,8,2,9,5,5,10,3,0.1,0.7000000000000001
51,4,CARD,23,6,38,8,52,9,5,5,10,3,0.1,0.7000000000000001
52,4,CLF_UNION,30,10,61,8,61,9,5,5,10,3,0.1,0.7000000000000001
53,4,ORD-UNION,0,0,0,8,0,9,5,5,10,3,0.1,0.7000000000000001
54,4,CARD,21,1,40,8,50,9,5,5,10,3,0.1,0.7000000000000001
55,4,CLF_UNION,23,1,57,8,57,9,5,5,10,3,0.1,0.7000000000000001
56,4,ORD-UNION,1,0,2,8,2,9,5,5,10,3,0.1,0.7000000000000001
57,4,CARD,24,1,39,8,51,9,5,5,10,3,0.1,0.7000000000000001
58,4,CLF_UNION,27,4,58,8,58,9,5,5,10,3,0.1,0.7000000000000001
59,4,ORD-UNION,1,0,2,8,2,9,5,5,10,3,0.1,0.7000000000000001
60,5,CARD,15,14,43,11,47,9,5,5,10,3,0.1,0.7000000000000001
61,5,CLF_UNION,20,9,61,11,61,9,5,5,10,3,0.1,0.7000000000000001
62,5,ORD-UNION,1,0,1,11,1,9,5,5,10,3,0.1,0.7000000000000001
63,5,CARD,24,3,40,11,50,9,5,5,10,3,0.1,0.7000000000000001
64,5,CLF_UNION,29,0,60,11,60,9,5,5,10,3,0.1,0.7000000000000001
65,5,ORD-UNION,2,0,2,11,2,9,5,5,10,3,0.1,0.7000000000000001
66,5,CARD,16,14,39,11,50,9,5,5,10,3,0.1,0.7000000000000001
67,5,CLF_UNION,25,9,55,11,56,9,5,5,10,3,0.1,0.7000000000000001
68,5,ORD-UNION,2,0,3,11,4,9,5,5,10,3,0.1,0.7000000000000001
69,5,CARD,19,10,38,11,50,9,5,5,10,3,0.1,0.7000000000000001
70,5,CLF_UNION,31,0,56,11,58,9,5,5,10,3,0.1,0.7000000000000001
71,5,ORD-UNION,0,0,0,11,2,9,5,5,10,3,0.1,0.7000000000000001
72,5,CARD,22,3,39,11,50,9,5,5,10,3,0.1,0.7000000000000001
73,5,CLF_UNION,28,0,56,11,57,9,5,5,10,3,0.1,0.7000000000000001
74,5,ORD-UNION,3,0,4,11,5,9,5,5,10,3,0.1,0.7000000000000001
75,6,CARD,23,1,37,17,53,9,5,5,10,3,0.1,0.7000000000000001
76,6,CLF_UNION,29,1,56,17,56,9,5,5,10,3,0.1,0.7000000000000001
77,6,ORD-UNION,5,0,6,17,6,9,5,5,10,3,0.1,0.7000000000000001
78,6,CARD,19,11,43,17,47,9,5,5,10,3,0.1,0.7000000000000001
79,6,CLF_UNION,22,10,55,17,55,9,5,5,10,3,0.1,0.7000000000000001
80,6,ORD-UNION,1,1,3,17,3,9,5,5,10,3,0.1,0.7000000000000001
81,6,CARD,25,1,34,17,56,9,5,5,10,3,0.1,0.7000000000000001
82,6,CLF_UNION,31,0,55,17,55,9,5,5,10,3,0.1,0.7000000000000001
83,6,ORD-UNION,4,0,4,17,4,9,5,5,10,3,0.1,0.7000000000000001
84,6,CARD,22,10,43,17,47,9,5,5,10,3,0.1,0.7000000000000001
85,6,CLF_UNION,23,9,55,17,55,9,5,5,10,3,0.1,0.7000000000000001
86,6,ORD-UNION,1,0,2,17,2,9,5,5,10,3,0.1,0.7000000000000001
87,6,CARD,14,13,40,17,50,9,5,5,10,3,0.1,0.7000000000000001
88,6,CLF_UNION,18,11,55,17,55,9,5,5,10,3,0.1,0.7000000000000001
89,6,ORD-UNION,0,0,0,17,0,9,5,5,10,3,0.1,0.7000000000000001
90,7,CARD,24,2,37,21,50,9,5,5,10,3,0.1,0.7000000000000001
91,7,CLF_UNION,28,0,54,21,57,9,5,5,10,3,0.1,0.7000000000000001
92,7,ORD-UNION,2,0,2,21,5,9,5,5,10,3,0.1,0.7000000000000001
93,7,CARD,18,6,38,21,51,9,5,5,10,3,0.1,0.7000000000000001
94,7,CLF_UNION,28,0,54,21,55,9,5,5,10,3,0.1,0.7000000000000001
95,7,ORD-UNION,2,0,2,21,3,9,5,5,10,3,0.1,0.7000000000000001
96,7,CARD,14,7,41,21,49,9,5,5,10,3,0.1,0.7000000000000001
97,7,CLF_UNION,19,2,55,21,55,9,5,5,10,3,0.1,0.7000000000000001
98,7,ORD-UNION,2,0,4,21,4,9,5,5,10,3,0.1,0.7000000000000001
99,7,CARD,20,9,36,21,52,9,5,5,10,3,0.1,0.7000000000000001
100,7,CLF_UNION,22,9,54,21,56,9,5,5,10,3,0.1,0.7000000000000001
101,7,ORD-UNION,1,0,1,21,3,9,5,5,10,3,0.1,0.7000000000000001
102,7,CARD,21,12,40,21,50,9,5,5,10,3,0.1,0.7000000000000001
103,7,CLF_UNION,27,9,55,21,55,9,5,5,10,3,0.1,0.7000000000000001
104,7,ORD-UNION,2,1,3,21,3,9,5,5,10,3,0.1,0.7000000000000001
105,8,CARD,28,0,38,25,49,9,5,5,10,3,0.1,0.7000000000000001
106,8,CLF_UNION,30,0,54,25,57,9,5,5,10,3,0.1,0.7000000000000001
107,8,ORD-UNION,10,0,11,25,14,9,5,5,10,3,0.1,0.7000000000000001
108,8,CARD,17,10,42,25,48,9,5,5,10,3,0.1,0.7000000000000001
109,8,CLF_UNION,20,10,56,25,56,9,5,5,10,3,0.1,0.7000000000000001
110,8,ORD-UNION,6,0,6,25,6,9,5,5,10,3,0.1,0.7000000000000001
111,8,CARD,19,4,38,25,50,9,5,5,10,3,0.1,0.7000000000000001
112,8,CLF_UNION,25,0,55,25,57,9,5,5,10,3,0.1,0.7000000000000001
113,8,ORD-UNION,4,0,4,25,6,9,5,5,10,3,0.1,0.7000000000000001
114,8,CARD,28,2,39,25,51,9,5,5,10,3,0.1,0.7000000000000001
115,8,CLF_UNION,31,2,58,25,58,9,5,5,10,3,0.1,0.7000000000000001
116,8,ORD-UNION,3,0,4,25,4,9,5,5,10,3,0.1,0.7000000000000001
117,8,CARD,28,0,39,25,50,9,5,5,10,3,0.1,0.7000000000000001
118,8,CLF_UNION,29,1,54,25,55,9,5,5,10,3,0.1,0.7000000000000001
119,8,ORD-UNION,7,0,8,25,9,9,5,5,10,3,0.1,0.7000000000000001
120,9,CARD,23,0,38,32,52,9,5,5,10,3,0.1,0.7000000000000001
121,9,CLF_UNION,26,1,55,32,55,9,5,5,10,3,0.1,0.7000000000000001
122,9,ORD-UNION,4,0,5,32,5,9,5,5,10,3,0.1,0.7000000000000001
123,9,CARD,21,7,39,32,50,9,5,5,10,3,0.1,0.7000000000000001
124,9,CLF_UNION,22,9,57,32,58,9,5,5,10,3,0.1,0.7000000000000001
125,9,ORD-UNION,8,0,10,32,11,9,5,5,10,3,0.1,0.7000000000000001
126,9,CARD,22,0,36,32,52,9,5,5,10,3,0.1,0.7000000000000001
127,9,CLF_UNION,22,0,55,32,57,9,5,5,10,3,0.1,0.7000000000000001
128,9,ORD-UNION,10,0,12,32,14,9,5,5,10,3,0.1,0.7000000000000001
129,9,CARD,22,0,32,32,54,9,5,5,10,3,0.1,0.7000000000000001
130,9,CLF_UNION,24,0,54,32,58,9,5,5,10,3,0.1,0.7000000000000001
131,9,ORD-UNION,3,0,5,32,9,9,5,5,10,3,0.1,0.7000000000000001
132,9,CARD,26,0,36,32,52,9,5,5,10,3,0.1,0.7000000000000001
133,9,CLF_UNION,28,1,56,32,58,9,5,5,10,3,0.1,0.7000000000000001
134,9,ORD-UNION,5,0,6,32,8,9,5,5,10,3,0.1,0.7000000000000001
135,10,CARD,21,6,35,41,50,9,5,5,10,3,0.1,0.7000000000000001
136,10,CLF_UNION,21,9,51,41,56,9,5,5,10,3,0.1,0.7000000000000001
137,10,ORD-UNION,9,1,10,41,15,9,5,5,10,3,0.1,0.7000000000000001
138,10,CARD,26,0,37,41,50,9,5,5,10,3,0.1,0.7000000000000001
139,10,CLF_UNION,28,0,53,41,56,9,5,5,10,3,0.1,0.7000000000000001
140,10,ORD-UNION,12,0,13,41,16,9,5,5,10,3,0.1,0.7000000000000001
141,10,CARD,21,0,31,41,51,9,5,5,10,3,0.1,0.7000000000000001
142,10,CLF_UNION,24,1,48,41,56,9,5,5,10,3,0.1,0.7000000000000001
143,10,ORD-UNION,5,0,5,41,13,9,5,5,10,3,0.1,0.7000000000000001
144,10,CARD,22,0,32,41,58,9,5,5,10,3,0.1,0.7000000000000001
145,10,CLF_UNION,27,1,55,41,55,9,5,5,10,3,0.1,0.7000000000000001
146,10,ORD-UNION,10,0,11,41,11,9,5,5,10,3,0.1,0.7000000000000001
147,10,CARD,26,2,40,41,49,9,5,5,10,3,0.1,0.7000000000000001
148,10,CLF_UNION,29,1,54,41,55,9,5,5,10,3,0.1,0.7000000000000001
149,10,ORD-UNION,10,0,12,41,13,9,5,5,10,3,0.1,0.7000000000000001
150,11,CARD,15,9,35,50,52,9,5,5,10,3,0.1,0.7000000000000001
151,11,CLF_UNION,21,9,52,50,55,9,5,5,10,3,0.1,0.7000000000000001
152,11,ORD-UNION,9,2,13,50,16,9,5,5,10,3,0.1,0.7000000000000001
153,11,CARD,12,5,39,50,51,9,5,5,10,3,0.1,0.7000000000000001
154,11,CLF_UNION,19,2,55,50,55,9,5,5,10,3,0.1,0.7000000000000001
155,11,ORD-UNION,7,0,13,50,13,9,5,5,10,3,0.1,0.7000000000000001
156,11,CARD,20,0,27,50,55,9,5,5,10,3,0.1,0.7000000000000001
157,11,CLF_UNION,25,0,47,50,55,9,5,5,10,3,0.1,0.7000000000000001
158,11,ORD-UNION,13,0,15,50,23,9,5,5,10,3,0.1,0.7000000000000001
159,11,CARD,18,6,33,50,52,9,5,5,10,3,0.1,0.7000000000000001
160,11,CLF_UNION,19,9,50,50,55,9,5,5,10,3,0.1,0.7000000000000001
161,11,ORD-UNION,9,0,12,50,17,9,5,5,10,3,0.1,0.7000000000000001
162,11,CARD,10,15,36,50,51,9,5,5,10,3,0.1,0.7000000000000001
163,11,CLF_UNION,16,14,52,50,55,9,5,5,10,3,0.1,0.7000000000000001
164,11,ORD-UNION,3,1,9,50,12,9,5,5,10,3,0.1,0.7000000000000001
165,12,CARD,22,7,39,57,49,9,5,5,10,3,0.1,0.7000000000000001
166,12,CLF_UNION,23,9,56,57,58,9,5,5,10,3,0.1,0.7000000000000001
167,12,ORD-UNION,12,2,16,57,18,9,5,5,10,3,0.1,0.7000000000000001
168,12,CARD,7,6,35,57,53,9,5,5,10,3,0.1,0.7000000000000001
169,12,CLF_UNION,10,5,56,57,58,9,5,5,10,3,0.1,0.7000000000000001
170,12,ORD-UNION,5,0,9,57,11,9,5,5,10,3,0.1,0.7000000000000001
171,12,CARD,18,3,34,57,51,9,5,5,10,3,0.1,0.7000000000000001
172,12,CLF_UNION,21,3,51,57,56,9,5,5,10,3,0.1,0.7000000000000001
173,12,ORD-UNION,13,0,16,57,21,9,5,5,10,3,0.1,0.7000000000000001
174,12,CARD,19,2,33,57,52,9,5,5,10,3,0.1,0.7000000000000001
175,12,CLF_UNION,24,2,51,57,56,9,5,5,10,3,0.1,0.7000000000000001
176,12,ORD-UNION,14,0,19,57,24,9,5,5,10,3,0.1,0.7000000000000001
177,12,CARD,15,3,34,57,51,9,5,5,10,3,0.1,0.7000000000000001
178,12,CLF_UNION,20,2,51,57,56,9,5,5,10,3,0.1,0.7000000000000001
179,12,ORD-UNION,10,0,12,57,17,9,5,5,10,3,0.1,0.7000000000000001
180,13,CARD,15,7,36,67,49,9,5,5,10,3,0.1,0.7000000000000001
181,13,CLF_UNION,16,8,51,67,56,9,5,5,10,3,0.1,0.7000000000000001
182,13,ORD-UNION,9,2,13,67,18,9,5,5,10,3,0.1,0.7000000000000001
183,13,CARD,19,3,37,67,50,9,5,5,10,3,0.1,0.7000000000000001
184,13,CLF_UNION,21,1,53,67,56,9,5,5,10,3,0.1,0.7000000000000001
185,13,ORD-UNION,10,0,14,67,17,9,5,5,10,3,0.1,0.7000000000000001
186,13,CARD,21,6,37,67,50,9,5,5,10,3,0.1,0.7000000000000001
187,13,CLF_UNION,22,8,52,67,55,9,5,5,10,3,0.1,0.7000000000000001
188,13,ORD-UNION,14,3,20,67,23,9,5,5,10,3,0.1,0.7000000000000001
189,13,CARD,17,0,34,67,47,9,5,5,10,3,0.1,0.7000000000000001
190,13,CLF_UNION,18,0,50,67,59,9,5,5,10,3,0.1,0.7000000000000001
191,13,ORD-UNION,15,0,20,67,29,9,5,5,10,3,0.1,0.7000000000000001
192,13,CARD,17,11,38,67,47,9,5,5,10,3,0.1,0.7000000000000001
193,13,CLF_UNION,20,10,50,67,55,9,5,5,10,3,0.1,0.7000000000000001
194,13,ORD-UNION,9,2,14,67,19,9,5,5,10,3,0.1,0.7000000000000001
195,14,CARD,10,5,28,77,57,9,5,5,10,3,0.1,0.7000000000000001
196,14,CLF_UNION,15,9,50,77,55,9,5,5,10,3,0.1,0.7000000000000001
197,14,ORD-UNION,6,2,11,77,16,9,5,5,10,3,0.1,0.7000000000000001
198,14,CARD,20,6,37,77,50,9,5,5,10,3,0.1,0.7000000000000001
199,14,CLF_UNION,22,8,53,77,56,9,5,5,10,3,0.1,0.7000000000000001
200,14,ORD-UNION,15,4,22,77,25,9,5,5,10,3,0.1,0.7000000000000001
201,14,CARD,15,8,31,77,51,9,5,5,10,3,0.1,0.7000000000000001
202,14,CLF_UNION,18,9,48,77,56,9,5,5,10,3,0.1,0.7000000000000001
203,14,ORD-UNION,12,5,19,77,27,9,5,5,10,3,0.1,0.7000000000000001
204,14,CARD,16,3,34,77,48,9,5,5,10,3,0.1,0.7000000000000001
205,14,CLF_UNION,21,0,49,77,57,9,5,5,10,3,0.1,0.7000000000000001
206,14,ORD-UNION,14,0,15,77,23,9,5,5,10,3,0.1,0.7000000000000001
207,14,CARD,17,6,31,77,51,9,5,5,10,3,0.1,0.7000000000000001
208,14,CLF_UNION,20,8,49,77,57,9,5,5,10,3,0.1,0.7000000000000001
209,14,ORD-UNION,12,2,17,77,25,9,5,5,10,3,0.1,0.7000000000000001
210,15,CARD,13,10,34,86,48,9,5,5,10,3,0.1,0.7000000000000001
211,15,CLF_UNION,16,9,48,86,56,9,5,5,10,3,0.1,0.7000000000000001
212,15,ORD-UNION,9,8,21,86,29,9,5,5,10,3,0.1,0.7000000000000001
213,15,CARD,20,8,37,86,48,9,5,5,10,3,0.1,0.7000000000000001
214,15,CLF_UNION,21,10,51,86,56,9,5,5,10,3,0.1,0.7000000000000001
215,15,ORD-UNION,15,7,26,86,31,9,5,5,10,3,0.1,0.7000000000000001
216,15,CARD,20,0,32,86,47,9,5,5,10,3,0.1,0.7000000000000001
217,15,CLF_UNION,21,0,46,86,57,9,5,5,10,3,0.1,0.7000000000000001
218,15,ORD-UNION,17,0,20,86,31,9,5,5,10,3,0.1,0.7000000000000001
219,15,CARD,23,1,38,86,49,9,5,5,10,3,0.1,0.7000000000000001
220,15,CLF_UNION,24,0,54,86,57,9,5,5,10,3,0.1,0.7000000000000001
221,15,ORD-UNION,18,0,21,86,24,9,5,5,10,3,0.1,0.7000000000000001
222,15,CARD,19,5,41,86,46,9,5,5,10,3,0.1,0.7000000000000001
223,15,CLF_UNION,23,4,56,86,59,9,5,5,10,3,0.1,0.7000000000000001
224,15,ORD-UNION,15,0,24,86,27,9,5,5,10,3,0.1,0.7000000000000001
225,16,CARD,12,0,25,99,49,9,5,5,10,3,0.1,0.7000000000000001
226,16,CLF_UNION,12,0,39,99,55,9,5,5,10,3,0.1,0.7000000000000001
227,16,ORD-UNION,9,0,13,99,29,9,5,5,10,3,0.1,0.7000000000000001
228,16,CARD,14,0,31,99,48,9,5,5,10,3,0.1,0.7000000000000001
229,16,CLF_UNION,14,3,46,99,57,9,5,5,10,3,0.1,0.7000000000000001
230,16,ORD-UNION,10,0,12,99,23,9,5,5,10,3,0.1,0.7000000000000001
231,16,CARD,13,1,29,99,50,9,5,5,10,3,0.1,0.7000000000000001
232,16,CLF_UNION,15,2,45,99,56,9,5,5,10,3,0.1,0.7000000000000001
233,16,ORD-UNION,6,0,9,99,20,9,5,5,10,3,0.1,0.7000000000000001
234,16,CARD,9,1,19,99,50,9,5,5,10,3,0.1,0.7000000000000001
235,16,CLF_UNION,11,0,35,99,56,9,5,5,10,3,0.1,0.7000000000000001
236,16,ORD-UNION,7,0,8,99,29,9,5,5,10,3,0.1,0.7000000000000001
237,16,CARD,18,1,31,99,48,9,5,5,10,3,0.1,0.7000000000000001
238,16,CLF_UNION,19,2,46,99,57,9,5,5,10,3,0.1,0.7000000000000001
239,16,ORD-UNION,15,0,17,99,28,9,5,5,10,3,0.1,0.7000000000000001
240,17,CARD,11,9,37,109,47,9,5,5,10,3,0.1,0.7000000000000001
241,17,CLF_UNION,12,9,50,109,56,9,5,5,10,3,0.1,0.7000000000000001
242,17,ORD-UNION,8,8,17,109,23,9,5,5,10,3,0.1,0.7000000000000001
243,17,CARD,13,2,29,109,52,9,5,5,10,3,0.1,0.7000000000000001
244,17,CLF_UNION,15,1,47,109,56,9,5,5,10,3,0.1,0.7000000000000001
245,17,ORD-UNION,9,0,11,109,20,9,5,5,10,3,0.1,0.7000000000000001
246,17,CARD,20,0,33,109,49,9,5,5,10,3,0.1,0.7000000000000001
247,17,CLF_UNION,20,0,49,109,57,9,5,5,10,3,0.1,0.7000000000000001
248,17,ORD-UNION,13,0,17,109,25,9,5,5,10,3,0.1,0.7000000000000001
249,17,CARD,13,11,34,109,49,9,5,5,10,3,0.1,0.7000000000000001
250,17,CLF_UNION,16,10,48,109,55,9,5,5,10,3,0.1,0.7000000000000001
251,17,ORD-UNION,6,8,17,109,24,9,5,5,10,3,0.1,0.7000000000000001
252,17,CARD,13,9,35,109,48,9,5,5,10,3,0.1,0.7000000000000001
253,17,CLF_UNION,13,9,51,109,58,9,5,5,10,3,0.1,0.7000000000000001
254,17,ORD-UNION,10,7,20,109,27,9,5,5,10,3,0.1,0.7000000000000001
255,18,CARD,13,1,23,119,48,9,5,5,10,3,0.1,0.7000000000000001
256,18,CLF_UNION,14,0,37,119,56,9,5,5,10,3,0.1,0.7000000000000001
257,18,ORD-UNION,12,0,16,119,35,9,5,5,10,3,0.1,0.7000000000000001
258,18,CARD,10,0,20,119,51,9,5,5,10,3,0.1,0.7000000000000001
259,18,CLF_UNION,10,0,40,119,59,9,5,5,10,3,0.1,0.7000000000000001
260,18,ORD-UNION,9,0,13,119,32,9,5,5,10,3,0.1,0.7000000000000001
261,18,CARD,7,0,22,119,49,9,5,5,10,3,0.1,0.7000000000000001
262,18,CLF_UNION,8,1,40,119,59,9,5,5,10,3,0.1,0.7000000000000001
263,18,ORD-UNION,6,0,16,119,35,9,5,5,10,3,0.1,0.7000000000000001
264,18,CARD,12,2,25,119,46,9,5,5,10,3,0.1,0.7000000000000001
265,18,CLF_UNION,14,0,37,119,56,9,5,5,10,3,0.1,0.7000000000000001
266,18,ORD-UNION,11,0,15,119,34,9,5,5,10,3,0.1,0.7000000000000001
267,18,CARD,11,8,30,119,51,9,5,5,10,3,0.1,0.7000000000000001
268,18,CLF_UNION,11,9,49,119,58,9,5,5,10,3,0.1,0.7000000000000001
269,18,ORD-UNION,11,8,23,119,32,9,5,5,10,3,0.1,0.7000000000000001
270,19,CARD,13,2,28,133,48,9,5,5,10,3,0.1,0.7000000000000001
271,19,CLF_UNION,15,0,42,133,56,9,5,5,10,3,0.1,0.7000000000000001
272,19,ORD-UNION,10,0,11,133,25,9,5,5,10,3,0.1,0.7000000000000001
273,19,CARD,10,2,20,133,49,9,5,5,10,3,0.1,0.7000000000000001
274,19,CLF_UNION,12,0,35,133,56,9,5,5,10,3,0.1,0.7000000000000001
275,19,ORD-UNION,9,0,11,133,32,9,5,5,10,3,0.1,0.7000000000000001
276,19,CARD,8,11,34,133,48,9,5,5,10,3,0.1,0.7000000000000001
277,19,CLF_UNION,10,9,47,133,55,9,5,5,10,3,0.1,0.7000000000000001
278,19,ORD-UNION,6,8,17,133,25,9,5,5,10,3,0.1,0.7000000000000001
279,19,CARD,7,0,23,133,51,9,5,5,10,3,0.1,0.7000000000000001
280,19,CLF_UNION,8,0,41,133,57,9,5,5,10,3,0.1,0.7000000000000001
281,19,ORD-UNION,5,0,8,133,24,9,5,5,10,3,0.1,0.7000000000000001
282,19,CARD,12,9,31,133,48,9,5,5,10,3,0.1,0.7000000000000001
283,19,CLF_UNION,13,9,44,133,55,9,5,5,10,3,0.1,0.7000000000000001
284,19,ORD-UNION,6,8,17,133,28,9,5,5,10,3,0.1,0.7000000000000001
285,20,CARD,18,9,35,144,48,9,5,5,10,3,0.1,0.7000000000000001
286,20,CLF_UNION,19,9,48,144,55,9,5,5,10,3,0.1,0.7000000000000001
287,20,ORD-UNION,16,6,26,144,33,9,5,5,10,3,0.1,0.7000000000000001
288,20,CARD,12,3,26,144,48,9,5,5,10,3,0.1,0.7000000000000001
289,20,CLF_UNION,15,0,41,144,57,9,5,5,10,3,0.1,0.7000000000000001
290,20,ORD-UNION,11,0,12,144,28,9,5,5,10,3,0.1,0.7000000000000001
291,20,CARD,8,8,30,144,49,9,5,5,10,3,0.1,0.7000000000000001
292,20,CLF_UNION,9,10,45,144,56,9,5,5,10,3,0.1,0.7000000000000001
293,20,ORD-UNION,6,7,17,144,28,9,5,5,10,3,0.1,0.7000000000000001
294,20,CARD,8,12,27,144,49,9,5,5,10,3,0.1,0.7000000000000001
295,20,CLF_UNION,12,9,41,144,55,9,5,5,10,3,0.1,0.7000000000000001
296,20,ORD-UNION,7,7,18,144,32,9,5,5,10,3,0.1,0.7000000000000001
297,20,CARD,7,12,24,144,50,9,5,5,10,3,0.1,0.7000000000000001
298,20,CLF_UNION,10,9,39,144,55,9,5,5,10,3,0.1,0.7000000000000001
299,20,ORD-UNION,7,9,18,144,34,9,5,5,10,3,0.1,0.7000000000000001
300,21,CARD,0,0,8,155,49,9,5,5,10,3,0.1,0.7000000000000001
301,21,CLF_UNION,0,0,26,155,59,9,5,5,10,3,0.1,0.7000000000000001
302,21,ORD-UNION,0,0,5,155,38,9,5,5,10,3,0.1,0.7000000000000001
303,21,CARD,9,11,34,155,47,9,5,5,10,3,0.1,0.7000000000000001
304,21,CLF_UNION,11,9,48,155,57,9,5,5,10,3,0.1,0.7000000000000001
305,21,ORD-UNION,7,8,20,155,29,9,5,5,10,3,0.1,0.7000000000000001
306,21,CARD,8,11,27,155,47,9,5,5,10,3,0.1,0.7000000000000001
307,21,CLF_UNION,10,9,42,155,58,9,5,5,10,3,0.1,0.7000000000000001
308,21,ORD-UNION,7,7,16,155,32,9,5,5,10,3,0.1,0.7000000000000001
309,21,CARD,9,0,24,155,50,9,5,5,10,3,0.1,0.7000000000000001
310,21,CLF_UNION,9,0,43,155,59,9,5,5,10,3,0.1,0.7000000000000001
311,21,ORD-UNION,7,0,13,155,29,9,5,5,10,3,0.1,0.7000000000000001
312,21,CARD,10,1,22,155,48,9,5,5,10,3,0.1,0.7000000000000001
313,21,CLF_UNION,11,0,37,155,57,9,5,5,10,3,0.1,0.7000000000000001
314,21,ORD-UNION,9,0,12,155,32,9,5,5,10,3,0.1,0.7000000000000001
315,22,CARD,5,9,23,166,48,9,5,5,10,3,0.1,0.7000000000000001
316,22,CLF_UNION,5,9,40,166,59,9,5,5,10,3,0.1,0.7000000000000001
317,22,ORD-UNION,2,8,13,166,32,9,5,5,10,3,0.1,0.7000000000000001
318,22,CARD,12,2,26,166,49,9,5,5,10,3,0.1,0.7000000000000001
319,22,CLF_UNION,14,1,47,166,62,9,5,5,10,3,0.1,0.7000000000000001
320,22,ORD-UNION,11,0,16,166,31,9,5,5,10,3,0.1,0.7000000000000001
321,22,CARD,6,4,30,166,47,9,5,5,10,3,0.1,0.7000000000000001
322,22,CLF_UNION,10,1,49,166,62,9,5,5,10,3,0.1,0.7000000000000001
323,22,ORD-UNION,5,0,12,166,25,9,5,5,10,3,0.1,0.7000000000000001
324,22,CARD,12,8,32,166,47,9,5,5,10,3,0.1,0.7000000000000001
325,22,CLF_UNION,14,9,47,166,58,9,5,5,10,3,0.1,0.7000000000000001
326,22,ORD-UNION,10,6,21,166,32,9,5,5,10,3,0.1,0.7000000000000001
327,22,CARD,12,10,30,166,48,9,5,5,10,3,0.1,0.7000000000000001
328,22,CLF_UNION,15,10,47,166,59,9,5,5,10,3,0.1,0.7000000000000001
329,22,ORD-UNION,10,7,24,166,36,9,5,5,10,3,0.1,0.7000000000000001
