,budget,model,correct,wrong,total,n_pref_input,n_pref_output,theta_size,theta_additivity,n_items,n_test_subsets,n_tiers,alpha,p
0,1,CARD,13,9,24,1,66,22,5,5,10,12,0.5,0.7000000000000001
1,1,CLF_UNION,35,8,60,1,60,22,5,5,10,12,0.5,0.7000000000000001
2,1,ORD-UNION,0,0,0,1,0,22,5,5,10,12,0.5,0.7000000000000001
3,1,CARD,13,8,21,1,69,22,5,5,10,12,0.5,0.7000000000000001
4,1,CLF_UNION,39,8,59,1,59,22,5,5,10,12,0.5,0.7000000000000001
5,1,ORD-UNION,0,0,0,1,0,22,5,5,10,12,0.5,0.7000000000000001
6,1,CARD,18,6,24,1,66,22,5,5,10,12,0.5,0.7000000000000001
7,1,CLF_UNION,38,8,59,1,59,22,5,5,10,12,0.5,0.7000000000000001
8,1,ORD-UNION,0,0,0,1,0,22,5,5,10,12,0.5,0.7000000000000001
9,1,CARD,14,10,24,1,66,22,5,5,10,12,0.5,0.7000000000000001
10,1,CLF_UNION,43,15,70,1,70,22,5,5,10,12,0.5,0.7000000000000001
11,1,ORD-UNION,0,0,0,1,0,22,5,5,10,12,0.5,0.7000000000000001
12,1,CARD,16,7,25,1,65,22,5,5,10,12,0.5,0.7000000000000001
13,1,CLF_UNION,37,11,62,1,62,22,5,5,10,12,0.5,0.7000000000000001
14,1,ORD-UNION,0,0,0,1,0,22,5,5,10,12,0.5,0.7000000000000001
15,2,CARD,12,20,35,3,55,22,5,5,10,12,0.5,0.7000000000000001
16,2,CLF_UNION,32,11,57,3,57,22,5,5,10,12,0.5,0.7000000000000001
17,2,ORD-UNION,0,0,0,3,0,22,5,5,10,12,0.5,0.7000000000000001
18,2,CARD,26,8,35,3,55,22,5,5,10,12,0.5,0.7000000000000001
19,2,CLF_UNION,33,10,57,3,57,22,5,5,10,12,0.5,0.7000000000000001
20,2,ORD-UNION,0,0,0,3,0,22,5,5,10,12,0.5,0.7000000000000001
21,2,CARD,26,8,35,3,55,22,5,5,10,12,0.5,0.7000000000000001
22,2,CLF_UNION,38,9,60,3,60,22,5,5,10,12,0.5,0.7000000000000001
23,2,ORD-UNION,0,0,0,3,0,22,5,5,10,12,0.5,0.7000000000000001
24,2,CARD,29,3,35,3,54,22,5,5,10,12,0.5,0.7000000000000001
25,2,CLF_UNION,31,12,57,3,58,22,5,5,10,12,0.5,0.7000000000000001
26,2,ORD-UNION,0,0,0,3,1,22,5,5,10,12,0.5,0.7000000000000001
27,2,CARD,14,20,36,3,54,22,5,5,10,12,0.5,0.7000000000000001
28,2,CLF_UNION,35,12,59,3,59,22,5,5,10,12,0.5,0.7000000000000001
29,2,ORD-UNION,0,0,0,3,0,22,5,5,10,12,0.5,0.7000000000000001
30,3,CARD,22,6,31,6,56,22,5,5,10,12,0.5,0.7000000000000001
31,3,CLF_UNION,31,9,54,6,57,22,5,5,10,12,0.5,0.7000000000000001
32,3,ORD-UNION,2,0,2,6,5,22,5,5,10,12,0.5,0.7000000000000001
33,3,CARD,23,9,36,6,53,22,5,5,10,12,0.5,0.7000000000000001
34,3,CLF_UNION,30,12,59,6,60,22,5,5,10,12,0.5,0.7000000000000001
35,3,ORD-UNION,1,0,1,6,2,22,5,5,10,12,0.5,0.7000000000000001
36,3,CARD,28,5,36,6,54,22,5,5,10,12,0.5,0.7000000000000001
37,3,CLF_UNION,38,6,60,6,60,22,5,5,10,12,0.5,0.7000000000000001
38,3,ORD-UNION,0,0,0,6,0,22,5,5,10,12,0.5,0.7000000000000001
39,3,CARD,24,10,37,6,52,22,5,5,10,12,0.5,0.7000000000000001
40,3,CLF_UNION,36,9,59,6,60,22,5,5,10,12,0.5,0.7000000000000001
41,3,ORD-UNION,0,0,0,6,1,22,5,5,10,12,0.5,0.7000000000000001
42,3,CARD,20,14,37,6,53,22,5,5,10,12,0.5,0.7000000000000001
43,3,CLF_UNION,35,13,61,6,61,22,5,5,10,12,0.5,0.7000000000000001
44,3,ORD-UNION,0,0,0,6,0,22,5,5,10,12,0.5,0.7000000000000001
45,4,CARD,30,5,37,10,52,22,5,5,10,12,0.5,0.7000000000000001
46,4,CLF_UNION,34,7,54,10,55,22,5,5,10,12,0.5,0.7000000000000001
47,4,ORD-UNION,2,0,2,10,3,22,5,5,10,12,0.5,0.7000000000000001
48,4,CARD,33,3,38,10,49,22,5,5,10,12,0.5,0.7000000000000001
49,4,CLF_UNION,39,1,53,10,56,22,5,5,10,12,0.5,0.7000000000000001
50,4,ORD-UNION,0,0,0,10,3,22,5,5,10,12,0.5,0.7000000000000001
51,4,CARD,28,7,38,10,52,22,5,5,10,12,0.5,0.7000000000000001
52,4,CLF_UNION,34,7,55,10,55,22,5,5,10,12,0.5,0.7000000000000001
53,4,ORD-UNION,0,0,0,10,0,22,5,5,10,12,0.5,0.7000000000000001
54,4,CARD,28,5,36,10,54,22,5,5,10,12,0.5,0.7000000000000001
55,4,CLF_UNION,32,11,57,10,57,22,5,5,10,12,0.5,0.7000000000000001
56,4,ORD-UNION,1,0,1,10,1,22,5,5,10,12,0.5,0.7000000000000001
57,4,CARD,24,3,28,10,61,22,5,5,10,12,0.5,0.7000000000000001
58,4,CLF_UNION,31,11,55,10,56,22,5,5,10,12,0.5,0.7000000000000001
59,4,ORD-UNION,2,0,2,10,3,22,5,5,10,12,0.5,0.7000000000000001
60,5,CARD,29,8,41,15,49,22,5,5,10,12,0.5,0.7000000000000001
61,5,CLF_UNION,34,6,55,15,55,22,5,5,10,12,0.5,0.7000000000000001
62,5,ORD-UNION,0,0,0,15,0,22,5,5,10,12,0.5,0.7000000000000001
63,5,CARD,35,6,42,15,48,22,5,5,10,12,0.5,0.7000000000000001
64,5,CLF_UNION,40,3,55,15,55,22,5,5,10,12,0.5,0.7000000000000001
65,5,ORD-UNION,1,0,1,15,1,22,5,5,10,12,0.5,0.7000000000000001
66,5,CARD,35,7,43,15,47,22,5,5,10,12,0.5,0.7000000000000001
67,5,CLF_UNION,40,4,56,15,56,22,5,5,10,12,0.5,0.7000000000000001
68,5,ORD-UNION,1,0,1,15,1,22,5,5,10,12,0.5,0.7000000000000001
69,5,CARD,27,11,43,15,47,22,5,5,10,12,0.5,0.7000000000000001
70,5,CLF_UNION,33,7,55,15,55,22,5,5,10,12,0.5,0.7000000000000001
71,5,ORD-UNION,0,0,0,15,0,22,5,5,10,12,0.5,0.7000000000000001
72,5,CARD,34,5,41,15,49,22,5,5,10,12,0.5,0.7000000000000001
73,5,CLF_UNION,33,10,55,15,55,22,5,5,10,12,0.5,0.7000000000000001
74,5,ORD-UNION,1,0,1,15,1,22,5,5,10,12,0.5,0.7000000000000001
75,6,CARD,30,3,38,21,51,22,5,5,10,12,0.5,0.7000000000000001
76,6,CLF_UNION,35,4,54,21,55,22,5,5,10,12,0.5,0.7000000000000001
77,6,ORD-UNION,0,0,0,21,1,22,5,5,10,12,0.5,0.7000000000000001
78,6,CARD,33,6,41,21,49,22,5,5,10,12,0.5,0.7000000000000001
79,6,CLF_UNION,39,4,55,21,55,22,5,5,10,12,0.5,0.7000000000000001
80,6,ORD-UNION,1,0,1,21,1,22,5,5,10,12,0.5,0.7000000000000001
81,6,CARD,23,5,34,21,53,22,5,5,10,12,0.5,0.7000000000000001
82,6,CLF_UNION,29,6,52,21,55,22,5,5,10,12,0.5,0.7000000000000001
83,6,ORD-UNION,0,0,0,21,3,22,5,5,10,12,0.5,0.7000000000000001
84,6,CARD,30,5,36,21,48,22,5,5,10,12,0.5,0.7000000000000001
85,6,CLF_UNION,33,4,49,21,55,22,5,5,10,12,0.5,0.7000000000000001
86,6,ORD-UNION,0,0,0,21,6,22,5,5,10,12,0.5,0.7000000000000001
87,6,CARD,23,15,40,21,49,22,5,5,10,12,0.5,0.7000000000000001
88,6,CLF_UNION,37,4,54,21,55,22,5,5,10,12,0.5,0.7000000000000001
89,6,ORD-UNION,1,0,1,21,2,22,5,5,10,12,0.5,0.7000000000000001
90,7,CARD,26,9,36,27,51,22,5,5,10,12,0.5,0.7000000000000001
91,7,CLF_UNION,29,11,52,27,55,22,5,5,10,12,0.5,0.7000000000000001
92,7,ORD-UNION,0,0,0,27,3,22,5,5,10,12,0.5,0.7000000000000001
93,7,CARD,31,5,40,27,47,22,5,5,10,12,0.5,0.7000000000000001
94,7,CLF_UNION,35,4,53,27,56,22,5,5,10,12,0.5,0.7000000000000001
95,7,ORD-UNION,3,0,4,27,7,22,5,5,10,12,0.5,0.7000000000000001
96,7,CARD,32,9,43,27,46,22,5,5,10,12,0.5,0.7000000000000001
97,7,CLF_UNION,39,2,54,27,55,22,5,5,10,12,0.5,0.7000000000000001
98,7,ORD-UNION,2,0,3,27,4,22,5,5,10,12,0.5,0.7000000000000001
99,7,CARD,32,2,39,27,48,22,5,5,10,12,0.5,0.7000000000000001
100,7,CLF_UNION,32,6,53,27,56,22,5,5,10,12,0.5,0.7000000000000001
101,7,ORD-UNION,0,0,0,27,3,22,5,5,10,12,0.5,0.7000000000000001
102,7,CARD,35,6,44,27,46,22,5,5,10,12,0.5,0.7000000000000001
103,7,CLF_UNION,37,4,55,27,55,22,5,5,10,12,0.5,0.7000000000000001
104,7,ORD-UNION,0,0,0,27,0,22,5,5,10,12,0.5,0.7000000000000001
105,8,CARD,34,2,39,34,50,22,5,5,10,12,0.5,0.7000000000000001
106,8,CLF_UNION,40,0,54,34,55,22,5,5,10,12,0.5,0.7000000000000001
107,8,ORD-UNION,1,0,2,34,3,22,5,5,10,12,0.5,0.7000000000000001
108,8,CARD,28,4,36,34,49,22,5,5,10,12,0.5,0.7000000000000001
109,8,CLF_UNION,35,0,51,34,56,22,5,5,10,12,0.5,0.7000000000000001
110,8,ORD-UNION,0,0,0,34,5,22,5,5,10,12,0.5,0.7000000000000001
111,8,CARD,31,3,35,34,49,22,5,5,10,12,0.5,0.7000000000000001
112,8,CLF_UNION,32,5,49,34,55,22,5,5,10,12,0.5,0.7000000000000001
113,8,ORD-UNION,1,0,1,34,7,22,5,5,10,12,0.5,0.7000000000000001
114,8,CARD,34,2,37,34,50,22,5,5,10,12,0.5,0.7000000000000001
115,8,CLF_UNION,39,0,52,34,55,22,5,5,10,12,0.5,0.7000000000000001
116,8,ORD-UNION,0,0,0,34,3,22,5,5,10,12,0.5,0.7000000000000001
117,8,CARD,30,5,38,34,49,22,5,5,10,12,0.5,0.7000000000000001
118,8,CLF_UNION,33,5,52,34,55,22,5,5,10,12,0.5,0.7000000000000001
119,8,ORD-UNION,2,0,3,34,6,22,5,5,10,12,0.5,0.7000000000000001
120,9,CARD,33,7,44,43,45,22,5,5,10,12,0.5,0.7000000000000001
121,9,CLF_UNION,37,3,54,43,55,22,5,5,10,12,0.5,0.7000000000000001
122,9,ORD-UNION,2,0,2,43,3,22,5,5,10,12,0.5,0.7000000000000001
123,9,CARD,28,3,34,43,47,22,5,5,10,12,0.5,0.7000000000000001
124,9,CLF_UNION,31,1,47,43,56,22,5,5,10,12,0.5,0.7000000000000001
125,9,ORD-UNION,2,0,3,43,12,22,5,5,10,12,0.5,0.7000000000000001
126,9,CARD,25,3,31,43,49,22,5,5,10,12,0.5,0.7000000000000001
127,9,CLF_UNION,29,2,45,43,55,22,5,5,10,12,0.5,0.7000000000000001
128,9,ORD-UNION,4,0,5,43,15,22,5,5,10,12,0.5,0.7000000000000001
129,9,CARD,33,3,40,43,48,22,5,5,10,12,0.5,0.7000000000000001
130,9,CLF_UNION,37,1,54,43,56,22,5,5,10,12,0.5,0.7000000000000001
131,9,ORD-UNION,4,0,5,43,7,22,5,5,10,12,0.5,0.7000000000000001
132,9,CARD,31,5,41,43,48,22,5,5,10,12,0.5,0.7000000000000001
133,9,CLF_UNION,35,3,54,43,55,22,5,5,10,12,0.5,0.7000000000000001
134,9,ORD-UNION,5,0,5,43,6,22,5,5,10,12,0.5,0.7000000000000001
135,10,CARD,30,3,37,51,48,22,5,5,10,12,0.5,0.7000000000000001
136,10,CLF_UNION,32,3,50,51,55,22,5,5,10,12,0.5,0.7000000000000001
137,10,ORD-UNION,2,0,2,51,7,22,5,5,10,12,0.5,0.7000000000000001
138,10,CARD,30,6,41,51,46,22,5,5,10,12,0.5,0.7000000000000001
139,10,CLF_UNION,34,3,52,51,55,22,5,5,10,12,0.5,0.7000000000000001
140,10,ORD-UNION,0,0,0,51,3,22,5,5,10,12,0.5,0.7000000000000001
141,10,CARD,33,7,42,51,45,22,5,5,10,12,0.5,0.7000000000000001
142,10,CLF_UNION,38,2,52,51,55,22,5,5,10,12,0.5,0.7000000000000001
143,10,ORD-UNION,0,0,0,51,3,22,5,5,10,12,0.5,0.7000000000000001
144,10,CARD,24,6,35,51,45,22,5,5,10,12,0.5,0.7000000000000001
145,10,CLF_UNION,28,2,45,51,55,22,5,5,10,12,0.5,0.7000000000000001
146,10,ORD-UNION,0,0,0,51,10,22,5,5,10,12,0.5,0.7000000000000001
147,10,CARD,24,10,34,51,46,22,5,5,10,12,0.5,0.7000000000000001
148,10,CLF_UNION,32,2,45,51,55,22,5,5,10,12,0.5,0.7000000000000001
149,10,ORD-UNION,0,0,0,51,10,22,5,5,10,12,0.5,0.7000000000000001
150,11,CARD,27,7,37,61,46,22,5,5,10,12,0.5,0.7000000000000001
151,11,CLF_UNION,29,5,48,61,55,22,5,5,10,12,0.5,0.7000000000000001
152,11,ORD-UNION,0,0,1,61,8,22,5,5,10,12,0.5,0.7000000000000001
153,11,CARD,20,12,39,61,46,22,5,5,10,12,0.5,0.7000000000000001
154,11,CLF_UNION,30,3,50,61,55,22,5,5,10,12,0.5,0.7000000000000001
155,11,ORD-UNION,1,0,2,61,7,22,5,5,10,12,0.5,0.7000000000000001
156,11,CARD,28,8,40,61,47,22,5,5,10,12,0.5,0.7000000000000001
157,11,CLF_UNION,37,1,52,61,55,22,5,5,10,12,0.5,0.7000000000000001
158,11,ORD-UNION,0,0,0,61,3,22,5,5,10,12,0.5,0.7000000000000001
159,11,CARD,24,14,40,61,45,22,5,5,10,12,0.5,0.7000000000000001
160,11,CLF_UNION,33,5,50,61,55,22,5,5,10,12,0.5,0.7000000000000001
161,11,ORD-UNION,3,0,3,61,8,22,5,5,10,12,0.5,0.7000000000000001
162,11,CARD,31,1,36,61,47,22,5,5,10,12,0.5,0.7000000000000001
163,11,CLF_UNION,32,1,48,61,55,22,5,5,10,12,0.5,0.7000000000000001
164,11,ORD-UNION,4,0,5,61,12,22,5,5,10,12,0.5,0.7000000000000001
165,12,CARD,24,7,36,71,45,22,5,5,10,12,0.5,0.7000000000000001
166,12,CLF_UNION,29,2,46,71,55,22,5,5,10,12,0.5,0.7000000000000001
167,12,ORD-UNION,0,0,0,71,9,22,5,5,10,12,0.5,0.7000000000000001
168,12,CARD,27,4,38,71,49,22,5,5,10,12,0.5,0.7000000000000001
169,12,CLF_UNION,31,2,52,71,55,22,5,5,10,12,0.5,0.7000000000000001
170,12,ORD-UNION,4,0,5,71,8,22,5,5,10,12,0.5,0.7000000000000001
171,12,CARD,29,10,42,71,47,22,5,5,10,12,0.5,0.7000000000000001
172,12,CLF_UNION,41,0,54,71,55,22,5,5,10,12,0.5,0.7000000000000001
173,12,ORD-UNION,0,0,0,71,1,22,5,5,10,12,0.5,0.7000000000000001
174,12,CARD,29,1,34,71,47,22,5,5,10,12,0.5,0.7000000000000001
175,12,CLF_UNION,31,1,46,71,55,22,5,5,10,12,0.5,0.7000000000000001
176,12,ORD-UNION,4,0,5,71,14,22,5,5,10,12,0.5,0.7000000000000001
177,12,CARD,14,9,24,71,46,22,5,5,10,12,0.5,0.7000000000000001
178,12,CLF_UNION,20,3,35,71,55,22,5,5,10,12,0.5,0.7000000000000001
179,12,ORD-UNION,0,0,0,71,20,22,5,5,10,12,0.5,0.7000000000000001
180,13,CARD,34,5,41,81,47,22,5,5,10,12,0.5,0.7000000000000001
181,13,CLF_UNION,39,1,53,81,55,22,5,5,10,12,0.5,0.7000000000000001
182,13,ORD-UNION,0,0,0,81,2,22,5,5,10,12,0.5,0.7000000000000001
183,13,CARD,23,6,31,81,46,22,5,5,10,12,0.5,0.7000000000000001
184,13,CLF_UNION,29,0,42,81,55,22,5,5,10,12,0.5,0.7000000000000001
185,13,ORD-UNION,0,0,1,81,14,22,5,5,10,12,0.5,0.7000000000000001
186,13,CARD,21,5,28,81,51,22,5,5,10,12,0.5,0.7000000000000001
187,13,CLF_UNION,27,2,44,81,55,22,5,5,10,12,0.5,0.7000000000000001
188,13,ORD-UNION,4,0,4,81,15,22,5,5,10,12,0.5,0.7000000000000001
189,13,CARD,27,5,36,81,51,22,5,5,10,12,0.5,0.7000000000000001
190,13,CLF_UNION,35,0,52,81,55,22,5,5,10,12,0.5,0.7000000000000001
191,13,ORD-UNION,3,0,3,81,6,22,5,5,10,12,0.5,0.7000000000000001
192,13,CARD,14,7,23,81,47,22,5,5,10,12,0.5,0.7000000000000001
193,13,CLF_UNION,20,2,35,81,55,22,5,5,10,12,0.5,0.7000000000000001
194,13,ORD-UNION,0,0,0,81,20,22,5,5,10,12,0.5,0.7000000000000001
195,14,CARD,23,10,36,94,49,22,5,5,10,12,0.5,0.7000000000000001
196,14,CLF_UNION,32,4,50,94,55,22,5,5,10,12,0.5,0.7000000000000001
197,14,ORD-UNION,0,0,0,94,5,22,5,5,10,12,0.5,0.7000000000000001
198,14,CARD,20,8,33,94,48,22,5,5,10,12,0.5,0.7000000000000001
199,14,CLF_UNION,28,0,49,94,58,22,5,5,10,12,0.5,0.7000000000000001
200,14,ORD-UNION,0,0,1,94,10,22,5,5,10,12,0.5,0.7000000000000001
201,14,CARD,23,9,35,94,46,22,5,5,10,12,0.5,0.7000000000000001
202,14,CLF_UNION,32,1,46,94,55,22,5,5,10,12,0.5,0.7000000000000001
203,14,ORD-UNION,0,0,0,94,9,22,5,5,10,12,0.5,0.7000000000000001
204,14,CARD,20,9,30,94,47,22,5,5,10,12,0.5,0.7000000000000001
205,14,CLF_UNION,30,0,42,94,55,22,5,5,10,12,0.5,0.7000000000000001
206,14,ORD-UNION,5,0,5,94,18,22,5,5,10,12,0.5,0.7000000000000001
207,14,CARD,29,7,41,94,46,22,5,5,10,12,0.5,0.7000000000000001
208,14,CLF_UNION,34,2,52,94,55,22,5,5,10,12,0.5,0.7000000000000001
209,14,ORD-UNION,4,0,4,94,7,22,5,5,10,12,0.5,0.7000000000000001
210,15,CARD,20,8,30,109,48,22,5,5,10,12,0.5,0.7000000000000001
211,15,CLF_UNION,25,3,43,109,55,22,5,5,10,12,0.5,0.7000000000000001
212,15,ORD-UNION,0,0,0,109,12,22,5,5,10,12,0.5,0.7000000000000001
213,15,CARD,20,8,30,109,48,22,5,5,10,12,0.5,0.7000000000000001
214,15,CLF_UNION,28,0,43,109,55,22,5,5,10,12,0.5,0.7000000000000001
215,15,ORD-UNION,4,0,4,109,16,22,5,5,10,12,0.5,0.7000000000000001
216,15,CARD,26,4,33,109,47,22,5,5,10,12,0.5,0.7000000000000001
217,15,CLF_UNION,30,1,45,109,55,22,5,5,10,12,0.5,0.7000000000000001
218,15,ORD-UNION,4,0,4,109,14,22,5,5,10,12,0.5,0.7000000000000001
219,15,CARD,19,5,29,109,47,22,5,5,10,12,0.5,0.7000000000000001
220,15,CLF_UNION,24,2,43,109,57,22,5,5,10,12,0.5,0.7000000000000001
221,15,ORD-UNION,0,0,0,109,14,22,5,5,10,12,0.5,0.7000000000000001
222,15,CARD,24,2,30,109,47,22,5,5,10,12,0.5,0.7000000000000001
223,15,CLF_UNION,26,1,43,109,56,22,5,5,10,12,0.5,0.7000000000000001
224,15,ORD-UNION,5,0,5,109,18,22,5,5,10,12,0.5,0.7000000000000001
225,16,CARD,28,7,39,124,45,22,5,5,10,12,0.5,0.7000000000000001
226,16,CLF_UNION,31,4,49,124,55,22,5,5,10,12,0.5,0.7000000000000001
227,16,ORD-UNION,3,0,3,124,9,22,5,5,10,12,0.5,0.7000000000000001
228,16,CARD,25,3,31,124,45,22,5,5,10,12,0.5,0.7000000000000001
229,16,CLF_UNION,26,2,41,124,55,22,5,5,10,12,0.5,0.7000000000000001
230,16,ORD-UNION,5,0,6,124,20,22,5,5,10,12,0.5,0.7000000000000001
231,16,CARD,25,5,30,124,48,22,5,5,10,12,0.5,0.7000000000000001
232,16,CLF_UNION,30,0,45,124,57,22,5,5,10,12,0.5,0.7000000000000001
233,16,ORD-UNION,5,0,5,124,17,22,5,5,10,12,0.5,0.7000000000000001
234,16,CARD,28,3,34,124,47,22,5,5,10,12,0.5,0.7000000000000001
235,16,CLF_UNION,31,1,46,124,55,22,5,5,10,12,0.5,0.7000000000000001
236,16,ORD-UNION,10,0,10,124,19,22,5,5,10,12,0.5,0.7000000000000001
237,16,CARD,29,7,38,124,46,22,5,5,10,12,0.5,0.7000000000000001
238,16,CLF_UNION,33,3,49,124,55,22,5,5,10,12,0.5,0.7000000000000001
239,16,ORD-UNION,4,0,4,124,10,22,5,5,10,12,0.5,0.7000000000000001
240,17,CARD,26,6,34,141,46,22,5,5,10,12,0.5,0.7000000000000001
241,17,CLF_UNION,32,1,46,141,56,22,5,5,10,12,0.5,0.7000000000000001
242,17,ORD-UNION,9,0,9,141,19,22,5,5,10,12,0.5,0.7000000000000001
243,17,CARD,18,6,29,141,47,22,5,5,10,12,0.5,0.7000000000000001
244,17,CLF_UNION,24,2,41,141,55,22,5,5,10,12,0.5,0.7000000000000001
245,17,ORD-UNION,0,0,0,141,14,22,5,5,10,12,0.5,0.7000000000000001
246,17,CARD,26,12,43,141,45,22,5,5,10,12,0.5,0.7000000000000001
247,17,CLF_UNION,36,2,53,141,55,22,5,5,10,12,0.5,0.7000000000000001
248,17,ORD-UNION,2,0,2,141,4,22,5,5,10,12,0.5,0.7000000000000001
249,17,CARD,12,8,24,141,47,22,5,5,10,12,0.5,0.7000000000000001
250,17,CLF_UNION,18,3,36,141,55,22,5,5,10,12,0.5,0.7000000000000001
251,17,ORD-UNION,0,0,0,141,19,22,5,5,10,12,0.5,0.7000000000000001
252,17,CARD,25,2,31,141,48,22,5,5,10,12,0.5,0.7000000000000001
253,17,CLF_UNION,27,0,46,141,57,22,5,5,10,12,0.5,0.7000000000000001
254,17,ORD-UNION,0,0,1,141,12,22,5,5,10,12,0.5,0.7000000000000001
255,18,CARD,23,5,31,158,45,22,5,5,10,12,0.5,0.7000000000000001
256,18,CLF_UNION,28,0,41,158,55,22,5,5,10,12,0.5,0.7000000000000001
257,18,ORD-UNION,4,0,4,158,18,22,5,5,10,12,0.5,0.7000000000000001
258,18,CARD,14,6,25,158,45,22,5,5,10,12,0.5,0.7000000000000001
259,18,CLF_UNION,20,0,35,158,55,22,5,5,10,12,0.5,0.7000000000000001
260,18,ORD-UNION,0,0,0,158,20,22,5,5,10,12,0.5,0.7000000000000001
261,18,CARD,16,1,17,158,48,22,5,5,10,12,0.5,0.7000000000000001
262,18,CLF_UNION,16,1,30,158,55,22,5,5,10,12,0.5,0.7000000000000001
263,18,ORD-UNION,7,0,7,158,32,22,5,5,10,12,0.5,0.7000000000000001
264,18,CARD,21,8,31,158,47,22,5,5,10,12,0.5,0.7000000000000001
265,18,CLF_UNION,27,2,43,158,55,22,5,5,10,12,0.5,0.7000000000000001
266,18,ORD-UNION,6,0,7,158,19,22,5,5,10,12,0.5,0.7000000000000001
267,18,CARD,25,4,35,158,46,22,5,5,10,12,0.5,0.7000000000000001
268,18,CLF_UNION,28,1,46,158,55,22,5,5,10,12,0.5,0.7000000000000001
269,18,ORD-UNION,1,0,1,158,10,22,5,5,10,12,0.5,0.7000000000000001
270,19,CARD,27,1,30,176,46,22,5,5,10,12,0.5,0.7000000000000001
271,19,CLF_UNION,27,1,41,176,55,22,5,5,10,12,0.5,0.7000000000000001
272,19,ORD-UNION,6,0,6,176,20,22,5,5,10,12,0.5,0.7000000000000001
273,19,CARD,20,1,24,176,48,22,5,5,10,12,0.5,0.7000000000000001
274,19,CLF_UNION,23,0,38,176,56,22,5,5,10,12,0.5,0.7000000000000001
275,19,ORD-UNION,7,0,7,176,25,22,5,5,10,12,0.5,0.7000000000000001
276,19,CARD,20,4,27,176,51,22,5,5,10,12,0.5,0.7000000000000001
277,19,CLF_UNION,26,1,46,176,58,22,5,5,10,12,0.5,0.7000000000000001
278,19,ORD-UNION,0,0,0,176,12,22,5,5,10,12,0.5,0.7000000000000001
279,19,CARD,0,0,1,176,48,22,5,5,10,12,0.5,0.7000000000000001
280,19,CLF_UNION,0,0,14,176,55,22,5,5,10,12,0.5,0.7000000000000001
281,19,ORD-UNION,0,0,0,176,41,22,5,5,10,12,0.5,0.7000000000000001
282,19,CARD,29,1,33,176,47,22,5,5,10,12,0.5,0.7000000000000001
283,19,CLF_UNION,31,1,45,176,55,22,5,5,10,12,0.5,0.7000000000000001
284,19,ORD-UNION,3,0,3,176,13,22,5,5,10,12,0.5,0.7000000000000001
285,20,CARD,9,0,12,194,47,22,5,5,10,12,0.5,0.7000000000000001
286,20,CLF_UNION,9,0,25,194,56,22,5,5,10,12,0.5,0.7000000000000001
287,20,ORD-UNION,8,0,9,194,40,22,5,5,10,12,0.5,0.7000000000000001
288,20,CARD,14,7,26,194,47,22,5,5,10,12,0.5,0.7000000000000001
289,20,CLF_UNION,18,3,39,194,56,22,5,5,10,12,0.5,0.7000000000000001
290,20,ORD-UNION,0,0,1,194,18,22,5,5,10,12,0.5,0.7000000000000001
291,20,CARD,27,5,39,194,45,22,5,5,10,12,0.5,0.7000000000000001
292,20,CLF_UNION,26,7,50,194,56,22,5,5,10,12,0.5,0.7000000000000001
293,20,ORD-UNION,4,0,4,194,10,22,5,5,10,12,0.5,0.7000000000000001
294,20,CARD,17,0,17,194,47,22,5,5,10,12,0.5,0.7000000000000001
295,20,CLF_UNION,17,0,29,194,55,22,5,5,10,12,0.5,0.7000000000000001
296,20,ORD-UNION,8,0,8,194,34,22,5,5,10,12,0.5,0.7000000000000001
297,20,CARD,14,2,17,194,48,22,5,5,10,12,0.5,0.7000000000000001
298,20,CLF_UNION,14,2,31,194,56,22,5,5,10,12,0.5,0.7000000000000001
299,20,ORD-UNION,8,0,8,194,33,22,5,5,10,12,0.5,0.7000000000000001
300,21,CARD,13,3,19,215,46,22,5,5,10,12,0.5,0.7000000000000001
301,21,CLF_UNION,16,0,30,215,55,22,5,5,10,12,0.5,0.7000000000000001
302,21,ORD-UNION,4,0,5,215,30,22,5,5,10,12,0.5,0.7000000000000001
303,21,CARD,20,3,24,215,45,22,5,5,10,12,0.5,0.7000000000000001
304,21,CLF_UNION,21,2,34,215,55,22,5,5,10,12,0.5,0.7000000000000001
305,21,ORD-UNION,0,0,0,215,21,22,5,5,10,12,0.5,0.7000000000000001
306,21,CARD,21,3,24,215,48,22,5,5,10,12,0.5,0.7000000000000001
307,21,CLF_UNION,23,1,37,215,55,22,5,5,10,12,0.5,0.7000000000000001
308,21,ORD-UNION,4,0,4,215,22,22,5,5,10,12,0.5,0.7000000000000001
309,21,CARD,20,4,30,215,47,22,5,5,10,12,0.5,0.7000000000000001
310,21,CLF_UNION,24,0,42,215,55,22,5,5,10,12,0.5,0.7000000000000001
311,21,ORD-UNION,3,0,3,215,16,22,5,5,10,12,0.5,0.7000000000000001
312,21,CARD,18,3,24,215,46,22,5,5,10,12,0.5,0.7000000000000001
313,21,CLF_UNION,21,0,35,215,55,22,5,5,10,12,0.5,0.7000000000000001
314,21,ORD-UNION,2,0,2,215,22,22,5,5,10,12,0.5,0.7000000000000001
315,22,CARD,7,1,9,235,48,22,5,5,10,12,0.5,0.7000000000000001
316,22,CLF_UNION,7,1,22,235,55,22,5,5,10,12,0.5,0.7000000000000001
317,22,ORD-UNION,0,0,0,235,33,22,5,5,10,12,0.5,0.7000000000000001
318,22,CARD,16,0,18,235,45,22,5,5,10,12,0.5,0.7000000000000001
319,22,CLF_UNION,16,0,28,235,55,22,5,5,10,12,0.5,0.7000000000000001
320,22,ORD-UNION,0,0,1,235,28,22,5,5,10,12,0.5,0.7000000000000001
321,22,CARD,20,2,24,235,45,22,5,5,10,12,0.5,0.7000000000000001
322,22,CLF_UNION,20,2,34,235,55,22,5,5,10,12,0.5,0.7000000000000001
323,22,ORD-UNION,3,0,3,235,24,22,5,5,10,12,0.5,0.7000000000000001
324,22,CARD,14,0,17,235,47,22,5,5,10,12,0.5,0.7000000000000001
325,22,CLF_UNION,12,2,30,235,56,22,5,5,10,12,0.5,0.7000000000000001
326,22,ORD-UNION,0,0,0,235,26,22,5,5,10,12,0.5,0.7000000000000001
327,22,CARD,22,1,24,235,47,22,5,5,10,12,0.5,0.7000000000000001
328,22,CLF_UNION,21,3,36,235,55,22,5,5,10,12,0.5,0.7000000000000001
329,22,ORD-UNION,3,0,4,235,23,22,5,5,10,12,0.5,0.7000000000000001
330,23,CARD,0,0,1,256,45,22,5,5,10,12,0.5,0.7000000000000001
331,23,CLF_UNION,0,0,12,256,56,22,5,5,10,12,0.5,0.7000000000000001
332,23,ORD-UNION,0,0,1,256,45,22,5,5,10,12,0.5,0.7000000000000001
333,23,CARD,27,0,32,256,49,22,5,5,10,12,0.5,0.7000000000000001
334,23,CLF_UNION,24,4,47,256,56,22,5,5,10,12,0.5,0.7000000000000001
335,23,ORD-UNION,7,0,8,256,17,22,5,5,10,12,0.5,0.7000000000000001
336,23,CARD,19,3,24,256,46,22,5,5,10,12,0.5,0.7000000000000001
337,23,CLF_UNION,22,0,35,256,55,22,5,5,10,12,0.5,0.7000000000000001
338,23,ORD-UNION,3,0,4,256,24,22,5,5,10,12,0.5,0.7000000000000001
339,23,CARD,17,5,24,256,46,22,5,5,10,12,0.5,0.7000000000000001
340,23,CLF_UNION,21,1,35,256,55,22,5,5,10,12,0.5,0.7000000000000001
341,23,ORD-UNION,0,0,0,256,20,22,5,5,10,12,0.5,0.7000000000000001
342,23,CARD,21,3,30,256,46,22,5,5,10,12,0.5,0.7000000000000001
343,23,CLF_UNION,23,1,41,256,55,22,5,5,10,12,0.5,0.7000000000000001
344,23,ORD-UNION,4,0,4,256,18,22,5,5,10,12,0.5,0.7000000000000001
345,24,CARD,21,1,25,277,45,22,5,5,10,12,0.5,0.7000000000000001
346,24,CLF_UNION,21,1,35,277,55,22,5,5,10,12,0.5,0.7000000000000001
347,24,ORD-UNION,0,0,0,277,20,22,5,5,10,12,0.5,0.7000000000000001
348,24,CARD,8,1,12,277,47,22,5,5,10,12,0.5,0.7000000000000001
349,24,CLF_UNION,8,1,24,277,55,22,5,5,10,12,0.5,0.7000000000000001
350,24,ORD-UNION,0,0,1,277,32,22,5,5,10,12,0.5,0.7000000000000001
351,24,CARD,12,4,16,277,48,22,5,5,10,12,0.5,0.7000000000000001
352,24,CLF_UNION,15,2,29,277,55,22,5,5,10,12,0.5,0.7000000000000001
353,24,ORD-UNION,3,0,3,277,29,22,5,5,10,12,0.5,0.7000000000000001
354,24,CARD,0,0,0,277,47,22,5,5,10,12,0.5,0.7000000000000001
355,24,CLF_UNION,0,0,12,277,55,22,5,5,10,12,0.5,0.7000000000000001
356,24,ORD-UNION,0,0,0,277,43,22,5,5,10,12,0.5,0.7000000000000001
357,24,CARD,15,1,17,277,45,22,5,5,10,12,0.5,0.7000000000000001
358,24,CLF_UNION,16,0,27,277,55,22,5,5,10,12,0.5,0.7000000000000001
359,24,ORD-UNION,4,0,4,277,32,22,5,5,10,12,0.5,0.7000000000000001
360,1,CARD,4,14,21,1,69,22,5,5,10,12,0.5,0.7000000000000001
361,1,CLF_UNION,27,29,71,1,71,22,5,5,10,12,0.5,0.7000000000000001
362,1,ORD-UNION,0,0,0,1,0,22,5,5,10,12,0.5,0.7000000000000001
363,1,CARD,3,16,25,1,65,22,5,5,10,12,0.5,0.7000000000000001
364,1,CLF_UNION,19,24,65,1,65,22,5,5,10,12,0.5,0.7000000000000001
365,1,ORD-UNION,0,0,0,1,0,22,5,5,10,12,0.5,0.7000000000000001
366,1,CARD,6,17,25,1,65,22,5,5,10,12,0.5,0.7000000000000001
367,1,CLF_UNION,34,29,76,1,76,22,5,5,10,12,0.5,0.7000000000000001
368,1,ORD-UNION,0,0,0,1,0,22,5,5,10,12,0.5,0.7000000000000001
369,1,CARD,4,17,24,1,66,22,5,5,10,12,0.5,0.7000000000000001
370,1,CLF_UNION,23,26,63,1,63,22,5,5,10,12,0.5,0.7000000000000001
371,1,ORD-UNION,0,0,0,1,0,22,5,5,10,12,0.5,0.7000000000000001
372,1,CARD,3,12,25,1,65,22,5,5,10,12,0.5,0.7000000000000001
373,1,CLF_UNION,16,24,71,1,71,22,5,5,10,12,0.5,0.7000000000000001
374,1,ORD-UNION,0,0,0,1,0,22,5,5,10,12,0.5,0.7000000000000001
375,2,CARD,20,11,37,3,53,22,5,5,10,12,0.5,0.7000000000000001
376,2,CLF_UNION,24,16,57,3,57,22,5,5,10,12,0.5,0.7000000000000001
377,2,ORD-UNION,0,0,0,3,0,22,5,5,10,12,0.5,0.7000000000000001
378,2,CARD,20,13,35,3,55,22,5,5,10,12,0.5,0.7000000000000001
379,2,CLF_UNION,25,18,57,3,57,22,5,5,10,12,0.5,0.7000000000000001
380,2,ORD-UNION,0,0,0,3,0,22,5,5,10,12,0.5,0.7000000000000001
381,2,CARD,17,16,35,3,55,22,5,5,10,12,0.5,0.7000000000000001
382,2,CLF_UNION,24,24,60,3,60,22,5,5,10,12,0.5,0.7000000000000001
383,2,ORD-UNION,0,0,0,3,0,22,5,5,10,12,0.5,0.7000000000000001
384,2,CARD,22,9,33,3,57,22,5,5,10,12,0.5,0.7000000000000001
385,2,CLF_UNION,21,22,57,3,57,22,5,5,10,12,0.5,0.7000000000000001
386,2,ORD-UNION,0,0,0,3,0,22,5,5,10,12,0.5,0.7000000000000001
387,2,CARD,16,18,35,3,54,22,5,5,10,12,0.5,0.7000000000000001
388,2,CLF_UNION,20,26,58,3,59,22,5,5,10,12,0.5,0.7000000000000001
389,2,ORD-UNION,0,0,0,3,1,22,5,5,10,12,0.5,0.7000000000000001
390,3,CARD,0,32,35,6,55,22,5,5,10,12,0.5,0.7000000000000001
391,3,CLF_UNION,4,34,55,6,55,22,5,5,10,12,0.5,0.7000000000000001
392,3,ORD-UNION,0,0,0,6,0,22,5,5,10,12,0.5,0.7000000000000001
393,3,CARD,4,24,35,6,55,22,5,5,10,12,0.5,0.7000000000000001
394,3,CLF_UNION,7,28,56,6,56,22,5,5,10,12,0.5,0.7000000000000001
395,3,ORD-UNION,0,0,0,6,0,22,5,5,10,12,0.5,0.7000000000000001
396,3,CARD,15,14,36,6,54,22,5,5,10,12,0.5,0.7000000000000001
397,3,CLF_UNION,20,14,55,6,55,22,5,5,10,12,0.5,0.7000000000000001
398,3,ORD-UNION,0,0,0,6,0,22,5,5,10,12,0.5,0.7000000000000001
399,3,CARD,14,20,37,6,53,22,5,5,10,12,0.5,0.7000000000000001
400,3,CLF_UNION,14,24,55,6,55,22,5,5,10,12,0.5,0.7000000000000001
401,3,ORD-UNION,0,0,0,6,0,22,5,5,10,12,0.5,0.7000000000000001
402,3,CARD,12,20,33,6,57,22,5,5,10,12,0.5,0.7000000000000001
403,3,CLF_UNION,20,24,56,6,56,22,5,5,10,12,0.5,0.7000000000000001
404,3,ORD-UNION,0,0,0,6,0,22,5,5,10,12,0.5,0.7000000000000001
405,4,CARD,29,6,42,10,48,22,5,5,10,12,0.5,0.7000000000000001
406,4,CLF_UNION,27,11,56,10,56,22,5,5,10,12,0.5,0.7000000000000001
407,4,ORD-UNION,0,0,0,10,0,22,5,5,10,12,0.5,0.7000000000000001
408,4,CARD,35,5,43,10,47,22,5,5,10,12,0.5,0.7000000000000001
409,4,CLF_UNION,35,7,56,10,56,22,5,5,10,12,0.5,0.7000000000000001
410,4,ORD-UNION,0,0,0,10,0,22,5,5,10,12,0.5,0.7000000000000001
411,4,CARD,37,1,42,10,48,22,5,5,10,12,0.5,0.7000000000000001
412,4,CLF_UNION,38,3,56,10,56,22,5,5,10,12,0.5,0.7000000000000001
413,4,ORD-UNION,0,0,0,10,0,22,5,5,10,12,0.5,0.7000000000000001
414,4,CARD,37,5,43,10,46,22,5,5,10,12,0.5,0.7000000000000001
415,4,CLF_UNION,34,10,55,10,56,22,5,5,10,12,0.5,0.7000000000000001
416,4,ORD-UNION,0,0,0,10,1,22,5,5,10,12,0.5,0.7000000000000001
417,4,CARD,31,6,44,10,46,22,5,5,10,12,0.5,0.7000000000000001
418,4,CLF_UNION,26,13,57,10,57,22,5,5,10,12,0.5,0.7000000000000001
419,4,ORD-UNION,0,0,0,10,0,22,5,5,10,12,0.5,0.7000000000000001
420,5,CARD,32,9,42,15,45,22,5,5,10,12,0.5,0.7000000000000001
421,5,CLF_UNION,33,9,53,15,55,22,5,5,10,12,0.5,0.7000000000000001
422,5,ORD-UNION,0,0,0,15,3,22,5,5,10,12,0.5,0.7000000000000001
423,5,CARD,35,3,45,15,45,22,5,5,10,12,0.5,0.7000000000000001
424,5,CLF_UNION,34,4,55,15,55,22,5,5,10,12,0.5,0.7000000000000001
425,5,ORD-UNION,0,0,0,15,0,22,5,5,10,12,0.5,0.7000000000000001
426,5,CARD,32,11,45,15,45,22,5,5,10,12,0.5,0.7000000000000001
427,5,CLF_UNION,36,7,55,15,55,22,5,5,10,12,0.5,0.7000000000000001
428,5,ORD-UNION,0,0,0,15,0,22,5,5,10,12,0.5,0.7000000000000001
429,5,CARD,34,9,45,15,45,22,5,5,10,12,0.5,0.7000000000000001
430,5,CLF_UNION,36,7,55,15,55,22,5,5,10,12,0.5,0.7000000000000001
431,5,ORD-UNION,0,0,0,15,0,22,5,5,10,12,0.5,0.7000000000000001
432,5,CARD,32,9,45,15,45,22,5,5,10,12,0.5,0.7000000000000001
433,5,CLF_UNION,33,8,55,15,55,22,5,5,10,12,0.5,0.7000000000000001
434,5,ORD-UNION,0,0,0,15,0,22,5,5,10,12,0.5,0.7000000000000001
435,6,CARD,25,8,44,21,46,22,5,5,10,12,0.5,0.7000000000000001
436,6,CLF_UNION,24,10,55,21,55,22,5,5,10,12,0.5,0.7000000000000001
437,6,ORD-UNION,0,0,0,21,0,22,5,5,10,12,0.5,0.7000000000000001
438,6,CARD,22,13,39,21,45,22,5,5,10,12,0.5,0.7000000000000001
439,6,CLF_UNION,24,11,49,21,55,22,5,5,10,12,0.5,0.7000000000000001
440,6,ORD-UNION,0,0,0,21,6,22,5,5,10,12,0.5,0.7000000000000001
441,6,CARD,34,3,44,21,46,22,5,5,10,12,0.5,0.7000000000000001
442,6,CLF_UNION,34,4,55,21,55,22,5,5,10,12,0.5,0.7000000000000001
443,6,ORD-UNION,0,0,0,21,0,22,5,5,10,12,0.5,0.7000000000000001
444,6,CARD,37,5,45,21,45,22,5,5,10,12,0.5,0.7000000000000001
445,6,CLF_UNION,35,7,55,21,55,22,5,5,10,12,0.5,0.7000000000000001
446,6,ORD-UNION,0,0,0,21,0,22,5,5,10,12,0.5,0.7000000000000001
447,6,CARD,32,6,44,21,46,22,5,5,10,12,0.5,0.7000000000000001
448,6,CLF_UNION,30,9,55,21,55,22,5,5,10,12,0.5,0.7000000000000001
449,6,ORD-UNION,0,0,0,21,0,22,5,5,10,12,0.5,0.7000000000000001
450,7,CARD,21,2,44,28,45,22,5,5,10,12,0.5,0.7000000000000001
451,7,CLF_UNION,19,4,54,28,55,22,5,5,10,12,0.5,0.7000000000000001
452,7,ORD-UNION,0,0,0,28,1,22,5,5,10,12,0.5,0.7000000000000001
453,7,CARD,31,4,44,28,46,22,5,5,10,12,0.5,0.7000000000000001
454,7,CLF_UNION,31,5,55,28,55,22,5,5,10,12,0.5,0.7000000000000001
455,7,ORD-UNION,0,0,0,28,0,22,5,5,10,12,0.5,0.7000000000000001
456,7,CARD,28,8,41,28,48,22,5,5,10,12,0.5,0.7000000000000001
457,7,CLF_UNION,28,10,54,28,55,22,5,5,10,12,0.5,0.7000000000000001
458,7,ORD-UNION,0,0,0,28,1,22,5,5,10,12,0.5,0.7000000000000001
459,7,CARD,29,7,39,28,48,22,5,5,10,12,0.5,0.7000000000000001
460,7,CLF_UNION,29,9,52,28,55,22,5,5,10,12,0.5,0.7000000000000001
461,7,ORD-UNION,0,0,0,28,3,22,5,5,10,12,0.5,0.7000000000000001
462,7,CARD,30,10,44,28,46,22,5,5,10,12,0.5,0.7000000000000001
463,7,CLF_UNION,31,10,55,28,55,22,5,5,10,12,0.5,0.7000000000000001
464,7,ORD-UNION,0,0,0,28,0,22,5,5,10,12,0.5,0.7000000000000001
465,8,CARD,32,4,43,35,46,22,5,5,10,12,0.5,0.7000000000000001
466,8,CLF_UNION,34,3,54,35,55,22,5,5,10,12,0.5,0.7000000000000001
467,8,ORD-UNION,0,0,0,35,1,22,5,5,10,12,0.5,0.7000000000000001
468,8,CARD,29,4,35,35,50,22,5,5,10,12,0.5,0.7000000000000001
469,8,CLF_UNION,31,4,50,35,55,22,5,5,10,12,0.5,0.7000000000000001
470,8,ORD-UNION,0,0,0,35,5,22,5,5,10,12,0.5,0.7000000000000001
471,8,CARD,29,5,42,35,47,22,5,5,10,12,0.5,0.7000000000000001
472,8,CLF_UNION,29,7,54,35,55,22,5,5,10,12,0.5,0.7000000000000001
473,8,ORD-UNION,0,0,0,35,1,22,5,5,10,12,0.5,0.7000000000000001
474,8,CARD,25,8,39,35,48,22,5,5,10,12,0.5,0.7000000000000001
475,8,CLF_UNION,31,5,52,35,55,22,5,5,10,12,0.5,0.7000000000000001
476,8,ORD-UNION,0,0,0,35,3,22,5,5,10,12,0.5,0.7000000000000001
477,8,CARD,30,12,44,35,46,22,5,5,10,12,0.5,0.7000000000000001
478,8,CLF_UNION,31,12,55,35,55,22,5,5,10,12,0.5,0.7000000000000001
479,8,ORD-UNION,0,0,0,35,0,22,5,5,10,12,0.5,0.7000000000000001
480,9,CARD,27,11,40,44,47,22,5,5,10,12,0.5,0.7000000000000001
481,9,CLF_UNION,29,11,52,44,55,22,5,5,10,12,0.5,0.7000000000000001
482,9,ORD-UNION,0,0,0,44,3,22,5,5,10,12,0.5,0.7000000000000001
483,9,CARD,24,2,30,44,50,22,5,5,10,12,0.5,0.7000000000000001
484,9,CLF_UNION,27,3,46,44,55,22,5,5,10,12,0.5,0.7000000000000001
485,9,ORD-UNION,0,0,0,44,10,22,5,5,10,12,0.5,0.7000000000000001
486,9,CARD,21,12,37,44,47,22,5,5,10,12,0.5,0.7000000000000001
487,9,CLF_UNION,24,11,49,44,55,22,5,5,10,12,0.5,0.7000000000000001
488,9,ORD-UNION,0,0,0,44,6,22,5,5,10,12,0.5,0.7000000000000001
489,9,CARD,35,4,41,44,49,22,5,5,10,12,0.5,0.7000000000000001
490,9,CLF_UNION,39,3,55,44,55,22,5,5,10,12,0.5,0.7000000000000001
491,9,ORD-UNION,0,0,0,44,0,22,5,5,10,12,0.5,0.7000000000000001
492,9,CARD,23,12,38,44,51,22,5,5,10,12,0.5,0.7000000000000001
493,9,CLF_UNION,30,10,54,44,55,22,5,5,10,12,0.5,0.7000000000000001
494,9,ORD-UNION,0,0,0,44,1,22,5,5,10,12,0.5,0.7000000000000001
495,10,CARD,21,7,32,54,48,22,5,5,10,12,0.5,0.7000000000000001
496,10,CLF_UNION,26,6,46,54,55,22,5,5,10,12,0.5,0.7000000000000001
497,10,ORD-UNION,0,0,0,54,10,22,5,5,10,12,0.5,0.7000000000000001
498,10,CARD,18,11,39,54,48,22,5,5,10,12,0.5,0.7000000000000001
499,10,CLF_UNION,23,9,52,54,55,22,5,5,10,12,0.5,0.7000000000000001
500,10,ORD-UNION,0,0,0,54,3,22,5,5,10,12,0.5,0.7000000000000001
501,10,CARD,22,13,40,54,47,22,5,5,10,12,0.5,0.7000000000000001
502,10,CLF_UNION,28,9,52,54,55,22,5,5,10,12,0.5,0.7000000000000001
503,10,ORD-UNION,0,0,0,54,3,22,5,5,10,12,0.5,0.7000000000000001
504,10,CARD,22,10,35,54,49,22,5,5,10,12,0.5,0.7000000000000001
505,10,CLF_UNION,28,8,49,54,55,22,5,5,10,12,0.5,0.7000000000000001
506,10,ORD-UNION,0,0,0,54,6,22,5,5,10,12,0.5,0.7000000000000001
507,10,CARD,24,9,42,54,48,22,5,5,10,12,0.5,0.7000000000000001
508,10,CLF_UNION,30,4,55,54,55,22,5,5,10,12,0.5,0.7000000000000001
509,10,ORD-UNION,0,0,0,54,0,22,5,5,10,12,0.5,0.7000000000000001
510,11,CARD,18,15,38,64,49,22,5,5,10,12,0.5,0.7000000000000001
511,11,CLF_UNION,35,2,52,64,55,22,5,5,10,12,0.5,0.7000000000000001
512,11,ORD-UNION,0,0,0,64,3,22,5,5,10,12,0.5,0.7000000000000001
513,11,CARD,29,9,40,64,47,22,5,5,10,12,0.5,0.7000000000000001
514,11,CLF_UNION,33,7,52,64,55,22,5,5,10,12,0.5,0.7000000000000001
515,11,ORD-UNION,0,0,0,64,3,22,5,5,10,12,0.5,0.7000000000000001
516,11,CARD,21,10,38,64,46,22,5,5,10,12,0.5,0.7000000000000001
517,11,CLF_UNION,20,12,49,64,55,22,5,5,10,12,0.5,0.7000000000000001
518,11,ORD-UNION,0,0,0,64,6,22,5,5,10,12,0.5,0.7000000000000001
519,11,CARD,28,6,37,64,48,22,5,5,10,12,0.5,0.7000000000000001
520,11,CLF_UNION,28,8,50,64,55,22,5,5,10,12,0.5,0.7000000000000001
521,11,ORD-UNION,0,0,0,64,5,22,5,5,10,12,0.5,0.7000000000000001
522,11,CARD,23,7,35,64,46,22,5,5,10,12,0.5,0.7000000000000001
523,11,CLF_UNION,29,1,47,64,56,22,5,5,10,12,0.5,0.7000000000000001
524,11,ORD-UNION,0,0,0,64,9,22,5,5,10,12,0.5,0.7000000000000001
525,12,CARD,14,15,35,74,46,22,5,5,10,12,0.5,0.7000000000000001
526,12,CLF_UNION,20,9,46,74,55,22,5,5,10,12,0.5,0.7000000000000001
527,12,ORD-UNION,2,2,5,74,14,22,5,5,10,12,0.5,0.7000000000000001
528,12,CARD,25,13,40,74,47,22,5,5,10,12,0.5,0.7000000000000001
529,12,CLF_UNION,32,8,52,74,55,22,5,5,10,12,0.5,0.7000000000000001
530,12,ORD-UNION,0,0,0,74,3,22,5,5,10,12,0.5,0.7000000000000001
531,12,CARD,21,9,36,74,47,22,5,5,10,12,0.5,0.7000000000000001
532,12,CLF_UNION,27,5,49,74,55,22,5,5,10,12,0.5,0.7000000000000001
533,12,ORD-UNION,1,1,5,74,12,22,5,5,10,12,0.5,0.7000000000000001
534,12,CARD,25,13,41,74,46,22,5,5,10,12,0.5,0.7000000000000001
535,12,CLF_UNION,31,8,52,74,55,22,5,5,10,12,0.5,0.7000000000000001
536,12,ORD-UNION,0,1,1,74,4,22,5,5,10,12,0.5,0.7000000000000001
537,12,CARD,19,19,39,74,48,22,5,5,10,12,0.5,0.7000000000000001
538,12,CLF_UNION,32,9,52,74,55,22,5,5,10,12,0.5,0.7000000000000001
539,12,ORD-UNION,0,0,0,74,3,22,5,5,10,12,0.5,0.7000000000000001
540,13,CARD,15,14,34,86,47,22,5,5,10,12,0.5,0.7000000000000001
541,13,CLF_UNION,23,8,47,86,55,22,5,5,10,12,0.5,0.7000000000000001
542,13,ORD-UNION,0,0,0,86,9,22,5,5,10,12,0.5,0.7000000000000001
543,13,CARD,18,20,44,86,45,22,5,5,10,12,0.5,0.7000000000000001
544,13,CLF_UNION,28,10,54,86,55,22,5,5,10,12,0.5,0.7000000000000001
545,13,ORD-UNION,0,1,2,86,3,22,5,5,10,12,0.5,0.7000000000000001
546,13,CARD,13,10,34,86,49,22,5,5,10,12,0.5,0.7000000000000001
547,13,CLF_UNION,18,6,49,86,56,22,5,5,10,12,0.5,0.7000000000000001
548,13,ORD-UNION,0,0,0,86,7,22,5,5,10,12,0.5,0.7000000000000001
549,13,CARD,8,17,30,86,47,22,5,5,10,12,0.5,0.7000000000000001
550,13,CLF_UNION,21,4,42,86,55,22,5,5,10,12,0.5,0.7000000000000001
551,13,ORD-UNION,0,0,0,86,13,22,5,5,10,12,0.5,0.7000000000000001
552,13,CARD,17,18,41,86,46,22,5,5,10,12,0.5,0.7000000000000001
553,13,CLF_UNION,23,13,52,86,55,22,5,5,10,12,0.5,0.7000000000000001
554,13,ORD-UNION,0,1,1,86,4,22,5,5,10,12,0.5,0.7000000000000001
555,14,CARD,15,3,24,100,47,22,5,5,10,12,0.5,0.7000000000000001
556,14,CLF_UNION,17,2,37,100,55,22,5,5,10,12,0.5,0.7000000000000001
557,14,ORD-UNION,0,0,0,100,19,22,5,5,10,12,0.5,0.7000000000000001
558,14,CARD,18,11,34,100,46,22,5,5,10,12,0.5,0.7000000000000001
559,14,CLF_UNION,30,0,45,100,55,22,5,5,10,12,0.5,0.7000000000000001
560,14,ORD-UNION,2,2,5,100,15,22,5,5,10,12,0.5,0.7000000000000001
561,14,CARD,12,14,33,100,48,22,5,5,10,12,0.5,0.7000000000000001
562,14,CLF_UNION,24,4,46,100,55,22,5,5,10,12,0.5,0.7000000000000001
563,14,ORD-UNION,1,2,5,100,14,22,5,5,10,12,0.5,0.7000000000000001
564,14,CARD,19,13,38,100,46,22,5,5,10,12,0.5,0.7000000000000001
565,14,CLF_UNION,25,8,49,100,55,22,5,5,10,12,0.5,0.7000000000000001
566,14,ORD-UNION,2,1,4,100,10,22,5,5,10,12,0.5,0.7000000000000001
567,14,CARD,13,17,39,100,46,22,5,5,10,12,0.5,0.7000000000000001
568,14,CLF_UNION,20,10,50,100,55,22,5,5,10,12,0.5,0.7000000000000001
569,14,ORD-UNION,1,1,4,100,9,22,5,5,10,12,0.5,0.7000000000000001
570,15,CARD,19,13,38,113,46,22,5,5,10,12,0.5,0.7000000000000001
571,15,CLF_UNION,27,5,49,113,55,22,5,5,10,12,0.5,0.7000000000000001
572,15,ORD-UNION,0,3,4,113,10,22,5,5,10,12,0.5,0.7000000000000001
573,15,CARD,24,7,37,113,48,22,5,5,10,12,0.5,0.7000000000000001
574,15,CLF_UNION,29,4,50,113,55,22,5,5,10,12,0.5,0.7000000000000001
575,15,ORD-UNION,1,3,4,113,9,22,5,5,10,12,0.5,0.7000000000000001
576,15,CARD,15,3,24,113,46,22,5,5,10,12,0.5,0.7000000000000001
577,15,CLF_UNION,17,2,36,113,56,22,5,5,10,12,0.5,0.7000000000000001
578,15,ORD-UNION,0,0,0,113,20,22,5,5,10,12,0.5,0.7000000000000001
579,15,CARD,12,0,23,113,55,22,5,5,10,12,0.5,0.7000000000000001
580,15,CLF_UNION,12,0,43,113,55,22,5,5,10,12,0.5,0.7000000000000001
581,15,ORD-UNION,0,0,0,113,12,22,5,5,10,12,0.5,0.7000000000000001
582,15,CARD,21,7,30,113,45,22,5,5,10,12,0.5,0.7000000000000001
583,15,CLF_UNION,26,2,40,113,55,22,5,5,10,12,0.5,0.7000000000000001
584,15,ORD-UNION,0,0,0,113,15,22,5,5,10,12,0.5,0.7000000000000001
585,16,CARD,22,11,37,126,48,22,5,5,10,12,0.5,0.7000000000000001
586,16,CLF_UNION,22,12,51,126,55,22,5,5,10,12,0.5,0.7000000000000001
587,16,ORD-UNION,2,0,4,126,9,22,5,5,10,12,0.5,0.7000000000000001
588,16,CARD,13,13,29,126,47,22,5,5,10,12,0.5,0.7000000000000001
589,16,CLF_UNION,24,4,42,126,55,22,5,5,10,12,0.5,0.7000000000000001
590,16,ORD-UNION,4,0,6,126,20,22,5,5,10,12,0.5,0.7000000000000001
591,16,CARD,20,12,35,126,45,22,5,5,10,12,0.5,0.7000000000000001
592,16,CLF_UNION,31,1,45,126,55,22,5,5,10,12,0.5,0.7000000000000001
593,16,ORD-UNION,0,0,0,126,10,22,5,5,10,12,0.5,0.7000000000000001
594,16,CARD,27,4,35,126,45,22,5,5,10,12,0.5,0.7000000000000001
595,16,CLF_UNION,24,8,46,126,55,22,5,5,10,12,0.5,0.7000000000000001
596,16,ORD-UNION,3,1,5,126,15,22,5,5,10,12,0.5,0.7000000000000001
597,16,CARD,18,10,35,126,47,22,5,5,10,12,0.5,0.7000000000000001
598,16,CLF_UNION,26,2,48,126,56,22,5,5,10,12,0.5,0.7000000000000001
599,16,ORD-UNION,1,2,5,126,13,22,5,5,10,12,0.5,0.7000000000000001
600,17,CARD,10,16,36,143,45,22,5,5,10,12,0.5,0.7000000000000001
601,17,CLF_UNION,12,14,46,143,55,22,5,5,10,12,0.5,0.7000000000000001
602,17,ORD-UNION,0,3,5,143,14,22,5,5,10,12,0.5,0.7000000000000001
603,17,CARD,15,9,30,143,46,22,5,5,10,12,0.5,0.7000000000000001
604,17,CLF_UNION,23,1,41,143,55,22,5,5,10,12,0.5,0.7000000000000001
605,17,ORD-UNION,3,2,6,143,20,22,5,5,10,12,0.5,0.7000000000000001
606,17,CARD,9,2,24,143,48,22,5,5,10,12,0.5,0.7000000000000001
607,17,CLF_UNION,12,0,37,143,55,22,5,5,10,12,0.5,0.7000000000000001
608,17,ORD-UNION,0,0,0,143,18,22,5,5,10,12,0.5,0.7000000000000001
609,17,CARD,20,10,33,143,48,22,5,5,10,12,0.5,0.7000000000000001
610,17,CLF_UNION,22,10,46,143,55,22,5,5,10,12,0.5,0.7000000000000001
611,17,ORD-UNION,0,0,0,143,9,22,5,5,10,12,0.5,0.7000000000000001
612,17,CARD,17,5,24,143,45,22,5,5,10,12,0.5,0.7000000000000001
613,17,CLF_UNION,21,2,35,143,55,22,5,5,10,12,0.5,0.7000000000000001
614,17,ORD-UNION,0,0,0,143,21,22,5,5,10,12,0.5,0.7000000000000001
615,18,CARD,13,12,30,157,46,22,5,5,10,12,0.5,0.7000000000000001
616,18,CLF_UNION,20,5,41,157,55,22,5,5,10,12,0.5,0.7000000000000001
617,18,ORD-UNION,0,0,0,157,14,22,5,5,10,12,0.5,0.7000000000000001
618,18,CARD,22,3,29,157,46,22,5,5,10,12,0.5,0.7000000000000001
619,18,CLF_UNION,20,7,41,157,55,22,5,5,10,12,0.5,0.7000000000000001
620,18,ORD-UNION,0,0,0,157,15,22,5,5,10,12,0.5,0.7000000000000001
621,18,CARD,15,0,17,157,46,22,5,5,10,12,0.5,0.7000000000000001
622,18,CLF_UNION,9,6,28,157,55,22,5,5,10,12,0.5,0.7000000000000001
623,18,ORD-UNION,0,0,0,157,27,22,5,5,10,12,0.5,0.7000000000000001
624,18,CARD,20,2,24,157,46,22,5,5,10,12,0.5,0.7000000000000001
625,18,CLF_UNION,17,6,36,157,55,22,5,5,10,12,0.5,0.7000000000000001
626,18,ORD-UNION,4,1,7,157,27,22,5,5,10,12,0.5,0.7000000000000001
627,18,CARD,14,9,29,157,47,22,5,5,10,12,0.5,0.7000000000000001
628,18,CLF_UNION,19,5,41,157,55,22,5,5,10,12,0.5,0.7000000000000001
629,18,ORD-UNION,3,1,6,157,20,22,5,5,10,12,0.5,0.7000000000000001
630,19,CARD,11,5,22,171,55,22,5,5,10,12,0.5,0.7000000000000001
631,19,CLF_UNION,5,12,44,171,56,22,5,5,10,12,0.5,0.7000000000000001
632,19,ORD-UNION,1,2,4,171,17,22,5,5,10,12,0.5,0.7000000000000001
633,19,CARD,10,6,17,171,51,22,5,5,10,12,0.5,0.7000000000000001
634,19,CLF_UNION,12,4,33,171,55,22,5,5,10,12,0.5,0.7000000000000001
635,19,ORD-UNION,2,1,3,171,25,22,5,5,10,12,0.5,0.7000000000000001
636,19,CARD,21,6,30,171,45,22,5,5,10,12,0.5,0.7000000000000001
637,19,CLF_UNION,26,2,41,171,56,22,5,5,10,12,0.5,0.7000000000000001
638,19,ORD-UNION,6,4,11,171,26,22,5,5,10,12,0.5,0.7000000000000001
639,19,CARD,6,9,18,171,46,22,5,5,10,12,0.5,0.7000000000000001
640,19,CLF_UNION,10,6,30,171,55,22,5,5,10,12,0.5,0.7000000000000001
641,19,ORD-UNION,2,1,4,171,30,22,5,5,10,12,0.5,0.7000000000000001
642,19,CARD,19,8,30,171,46,22,5,5,10,12,0.5,0.7000000000000001
643,19,CLF_UNION,18,9,41,171,55,22,5,5,10,12,0.5,0.7000000000000001
644,19,ORD-UNION,4,3,7,171,21,22,5,5,10,12,0.5,0.7000000000000001
