,budget,model,correct,wrong,total,n_pref_input,n_pref_output,theta_size,theta_additivity,n_items,n_test_subsets,n_tiers,alpha,p
0,1,CARD,13,8,25,1,65,15,5,5,10,18,0.30000000000000004,0.7000000000000001
1,1,CLF_UNION,35,10,64,1,64,15,5,5,10,18,0.30000000000000004,0.7000000000000001
2,1,ORD-UNION,0,0,0,1,0,15,5,5,10,18,0.30000000000000004,0.7000000000000001
3,1,CARD,17,8,25,1,65,15,5,5,10,18,0.30000000000000004,0.7000000000000001
4,1,CLF_UNION,39,12,62,1,62,15,5,5,10,18,0.30000000000000004,0.7000000000000001
5,1,ORD-UNION,0,0,0,1,0,15,5,5,10,18,0.30000000000000004,0.7000000000000001
6,1,CARD,13,6,21,1,69,15,5,5,10,18,0.30000000000000004,0.7000000000000001
7,1,CLF_UNION,40,20,77,1,77,15,5,5,10,18,0.30000000000000004,0.7000000000000001
8,1,ORD-UNION,0,0,0,1,0,15,5,5,10,18,0.30000000000000004,0.7000000000000001
9,1,CARD,14,4,21,1,69,15,5,5,10,18,0.30000000000000004,0.7000000000000001
10,1,CLF_UNION,39,10,65,1,65,15,5,5,10,18,0.30000000000000004,0.7000000000000001
11,1,ORD-UNION,0,0,0,1,0,15,5,5,10,18,0.30000000000000004,0.7000000000000001
12,1,CARD,21,2,25,1,65,15,5,5,10,18,0.30000000000000004,0.7000000000000001
13,1,CLF_UNION,40,10,66,1,66,15,5,5,10,18,0.30000000000000004,0.7000000000000001
14,1,ORD-UNION,0,0,0,1,0,15,5,5,10,18,0.30000000000000004,0.7000000000000001
15,2,CARD,23,8,36,3,54,15,5,5,10,18,0.30000000000000004,0.7000000000000001
16,2,CLF_UNION,36,7,60,3,60,15,5,5,10,18,0.30000000000000004,0.7000000000000001
17,2,ORD-UNION,1,0,1,3,1,15,5,5,10,18,0.30000000000000004,0.7000000000000001
18,2,CARD,25,7,37,3,53,15,5,5,10,18,0.30000000000000004,0.7000000000000001
19,2,CLF_UNION,31,11,59,3,59,15,5,5,10,18,0.30000000000000004,0.7000000000000001
20,2,ORD-UNION,1,0,1,3,1,15,5,5,10,18,0.30000000000000004,0.7000000000000001
21,2,CARD,20,14,35,3,55,15,5,5,10,18,0.30000000000000004,0.7000000000000001
22,2,CLF_UNION,37,9,59,3,59,15,5,5,10,18,0.30000000000000004,0.7000000000000001
23,2,ORD-UNION,0,0,0,3,0,15,5,5,10,18,0.30000000000000004,0.7000000000000001
24,2,CARD,25,6,34,3,55,15,5,5,10,18,0.30000000000000004,0.7000000000000001
25,2,CLF_UNION,36,8,58,3,59,15,5,5,10,18,0.30000000000000004,0.7000000000000001
26,2,ORD-UNION,0,0,0,3,1,15,5,5,10,18,0.30000000000000004,0.7000000000000001
27,2,CARD,20,9,37,3,53,15,5,5,10,18,0.30000000000000004,0.7000000000000001
28,2,CLF_UNION,31,9,60,3,60,15,5,5,10,18,0.30000000000000004,0.7000000000000001
29,2,ORD-UNION,2,0,2,3,2,15,5,5,10,18,0.30000000000000004,0.7000000000000001
30,3,CARD,28,6,38,6,51,15,5,5,10,18,0.30000000000000004,0.7000000000000001
31,3,CLF_UNION,38,6,61,6,62,15,5,5,10,18,0.30000000000000004,0.7000000000000001
32,3,ORD-UNION,1,0,1,6,2,15,5,5,10,18,0.30000000000000004,0.7000000000000001
33,3,CARD,30,6,39,6,51,15,5,5,10,18,0.30000000000000004,0.7000000000000001
34,3,CLF_UNION,39,5,59,6,59,15,5,5,10,18,0.30000000000000004,0.7000000000000001
35,3,ORD-UNION,0,0,0,6,0,15,5,5,10,18,0.30000000000000004,0.7000000000000001
36,3,CARD,28,9,40,6,50,15,5,5,10,18,0.30000000000000004,0.7000000000000001
37,3,CLF_UNION,34,16,64,6,64,15,5,5,10,18,0.30000000000000004,0.7000000000000001
38,3,ORD-UNION,3,0,3,6,3,15,5,5,10,18,0.30000000000000004,0.7000000000000001
39,3,CARD,24,10,37,6,53,15,5,5,10,18,0.30000000000000004,0.7000000000000001
40,3,CLF_UNION,33,13,62,6,62,15,5,5,10,18,0.30000000000000004,0.7000000000000001
41,3,ORD-UNION,3,0,3,6,3,15,5,5,10,18,0.30000000000000004,0.7000000000000001
42,3,CARD,23,12,37,6,53,15,5,5,10,18,0.30000000000000004,0.7000000000000001
43,3,CLF_UNION,36,12,60,6,60,15,5,5,10,18,0.30000000000000004,0.7000000000000001
44,3,ORD-UNION,0,0,0,6,0,15,5,5,10,18,0.30000000000000004,0.7000000000000001
45,4,CARD,25,9,40,10,50,15,5,5,10,18,0.30000000000000004,0.7000000000000001
46,4,CLF_UNION,37,5,60,10,60,15,5,5,10,18,0.30000000000000004,0.7000000000000001
47,4,ORD-UNION,1,0,1,10,1,15,5,5,10,18,0.30000000000000004,0.7000000000000001
48,4,CARD,27,11,43,10,47,15,5,5,10,18,0.30000000000000004,0.7000000000000001
49,4,CLF_UNION,35,7,58,10,58,15,5,5,10,18,0.30000000000000004,0.7000000000000001
50,4,ORD-UNION,2,0,2,10,2,15,5,5,10,18,0.30000000000000004,0.7000000000000001
51,4,CARD,21,19,42,10,48,15,5,5,10,18,0.30000000000000004,0.7000000000000001
52,4,CLF_UNION,37,16,65,10,65,15,5,5,10,18,0.30000000000000004,0.7000000000000001
53,4,ORD-UNION,0,0,0,10,0,15,5,5,10,18,0.30000000000000004,0.7000000000000001
54,4,CARD,29,7,40,10,49,15,5,5,10,18,0.30000000000000004,0.7000000000000001
55,4,CLF_UNION,35,10,60,10,61,15,5,5,10,18,0.30000000000000004,0.7000000000000001
56,4,ORD-UNION,1,0,1,10,2,15,5,5,10,18,0.30000000000000004,0.7000000000000001
57,4,CARD,30,7,41,10,48,15,5,5,10,18,0.30000000000000004,0.7000000000000001
58,4,CLF_UNION,36,5,56,10,57,15,5,5,10,18,0.30000000000000004,0.7000000000000001
59,4,ORD-UNION,1,0,1,10,2,15,5,5,10,18,0.30000000000000004,0.7000000000000001
60,5,CARD,27,12,42,15,47,15,5,5,10,18,0.30000000000000004,0.7000000000000001
61,5,CLF_UNION,33,8,54,15,55,15,5,5,10,18,0.30000000000000004,0.7000000000000001
62,5,ORD-UNION,2,0,2,15,3,15,5,5,10,18,0.30000000000000004,0.7000000000000001
63,5,CARD,21,14,42,15,47,15,5,5,10,18,0.30000000000000004,0.7000000000000001
64,5,CLF_UNION,27,10,54,15,55,15,5,5,10,18,0.30000000000000004,0.7000000000000001
65,5,ORD-UNION,1,0,1,15,2,15,5,5,10,18,0.30000000000000004,0.7000000000000001
66,5,CARD,13,21,41,15,48,15,5,5,10,18,0.30000000000000004,0.7000000000000001
67,5,CLF_UNION,32,5,54,15,55,15,5,5,10,18,0.30000000000000004,0.7000000000000001
68,5,ORD-UNION,2,0,2,15,3,15,5,5,10,18,0.30000000000000004,0.7000000000000001
69,5,CARD,34,7,44,15,46,15,5,5,10,18,0.30000000000000004,0.7000000000000001
70,5,CLF_UNION,40,3,56,15,56,15,5,5,10,18,0.30000000000000004,0.7000000000000001
71,5,ORD-UNION,3,0,3,15,3,15,5,5,10,18,0.30000000000000004,0.7000000000000001
72,5,CARD,20,9,38,15,46,15,5,5,10,18,0.30000000000000004,0.7000000000000001
73,5,CLF_UNION,27,3,50,15,56,15,5,5,10,18,0.30000000000000004,0.7000000000000001
74,5,ORD-UNION,0,0,0,15,6,15,5,5,10,18,0.30000000000000004,0.7000000000000001
75,6,CARD,35,5,42,20,47,15,5,5,10,18,0.30000000000000004,0.7000000000000001
76,6,CLF_UNION,41,1,54,20,55,15,5,5,10,18,0.30000000000000004,0.7000000000000001
77,6,ORD-UNION,4,0,4,20,5,15,5,5,10,18,0.30000000000000004,0.7000000000000001
78,6,CARD,28,4,39,20,48,15,5,5,10,18,0.30000000000000004,0.7000000000000001
79,6,CLF_UNION,33,2,52,20,55,15,5,5,10,18,0.30000000000000004,0.7000000000000001
80,6,ORD-UNION,3,0,3,20,6,15,5,5,10,18,0.30000000000000004,0.7000000000000001
81,6,CARD,35,2,43,20,46,15,5,5,10,18,0.30000000000000004,0.7000000000000001
82,6,CLF_UNION,36,1,54,20,55,15,5,5,10,18,0.30000000000000004,0.7000000000000001
83,6,ORD-UNION,3,0,3,20,4,15,5,5,10,18,0.30000000000000004,0.7000000000000001
84,6,CARD,34,5,42,20,48,15,5,5,10,18,0.30000000000000004,0.7000000000000001
85,6,CLF_UNION,39,3,55,20,55,15,5,5,10,18,0.30000000000000004,0.7000000000000001
86,6,ORD-UNION,0,0,0,20,0,15,5,5,10,18,0.30000000000000004,0.7000000000000001
87,6,CARD,32,3,39,20,45,15,5,5,10,18,0.30000000000000004,0.7000000000000001
88,6,CLF_UNION,34,1,49,20,55,15,5,5,10,18,0.30000000000000004,0.7000000000000001
89,6,ORD-UNION,2,0,2,20,8,15,5,5,10,18,0.30000000000000004,0.7000000000000001
90,7,CARD,35,2,41,27,46,15,5,5,10,18,0.30000000000000004,0.7000000000000001
91,7,CLF_UNION,32,8,54,27,57,15,5,5,10,18,0.30000000000000004,0.7000000000000001
92,7,ORD-UNION,5,0,5,27,8,15,5,5,10,18,0.30000000000000004,0.7000000000000001
93,7,CARD,35,7,43,27,46,15,5,5,10,18,0.30000000000000004,0.7000000000000001
94,7,CLF_UNION,41,3,55,27,56,15,5,5,10,18,0.30000000000000004,0.7000000000000001
95,7,ORD-UNION,2,0,2,27,3,15,5,5,10,18,0.30000000000000004,0.7000000000000001
96,7,CARD,39,3,44,27,45,15,5,5,10,18,0.30000000000000004,0.7000000000000001
97,7,CLF_UNION,38,4,54,27,55,15,5,5,10,18,0.30000000000000004,0.7000000000000001
98,7,ORD-UNION,3,0,3,27,4,15,5,5,10,18,0.30000000000000004,0.7000000000000001
99,7,CARD,37,2,41,27,48,15,5,5,10,18,0.30000000000000004,0.7000000000000001
100,7,CLF_UNION,39,3,54,27,55,15,5,5,10,18,0.30000000000000004,0.7000000000000001
101,7,ORD-UNION,3,0,3,27,4,15,5,5,10,18,0.30000000000000004,0.7000000000000001
102,7,CARD,28,3,43,27,46,15,5,5,10,18,0.30000000000000004,0.7000000000000001
103,7,CLF_UNION,32,0,54,27,55,15,5,5,10,18,0.30000000000000004,0.7000000000000001
104,7,ORD-UNION,2,0,2,27,3,15,5,5,10,18,0.30000000000000004,0.7000000000000001
105,8,CARD,32,6,40,35,47,15,5,5,10,18,0.30000000000000004,0.7000000000000001
106,8,CLF_UNION,39,1,52,35,55,15,5,5,10,18,0.30000000000000004,0.7000000000000001
107,8,ORD-UNION,7,0,7,35,10,15,5,5,10,18,0.30000000000000004,0.7000000000000001
108,8,CARD,36,5,45,35,45,15,5,5,10,18,0.30000000000000004,0.7000000000000001
109,8,CLF_UNION,38,3,55,35,55,15,5,5,10,18,0.30000000000000004,0.7000000000000001
110,8,ORD-UNION,1,0,1,35,1,15,5,5,10,18,0.30000000000000004,0.7000000000000001
111,8,CARD,25,0,32,35,48,15,5,5,10,18,0.30000000000000004,0.7000000000000001
112,8,CLF_UNION,28,0,45,35,55,15,5,5,10,18,0.30000000000000004,0.7000000000000001
113,8,ORD-UNION,2,0,2,35,12,15,5,5,10,18,0.30000000000000004,0.7000000000000001
114,8,CARD,32,5,42,35,47,15,5,5,10,18,0.30000000000000004,0.7000000000000001
115,8,CLF_UNION,38,1,54,35,55,15,5,5,10,18,0.30000000000000004,0.7000000000000001
116,8,ORD-UNION,2,0,2,35,3,15,5,5,10,18,0.30000000000000004,0.7000000000000001
117,8,CARD,35,2,44,35,45,15,5,5,10,18,0.30000000000000004,0.7000000000000001
118,8,CLF_UNION,36,1,54,35,55,15,5,5,10,18,0.30000000000000004,0.7000000000000001
119,8,ORD-UNION,3,0,3,35,4,15,5,5,10,18,0.30000000000000004,0.7000000000000001
120,9,CARD,32,2,39,43,46,15,5,5,10,18,0.30000000000000004,0.7000000000000001
121,9,CLF_UNION,34,2,53,43,58,15,5,5,10,18,0.30000000000000004,0.7000000000000001
122,9,ORD-UNION,7,0,7,43,12,15,5,5,10,18,0.30000000000000004,0.7000000000000001
123,9,CARD,36,3,41,43,46,15,5,5,10,18,0.30000000000000004,0.7000000000000001
124,9,CLF_UNION,39,2,53,43,56,15,5,5,10,18,0.30000000000000004,0.7000000000000001
125,9,ORD-UNION,2,0,2,43,5,15,5,5,10,18,0.30000000000000004,0.7000000000000001
126,9,CARD,38,1,44,43,45,15,5,5,10,18,0.30000000000000004,0.7000000000000001
127,9,CLF_UNION,37,2,56,43,57,15,5,5,10,18,0.30000000000000004,0.7000000000000001
128,9,ORD-UNION,6,0,6,43,7,15,5,5,10,18,0.30000000000000004,0.7000000000000001
129,9,CARD,36,6,45,43,45,15,5,5,10,18,0.30000000000000004,0.7000000000000001
130,9,CLF_UNION,41,1,55,43,55,15,5,5,10,18,0.30000000000000004,0.7000000000000001
131,9,ORD-UNION,6,0,6,43,6,15,5,5,10,18,0.30000000000000004,0.7000000000000001
132,9,CARD,27,1,32,43,48,15,5,5,10,18,0.30000000000000004,0.7000000000000001
133,9,CLF_UNION,29,3,47,43,57,15,5,5,10,18,0.30000000000000004,0.7000000000000001
134,9,ORD-UNION,0,0,0,43,10,15,5,5,10,18,0.30000000000000004,0.7000000000000001
135,10,CARD,33,1,42,51,48,15,5,5,10,18,0.30000000000000004,0.7000000000000001
136,10,CLF_UNION,34,0,56,51,56,15,5,5,10,18,0.30000000000000004,0.7000000000000001
137,10,ORD-UNION,5,0,5,51,5,15,5,5,10,18,0.30000000000000004,0.7000000000000001
138,10,CARD,37,0,39,51,46,15,5,5,10,18,0.30000000000000004,0.7000000000000001
139,10,CLF_UNION,34,3,51,51,56,15,5,5,10,18,0.30000000000000004,0.7000000000000001
140,10,ORD-UNION,5,0,5,51,10,15,5,5,10,18,0.30000000000000004,0.7000000000000001
141,10,CARD,39,0,41,51,46,15,5,5,10,18,0.30000000000000004,0.7000000000000001
142,10,CLF_UNION,37,4,53,51,56,15,5,5,10,18,0.30000000000000004,0.7000000000000001
143,10,ORD-UNION,3,0,3,51,6,15,5,5,10,18,0.30000000000000004,0.7000000000000001
144,10,CARD,32,3,41,51,46,15,5,5,10,18,0.30000000000000004,0.7000000000000001
145,10,CLF_UNION,36,0,52,51,55,15,5,5,10,18,0.30000000000000004,0.7000000000000001
146,10,ORD-UNION,8,0,8,51,11,15,5,5,10,18,0.30000000000000004,0.7000000000000001
147,10,CARD,37,1,41,51,46,15,5,5,10,18,0.30000000000000004,0.7000000000000001
148,10,CLF_UNION,37,2,52,51,55,15,5,5,10,18,0.30000000000000004,0.7000000000000001
149,10,ORD-UNION,7,0,7,51,10,15,5,5,10,18,0.30000000000000004,0.7000000000000001
150,11,CARD,38,2,43,62,46,15,5,5,10,18,0.30000000000000004,0.7000000000000001
151,11,CLF_UNION,40,0,54,62,55,15,5,5,10,18,0.30000000000000004,0.7000000000000001
152,11,ORD-UNION,9,0,9,62,10,15,5,5,10,18,0.30000000000000004,0.7000000000000001
153,11,CARD,38,0,40,62,47,15,5,5,10,18,0.30000000000000004,0.7000000000000001
154,11,CLF_UNION,39,2,53,62,56,15,5,5,10,18,0.30000000000000004,0.7000000000000001
155,11,ORD-UNION,1,0,1,62,4,15,5,5,10,18,0.30000000000000004,0.7000000000000001
156,11,CARD,24,6,35,62,45,15,5,5,10,18,0.30000000000000004,0.7000000000000001
157,11,CLF_UNION,28,3,46,62,56,15,5,5,10,18,0.30000000000000004,0.7000000000000001
158,11,ORD-UNION,8,0,8,62,18,15,5,5,10,18,0.30000000000000004,0.7000000000000001
159,11,CARD,33,2,37,62,47,15,5,5,10,18,0.30000000000000004,0.7000000000000001
160,11,CLF_UNION,33,6,51,62,57,15,5,5,10,18,0.30000000000000004,0.7000000000000001
161,11,ORD-UNION,17,0,17,62,23,15,5,5,10,18,0.30000000000000004,0.7000000000000001
162,11,CARD,33,4,41,62,46,15,5,5,10,18,0.30000000000000004,0.7000000000000001
163,11,CLF_UNION,37,2,53,62,56,15,5,5,10,18,0.30000000000000004,0.7000000000000001
164,11,ORD-UNION,7,0,7,62,10,15,5,5,10,18,0.30000000000000004,0.7000000000000001
165,12,CARD,38,1,43,73,46,15,5,5,10,18,0.30000000000000004,0.7000000000000001
166,12,CLF_UNION,40,0,54,73,55,15,5,5,10,18,0.30000000000000004,0.7000000000000001
167,12,ORD-UNION,8,0,8,73,9,15,5,5,10,18,0.30000000000000004,0.7000000000000001
168,12,CARD,25,0,35,73,46,15,5,5,10,18,0.30000000000000004,0.7000000000000001
169,12,CLF_UNION,25,0,47,73,56,15,5,5,10,18,0.30000000000000004,0.7000000000000001
170,12,ORD-UNION,18,0,19,73,28,15,5,5,10,18,0.30000000000000004,0.7000000000000001
171,12,CARD,31,6,41,73,46,15,5,5,10,18,0.30000000000000004,0.7000000000000001
172,12,CLF_UNION,35,3,52,73,55,15,5,5,10,18,0.30000000000000004,0.7000000000000001
173,12,ORD-UNION,6,0,6,73,9,15,5,5,10,18,0.30000000000000004,0.7000000000000001
174,12,CARD,24,2,29,73,47,15,5,5,10,18,0.30000000000000004,0.7000000000000001
175,12,CLF_UNION,26,1,41,73,55,15,5,5,10,18,0.30000000000000004,0.7000000000000001
176,12,ORD-UNION,8,0,8,73,22,15,5,5,10,18,0.30000000000000004,0.7000000000000001
177,12,CARD,33,0,39,73,46,15,5,5,10,18,0.30000000000000004,0.7000000000000001
178,12,CLF_UNION,32,1,51,73,56,15,5,5,10,18,0.30000000000000004,0.7000000000000001
179,12,ORD-UNION,12,0,13,73,18,15,5,5,10,18,0.30000000000000004,0.7000000000000001
180,13,CARD,32,6,41,84,46,15,5,5,10,18,0.30000000000000004,0.7000000000000001
181,13,CLF_UNION,38,1,52,84,55,15,5,5,10,18,0.30000000000000004,0.7000000000000001
182,13,ORD-UNION,11,0,11,84,14,15,5,5,10,18,0.30000000000000004,0.7000000000000001
183,13,CARD,20,0,24,84,48,15,5,5,10,18,0.30000000000000004,0.7000000000000001
184,13,CLF_UNION,20,0,38,84,56,15,5,5,10,18,0.30000000000000004,0.7000000000000001
185,13,ORD-UNION,2,0,2,84,20,15,5,5,10,18,0.30000000000000004,0.7000000000000001
186,13,CARD,28,1,30,84,46,15,5,5,10,18,0.30000000000000004,0.7000000000000001
187,13,CLF_UNION,29,0,42,84,56,15,5,5,10,18,0.30000000000000004,0.7000000000000001
188,13,ORD-UNION,9,0,10,84,24,15,5,5,10,18,0.30000000000000004,0.7000000000000001
189,13,CARD,35,3,38,84,46,15,5,5,10,18,0.30000000000000004,0.7000000000000001
190,13,CLF_UNION,38,1,49,84,55,15,5,5,10,18,0.30000000000000004,0.7000000000000001
191,13,ORD-UNION,7,0,7,84,13,15,5,5,10,18,0.30000000000000004,0.7000000000000001
192,13,CARD,34,4,38,84,46,15,5,5,10,18,0.30000000000000004,0.7000000000000001
193,13,CLF_UNION,37,1,49,84,55,15,5,5,10,18,0.30000000000000004,0.7000000000000001
194,13,ORD-UNION,9,0,9,84,15,15,5,5,10,18,0.30000000000000004,0.7000000000000001
195,14,CARD,32,4,39,95,47,15,5,5,10,18,0.30000000000000004,0.7000000000000001
196,14,CLF_UNION,36,0,52,95,56,15,5,5,10,18,0.30000000000000004,0.7000000000000001
197,14,ORD-UNION,10,0,11,95,15,15,5,5,10,18,0.30000000000000004,0.7000000000000001
198,14,CARD,26,1,30,95,45,15,5,5,10,18,0.30000000000000004,0.7000000000000001
199,14,CLF_UNION,27,1,42,95,57,15,5,5,10,18,0.30000000000000004,0.7000000000000001
200,14,ORD-UNION,13,0,13,95,28,15,5,5,10,18,0.30000000000000004,0.7000000000000001
201,14,CARD,23,4,30,95,48,15,5,5,10,18,0.30000000000000004,0.7000000000000001
202,14,CLF_UNION,27,0,45,95,57,15,5,5,10,18,0.30000000000000004,0.7000000000000001
203,14,ORD-UNION,12,0,13,95,25,15,5,5,10,18,0.30000000000000004,0.7000000000000001
204,14,CARD,23,3,30,95,46,15,5,5,10,18,0.30000000000000004,0.7000000000000001
205,14,CLF_UNION,26,1,42,95,56,15,5,5,10,18,0.30000000000000004,0.7000000000000001
206,14,ORD-UNION,12,0,13,95,27,15,5,5,10,18,0.30000000000000004,0.7000000000000001
207,14,CARD,26,3,31,95,45,15,5,5,10,18,0.30000000000000004,0.7000000000000001
208,14,CLF_UNION,28,1,42,95,56,15,5,5,10,18,0.30000000000000004,0.7000000000000001
209,14,ORD-UNION,8,0,8,95,22,15,5,5,10,18,0.30000000000000004,0.7000000000000001
210,15,CARD,14,1,16,106,49,15,5,5,10,18,0.30000000000000004,0.7000000000000001
211,15,CLF_UNION,16,2,34,106,59,15,5,5,10,18,0.30000000000000004,0.7000000000000001
212,15,ORD-UNION,12,0,12,106,37,15,5,5,10,18,0.30000000000000004,0.7000000000000001
213,15,CARD,33,1,35,106,46,15,5,5,10,18,0.30000000000000004,0.7000000000000001
214,15,CLF_UNION,34,1,47,106,56,15,5,5,10,18,0.30000000000000004,0.7000000000000001
215,15,ORD-UNION,17,0,17,106,26,15,5,5,10,18,0.30000000000000004,0.7000000000000001
216,15,CARD,18,0,25,106,47,15,5,5,10,18,0.30000000000000004,0.7000000000000001
217,15,CLF_UNION,18,0,37,106,55,15,5,5,10,18,0.30000000000000004,0.7000000000000001
218,15,ORD-UNION,16,0,17,106,35,15,5,5,10,18,0.30000000000000004,0.7000000000000001
219,15,CARD,18,4,25,106,46,15,5,5,10,18,0.30000000000000004,0.7000000000000001
220,15,CLF_UNION,21,1,39,106,58,15,5,5,10,18,0.30000000000000004,0.7000000000000001
221,15,ORD-UNION,14,0,14,106,33,15,5,5,10,18,0.30000000000000004,0.7000000000000001
222,15,CARD,15,0,16,106,47,15,5,5,10,18,0.30000000000000004,0.7000000000000001
223,15,CLF_UNION,16,0,28,106,55,15,5,5,10,18,0.30000000000000004,0.7000000000000001
224,15,ORD-UNION,6,0,6,106,33,15,5,5,10,18,0.30000000000000004,0.7000000000000001
225,16,CARD,12,0,17,122,48,15,5,5,10,18,0.30000000000000004,0.7000000000000001
226,16,CLF_UNION,13,0,32,122,57,15,5,5,10,18,0.30000000000000004,0.7000000000000001
227,16,ORD-UNION,9,0,9,122,34,15,5,5,10,18,0.30000000000000004,0.7000000000000001
228,16,CARD,32,3,36,122,45,15,5,5,10,18,0.30000000000000004,0.7000000000000001
229,16,CLF_UNION,35,1,47,122,56,15,5,5,10,18,0.30000000000000004,0.7000000000000001
230,16,ORD-UNION,15,0,15,122,24,15,5,5,10,18,0.30000000000000004,0.7000000000000001
231,16,CARD,27,0,30,122,47,15,5,5,10,18,0.30000000000000004,0.7000000000000001
232,16,CLF_UNION,28,0,42,122,55,15,5,5,10,18,0.30000000000000004,0.7000000000000001
233,16,ORD-UNION,13,0,13,122,26,15,5,5,10,18,0.30000000000000004,0.7000000000000001
234,16,CARD,29,3,34,122,47,15,5,5,10,18,0.30000000000000004,0.7000000000000001
235,16,CLF_UNION,33,2,49,122,58,15,5,5,10,18,0.30000000000000004,0.7000000000000001
236,16,ORD-UNION,17,0,18,122,27,15,5,5,10,18,0.30000000000000004,0.7000000000000001
237,16,CARD,25,1,30,122,47,15,5,5,10,18,0.30000000000000004,0.7000000000000001
238,16,CLF_UNION,26,1,47,122,60,15,5,5,10,18,0.30000000000000004,0.7000000000000001
239,16,ORD-UNION,17,0,17,122,30,15,5,5,10,18,0.30000000000000004,0.7000000000000001
240,17,CARD,34,1,38,138,46,15,5,5,10,18,0.30000000000000004,0.7000000000000001
241,17,CLF_UNION,36,0,49,138,55,15,5,5,10,18,0.30000000000000004,0.7000000000000001
242,17,ORD-UNION,19,0,19,138,25,15,5,5,10,18,0.30000000000000004,0.7000000000000001
243,17,CARD,25,3,34,138,47,15,5,5,10,18,0.30000000000000004,0.7000000000000001
244,17,CLF_UNION,29,0,47,138,56,15,5,5,10,18,0.30000000000000004,0.7000000000000001
245,17,ORD-UNION,12,0,13,138,22,15,5,5,10,18,0.30000000000000004,0.7000000000000001
246,17,CARD,33,0,36,138,49,15,5,5,10,18,0.30000000000000004,0.7000000000000001
247,17,CLF_UNION,36,0,51,138,56,15,5,5,10,18,0.30000000000000004,0.7000000000000001
248,17,ORD-UNION,17,0,17,138,22,15,5,5,10,18,0.30000000000000004,0.7000000000000001
249,17,CARD,23,1,24,138,48,15,5,5,10,18,0.30000000000000004,0.7000000000000001
250,17,CLF_UNION,24,0,40,138,58,15,5,5,10,18,0.30000000000000004,0.7000000000000001
251,17,ORD-UNION,10,0,10,138,28,15,5,5,10,18,0.30000000000000004,0.7000000000000001
252,17,CARD,29,3,37,138,46,15,5,5,10,18,0.30000000000000004,0.7000000000000001
253,17,CLF_UNION,32,0,49,138,56,15,5,5,10,18,0.30000000000000004,0.7000000000000001
254,17,ORD-UNION,17,0,17,138,24,15,5,5,10,18,0.30000000000000004,0.7000000000000001
255,18,CARD,16,1,20,153,45,15,5,5,10,18,0.30000000000000004,0.7000000000000001
256,18,CLF_UNION,17,0,30,153,55,15,5,5,10,18,0.30000000000000004,0.7000000000000001
257,18,ORD-UNION,6,0,6,153,31,15,5,5,10,18,0.30000000000000004,0.7000000000000001
258,18,CARD,20,4,25,153,46,15,5,5,10,18,0.30000000000000004,0.7000000000000001
259,18,CLF_UNION,24,1,37,153,56,15,5,5,10,18,0.30000000000000004,0.7000000000000001
260,18,ORD-UNION,14,0,14,153,33,15,5,5,10,18,0.30000000000000004,0.7000000000000001
261,18,CARD,21,1,24,153,46,15,5,5,10,18,0.30000000000000004,0.7000000000000001
262,18,CLF_UNION,23,1,37,153,57,15,5,5,10,18,0.30000000000000004,0.7000000000000001
263,18,ORD-UNION,11,0,11,153,31,15,5,5,10,18,0.30000000000000004,0.7000000000000001
264,18,CARD,28,5,35,153,45,15,5,5,10,18,0.30000000000000004,0.7000000000000001
265,18,CLF_UNION,33,2,48,153,57,15,5,5,10,18,0.30000000000000004,0.7000000000000001
266,18,ORD-UNION,12,0,12,153,22,15,5,5,10,18,0.30000000000000004,0.7000000000000001
267,18,CARD,25,2,29,153,47,15,5,5,10,18,0.30000000000000004,0.7000000000000001
268,18,CLF_UNION,29,1,42,153,56,15,5,5,10,18,0.30000000000000004,0.7000000000000001
269,18,ORD-UNION,17,0,17,153,31,15,5,5,10,18,0.30000000000000004,0.7000000000000001
270,19,CARD,19,3,24,172,45,15,5,5,10,18,0.30000000000000004,0.7000000000000001
271,19,CLF_UNION,22,2,37,172,58,15,5,5,10,18,0.30000000000000004,0.7000000000000001
272,19,ORD-UNION,15,0,15,172,36,15,5,5,10,18,0.30000000000000004,0.7000000000000001
273,19,CARD,24,0,27,172,49,15,5,5,10,18,0.30000000000000004,0.7000000000000001
274,19,CLF_UNION,25,1,42,172,56,15,5,5,10,18,0.30000000000000004,0.7000000000000001
275,19,ORD-UNION,22,0,22,172,36,15,5,5,10,18,0.30000000000000004,0.7000000000000001
276,19,CARD,17,0,26,172,47,15,5,5,10,18,0.30000000000000004,0.7000000000000001
277,19,CLF_UNION,17,0,41,172,58,15,5,5,10,18,0.30000000000000004,0.7000000000000001
278,19,ORD-UNION,8,0,10,172,27,15,5,5,10,18,0.30000000000000004,0.7000000000000001
279,19,CARD,9,0,13,172,48,15,5,5,10,18,0.30000000000000004,0.7000000000000001
280,19,CLF_UNION,9,0,28,172,57,15,5,5,10,18,0.30000000000000004,0.7000000000000001
281,19,ORD-UNION,6,0,7,172,36,15,5,5,10,18,0.30000000000000004,0.7000000000000001
282,19,CARD,28,4,36,172,47,15,5,5,10,18,0.30000000000000004,0.7000000000000001
283,19,CLF_UNION,32,0,48,172,55,15,5,5,10,18,0.30000000000000004,0.7000000000000001
284,19,ORD-UNION,10,0,10,172,17,15,5,5,10,18,0.30000000000000004,0.7000000000000001
285,20,CARD,14,1,17,190,47,15,5,5,10,18,0.30000000000000004,0.7000000000000001
286,20,CLF_UNION,15,0,29,190,55,15,5,5,10,18,0.30000000000000004,0.7000000000000001
287,20,ORD-UNION,12,0,12,190,38,15,5,5,10,18,0.30000000000000004,0.7000000000000001
288,20,CARD,9,0,9,190,48,15,5,5,10,18,0.30000000000000004,0.7000000000000001
289,20,CLF_UNION,9,1,24,190,57,15,5,5,10,18,0.30000000000000004,0.7000000000000001
290,20,ORD-UNION,8,0,8,190,41,15,5,5,10,18,0.30000000000000004,0.7000000000000001
291,20,CARD,18,3,23,190,50,15,5,5,10,18,0.30000000000000004,0.7000000000000001
292,20,CLF_UNION,21,0,39,190,56,15,5,5,10,18,0.30000000000000004,0.7000000000000001
293,20,ORD-UNION,18,0,20,190,37,15,5,5,10,18,0.30000000000000004,0.7000000000000001
294,20,CARD,28,0,30,190,46,15,5,5,10,18,0.30000000000000004,0.7000000000000001
295,20,CLF_UNION,28,1,42,190,56,15,5,5,10,18,0.30000000000000004,0.7000000000000001
296,20,ORD-UNION,14,0,14,190,28,15,5,5,10,18,0.30000000000000004,0.7000000000000001
297,20,CARD,27,0,30,190,46,15,5,5,10,18,0.30000000000000004,0.7000000000000001
298,20,CLF_UNION,27,0,41,190,55,15,5,5,10,18,0.30000000000000004,0.7000000000000001
299,20,ORD-UNION,14,0,14,190,28,15,5,5,10,18,0.30000000000000004,0.7000000000000001
300,21,CARD,20,2,23,207,46,15,5,5,10,18,0.30000000000000004,0.7000000000000001
301,21,CLF_UNION,22,0,34,207,55,15,5,5,10,18,0.30000000000000004,0.7000000000000001
302,21,ORD-UNION,19,0,19,207,40,15,5,5,10,18,0.30000000000000004,0.7000000000000001
303,21,CARD,13,2,16,207,46,15,5,5,10,18,0.30000000000000004,0.7000000000000001
304,21,CLF_UNION,15,0,27,207,55,15,5,5,10,18,0.30000000000000004,0.7000000000000001
305,21,ORD-UNION,13,0,13,207,41,15,5,5,10,18,0.30000000000000004,0.7000000000000001
306,21,CARD,20,1,27,207,46,15,5,5,10,18,0.30000000000000004,0.7000000000000001
307,21,CLF_UNION,21,0,39,207,56,15,5,5,10,18,0.30000000000000004,0.7000000000000001
308,21,ORD-UNION,8,0,10,207,27,15,5,5,10,18,0.30000000000000004,0.7000000000000001
309,21,CARD,21,1,26,207,49,15,5,5,10,18,0.30000000000000004,0.7000000000000001
310,21,CLF_UNION,23,0,40,207,55,15,5,5,10,18,0.30000000000000004,0.7000000000000001
311,21,ORD-UNION,18,0,19,207,34,15,5,5,10,18,0.30000000000000004,0.7000000000000001
312,21,CARD,21,0,27,207,46,15,5,5,10,18,0.30000000000000004,0.7000000000000001
313,21,CLF_UNION,21,0,38,207,55,15,5,5,10,18,0.30000000000000004,0.7000000000000001
314,21,ORD-UNION,9,0,10,207,27,15,5,5,10,18,0.30000000000000004,0.7000000000000001
315,22,CARD,22,2,26,228,46,15,5,5,10,18,0.30000000000000004,0.7000000000000001
316,22,CLF_UNION,23,1,38,228,56,15,5,5,10,18,0.30000000000000004,0.7000000000000001
317,22,ORD-UNION,20,0,21,228,39,15,5,5,10,18,0.30000000000000004,0.7000000000000001
318,22,CARD,9,0,10,228,45,15,5,5,10,18,0.30000000000000004,0.7000000000000001
319,22,CLF_UNION,9,1,21,228,56,15,5,5,10,18,0.30000000000000004,0.7000000000000001
320,22,ORD-UNION,7,0,7,228,42,15,5,5,10,18,0.30000000000000004,0.7000000000000001
321,22,CARD,15,0,19,228,47,15,5,5,10,18,0.30000000000000004,0.7000000000000001
322,22,CLF_UNION,15,1,33,228,57,15,5,5,10,18,0.30000000000000004,0.7000000000000001
323,22,ORD-UNION,13,0,14,228,38,15,5,5,10,18,0.30000000000000004,0.7000000000000001
324,22,CARD,27,2,30,228,46,15,5,5,10,18,0.30000000000000004,0.7000000000000001
325,22,CLF_UNION,29,1,42,228,56,15,5,5,10,18,0.30000000000000004,0.7000000000000001
326,22,ORD-UNION,24,0,24,228,38,15,5,5,10,18,0.30000000000000004,0.7000000000000001
327,22,CARD,23,3,31,228,48,15,5,5,10,18,0.30000000000000004,0.7000000000000001
328,22,CLF_UNION,25,3,47,228,58,15,5,5,10,18,0.30000000000000004,0.7000000000000001
329,22,ORD-UNION,12,0,12,228,23,15,5,5,10,18,0.30000000000000004,0.7000000000000001
330,23,CARD,8,0,9,246,49,15,5,5,10,18,0.30000000000000004,0.7000000000000001
331,23,CLF_UNION,8,0,24,246,56,15,5,5,10,18,0.30000000000000004,0.7000000000000001
332,23,ORD-UNION,7,0,7,246,39,15,5,5,10,18,0.30000000000000004,0.7000000000000001
333,23,CARD,25,4,30,246,47,15,5,5,10,18,0.30000000000000004,0.7000000000000001
334,23,CLF_UNION,28,1,42,246,55,15,5,5,10,18,0.30000000000000004,0.7000000000000001
335,23,ORD-UNION,24,0,24,246,37,15,5,5,10,18,0.30000000000000004,0.7000000000000001
336,23,CARD,7,2,15,246,46,15,5,5,10,18,0.30000000000000004,0.7000000000000001
337,23,CLF_UNION,7,3,30,246,59,15,5,5,10,18,0.30000000000000004,0.7000000000000001
338,23,ORD-UNION,7,0,9,246,38,15,5,5,10,18,0.30000000000000004,0.7000000000000001
339,23,CARD,21,1,24,246,47,15,5,5,10,18,0.30000000000000004,0.7000000000000001
340,23,CLF_UNION,22,0,36,246,55,15,5,5,10,18,0.30000000000000004,0.7000000000000001
341,23,ORD-UNION,12,0,12,246,31,15,5,5,10,18,0.30000000000000004,0.7000000000000001
342,23,CARD,19,4,23,246,47,15,5,5,10,18,0.30000000000000004,0.7000000000000001
343,23,CLF_UNION,23,1,35,246,55,15,5,5,10,18,0.30000000000000004,0.7000000000000001
344,23,ORD-UNION,7,0,7,246,27,15,5,5,10,18,0.30000000000000004,0.7000000000000001
345,24,CARD,15,0,17,270,49,15,5,5,10,18,0.30000000000000004,0.7000000000000001
346,24,CLF_UNION,15,0,32,270,56,15,5,5,10,18,0.30000000000000004,0.7000000000000001
347,24,ORD-UNION,11,0,12,270,36,15,5,5,10,18,0.30000000000000004,0.7000000000000001
348,24,CARD,15,0,17,270,48,15,5,5,10,18,0.30000000000000004,0.7000000000000001
349,24,CLF_UNION,15,0,31,270,56,15,5,5,10,18,0.30000000000000004,0.7000000000000001
350,24,ORD-UNION,6,0,7,270,32,15,5,5,10,18,0.30000000000000004,0.7000000000000001
351,24,CARD,17,0,20,270,46,15,5,5,10,18,0.30000000000000004,0.7000000000000001
352,24,CLF_UNION,17,0,32,270,56,15,5,5,10,18,0.30000000000000004,0.7000000000000001
353,24,ORD-UNION,7,0,8,270,32,15,5,5,10,18,0.30000000000000004,0.7000000000000001
354,24,CARD,16,0,17,270,47,15,5,5,10,18,0.30000000000000004,0.7000000000000001
355,24,CLF_UNION,16,0,30,270,56,15,5,5,10,18,0.30000000000000004,0.7000000000000001
356,24,ORD-UNION,6,0,6,270,32,15,5,5,10,18,0.30000000000000004,0.7000000000000001
357,24,CARD,21,0,21,270,49,15,5,5,10,18,0.30000000000000004,0.7000000000000001
358,24,CLF_UNION,24,1,36,270,56,15,5,5,10,18,0.30000000000000004,0.7000000000000001
359,24,ORD-UNION,11,0,11,270,31,15,5,5,10,18,0.30000000000000004,0.7000000000000001
360,1,CARD,21,4,25,1,65,15,5,5,10,18,0.30000000000000004,0.7000000000000001
361,1,CLF_UNION,37,24,72,1,72,15,5,5,10,18,0.30000000000000004,0.7000000000000001
362,1,ORD-UNION,0,0,0,1,0,15,5,5,10,18,0.30000000000000004,0.7000000000000001
363,1,CARD,21,2,25,1,65,15,5,5,10,18,0.30000000000000004,0.7000000000000001
364,1,CLF_UNION,36,20,72,1,72,15,5,5,10,18,0.30000000000000004,0.7000000000000001
365,1,ORD-UNION,0,0,0,1,0,15,5,5,10,18,0.30000000000000004,0.7000000000000001
366,1,CARD,19,6,25,1,65,15,5,5,10,18,0.30000000000000004,0.7000000000000001
367,1,CLF_UNION,34,33,77,1,77,15,5,5,10,18,0.30000000000000004,0.7000000000000001
368,1,ORD-UNION,0,0,0,1,0,15,5,5,10,18,0.30000000000000004,0.7000000000000001
369,1,CARD,22,2,25,1,65,15,5,5,10,18,0.30000000000000004,0.7000000000000001
370,1,CLF_UNION,38,19,68,1,68,15,5,5,10,18,0.30000000000000004,0.7000000000000001
371,1,ORD-UNION,0,0,0,1,0,15,5,5,10,18,0.30000000000000004,0.7000000000000001
372,1,CARD,15,9,25,1,65,15,5,5,10,18,0.30000000000000004,0.7000000000000001
373,1,CLF_UNION,32,24,68,1,68,15,5,5,10,18,0.30000000000000004,0.7000000000000001
374,1,ORD-UNION,1,0,1,1,1,15,5,5,10,18,0.30000000000000004,0.7000000000000001
375,2,CARD,18,12,35,3,55,15,5,5,10,18,0.30000000000000004,0.7000000000000001
376,2,CLF_UNION,29,12,57,3,57,15,5,5,10,18,0.30000000000000004,0.7000000000000001
377,2,ORD-UNION,0,0,0,3,0,15,5,5,10,18,0.30000000000000004,0.7000000000000001
378,2,CARD,22,14,37,3,53,15,5,5,10,18,0.30000000000000004,0.7000000000000001
379,2,CLF_UNION,31,14,57,3,57,15,5,5,10,18,0.30000000000000004,0.7000000000000001
380,2,ORD-UNION,0,0,0,3,0,15,5,5,10,18,0.30000000000000004,0.7000000000000001
381,2,CARD,19,17,37,3,53,15,5,5,10,18,0.30000000000000004,0.7000000000000001
382,2,CLF_UNION,37,14,62,3,62,15,5,5,10,18,0.30000000000000004,0.7000000000000001
383,2,ORD-UNION,0,0,0,3,0,15,5,5,10,18,0.30000000000000004,0.7000000000000001
384,2,CARD,26,8,36,3,54,15,5,5,10,18,0.30000000000000004,0.7000000000000001
385,2,CLF_UNION,37,7,56,3,56,15,5,5,10,18,0.30000000000000004,0.7000000000000001
386,2,ORD-UNION,0,0,0,3,0,15,5,5,10,18,0.30000000000000004,0.7000000000000001
387,2,CARD,24,12,37,3,53,15,5,5,10,18,0.30000000000000004,0.7000000000000001
388,2,CLF_UNION,35,13,59,3,59,15,5,5,10,18,0.30000000000000004,0.7000000000000001
389,2,ORD-UNION,0,0,0,3,0,15,5,5,10,18,0.30000000000000004,0.7000000000000001
390,3,CARD,22,12,37,6,53,15,5,5,10,18,0.30000000000000004,0.7000000000000001
391,3,CLF_UNION,32,11,56,6,56,15,5,5,10,18,0.30000000000000004,0.7000000000000001
392,3,ORD-UNION,0,0,0,6,0,15,5,5,10,18,0.30000000000000004,0.7000000000000001
393,3,CARD,24,7,32,6,57,15,5,5,10,18,0.30000000000000004,0.7000000000000001
394,3,CLF_UNION,36,9,56,6,57,15,5,5,10,18,0.30000000000000004,0.7000000000000001
395,3,ORD-UNION,0,0,0,6,1,15,5,5,10,18,0.30000000000000004,0.7000000000000001
396,3,CARD,8,24,34,6,55,15,5,5,10,18,0.30000000000000004,0.7000000000000001
397,3,CLF_UNION,25,19,56,6,57,15,5,5,10,18,0.30000000000000004,0.7000000000000001
398,3,ORD-UNION,0,0,0,6,1,15,5,5,10,18,0.30000000000000004,0.7000000000000001
399,3,CARD,17,16,35,6,54,15,5,5,10,18,0.30000000000000004,0.7000000000000001
400,3,CLF_UNION,33,11,56,6,57,15,5,5,10,18,0.30000000000000004,0.7000000000000001
401,3,ORD-UNION,0,0,0,6,1,15,5,5,10,18,0.30000000000000004,0.7000000000000001
402,3,CARD,18,19,37,6,53,15,5,5,10,18,0.30000000000000004,0.7000000000000001
403,3,CLF_UNION,24,19,56,6,56,15,5,5,10,18,0.30000000000000004,0.7000000000000001
404,3,ORD-UNION,0,0,0,6,0,15,5,5,10,18,0.30000000000000004,0.7000000000000001
405,4,CARD,28,12,40,9,50,15,5,5,10,18,0.30000000000000004,0.7000000000000001
406,4,CLF_UNION,34,11,55,9,55,15,5,5,10,18,0.30000000000000004,0.7000000000000001
407,4,ORD-UNION,1,0,1,9,1,15,5,5,10,18,0.30000000000000004,0.7000000000000001
408,4,CARD,24,10,36,9,52,15,5,5,10,18,0.30000000000000004,0.7000000000000001
409,4,CLF_UNION,30,11,54,9,56,15,5,5,10,18,0.30000000000000004,0.7000000000000001
410,4,ORD-UNION,0,0,0,9,2,15,5,5,10,18,0.30000000000000004,0.7000000000000001
411,4,CARD,25,8,37,9,52,15,5,5,10,18,0.30000000000000004,0.7000000000000001
412,4,CLF_UNION,38,4,56,9,57,15,5,5,10,18,0.30000000000000004,0.7000000000000001
413,4,ORD-UNION,1,0,1,9,2,15,5,5,10,18,0.30000000000000004,0.7000000000000001
414,4,CARD,25,12,39,9,51,15,5,5,10,18,0.30000000000000004,0.7000000000000001
415,4,CLF_UNION,32,13,57,9,57,15,5,5,10,18,0.30000000000000004,0.7000000000000001
416,4,ORD-UNION,1,0,1,9,1,15,5,5,10,18,0.30000000000000004,0.7000000000000001
417,4,CARD,23,12,39,9,51,15,5,5,10,18,0.30000000000000004,0.7000000000000001
418,4,CLF_UNION,28,15,57,9,57,15,5,5,10,18,0.30000000000000004,0.7000000000000001
419,4,ORD-UNION,1,0,1,9,1,15,5,5,10,18,0.30000000000000004,0.7000000000000001
420,5,CARD,33,9,43,14,47,15,5,5,10,18,0.30000000000000004,0.7000000000000001
421,5,CLF_UNION,36,9,56,14,56,15,5,5,10,18,0.30000000000000004,0.7000000000000001
422,5,ORD-UNION,1,0,1,14,1,15,5,5,10,18,0.30000000000000004,0.7000000000000001
423,5,CARD,28,9,41,14,48,15,5,5,10,18,0.30000000000000004,0.7000000000000001
424,5,CLF_UNION,31,10,55,14,56,15,5,5,10,18,0.30000000000000004,0.7000000000000001
425,5,ORD-UNION,0,0,0,14,1,15,5,5,10,18,0.30000000000000004,0.7000000000000001
426,5,CARD,25,10,39,14,50,15,5,5,10,18,0.30000000000000004,0.7000000000000001
427,5,CLF_UNION,29,12,55,14,56,15,5,5,10,18,0.30000000000000004,0.7000000000000001
428,5,ORD-UNION,0,0,0,14,1,15,5,5,10,18,0.30000000000000004,0.7000000000000001
429,5,CARD,32,7,40,14,50,15,5,5,10,18,0.30000000000000004,0.7000000000000001
430,5,CLF_UNION,34,10,55,14,55,15,5,5,10,18,0.30000000000000004,0.7000000000000001
431,5,ORD-UNION,0,0,0,14,0,15,5,5,10,18,0.30000000000000004,0.7000000000000001
432,5,CARD,33,8,44,14,46,15,5,5,10,18,0.30000000000000004,0.7000000000000001
433,5,CLF_UNION,35,8,56,14,56,15,5,5,10,18,0.30000000000000004,0.7000000000000001
434,5,ORD-UNION,0,0,0,14,0,15,5,5,10,18,0.30000000000000004,0.7000000000000001
435,6,CARD,36,6,42,20,45,15,5,5,10,18,0.30000000000000004,0.7000000000000001
436,6,CLF_UNION,35,8,53,20,55,15,5,5,10,18,0.30000000000000004,0.7000000000000001
437,6,ORD-UNION,1,0,1,20,4,15,5,5,10,18,0.30000000000000004,0.7000000000000001
438,6,CARD,36,5,42,20,45,15,5,5,10,18,0.30000000000000004,0.7000000000000001
439,6,CLF_UNION,34,7,52,20,55,15,5,5,10,18,0.30000000000000004,0.7000000000000001
440,6,ORD-UNION,0,0,0,20,3,15,5,5,10,18,0.30000000000000004,0.7000000000000001
441,6,CARD,32,9,45,20,45,15,5,5,10,18,0.30000000000000004,0.7000000000000001
442,6,CLF_UNION,34,7,55,20,55,15,5,5,10,18,0.30000000000000004,0.7000000000000001
443,6,ORD-UNION,2,0,2,20,2,15,5,5,10,18,0.30000000000000004,0.7000000000000001
444,6,CARD,27,16,44,20,46,15,5,5,10,18,0.30000000000000004,0.7000000000000001
445,6,CLF_UNION,37,6,55,20,55,15,5,5,10,18,0.30000000000000004,0.7000000000000001
446,6,ORD-UNION,1,0,1,20,1,15,5,5,10,18,0.30000000000000004,0.7000000000000001
447,6,CARD,35,7,44,20,46,15,5,5,10,18,0.30000000000000004,0.7000000000000001
448,6,CLF_UNION,38,5,55,20,55,15,5,5,10,18,0.30000000000000004,0.7000000000000001
449,6,ORD-UNION,0,0,0,20,0,15,5,5,10,18,0.30000000000000004,0.7000000000000001
450,7,CARD,35,2,42,27,47,15,5,5,10,18,0.30000000000000004,0.7000000000000001
451,7,CLF_UNION,34,5,54,27,55,15,5,5,10,18,0.30000000000000004,0.7000000000000001
452,7,ORD-UNION,3,0,4,27,5,15,5,5,10,18,0.30000000000000004,0.7000000000000001
453,7,CARD,30,8,42,27,48,15,5,5,10,18,0.30000000000000004,0.7000000000000001
454,7,CLF_UNION,34,7,55,27,55,15,5,5,10,18,0.30000000000000004,0.7000000000000001
455,7,ORD-UNION,2,0,3,27,3,15,5,5,10,18,0.30000000000000004,0.7000000000000001
456,7,CARD,34,6,42,27,47,15,5,5,10,18,0.30000000000000004,0.7000000000000001
457,7,CLF_UNION,39,3,54,27,55,15,5,5,10,18,0.30000000000000004,0.7000000000000001
458,7,ORD-UNION,1,0,1,27,2,15,5,5,10,18,0.30000000000000004,0.7000000000000001
459,7,CARD,30,6,40,27,47,15,5,5,10,18,0.30000000000000004,0.7000000000000001
460,7,CLF_UNION,30,9,53,27,56,15,5,5,10,18,0.30000000000000004,0.7000000000000001
461,7,ORD-UNION,1,0,1,27,4,15,5,5,10,18,0.30000000000000004,0.7000000000000001
462,7,CARD,32,4,38,27,46,15,5,5,10,18,0.30000000000000004,0.7000000000000001
463,7,CLF_UNION,34,4,50,27,56,15,5,5,10,18,0.30000000000000004,0.7000000000000001
464,7,ORD-UNION,1,0,1,27,7,15,5,5,10,18,0.30000000000000004,0.7000000000000001
465,8,CARD,30,4,39,35,45,15,5,5,10,18,0.30000000000000004,0.7000000000000001
466,8,CLF_UNION,31,3,49,35,55,15,5,5,10,18,0.30000000000000004,0.7000000000000001
467,8,ORD-UNION,5,0,5,35,11,15,5,5,10,18,0.30000000000000004,0.7000000000000001
468,8,CARD,30,7,42,35,45,15,5,5,10,18,0.30000000000000004,0.7000000000000001
469,8,CLF_UNION,35,2,52,35,55,15,5,5,10,18,0.30000000000000004,0.7000000000000001
470,8,ORD-UNION,0,0,0,35,3,15,5,5,10,18,0.30000000000000004,0.7000000000000001
471,8,CARD,29,6,39,35,45,15,5,5,10,18,0.30000000000000004,0.7000000000000001
472,8,CLF_UNION,34,1,49,35,55,15,5,5,10,18,0.30000000000000004,0.7000000000000001
473,8,ORD-UNION,0,0,1,35,7,15,5,5,10,18,0.30000000000000004,0.7000000000000001
474,8,CARD,29,12,42,35,45,15,5,5,10,18,0.30000000000000004,0.7000000000000001
475,8,CLF_UNION,39,2,52,35,55,15,5,5,10,18,0.30000000000000004,0.7000000000000001
476,8,ORD-UNION,0,0,0,35,3,15,5,5,10,18,0.30000000000000004,0.7000000000000001
477,8,CARD,31,6,38,35,46,15,5,5,10,18,0.30000000000000004,0.7000000000000001
478,8,CLF_UNION,35,3,49,35,55,15,5,5,10,18,0.30000000000000004,0.7000000000000001
479,8,ORD-UNION,0,0,0,35,6,15,5,5,10,18,0.30000000000000004,0.7000000000000001
480,9,CARD,32,8,42,44,46,15,5,5,10,18,0.30000000000000004,0.7000000000000001
481,9,CLF_UNION,35,5,53,44,55,15,5,5,10,18,0.30000000000000004,0.7000000000000001
482,9,ORD-UNION,2,0,2,44,4,15,5,5,10,18,0.30000000000000004,0.7000000000000001
483,9,CARD,30,3,34,44,46,15,5,5,10,18,0.30000000000000004,0.7000000000000001
484,9,CLF_UNION,30,4,45,44,55,15,5,5,10,18,0.30000000000000004,0.7000000000000001
485,9,ORD-UNION,4,0,4,44,14,15,5,5,10,18,0.30000000000000004,0.7000000000000001
486,9,CARD,39,4,43,44,46,15,5,5,10,18,0.30000000000000004,0.7000000000000001
487,9,CLF_UNION,38,5,54,44,55,15,5,5,10,18,0.30000000000000004,0.7000000000000001
488,9,ORD-UNION,2,0,2,44,3,15,5,5,10,18,0.30000000000000004,0.7000000000000001
489,9,CARD,31,7,40,44,47,15,5,5,10,18,0.30000000000000004,0.7000000000000001
490,9,CLF_UNION,37,3,52,44,55,15,5,5,10,18,0.30000000000000004,0.7000000000000001
491,9,ORD-UNION,2,0,2,44,5,15,5,5,10,18,0.30000000000000004,0.7000000000000001
492,9,CARD,23,12,37,44,47,15,5,5,10,18,0.30000000000000004,0.7000000000000001
493,9,CLF_UNION,34,3,49,44,55,15,5,5,10,18,0.30000000000000004,0.7000000000000001
494,9,ORD-UNION,1,0,1,44,7,15,5,5,10,18,0.30000000000000004,0.7000000000000001
495,10,CARD,31,4,37,54,48,15,5,5,10,18,0.30000000000000004,0.7000000000000001
496,10,CLF_UNION,35,3,50,54,55,15,5,5,10,18,0.30000000000000004,0.7000000000000001
497,10,ORD-UNION,0,0,0,54,5,15,5,5,10,18,0.30000000000000004,0.7000000000000001
498,10,CARD,25,7,36,54,48,15,5,5,10,18,0.30000000000000004,0.7000000000000001
499,10,CLF_UNION,28,7,49,54,55,15,5,5,10,18,0.30000000000000004,0.7000000000000001
500,10,ORD-UNION,1,0,1,54,7,15,5,5,10,18,0.30000000000000004,0.7000000000000001
501,10,CARD,32,1,34,54,46,15,5,5,10,18,0.30000000000000004,0.7000000000000001
502,10,CLF_UNION,31,4,46,54,56,15,5,5,10,18,0.30000000000000004,0.7000000000000001
503,10,ORD-UNION,0,0,0,54,10,15,5,5,10,18,0.30000000000000004,0.7000000000000001
504,10,CARD,30,9,40,54,47,15,5,5,10,18,0.30000000000000004,0.7000000000000001
505,10,CLF_UNION,33,8,52,54,55,15,5,5,10,18,0.30000000000000004,0.7000000000000001
506,10,ORD-UNION,0,0,0,54,3,15,5,5,10,18,0.30000000000000004,0.7000000000000001
507,10,CARD,38,4,43,54,47,15,5,5,10,18,0.30000000000000004,0.7000000000000001
508,10,CLF_UNION,41,3,55,54,55,15,5,5,10,18,0.30000000000000004,0.7000000000000001
509,10,ORD-UNION,1,0,1,54,1,15,5,5,10,18,0.30000000000000004,0.7000000000000001
510,11,CARD,34,4,39,64,45,15,5,5,10,18,0.30000000000000004,0.7000000000000001
511,11,CLF_UNION,35,3,49,64,55,15,5,5,10,18,0.30000000000000004,0.7000000000000001
512,11,ORD-UNION,6,0,6,64,12,15,5,5,10,18,0.30000000000000004,0.7000000000000001
513,11,CARD,25,14,41,64,46,15,5,5,10,18,0.30000000000000004,0.7000000000000001
514,11,CLF_UNION,34,6,52,64,55,15,5,5,10,18,0.30000000000000004,0.7000000000000001
515,11,ORD-UNION,1,1,2,64,5,15,5,5,10,18,0.30000000000000004,0.7000000000000001
516,11,CARD,29,8,38,64,46,15,5,5,10,18,0.30000000000000004,0.7000000000000001
517,11,CLF_UNION,31,7,49,64,55,15,5,5,10,18,0.30000000000000004,0.7000000000000001
518,11,ORD-UNION,7,2,9,64,15,15,5,5,10,18,0.30000000000000004,0.7000000000000001
519,11,CARD,39,3,43,64,45,15,5,5,10,18,0.30000000000000004,0.7000000000000001
520,11,CLF_UNION,40,2,53,64,55,15,5,5,10,18,0.30000000000000004,0.7000000000000001
521,11,ORD-UNION,8,0,8,64,10,15,5,5,10,18,0.30000000000000004,0.7000000000000001
522,11,CARD,29,5,35,64,45,15,5,5,10,18,0.30000000000000004,0.7000000000000001
523,11,CLF_UNION,30,5,46,64,56,15,5,5,10,18,0.30000000000000004,0.7000000000000001
524,11,ORD-UNION,4,1,5,64,15,15,5,5,10,18,0.30000000000000004,0.7000000000000001
