,budget,model,correct,wrong,total,n_pref_input,n_pref_output,theta_size,theta_additivity,n_items,n_test_subsets,n_tiers,alpha,p
0,1,CARD,13,10,25,1,65,15,5,5,10,15,0.30000000000000004,0.7000000000000001
1,1,CLF_UNION,37,15,64,1,64,15,5,5,10,15,0.30000000000000004,0.7000000000000001
2,1,ORD-UNION,0,0,0,1,0,15,5,5,10,15,0.30000000000000004,0.7000000000000001
3,1,CARD,15,6,25,1,65,15,5,5,10,15,0.30000000000000004,0.7000000000000001
4,1,CLF_UNION,35,10,62,1,62,15,5,5,10,15,0.30000000000000004,0.7000000000000001
5,1,ORD-UNION,0,0,0,1,0,15,5,5,10,15,0.30000000000000004,0.7000000000000001
6,1,CARD,13,8,21,1,69,15,5,5,10,15,0.30000000000000004,0.7000000000000001
7,1,CLF_UNION,44,23,77,1,77,15,5,5,10,15,0.30000000000000004,0.7000000000000001
8,1,ORD-UNION,0,0,0,1,0,15,5,5,10,15,0.30000000000000004,0.7000000000000001
9,1,CARD,10,9,21,1,69,15,5,5,10,15,0.30000000000000004,0.7000000000000001
10,1,CLF_UNION,37,12,65,1,65,15,5,5,10,15,0.30000000000000004,0.7000000000000001
11,1,ORD-UNION,0,0,0,1,0,15,5,5,10,15,0.30000000000000004,0.7000000000000001
12,1,CARD,21,4,25,1,65,15,5,5,10,15,0.30000000000000004,0.7000000000000001
13,1,CLF_UNION,39,14,66,1,66,15,5,5,10,15,0.30000000000000004,0.7000000000000001
14,1,ORD-UNION,0,0,0,1,0,15,5,5,10,15,0.30000000000000004,0.7000000000000001
15,2,CARD,25,8,36,3,54,15,5,5,10,15,0.30000000000000004,0.7000000000000001
16,2,CLF_UNION,35,10,60,3,60,15,5,5,10,15,0.30000000000000004,0.7000000000000001
17,2,ORD-UNION,1,0,1,3,1,15,5,5,10,15,0.30000000000000004,0.7000000000000001
18,2,CARD,25,11,37,3,53,15,5,5,10,15,0.30000000000000004,0.7000000000000001
19,2,CLF_UNION,34,14,59,3,59,15,5,5,10,15,0.30000000000000004,0.7000000000000001
20,2,ORD-UNION,0,0,0,3,0,15,5,5,10,15,0.30000000000000004,0.7000000000000001
21,2,CARD,20,11,35,3,55,15,5,5,10,15,0.30000000000000004,0.7000000000000001
22,2,CLF_UNION,35,10,59,3,59,15,5,5,10,15,0.30000000000000004,0.7000000000000001
23,2,ORD-UNION,0,0,0,3,0,15,5,5,10,15,0.30000000000000004,0.7000000000000001
24,2,CARD,27,5,34,3,55,15,5,5,10,15,0.30000000000000004,0.7000000000000001
25,2,CLF_UNION,32,14,58,3,59,15,5,5,10,15,0.30000000000000004,0.7000000000000001
26,2,ORD-UNION,1,0,1,3,2,15,5,5,10,15,0.30000000000000004,0.7000000000000001
27,2,CARD,22,11,37,3,53,15,5,5,10,15,0.30000000000000004,0.7000000000000001
28,2,CLF_UNION,33,12,60,3,60,15,5,5,10,15,0.30000000000000004,0.7000000000000001
29,2,ORD-UNION,1,0,1,3,1,15,5,5,10,15,0.30000000000000004,0.7000000000000001
30,3,CARD,30,6,38,6,51,15,5,5,10,15,0.30000000000000004,0.7000000000000001
31,3,CLF_UNION,38,10,61,6,62,15,5,5,10,15,0.30000000000000004,0.7000000000000001
32,3,ORD-UNION,1,0,1,6,2,15,5,5,10,15,0.30000000000000004,0.7000000000000001
33,3,CARD,33,5,39,6,51,15,5,5,10,15,0.30000000000000004,0.7000000000000001
34,3,CLF_UNION,37,10,59,6,59,15,5,5,10,15,0.30000000000000004,0.7000000000000001
35,3,ORD-UNION,1,0,1,6,1,15,5,5,10,15,0.30000000000000004,0.7000000000000001
36,3,CARD,27,10,40,6,50,15,5,5,10,15,0.30000000000000004,0.7000000000000001
37,3,CLF_UNION,33,18,64,6,64,15,5,5,10,15,0.30000000000000004,0.7000000000000001
38,3,ORD-UNION,2,0,2,6,2,15,5,5,10,15,0.30000000000000004,0.7000000000000001
39,3,CARD,25,10,37,6,53,15,5,5,10,15,0.30000000000000004,0.7000000000000001
40,3,CLF_UNION,34,15,62,6,62,15,5,5,10,15,0.30000000000000004,0.7000000000000001
41,3,ORD-UNION,5,0,5,6,5,15,5,5,10,15,0.30000000000000004,0.7000000000000001
42,3,CARD,21,10,37,6,53,15,5,5,10,15,0.30000000000000004,0.7000000000000001
43,3,CLF_UNION,29,14,60,6,60,15,5,5,10,15,0.30000000000000004,0.7000000000000001
44,3,ORD-UNION,0,0,0,6,0,15,5,5,10,15,0.30000000000000004,0.7000000000000001
45,4,CARD,26,6,38,9,52,15,5,5,10,15,0.30000000000000004,0.7000000000000001
46,4,CLF_UNION,36,8,60,9,60,15,5,5,10,15,0.30000000000000004,0.7000000000000001
47,4,ORD-UNION,1,0,1,9,1,15,5,5,10,15,0.30000000000000004,0.7000000000000001
48,4,CARD,31,7,40,9,50,15,5,5,10,15,0.30000000000000004,0.7000000000000001
49,4,CLF_UNION,38,7,57,9,57,15,5,5,10,15,0.30000000000000004,0.7000000000000001
50,4,ORD-UNION,1,0,1,9,1,15,5,5,10,15,0.30000000000000004,0.7000000000000001
51,4,CARD,22,13,39,9,51,15,5,5,10,15,0.30000000000000004,0.7000000000000001
52,4,CLF_UNION,34,14,62,9,62,15,5,5,10,15,0.30000000000000004,0.7000000000000001
53,4,ORD-UNION,0,0,0,9,0,15,5,5,10,15,0.30000000000000004,0.7000000000000001
54,4,CARD,29,5,37,9,52,15,5,5,10,15,0.30000000000000004,0.7000000000000001
55,4,CLF_UNION,38,6,57,9,58,15,5,5,10,15,0.30000000000000004,0.7000000000000001
56,4,ORD-UNION,1,0,1,9,2,15,5,5,10,15,0.30000000000000004,0.7000000000000001
57,4,CARD,30,8,40,9,49,15,5,5,10,15,0.30000000000000004,0.7000000000000001
58,4,CLF_UNION,35,9,56,9,57,15,5,5,10,15,0.30000000000000004,0.7000000000000001
59,4,ORD-UNION,0,0,0,9,1,15,5,5,10,15,0.30000000000000004,0.7000000000000001
60,5,CARD,30,4,41,14,48,15,5,5,10,15,0.30000000000000004,0.7000000000000001
61,5,CLF_UNION,30,8,55,14,56,15,5,5,10,15,0.30000000000000004,0.7000000000000001
62,5,ORD-UNION,1,0,1,14,2,15,5,5,10,15,0.30000000000000004,0.7000000000000001
63,5,CARD,29,9,41,14,48,15,5,5,10,15,0.30000000000000004,0.7000000000000001
64,5,CLF_UNION,28,13,54,14,55,15,5,5,10,15,0.30000000000000004,0.7000000000000001
65,5,ORD-UNION,1,0,1,14,2,15,5,5,10,15,0.30000000000000004,0.7000000000000001
66,5,CARD,19,17,40,14,49,15,5,5,10,15,0.30000000000000004,0.7000000000000001
67,5,CLF_UNION,27,13,54,14,55,15,5,5,10,15,0.30000000000000004,0.7000000000000001
68,5,ORD-UNION,2,0,2,14,3,15,5,5,10,15,0.30000000000000004,0.7000000000000001
69,5,CARD,34,8,44,14,46,15,5,5,10,15,0.30000000000000004,0.7000000000000001
70,5,CLF_UNION,36,6,55,14,55,15,5,5,10,15,0.30000000000000004,0.7000000000000001
71,5,ORD-UNION,3,0,3,14,3,15,5,5,10,15,0.30000000000000004,0.7000000000000001
72,5,CARD,27,7,38,14,47,15,5,5,10,15,0.30000000000000004,0.7000000000000001
73,5,CLF_UNION,22,14,51,14,56,15,5,5,10,15,0.30000000000000004,0.7000000000000001
74,5,ORD-UNION,1,0,1,14,6,15,5,5,10,15,0.30000000000000004,0.7000000000000001
75,6,CARD,40,0,41,20,48,15,5,5,10,15,0.30000000000000004,0.7000000000000001
76,6,CLF_UNION,40,3,54,20,55,15,5,5,10,15,0.30000000000000004,0.7000000000000001
77,6,ORD-UNION,1,0,1,20,2,15,5,5,10,15,0.30000000000000004,0.7000000000000001
78,6,CARD,32,4,40,20,48,15,5,5,10,15,0.30000000000000004,0.7000000000000001
79,6,CLF_UNION,34,3,55,20,57,15,5,5,10,15,0.30000000000000004,0.7000000000000001
80,6,ORD-UNION,1,0,1,20,3,15,5,5,10,15,0.30000000000000004,0.7000000000000001
81,6,CARD,37,3,42,20,47,15,5,5,10,15,0.30000000000000004,0.7000000000000001
82,6,CLF_UNION,41,1,54,20,55,15,5,5,10,15,0.30000000000000004,0.7000000000000001
83,6,ORD-UNION,0,0,0,20,1,15,5,5,10,15,0.30000000000000004,0.7000000000000001
84,6,CARD,33,6,41,20,49,15,5,5,10,15,0.30000000000000004,0.7000000000000001
85,6,CLF_UNION,40,2,55,20,55,15,5,5,10,15,0.30000000000000004,0.7000000000000001
86,6,ORD-UNION,1,0,1,20,1,15,5,5,10,15,0.30000000000000004,0.7000000000000001
87,6,CARD,34,2,38,20,47,15,5,5,10,15,0.30000000000000004,0.7000000000000001
88,6,CLF_UNION,35,3,52,20,57,15,5,5,10,15,0.30000000000000004,0.7000000000000001
89,6,ORD-UNION,0,0,0,20,5,15,5,5,10,15,0.30000000000000004,0.7000000000000001
90,7,CARD,29,5,37,27,50,15,5,5,10,15,0.30000000000000004,0.7000000000000001
91,7,CLF_UNION,37,3,53,27,56,15,5,5,10,15,0.30000000000000004,0.7000000000000001
92,7,ORD-UNION,4,0,4,27,7,15,5,5,10,15,0.30000000000000004,0.7000000000000001
93,7,CARD,33,6,42,27,47,15,5,5,10,15,0.30000000000000004,0.7000000000000001
94,7,CLF_UNION,38,1,54,27,55,15,5,5,10,15,0.30000000000000004,0.7000000000000001
95,7,ORD-UNION,3,0,3,27,4,15,5,5,10,15,0.30000000000000004,0.7000000000000001
96,7,CARD,34,5,42,27,47,15,5,5,10,15,0.30000000000000004,0.7000000000000001
97,7,CLF_UNION,38,2,54,27,55,15,5,5,10,15,0.30000000000000004,0.7000000000000001
98,7,ORD-UNION,0,0,0,27,1,15,5,5,10,15,0.30000000000000004,0.7000000000000001
99,7,CARD,35,7,43,27,46,15,5,5,10,15,0.30000000000000004,0.7000000000000001
100,7,CLF_UNION,40,4,55,27,56,15,5,5,10,15,0.30000000000000004,0.7000000000000001
101,7,ORD-UNION,4,0,4,27,5,15,5,5,10,15,0.30000000000000004,0.7000000000000001
102,7,CARD,33,2,38,27,51,15,5,5,10,15,0.30000000000000004,0.7000000000000001
103,7,CLF_UNION,36,6,57,27,58,15,5,5,10,15,0.30000000000000004,0.7000000000000001
104,7,ORD-UNION,3,0,3,27,4,15,5,5,10,15,0.30000000000000004,0.7000000000000001
105,8,CARD,33,0,39,34,48,15,5,5,10,15,0.30000000000000004,0.7000000000000001
106,8,CLF_UNION,31,5,52,34,55,15,5,5,10,15,0.30000000000000004,0.7000000000000001
107,8,ORD-UNION,3,0,4,34,7,15,5,5,10,15,0.30000000000000004,0.7000000000000001
108,8,CARD,32,6,43,34,47,15,5,5,10,15,0.30000000000000004,0.7000000000000001
109,8,CLF_UNION,37,4,56,34,56,15,5,5,10,15,0.30000000000000004,0.7000000000000001
110,8,ORD-UNION,2,0,2,34,2,15,5,5,10,15,0.30000000000000004,0.7000000000000001
111,8,CARD,30,2,33,34,48,15,5,5,10,15,0.30000000000000004,0.7000000000000001
112,8,CLF_UNION,30,4,47,34,56,15,5,5,10,15,0.30000000000000004,0.7000000000000001
113,8,ORD-UNION,4,0,4,34,13,15,5,5,10,15,0.30000000000000004,0.7000000000000001
114,8,CARD,35,5,42,34,47,15,5,5,10,15,0.30000000000000004,0.7000000000000001
115,8,CLF_UNION,36,6,54,34,55,15,5,5,10,15,0.30000000000000004,0.7000000000000001
116,8,ORD-UNION,4,0,4,34,5,15,5,5,10,15,0.30000000000000004,0.7000000000000001
117,8,CARD,34,1,42,34,47,15,5,5,10,15,0.30000000000000004,0.7000000000000001
118,8,CLF_UNION,34,4,55,34,56,15,5,5,10,15,0.30000000000000004,0.7000000000000001
119,8,ORD-UNION,5,0,5,34,6,15,5,5,10,15,0.30000000000000004,0.7000000000000001
120,9,CARD,33,1,37,43,48,15,5,5,10,15,0.30000000000000004,0.7000000000000001
121,9,CLF_UNION,32,4,50,43,55,15,5,5,10,15,0.30000000000000004,0.7000000000000001
122,9,ORD-UNION,3,0,3,43,8,15,5,5,10,15,0.30000000000000004,0.7000000000000001
123,9,CARD,38,0,40,43,47,15,5,5,10,15,0.30000000000000004,0.7000000000000001
124,9,CLF_UNION,37,3,52,43,55,15,5,5,10,15,0.30000000000000004,0.7000000000000001
125,9,ORD-UNION,6,0,6,43,9,15,5,5,10,15,0.30000000000000004,0.7000000000000001
126,9,CARD,33,2,39,43,50,15,5,5,10,15,0.30000000000000004,0.7000000000000001
127,9,CLF_UNION,36,4,54,43,55,15,5,5,10,15,0.30000000000000004,0.7000000000000001
128,9,ORD-UNION,5,0,5,43,6,15,5,5,10,15,0.30000000000000004,0.7000000000000001
129,9,CARD,40,2,43,43,47,15,5,5,10,15,0.30000000000000004,0.7000000000000001
130,9,CLF_UNION,43,1,55,43,55,15,5,5,10,15,0.30000000000000004,0.7000000000000001
131,9,ORD-UNION,6,0,6,43,6,15,5,5,10,15,0.30000000000000004,0.7000000000000001
132,9,CARD,31,0,33,43,47,15,5,5,10,15,0.30000000000000004,0.7000000000000001
133,9,CLF_UNION,30,3,45,43,55,15,5,5,10,15,0.30000000000000004,0.7000000000000001
134,9,ORD-UNION,1,0,1,43,11,15,5,5,10,15,0.30000000000000004,0.7000000000000001
135,10,CARD,34,0,37,52,50,15,5,5,10,15,0.30000000000000004,0.7000000000000001
136,10,CLF_UNION,37,1,52,52,55,15,5,5,10,15,0.30000000000000004,0.7000000000000001
137,10,ORD-UNION,10,0,10,52,13,15,5,5,10,15,0.30000000000000004,0.7000000000000001
138,10,CARD,32,3,38,52,47,15,5,5,10,15,0.30000000000000004,0.7000000000000001
139,10,CLF_UNION,35,1,50,52,55,15,5,5,10,15,0.30000000000000004,0.7000000000000001
140,10,ORD-UNION,5,0,5,52,10,15,5,5,10,15,0.30000000000000004,0.7000000000000001
141,10,CARD,39,0,40,52,48,15,5,5,10,15,0.30000000000000004,0.7000000000000001
142,10,CLF_UNION,40,0,53,52,55,15,5,5,10,15,0.30000000000000004,0.7000000000000001
143,10,ORD-UNION,5,0,5,52,7,15,5,5,10,15,0.30000000000000004,0.7000000000000001
144,10,CARD,31,2,40,52,47,15,5,5,10,15,0.30000000000000004,0.7000000000000001
145,10,CLF_UNION,34,1,52,52,55,15,5,5,10,15,0.30000000000000004,0.7000000000000001
146,10,ORD-UNION,8,0,9,52,12,15,5,5,10,15,0.30000000000000004,0.7000000000000001
147,10,CARD,36,0,40,52,47,15,5,5,10,15,0.30000000000000004,0.7000000000000001
148,10,CLF_UNION,36,1,52,52,55,15,5,5,10,15,0.30000000000000004,0.7000000000000001
149,10,ORD-UNION,4,0,4,52,7,15,5,5,10,15,0.30000000000000004,0.7000000000000001
150,11,CARD,42,0,42,63,47,15,5,5,10,15,0.30000000000000004,0.7000000000000001
151,11,CLF_UNION,42,1,54,63,55,15,5,5,10,15,0.30000000000000004,0.7000000000000001
152,11,ORD-UNION,7,0,7,63,8,15,5,5,10,15,0.30000000000000004,0.7000000000000001
153,11,CARD,36,0,37,63,50,15,5,5,10,15,0.30000000000000004,0.7000000000000001
154,11,CLF_UNION,37,3,52,63,55,15,5,5,10,15,0.30000000000000004,0.7000000000000001
155,11,ORD-UNION,4,0,4,63,7,15,5,5,10,15,0.30000000000000004,0.7000000000000001
156,11,CARD,28,1,32,63,48,15,5,5,10,15,0.30000000000000004,0.7000000000000001
157,11,CLF_UNION,27,4,45,63,55,15,5,5,10,15,0.30000000000000004,0.7000000000000001
158,11,ORD-UNION,8,0,9,63,19,15,5,5,10,15,0.30000000000000004,0.7000000000000001
159,11,CARD,34,1,37,63,47,15,5,5,10,15,0.30000000000000004,0.7000000000000001
160,11,CLF_UNION,34,2,49,63,55,15,5,5,10,15,0.30000000000000004,0.7000000000000001
161,11,ORD-UNION,8,0,8,63,14,15,5,5,10,15,0.30000000000000004,0.7000000000000001
162,11,CARD,37,0,38,63,49,15,5,5,10,15,0.30000000000000004,0.7000000000000001
163,11,CLF_UNION,38,1,52,63,55,15,5,5,10,15,0.30000000000000004,0.7000000000000001
164,11,ORD-UNION,10,0,10,63,13,15,5,5,10,15,0.30000000000000004,0.7000000000000001
165,12,CARD,37,2,41,75,48,15,5,5,10,15,0.30000000000000004,0.7000000000000001
166,12,CLF_UNION,41,0,54,75,55,15,5,5,10,15,0.30000000000000004,0.7000000000000001
167,12,ORD-UNION,8,0,8,75,9,15,5,5,10,15,0.30000000000000004,0.7000000000000001
168,12,CARD,30,2,35,75,45,15,5,5,10,15,0.30000000000000004,0.7000000000000001
169,12,CLF_UNION,32,0,45,75,55,15,5,5,10,15,0.30000000000000004,0.7000000000000001
170,12,ORD-UNION,22,0,22,75,32,15,5,5,10,15,0.30000000000000004,0.7000000000000001
171,12,CARD,35,4,42,75,45,15,5,5,10,15,0.30000000000000004,0.7000000000000001
172,12,CLF_UNION,38,1,52,75,55,15,5,5,10,15,0.30000000000000004,0.7000000000000001
173,12,ORD-UNION,10,0,10,75,13,15,5,5,10,15,0.30000000000000004,0.7000000000000001
174,12,CARD,28,0,29,75,46,15,5,5,10,15,0.30000000000000004,0.7000000000000001
175,12,CLF_UNION,28,0,40,75,55,15,5,5,10,15,0.30000000000000004,0.7000000000000001
176,12,ORD-UNION,6,0,6,75,21,15,5,5,10,15,0.30000000000000004,0.7000000000000001
177,12,CARD,35,2,39,75,46,15,5,5,10,15,0.30000000000000004,0.7000000000000001
178,12,CLF_UNION,36,1,50,75,55,15,5,5,10,15,0.30000000000000004,0.7000000000000001
179,12,ORD-UNION,6,0,7,75,12,15,5,5,10,15,0.30000000000000004,0.7000000000000001
180,13,CARD,36,1,39,86,48,15,5,5,10,15,0.30000000000000004,0.7000000000000001
181,13,CLF_UNION,39,1,52,86,55,15,5,5,10,15,0.30000000000000004,0.7000000000000001
182,13,ORD-UNION,12,0,13,86,16,15,5,5,10,15,0.30000000000000004,0.7000000000000001
183,13,CARD,19,3,23,86,49,15,5,5,10,15,0.30000000000000004,0.7000000000000001
184,13,CLF_UNION,20,3,38,86,56,15,5,5,10,15,0.30000000000000004,0.7000000000000001
185,13,ORD-UNION,9,0,9,86,27,15,5,5,10,15,0.30000000000000004,0.7000000000000001
186,13,CARD,25,0,27,86,50,15,5,5,10,15,0.30000000000000004,0.7000000000000001
187,13,CLF_UNION,26,2,44,86,57,15,5,5,10,15,0.30000000000000004,0.7000000000000001
188,13,ORD-UNION,3,0,3,86,16,15,5,5,10,15,0.30000000000000004,0.7000000000000001
189,13,CARD,34,2,37,86,47,15,5,5,10,15,0.30000000000000004,0.7000000000000001
190,13,CLF_UNION,37,1,49,86,55,15,5,5,10,15,0.30000000000000004,0.7000000000000001
191,13,ORD-UNION,6,0,6,86,12,15,5,5,10,15,0.30000000000000004,0.7000000000000001
192,13,CARD,34,2,38,86,46,15,5,5,10,15,0.30000000000000004,0.7000000000000001
193,13,CLF_UNION,35,2,49,86,55,15,5,5,10,15,0.30000000000000004,0.7000000000000001
194,13,ORD-UNION,7,0,7,86,13,15,5,5,10,15,0.30000000000000004,0.7000000000000001
195,14,CARD,32,1,36,99,49,15,5,5,10,15,0.30000000000000004,0.7000000000000001
196,14,CLF_UNION,36,1,52,99,57,15,5,5,10,15,0.30000000000000004,0.7000000000000001
197,14,ORD-UNION,9,0,9,99,14,15,5,5,10,15,0.30000000000000004,0.7000000000000001
198,14,CARD,25,1,29,99,46,15,5,5,10,15,0.30000000000000004,0.7000000000000001
199,14,CLF_UNION,26,1,40,99,55,15,5,5,10,15,0.30000000000000004,0.7000000000000001
200,14,ORD-UNION,10,0,10,99,25,15,5,5,10,15,0.30000000000000004,0.7000000000000001
201,14,CARD,24,1,28,99,48,15,5,5,10,15,0.30000000000000004,0.7000000000000001
202,14,CLF_UNION,26,1,42,99,56,15,5,5,10,15,0.30000000000000004,0.7000000000000001
203,14,ORD-UNION,10,0,10,99,24,15,5,5,10,15,0.30000000000000004,0.7000000000000001
204,14,CARD,24,1,29,99,48,15,5,5,10,15,0.30000000000000004,0.7000000000000001
205,14,CLF_UNION,25,2,45,99,58,15,5,5,10,15,0.30000000000000004,0.7000000000000001
206,14,ORD-UNION,5,0,5,99,18,15,5,5,10,15,0.30000000000000004,0.7000000000000001
207,14,CARD,27,0,29,99,48,15,5,5,10,15,0.30000000000000004,0.7000000000000001
208,14,CLF_UNION,27,0,45,99,58,15,5,5,10,15,0.30000000000000004,0.7000000000000001
209,14,ORD-UNION,7,0,7,99,20,15,5,5,10,15,0.30000000000000004,0.7000000000000001
210,15,CARD,16,0,17,113,47,15,5,5,10,15,0.30000000000000004,0.7000000000000001
211,15,CLF_UNION,16,0,31,113,57,15,5,5,10,15,0.30000000000000004,0.7000000000000001
212,15,ORD-UNION,11,0,11,113,37,15,5,5,10,15,0.30000000000000004,0.7000000000000001
213,15,CARD,26,5,34,113,46,15,5,5,10,15,0.30000000000000004,0.7000000000000001
214,15,CLF_UNION,31,2,47,113,57,15,5,5,10,15,0.30000000000000004,0.7000000000000001
215,15,ORD-UNION,8,0,8,113,18,15,5,5,10,15,0.30000000000000004,0.7000000000000001
216,15,CARD,21,1,22,113,50,15,5,5,10,15,0.30000000000000004,0.7000000000000001
217,15,CLF_UNION,24,0,39,113,57,15,5,5,10,15,0.30000000000000004,0.7000000000000001
218,15,ORD-UNION,8,0,8,113,26,15,5,5,10,15,0.30000000000000004,0.7000000000000001
219,15,CARD,20,3,24,113,49,15,5,5,10,15,0.30000000000000004,0.7000000000000001
220,15,CLF_UNION,23,2,43,113,60,15,5,5,10,15,0.30000000000000004,0.7000000000000001
221,15,ORD-UNION,12,0,12,113,29,15,5,5,10,15,0.30000000000000004,0.7000000000000001
222,15,CARD,16,0,17,113,46,15,5,5,10,15,0.30000000000000004,0.7000000000000001
223,15,CLF_UNION,17,0,29,113,56,15,5,5,10,15,0.30000000000000004,0.7000000000000001
224,15,ORD-UNION,7,0,7,113,34,15,5,5,10,15,0.30000000000000004,0.7000000000000001
225,16,CARD,12,3,16,129,47,15,5,5,10,15,0.30000000000000004,0.7000000000000001
226,16,CLF_UNION,16,1,30,129,57,15,5,5,10,15,0.30000000000000004,0.7000000000000001
227,16,ORD-UNION,9,0,9,129,36,15,5,5,10,15,0.30000000000000004,0.7000000000000001
228,16,CARD,26,4,32,129,49,15,5,5,10,15,0.30000000000000004,0.7000000000000001
229,16,CLF_UNION,31,1,48,129,57,15,5,5,10,15,0.30000000000000004,0.7000000000000001
230,16,ORD-UNION,14,0,14,129,23,15,5,5,10,15,0.30000000000000004,0.7000000000000001
231,16,CARD,26,2,30,129,45,15,5,5,10,15,0.30000000000000004,0.7000000000000001
232,16,CLF_UNION,28,0,40,129,55,15,5,5,10,15,0.30000000000000004,0.7000000000000001
233,16,ORD-UNION,10,0,10,129,25,15,5,5,10,15,0.30000000000000004,0.7000000000000001
234,16,CARD,28,3,32,129,49,15,5,5,10,15,0.30000000000000004,0.7000000000000001
235,16,CLF_UNION,34,0,47,129,56,15,5,5,10,15,0.30000000000000004,0.7000000000000001
236,16,ORD-UNION,19,0,19,129,28,15,5,5,10,15,0.30000000000000004,0.7000000000000001
237,16,CARD,22,4,27,129,51,15,5,5,10,15,0.30000000000000004,0.7000000000000001
238,16,CLF_UNION,29,2,48,129,60,15,5,5,10,15,0.30000000000000004,0.7000000000000001
239,16,ORD-UNION,15,0,16,129,28,15,5,5,10,15,0.30000000000000004,0.7000000000000001
240,17,CARD,35,0,37,146,47,15,5,5,10,15,0.30000000000000004,0.7000000000000001
241,17,CLF_UNION,37,0,49,146,55,15,5,5,10,15,0.30000000000000004,0.7000000000000001
242,17,ORD-UNION,16,0,16,146,22,15,5,5,10,15,0.30000000000000004,0.7000000000000001
243,17,CARD,29,1,34,146,46,15,5,5,10,15,0.30000000000000004,0.7000000000000001
244,17,CLF_UNION,30,1,45,146,55,15,5,5,10,15,0.30000000000000004,0.7000000000000001
245,17,ORD-UNION,11,0,12,146,22,15,5,5,10,15,0.30000000000000004,0.7000000000000001
246,17,CARD,32,2,38,146,46,15,5,5,10,15,0.30000000000000004,0.7000000000000001
247,17,CLF_UNION,33,3,50,146,56,15,5,5,10,15,0.30000000000000004,0.7000000000000001
248,17,ORD-UNION,14,0,14,146,20,15,5,5,10,15,0.30000000000000004,0.7000000000000001
249,17,CARD,21,1,24,146,45,15,5,5,10,15,0.30000000000000004,0.7000000000000001
250,17,CLF_UNION,21,2,35,146,56,15,5,5,10,15,0.30000000000000004,0.7000000000000001
251,17,ORD-UNION,6,0,6,146,27,15,5,5,10,15,0.30000000000000004,0.7000000000000001
252,17,CARD,31,0,33,146,47,15,5,5,10,15,0.30000000000000004,0.7000000000000001
253,17,CLF_UNION,32,0,46,146,56,15,5,5,10,15,0.30000000000000004,0.7000000000000001
254,17,ORD-UNION,18,0,18,146,28,15,5,5,10,15,0.30000000000000004,0.7000000000000001
255,18,CARD,15,0,17,163,45,15,5,5,10,15,0.30000000000000004,0.7000000000000001
256,18,CLF_UNION,15,1,28,163,56,15,5,5,10,15,0.30000000000000004,0.7000000000000001
257,18,ORD-UNION,6,0,7,163,35,15,5,5,10,15,0.30000000000000004,0.7000000000000001
258,18,CARD,19,2,24,163,47,15,5,5,10,15,0.30000000000000004,0.7000000000000001
259,18,CLF_UNION,21,0,37,163,56,15,5,5,10,15,0.30000000000000004,0.7000000000000001
260,18,ORD-UNION,8,0,8,163,27,15,5,5,10,15,0.30000000000000004,0.7000000000000001
261,18,CARD,23,0,24,163,45,15,5,5,10,15,0.30000000000000004,0.7000000000000001
262,18,CLF_UNION,23,1,35,163,56,15,5,5,10,15,0.30000000000000004,0.7000000000000001
263,18,ORD-UNION,8,0,9,163,30,15,5,5,10,15,0.30000000000000004,0.7000000000000001
264,18,CARD,26,4,35,163,45,15,5,5,10,15,0.30000000000000004,0.7000000000000001
265,18,CLF_UNION,28,2,45,163,55,15,5,5,10,15,0.30000000000000004,0.7000000000000001
266,18,ORD-UNION,10,0,10,163,20,15,5,5,10,15,0.30000000000000004,0.7000000000000001
267,18,CARD,24,3,30,163,46,15,5,5,10,15,0.30000000000000004,0.7000000000000001
268,18,CLF_UNION,28,0,42,163,56,15,5,5,10,15,0.30000000000000004,0.7000000000000001
269,18,ORD-UNION,8,0,9,163,23,15,5,5,10,15,0.30000000000000004,0.7000000000000001
270,19,CARD,21,1,25,181,45,15,5,5,10,15,0.30000000000000004,0.7000000000000001
271,19,CLF_UNION,21,1,35,181,55,15,5,5,10,15,0.30000000000000004,0.7000000000000001
272,19,ORD-UNION,6,0,7,181,27,15,5,5,10,15,0.30000000000000004,0.7000000000000001
273,19,CARD,26,1,29,181,46,15,5,5,10,15,0.30000000000000004,0.7000000000000001
274,19,CLF_UNION,28,0,40,181,55,15,5,5,10,15,0.30000000000000004,0.7000000000000001
275,19,ORD-UNION,19,0,19,181,34,15,5,5,10,15,0.30000000000000004,0.7000000000000001
276,19,CARD,21,2,24,181,47,15,5,5,10,15,0.30000000000000004,0.7000000000000001
277,19,CLF_UNION,22,1,36,181,55,15,5,5,10,15,0.30000000000000004,0.7000000000000001
278,19,ORD-UNION,8,0,8,181,27,15,5,5,10,15,0.30000000000000004,0.7000000000000001
279,19,CARD,7,2,11,181,46,15,5,5,10,15,0.30000000000000004,0.7000000000000001
280,19,CLF_UNION,9,0,22,181,55,15,5,5,10,15,0.30000000000000004,0.7000000000000001
281,19,ORD-UNION,6,0,6,181,39,15,5,5,10,15,0.30000000000000004,0.7000000000000001
282,19,CARD,29,3,35,181,45,15,5,5,10,15,0.30000000000000004,0.7000000000000001
283,19,CLF_UNION,31,1,45,181,55,15,5,5,10,15,0.30000000000000004,0.7000000000000001
284,19,ORD-UNION,9,0,9,181,19,15,5,5,10,15,0.30000000000000004,0.7000000000000001
285,20,CARD,15,0,18,200,45,15,5,5,10,15,0.30000000000000004,0.7000000000000001
286,20,CLF_UNION,15,0,28,200,55,15,5,5,10,15,0.30000000000000004,0.7000000000000001
287,20,ORD-UNION,12,0,13,200,40,15,5,5,10,15,0.30000000000000004,0.7000000000000001
288,20,CARD,9,0,10,200,46,15,5,5,10,15,0.30000000000000004,0.7000000000000001
289,20,CLF_UNION,9,0,21,200,55,15,5,5,10,15,0.30000000000000004,0.7000000000000001
290,20,ORD-UNION,3,0,3,200,37,15,5,5,10,15,0.30000000000000004,0.7000000000000001
291,20,CARD,22,0,24,200,45,15,5,5,10,15,0.30000000000000004,0.7000000000000001
292,20,CLF_UNION,22,0,34,200,55,15,5,5,10,15,0.30000000000000004,0.7000000000000001
293,20,ORD-UNION,14,0,15,200,36,15,5,5,10,15,0.30000000000000004,0.7000000000000001
294,20,CARD,25,3,30,200,45,15,5,5,10,15,0.30000000000000004,0.7000000000000001
295,20,CLF_UNION,27,3,43,200,58,15,5,5,10,15,0.30000000000000004,0.7000000000000001
296,20,ORD-UNION,7,0,7,200,22,15,5,5,10,15,0.30000000000000004,0.7000000000000001
297,20,CARD,23,6,30,200,45,15,5,5,10,15,0.30000000000000004,0.7000000000000001
298,20,CLF_UNION,28,1,40,200,55,15,5,5,10,15,0.30000000000000004,0.7000000000000001
299,20,ORD-UNION,12,0,12,200,27,15,5,5,10,15,0.30000000000000004,0.7000000000000001
300,21,CARD,24,0,24,219,46,15,5,5,10,15,0.30000000000000004,0.7000000000000001
301,21,CLF_UNION,24,0,35,219,55,15,5,5,10,15,0.30000000000000004,0.7000000000000001
302,21,ORD-UNION,13,0,13,219,33,15,5,5,10,15,0.30000000000000004,0.7000000000000001
303,21,CARD,16,0,18,219,46,15,5,5,10,15,0.30000000000000004,0.7000000000000001
304,21,CLF_UNION,16,0,29,219,55,15,5,5,10,15,0.30000000000000004,0.7000000000000001
305,21,ORD-UNION,8,0,9,219,35,15,5,5,10,15,0.30000000000000004,0.7000000000000001
306,21,CARD,19,2,25,219,46,15,5,5,10,15,0.30000000000000004,0.7000000000000001
307,21,CLF_UNION,20,1,36,219,55,15,5,5,10,15,0.30000000000000004,0.7000000000000001
308,21,ORD-UNION,3,0,4,219,23,15,5,5,10,15,0.30000000000000004,0.7000000000000001
309,21,CARD,20,1,23,219,47,15,5,5,10,15,0.30000000000000004,0.7000000000000001
310,21,CLF_UNION,22,0,35,219,55,15,5,5,10,15,0.30000000000000004,0.7000000000000001
311,21,ORD-UNION,9,0,9,219,29,15,5,5,10,15,0.30000000000000004,0.7000000000000001
312,21,CARD,21,1,25,219,46,15,5,5,10,15,0.30000000000000004,0.7000000000000001
313,21,CLF_UNION,22,0,36,219,55,15,5,5,10,15,0.30000000000000004,0.7000000000000001
314,21,ORD-UNION,7,0,8,219,27,15,5,5,10,15,0.30000000000000004,0.7000000000000001
315,22,CARD,21,1,24,239,46,15,5,5,10,15,0.30000000000000004,0.7000000000000001
316,22,CLF_UNION,22,0,36,239,56,15,5,5,10,15,0.30000000000000004,0.7000000000000001
317,22,ORD-UNION,15,0,16,239,36,15,5,5,10,15,0.30000000000000004,0.7000000000000001
318,22,CARD,8,0,10,239,46,15,5,5,10,15,0.30000000000000004,0.7000000000000001
319,22,CLF_UNION,8,0,22,239,56,15,5,5,10,15,0.30000000000000004,0.7000000000000001
320,22,ORD-UNION,7,0,8,239,42,15,5,5,10,15,0.30000000000000004,0.7000000000000001
321,22,CARD,13,3,19,239,45,15,5,5,10,15,0.30000000000000004,0.7000000000000001
322,22,CLF_UNION,15,1,30,239,56,15,5,5,10,15,0.30000000000000004,0.7000000000000001
323,22,ORD-UNION,8,0,9,239,35,15,5,5,10,15,0.30000000000000004,0.7000000000000001
324,22,CARD,23,3,31,239,45,15,5,5,10,15,0.30000000000000004,0.7000000000000001
325,22,CLF_UNION,26,0,41,239,55,15,5,5,10,15,0.30000000000000004,0.7000000000000001
326,22,ORD-UNION,19,0,19,239,33,15,5,5,10,15,0.30000000000000004,0.7000000000000001
327,22,CARD,24,4,31,239,45,15,5,5,10,15,0.30000000000000004,0.7000000000000001
328,22,CLF_UNION,27,1,42,239,56,15,5,5,10,15,0.30000000000000004,0.7000000000000001
329,22,ORD-UNION,8,0,8,239,22,15,5,5,10,15,0.30000000000000004,0.7000000000000001
330,23,CARD,9,0,11,260,46,15,5,5,10,15,0.30000000000000004,0.7000000000000001
331,23,CLF_UNION,9,0,23,260,56,15,5,5,10,15,0.30000000000000004,0.7000000000000001
332,23,ORD-UNION,9,0,10,260,43,15,5,5,10,15,0.30000000000000004,0.7000000000000001
333,23,CARD,25,3,30,260,45,15,5,5,10,15,0.30000000000000004,0.7000000000000001
334,23,CLF_UNION,28,0,41,260,56,15,5,5,10,15,0.30000000000000004,0.7000000000000001
335,23,ORD-UNION,20,0,20,260,35,15,5,5,10,15,0.30000000000000004,0.7000000000000001
336,23,CARD,8,0,9,260,47,15,5,5,10,15,0.30000000000000004,0.7000000000000001
337,23,CLF_UNION,8,0,23,260,57,15,5,5,10,15,0.30000000000000004,0.7000000000000001
338,23,ORD-UNION,5,0,5,260,39,15,5,5,10,15,0.30000000000000004,0.7000000000000001
339,23,CARD,23,0,24,260,46,15,5,5,10,15,0.30000000000000004,0.7000000000000001
340,23,CLF_UNION,23,0,35,260,55,15,5,5,10,15,0.30000000000000004,0.7000000000000001
341,23,ORD-UNION,12,0,13,260,33,15,5,5,10,15,0.30000000000000004,0.7000000000000001
342,23,CARD,17,3,24,260,45,15,5,5,10,15,0.30000000000000004,0.7000000000000001
343,23,CLF_UNION,19,1,35,260,56,15,5,5,10,15,0.30000000000000004,0.7000000000000001
344,23,ORD-UNION,7,0,7,260,28,15,5,5,10,15,0.30000000000000004,0.7000000000000001
345,24,CARD,13,2,18,281,45,15,5,5,10,15,0.30000000000000004,0.7000000000000001
346,24,CLF_UNION,15,0,28,281,55,15,5,5,10,15,0.30000000000000004,0.7000000000000001
347,24,ORD-UNION,11,0,12,281,39,15,5,5,10,15,0.30000000000000004,0.7000000000000001
348,24,CARD,15,1,19,281,46,15,5,5,10,15,0.30000000000000004,0.7000000000000001
349,24,CLF_UNION,16,0,30,281,55,15,5,5,10,15,0.30000000000000004,0.7000000000000001
350,24,ORD-UNION,6,0,7,281,32,15,5,5,10,15,0.30000000000000004,0.7000000000000001
351,24,CARD,17,0,18,281,45,15,5,5,10,15,0.30000000000000004,0.7000000000000001
352,24,CLF_UNION,17,0,28,281,55,15,5,5,10,15,0.30000000000000004,0.7000000000000001
353,24,ORD-UNION,6,0,7,281,34,15,5,5,10,15,0.30000000000000004,0.7000000000000001
354,24,CARD,13,3,18,281,45,15,5,5,10,15,0.30000000000000004,0.7000000000000001
355,24,CLF_UNION,14,2,28,281,55,15,5,5,10,15,0.30000000000000004,0.7000000000000001
356,24,ORD-UNION,4,0,5,281,32,15,5,5,10,15,0.30000000000000004,0.7000000000000001
357,24,CARD,20,3,24,281,45,15,5,5,10,15,0.30000000000000004,0.7000000000000001
358,24,CLF_UNION,22,1,34,281,55,15,5,5,10,15,0.30000000000000004,0.7000000000000001
359,24,ORD-UNION,11,0,11,281,32,15,5,5,10,15,0.30000000000000004,0.7000000000000001
360,1,CARD,19,4,25,1,65,15,5,5,10,15,0.30000000000000004,0.7000000000000001
361,1,CLF_UNION,31,26,72,1,72,15,5,5,10,15,0.30000000000000004,0.7000000000000001
362,1,ORD-UNION,0,0,0,1,0,15,5,5,10,15,0.30000000000000004,0.7000000000000001
363,1,CARD,21,2,25,1,65,15,5,5,10,15,0.30000000000000004,0.7000000000000001
364,1,CLF_UNION,34,20,72,1,72,15,5,5,10,15,0.30000000000000004,0.7000000000000001
365,1,ORD-UNION,0,0,0,1,0,15,5,5,10,15,0.30000000000000004,0.7000000000000001
366,1,CARD,14,10,25,1,65,15,5,5,10,15,0.30000000000000004,0.7000000000000001
367,1,CLF_UNION,28,34,77,1,77,15,5,5,10,15,0.30000000000000004,0.7000000000000001
368,1,ORD-UNION,0,0,0,1,0,15,5,5,10,15,0.30000000000000004,0.7000000000000001
369,1,CARD,19,5,25,1,65,15,5,5,10,15,0.30000000000000004,0.7000000000000001
370,1,CLF_UNION,30,27,68,1,68,15,5,5,10,15,0.30000000000000004,0.7000000000000001
371,1,ORD-UNION,0,0,1,1,1,15,5,5,10,15,0.30000000000000004,0.7000000000000001
372,1,CARD,13,11,25,1,65,15,5,5,10,15,0.30000000000000004,0.7000000000000001
373,1,CLF_UNION,26,28,68,1,68,15,5,5,10,15,0.30000000000000004,0.7000000000000001
374,1,ORD-UNION,0,0,0,1,0,15,5,5,10,15,0.30000000000000004,0.7000000000000001
375,2,CARD,12,21,35,3,55,15,5,5,10,15,0.30000000000000004,0.7000000000000001
376,2,CLF_UNION,22,21,56,3,56,15,5,5,10,15,0.30000000000000004,0.7000000000000001
377,2,ORD-UNION,0,0,0,3,0,15,5,5,10,15,0.30000000000000004,0.7000000000000001
378,2,CARD,13,21,37,3,53,15,5,5,10,15,0.30000000000000004,0.7000000000000001
379,2,CLF_UNION,24,20,57,3,57,15,5,5,10,15,0.30000000000000004,0.7000000000000001
380,2,ORD-UNION,0,0,0,3,0,15,5,5,10,15,0.30000000000000004,0.7000000000000001
381,2,CARD,15,20,37,3,53,15,5,5,10,15,0.30000000000000004,0.7000000000000001
382,2,CLF_UNION,20,26,59,3,59,15,5,5,10,15,0.30000000000000004,0.7000000000000001
383,2,ORD-UNION,0,0,0,3,0,15,5,5,10,15,0.30000000000000004,0.7000000000000001
384,2,CARD,17,15,36,3,54,15,5,5,10,15,0.30000000000000004,0.7000000000000001
385,2,CLF_UNION,23,18,56,3,56,15,5,5,10,15,0.30000000000000004,0.7000000000000001
386,2,ORD-UNION,0,0,1,3,1,15,5,5,10,15,0.30000000000000004,0.7000000000000001
387,2,CARD,19,15,37,3,53,15,5,5,10,15,0.30000000000000004,0.7000000000000001
388,2,CLF_UNION,30,16,59,3,59,15,5,5,10,15,0.30000000000000004,0.7000000000000001
389,2,ORD-UNION,0,0,0,3,0,15,5,5,10,15,0.30000000000000004,0.7000000000000001
390,3,CARD,16,17,37,5,53,15,5,5,10,15,0.30000000000000004,0.7000000000000001
391,3,CLF_UNION,28,14,56,5,56,15,5,5,10,15,0.30000000000000004,0.7000000000000001
392,3,ORD-UNION,0,0,1,5,1,15,5,5,10,15,0.30000000000000004,0.7000000000000001
393,3,CARD,18,12,33,5,57,15,5,5,10,15,0.30000000000000004,0.7000000000000001
394,3,CLF_UNION,37,7,57,5,57,15,5,5,10,15,0.30000000000000004,0.7000000000000001
395,3,ORD-UNION,0,0,0,5,0,15,5,5,10,15,0.30000000000000004,0.7000000000000001
396,3,CARD,7,23,34,5,55,15,5,5,10,15,0.30000000000000004,0.7000000000000001
397,3,CLF_UNION,19,21,56,5,57,15,5,5,10,15,0.30000000000000004,0.7000000000000001
398,3,ORD-UNION,0,0,0,5,1,15,5,5,10,15,0.30000000000000004,0.7000000000000001
399,3,CARD,11,23,36,5,54,15,5,5,10,15,0.30000000000000004,0.7000000000000001
400,3,CLF_UNION,18,27,57,5,57,15,5,5,10,15,0.30000000000000004,0.7000000000000001
401,3,ORD-UNION,0,0,0,5,0,15,5,5,10,15,0.30000000000000004,0.7000000000000001
402,3,CARD,12,21,37,5,53,15,5,5,10,15,0.30000000000000004,0.7000000000000001
403,3,CLF_UNION,15,25,55,5,55,15,5,5,10,15,0.30000000000000004,0.7000000000000001
404,3,ORD-UNION,0,0,0,5,0,15,5,5,10,15,0.30000000000000004,0.7000000000000001
405,4,CARD,38,4,43,9,47,15,5,5,10,15,0.30000000000000004,0.7000000000000001
406,4,CLF_UNION,41,11,63,9,63,15,5,5,10,15,0.30000000000000004,0.7000000000000001
407,4,ORD-UNION,1,0,1,9,1,15,5,5,10,15,0.30000000000000004,0.7000000000000001
408,4,CARD,26,12,41,9,46,15,5,5,10,15,0.30000000000000004,0.7000000000000001
409,4,CLF_UNION,25,17,57,9,59,15,5,5,10,15,0.30000000000000004,0.7000000000000001
410,4,ORD-UNION,0,0,0,9,3,15,5,5,10,15,0.30000000000000004,0.7000000000000001
411,4,CARD,35,2,40,9,49,15,5,5,10,15,0.30000000000000004,0.7000000000000001
412,4,CLF_UNION,38,10,61,9,62,15,5,5,10,15,0.30000000000000004,0.7000000000000001
413,4,ORD-UNION,1,0,3,9,4,15,5,5,10,15,0.30000000000000004,0.7000000000000001
414,4,CARD,23,18,43,9,47,15,5,5,10,15,0.30000000000000004,0.7000000000000001
415,4,CLF_UNION,24,21,57,9,57,15,5,5,10,15,0.30000000000000004,0.7000000000000001
416,4,ORD-UNION,3,0,3,9,3,15,5,5,10,15,0.30000000000000004,0.7000000000000001
417,4,CARD,37,3,43,9,47,15,5,5,10,15,0.30000000000000004,0.7000000000000001
418,4,CLF_UNION,37,9,60,9,60,15,5,5,10,15,0.30000000000000004,0.7000000000000001
419,4,ORD-UNION,2,0,2,9,2,15,5,5,10,15,0.30000000000000004,0.7000000000000001
420,5,CARD,23,18,44,14,46,15,5,5,10,15,0.30000000000000004,0.7000000000000001
421,5,CLF_UNION,24,18,55,14,55,15,5,5,10,15,0.30000000000000004,0.7000000000000001
422,5,ORD-UNION,2,0,2,14,2,15,5,5,10,15,0.30000000000000004,0.7000000000000001
423,5,CARD,30,4,39,14,50,15,5,5,10,15,0.30000000000000004,0.7000000000000001
424,5,CLF_UNION,33,5,54,14,55,15,5,5,10,15,0.30000000000000004,0.7000000000000001
425,5,ORD-UNION,8,1,11,14,12,15,5,5,10,15,0.30000000000000004,0.7000000000000001
426,5,CARD,28,9,39,14,50,15,5,5,10,15,0.30000000000000004,0.7000000000000001
427,5,CLF_UNION,27,14,54,14,55,15,5,5,10,15,0.30000000000000004,0.7000000000000001
428,5,ORD-UNION,5,0,5,14,6,15,5,5,10,15,0.30000000000000004,0.7000000000000001
429,5,CARD,26,14,41,14,49,15,5,5,10,15,0.30000000000000004,0.7000000000000001
430,5,CLF_UNION,27,17,55,14,55,15,5,5,10,15,0.30000000000000004,0.7000000000000001
431,5,ORD-UNION,2,0,2,14,2,15,5,5,10,15,0.30000000000000004,0.7000000000000001
432,5,CARD,28,12,43,14,47,15,5,5,10,15,0.30000000000000004,0.7000000000000001
433,5,CLF_UNION,31,11,55,14,55,15,5,5,10,15,0.30000000000000004,0.7000000000000001
434,5,ORD-UNION,4,0,4,14,4,15,5,5,10,15,0.30000000000000004,0.7000000000000001
435,6,CARD,30,6,38,19,49,15,5,5,10,15,0.30000000000000004,0.7000000000000001
436,6,CLF_UNION,36,5,53,19,56,15,5,5,10,15,0.30000000000000004,0.7000000000000001
437,6,ORD-UNION,1,2,3,19,6,15,5,5,10,15,0.30000000000000004,0.7000000000000001
438,6,CARD,28,6,37,19,50,15,5,5,10,15,0.30000000000000004,0.7000000000000001
439,6,CLF_UNION,34,5,52,19,55,15,5,5,10,15,0.30000000000000004,0.7000000000000001
440,6,ORD-UNION,3,1,5,19,8,15,5,5,10,15,0.30000000000000004,0.7000000000000001
441,6,CARD,27,10,39,19,51,15,5,5,10,15,0.30000000000000004,0.7000000000000001
442,6,CLF_UNION,36,8,56,19,56,15,5,5,10,15,0.30000000000000004,0.7000000000000001
443,6,ORD-UNION,2,1,3,19,3,15,5,5,10,15,0.30000000000000004,0.7000000000000001
444,6,CARD,19,19,42,19,47,15,5,5,10,15,0.30000000000000004,0.7000000000000001
445,6,CLF_UNION,19,22,55,19,56,15,5,5,10,15,0.30000000000000004,0.7000000000000001
446,6,ORD-UNION,1,0,2,19,3,15,5,5,10,15,0.30000000000000004,0.7000000000000001
447,6,CARD,17,19,38,19,52,15,5,5,10,15,0.30000000000000004,0.7000000000000001
448,6,CLF_UNION,30,13,55,19,55,15,5,5,10,15,0.30000000000000004,0.7000000000000001
449,6,ORD-UNION,3,0,3,19,3,15,5,5,10,15,0.30000000000000004,0.7000000000000001
450,7,CARD,34,7,44,24,45,15,5,5,10,15,0.30000000000000004,0.7000000000000001
451,7,CLF_UNION,34,7,54,24,55,15,5,5,10,15,0.30000000000000004,0.7000000000000001
452,7,ORD-UNION,5,1,6,24,7,15,5,5,10,15,0.30000000000000004,0.7000000000000001
453,7,CARD,25,15,45,24,45,15,5,5,10,15,0.30000000000000004,0.7000000000000001
454,7,CLF_UNION,29,11,55,24,55,15,5,5,10,15,0.30000000000000004,0.7000000000000001
455,7,ORD-UNION,4,0,5,24,5,15,5,5,10,15,0.30000000000000004,0.7000000000000001
456,7,CARD,28,11,42,24,47,15,5,5,10,15,0.30000000000000004,0.7000000000000001
457,7,CLF_UNION,25,16,54,24,55,15,5,5,10,15,0.30000000000000004,0.7000000000000001
458,7,ORD-UNION,1,0,1,24,2,15,5,5,10,15,0.30000000000000004,0.7000000000000001
459,7,CARD,34,5,42,24,45,15,5,5,10,15,0.30000000000000004,0.7000000000000001
460,7,CLF_UNION,36,3,52,24,55,15,5,5,10,15,0.30000000000000004,0.7000000000000001
461,7,ORD-UNION,5,0,5,24,8,15,5,5,10,15,0.30000000000000004,0.7000000000000001
462,7,CARD,23,13,38,24,46,15,5,5,10,15,0.30000000000000004,0.7000000000000001
463,7,CLF_UNION,24,13,49,24,55,15,5,5,10,15,0.30000000000000004,0.7000000000000001
464,7,ORD-UNION,1,0,1,24,7,15,5,5,10,15,0.30000000000000004,0.7000000000000001
465,8,CARD,26,10,39,32,48,15,5,5,10,15,0.30000000000000004,0.7000000000000001
466,8,CLF_UNION,25,11,54,32,57,15,5,5,10,15,0.30000000000000004,0.7000000000000001
467,8,ORD-UNION,9,0,9,32,12,15,5,5,10,15,0.30000000000000004,0.7000000000000001
468,8,CARD,26,13,42,32,46,15,5,5,10,15,0.30000000000000004,0.7000000000000001
469,8,CLF_UNION,27,12,54,32,56,15,5,5,10,15,0.30000000000000004,0.7000000000000001
470,8,ORD-UNION,3,0,4,32,6,15,5,5,10,15,0.30000000000000004,0.7000000000000001
471,8,CARD,29,6,39,32,45,15,5,5,10,15,0.30000000000000004,0.7000000000000001
472,8,CLF_UNION,29,6,49,32,55,15,5,5,10,15,0.30000000000000004,0.7000000000000001
473,8,ORD-UNION,4,0,5,32,11,15,5,5,10,15,0.30000000000000004,0.7000000000000001
474,8,CARD,33,6,41,32,47,15,5,5,10,15,0.30000000000000004,0.7000000000000001
475,8,CLF_UNION,31,9,53,32,55,15,5,5,10,15,0.30000000000000004,0.7000000000000001
476,8,ORD-UNION,2,0,2,32,4,15,5,5,10,15,0.30000000000000004,0.7000000000000001
477,8,CARD,28,8,37,32,47,15,5,5,10,15,0.30000000000000004,0.7000000000000001
478,8,CLF_UNION,30,9,50,32,55,15,5,5,10,15,0.30000000000000004,0.7000000000000001
479,8,ORD-UNION,2,1,3,32,9,15,5,5,10,15,0.30000000000000004,0.7000000000000001
480,9,CARD,28,7,39,40,48,15,5,5,10,15,0.30000000000000004,0.7000000000000001
481,9,CLF_UNION,33,5,52,40,55,15,5,5,10,15,0.30000000000000004,0.7000000000000001
482,9,ORD-UNION,4,0,5,40,8,15,5,5,10,15,0.30000000000000004,0.7000000000000001
483,9,CARD,22,7,33,40,49,15,5,5,10,15,0.30000000000000004,0.7000000000000001
484,9,CLF_UNION,26,5,48,40,56,15,5,5,10,15,0.30000000000000004,0.7000000000000001
485,9,ORD-UNION,3,0,3,40,11,15,5,5,10,15,0.30000000000000004,0.7000000000000001
486,9,CARD,35,4,43,40,46,15,5,5,10,15,0.30000000000000004,0.7000000000000001
487,9,CLF_UNION,35,6,55,40,56,15,5,5,10,15,0.30000000000000004,0.7000000000000001
488,9,ORD-UNION,3,0,4,40,5,15,5,5,10,15,0.30000000000000004,0.7000000000000001
489,9,CARD,34,4,41,40,47,15,5,5,10,15,0.30000000000000004,0.7000000000000001
490,9,CLF_UNION,36,3,53,40,55,15,5,5,10,15,0.30000000000000004,0.7000000000000001
491,9,ORD-UNION,3,0,3,40,5,15,5,5,10,15,0.30000000000000004,0.7000000000000001
492,9,CARD,23,13,37,40,47,15,5,5,10,15,0.30000000000000004,0.7000000000000001
493,9,CLF_UNION,25,13,49,40,55,15,5,5,10,15,0.30000000000000004,0.7000000000000001
494,9,ORD-UNION,3,1,4,40,10,15,5,5,10,15,0.30000000000000004,0.7000000000000001
495,10,CARD,27,11,39,48,45,15,5,5,10,15,0.30000000000000004,0.7000000000000001
496,10,CLF_UNION,27,12,50,48,56,15,5,5,10,15,0.30000000000000004,0.7000000000000001
497,10,ORD-UNION,13,0,13,48,19,15,5,5,10,15,0.30000000000000004,0.7000000000000001
498,10,CARD,34,3,39,48,45,15,5,5,10,15,0.30000000000000004,0.7000000000000001
499,10,CLF_UNION,34,4,50,48,56,15,5,5,10,15,0.30000000000000004,0.7000000000000001
500,10,ORD-UNION,12,0,14,48,20,15,5,5,10,15,0.30000000000000004,0.7000000000000001
501,10,CARD,23,10,35,48,46,15,5,5,10,15,0.30000000000000004,0.7000000000000001
502,10,CLF_UNION,18,16,48,48,57,15,5,5,10,15,0.30000000000000004,0.7000000000000001
503,10,ORD-UNION,3,0,3,48,12,15,5,5,10,15,0.30000000000000004,0.7000000000000001
504,10,CARD,34,5,42,48,45,15,5,5,10,15,0.30000000000000004,0.7000000000000001
505,10,CLF_UNION,33,6,52,48,55,15,5,5,10,15,0.30000000000000004,0.7000000000000001
506,10,ORD-UNION,8,1,9,48,12,15,5,5,10,15,0.30000000000000004,0.7000000000000001
507,10,CARD,33,6,42,48,48,15,5,5,10,15,0.30000000000000004,0.7000000000000001
508,10,CLF_UNION,37,5,56,48,56,15,5,5,10,15,0.30000000000000004,0.7000000000000001
509,10,ORD-UNION,10,1,12,48,12,15,5,5,10,15,0.30000000000000004,0.7000000000000001
510,11,CARD,24,13,39,59,45,15,5,5,10,15,0.30000000000000004,0.7000000000000001
511,11,CLF_UNION,24,15,51,59,56,15,5,5,10,15,0.30000000000000004,0.7000000000000001
512,11,ORD-UNION,7,1,10,59,16,15,5,5,10,15,0.30000000000000004,0.7000000000000001
513,11,CARD,27,14,41,59,47,15,5,5,10,15,0.30000000000000004,0.7000000000000001
514,11,CLF_UNION,30,13,55,59,57,15,5,5,10,15,0.30000000000000004,0.7000000000000001
515,11,ORD-UNION,23,2,25,59,27,15,5,5,10,15,0.30000000000000004,0.7000000000000001
516,11,CARD,35,1,39,59,47,15,5,5,10,15,0.30000000000000004,0.7000000000000001
517,11,CLF_UNION,34,5,55,59,59,15,5,5,10,15,0.30000000000000004,0.7000000000000001
518,11,ORD-UNION,22,1,24,59,28,15,5,5,10,15,0.30000000000000004,0.7000000000000001
519,11,CARD,26,13,41,59,46,15,5,5,10,15,0.30000000000000004,0.7000000000000001
520,11,CLF_UNION,27,15,54,59,56,15,5,5,10,15,0.30000000000000004,0.7000000000000001
521,11,ORD-UNION,12,0,14,59,17,15,5,5,10,15,0.30000000000000004,0.7000000000000001
522,11,CARD,27,5,34,59,47,15,5,5,10,15,0.30000000000000004,0.7000000000000001
523,11,CLF_UNION,29,5,47,59,55,15,5,5,10,15,0.30000000000000004,0.7000000000000001
524,11,ORD-UNION,16,1,18,59,27,15,5,5,10,15,0.30000000000000004,0.7000000000000001
