,budget,model,correct,wrong,total,n_pref_input,n_pref_output,theta_size,theta_additivity,n_items,n_test_subsets,n_tiers,alpha,p
0,1,CARD,11,12,25,1,65,28,5,5,10,18,0.7000000000000001,0.30000000000000004
1,1,CLF_UNION,38,19,73,1,73,28,5,5,10,18,0.7000000000000001,0.30000000000000004
2,1,ORD-UNION,0,0,0,1,0,28,5,5,10,18,0.7000000000000001,0.30000000000000004
3,1,CARD,15,8,24,1,66,28,5,5,10,18,0.7000000000000001,0.30000000000000004
4,1,CLF_UNION,38,16,65,1,65,28,5,5,10,18,0.7000000000000001,0.30000000000000004
5,1,ORD-UNION,0,0,0,1,0,28,5,5,10,18,0.7000000000000001,0.30000000000000004
6,1,CARD,7,10,21,1,69,28,5,5,10,18,0.7000000000000001,0.30000000000000004
7,1,CLF_UNION,29,20,67,1,67,28,5,5,10,18,0.7000000000000001,0.30000000000000004
8,1,ORD-UNION,0,0,0,1,0,28,5,5,10,18,0.7000000000000001,0.30000000000000004
9,1,CARD,18,4,25,1,65,28,5,5,10,18,0.7000000000000001,0.30000000000000004
10,1,CLF_UNION,34,23,73,1,73,28,5,5,10,18,0.7000000000000001,0.30000000000000004
11,1,ORD-UNION,0,0,0,1,0,28,5,5,10,18,0.7000000000000001,0.30000000000000004
12,1,CARD,14,9,25,1,65,28,5,5,10,18,0.7000000000000001,0.30000000000000004
13,1,CLF_UNION,36,17,65,1,65,28,5,5,10,18,0.7000000000000001,0.30000000000000004
14,1,ORD-UNION,0,0,0,1,0,28,5,5,10,18,0.7000000000000001,0.30000000000000004
15,2,CARD,27,7,35,3,55,28,5,5,10,18,0.7000000000000001,0.30000000000000004
16,2,CLF_UNION,37,11,62,3,62,28,5,5,10,18,0.7000000000000001,0.30000000000000004
17,2,ORD-UNION,0,0,0,3,0,28,5,5,10,18,0.7000000000000001,0.30000000000000004
18,2,CARD,27,7,37,3,53,28,5,5,10,18,0.7000000000000001,0.30000000000000004
19,2,CLF_UNION,33,14,60,3,60,28,5,5,10,18,0.7000000000000001,0.30000000000000004
20,2,ORD-UNION,0,0,0,3,0,28,5,5,10,18,0.7000000000000001,0.30000000000000004
21,2,CARD,24,11,36,3,54,28,5,5,10,18,0.7000000000000001,0.30000000000000004
22,2,CLF_UNION,39,9,60,3,60,28,5,5,10,18,0.7000000000000001,0.30000000000000004
23,2,ORD-UNION,0,0,0,3,0,28,5,5,10,18,0.7000000000000001,0.30000000000000004
24,2,CARD,23,9,33,3,57,28,5,5,10,18,0.7000000000000001,0.30000000000000004
25,2,CLF_UNION,39,5,59,3,59,28,5,5,10,18,0.7000000000000001,0.30000000000000004
26,2,ORD-UNION,0,0,0,3,0,28,5,5,10,18,0.7000000000000001,0.30000000000000004
27,2,CARD,21,11,35,3,55,28,5,5,10,18,0.7000000000000001,0.30000000000000004
28,2,CLF_UNION,30,14,58,3,58,28,5,5,10,18,0.7000000000000001,0.30000000000000004
29,2,ORD-UNION,0,0,0,3,0,28,5,5,10,18,0.7000000000000001,0.30000000000000004
30,3,CARD,28,4,34,6,56,28,5,5,10,18,0.7000000000000001,0.30000000000000004
31,3,CLF_UNION,37,7,56,6,56,28,5,5,10,18,0.7000000000000001,0.30000000000000004
32,3,ORD-UNION,0,0,0,6,0,28,5,5,10,18,0.7000000000000001,0.30000000000000004
33,3,CARD,24,11,38,6,52,28,5,5,10,18,0.7000000000000001,0.30000000000000004
34,3,CLF_UNION,35,9,57,6,57,28,5,5,10,18,0.7000000000000001,0.30000000000000004
35,3,ORD-UNION,0,0,0,6,0,28,5,5,10,18,0.7000000000000001,0.30000000000000004
36,3,CARD,28,8,39,6,51,28,5,5,10,18,0.7000000000000001,0.30000000000000004
37,3,CLF_UNION,25,15,56,6,56,28,5,5,10,18,0.7000000000000001,0.30000000000000004
38,3,ORD-UNION,0,0,0,6,0,28,5,5,10,18,0.7000000000000001,0.30000000000000004
39,3,CARD,27,8,40,6,50,28,5,5,10,18,0.7000000000000001,0.30000000000000004
40,3,CLF_UNION,34,7,56,6,56,28,5,5,10,18,0.7000000000000001,0.30000000000000004
41,3,ORD-UNION,0,0,0,6,0,28,5,5,10,18,0.7000000000000001,0.30000000000000004
42,3,CARD,16,15,37,6,53,28,5,5,10,18,0.7000000000000001,0.30000000000000004
43,3,CLF_UNION,32,8,57,6,57,28,5,5,10,18,0.7000000000000001,0.30000000000000004
44,3,ORD-UNION,0,0,0,6,0,28,5,5,10,18,0.7000000000000001,0.30000000000000004
45,4,CARD,34,4,39,10,50,28,5,5,10,18,0.7000000000000001,0.30000000000000004
46,4,CLF_UNION,38,5,54,10,55,28,5,5,10,18,0.7000000000000001,0.30000000000000004
47,4,ORD-UNION,0,0,0,10,1,28,5,5,10,18,0.7000000000000001,0.30000000000000004
48,4,CARD,28,9,40,10,47,28,5,5,10,18,0.7000000000000001,0.30000000000000004
49,4,CLF_UNION,29,10,52,10,55,28,5,5,10,18,0.7000000000000001,0.30000000000000004
50,4,ORD-UNION,0,0,0,10,3,28,5,5,10,18,0.7000000000000001,0.30000000000000004
51,4,CARD,24,11,41,10,49,28,5,5,10,18,0.7000000000000001,0.30000000000000004
52,4,CLF_UNION,32,7,55,10,55,28,5,5,10,18,0.7000000000000001,0.30000000000000004
53,4,ORD-UNION,0,0,0,10,0,28,5,5,10,18,0.7000000000000001,0.30000000000000004
54,4,CARD,26,8,39,10,51,28,5,5,10,18,0.7000000000000001,0.30000000000000004
55,4,CLF_UNION,35,5,55,10,55,28,5,5,10,18,0.7000000000000001,0.30000000000000004
56,4,ORD-UNION,0,0,0,10,0,28,5,5,10,18,0.7000000000000001,0.30000000000000004
57,4,CARD,28,7,40,10,50,28,5,5,10,18,0.7000000000000001,0.30000000000000004
58,4,CLF_UNION,33,7,55,10,55,28,5,5,10,18,0.7000000000000001,0.30000000000000004
59,4,ORD-UNION,0,0,0,10,0,28,5,5,10,18,0.7000000000000001,0.30000000000000004
60,5,CARD,24,14,40,15,50,28,5,5,10,18,0.7000000000000001,0.30000000000000004
61,5,CLF_UNION,31,12,55,15,55,28,5,5,10,18,0.7000000000000001,0.30000000000000004
62,5,ORD-UNION,0,0,0,15,0,28,5,5,10,18,0.7000000000000001,0.30000000000000004
63,5,CARD,24,8,37,15,50,28,5,5,10,18,0.7000000000000001,0.30000000000000004
64,5,CLF_UNION,26,10,52,15,55,28,5,5,10,18,0.7000000000000001,0.30000000000000004
65,5,ORD-UNION,0,0,0,15,3,28,5,5,10,18,0.7000000000000001,0.30000000000000004
66,5,CARD,27,14,42,15,47,28,5,5,10,18,0.7000000000000001,0.30000000000000004
67,5,CLF_UNION,32,10,54,15,55,28,5,5,10,18,0.7000000000000001,0.30000000000000004
68,5,ORD-UNION,0,0,0,15,1,28,5,5,10,18,0.7000000000000001,0.30000000000000004
69,5,CARD,27,11,39,15,48,28,5,5,10,18,0.7000000000000001,0.30000000000000004
70,5,CLF_UNION,32,8,52,15,55,28,5,5,10,18,0.7000000000000001,0.30000000000000004
71,5,ORD-UNION,0,0,0,15,3,28,5,5,10,18,0.7000000000000001,0.30000000000000004
72,5,CARD,25,16,42,15,47,28,5,5,10,18,0.7000000000000001,0.30000000000000004
73,5,CLF_UNION,32,10,54,15,55,28,5,5,10,18,0.7000000000000001,0.30000000000000004
74,5,ORD-UNION,0,0,0,15,1,28,5,5,10,18,0.7000000000000001,0.30000000000000004
75,6,CARD,31,4,38,21,51,28,5,5,10,18,0.7000000000000001,0.30000000000000004
76,6,CLF_UNION,35,5,54,21,55,28,5,5,10,18,0.7000000000000001,0.30000000000000004
77,6,ORD-UNION,0,0,0,21,1,28,5,5,10,18,0.7000000000000001,0.30000000000000004
78,6,CARD,32,4,42,21,48,28,5,5,10,18,0.7000000000000001,0.30000000000000004
79,6,CLF_UNION,32,7,55,21,55,28,5,5,10,18,0.7000000000000001,0.30000000000000004
80,6,ORD-UNION,0,0,0,21,0,28,5,5,10,18,0.7000000000000001,0.30000000000000004
81,6,CARD,35,3,39,21,48,28,5,5,10,18,0.7000000000000001,0.30000000000000004
82,6,CLF_UNION,33,8,52,21,55,28,5,5,10,18,0.7000000000000001,0.30000000000000004
83,6,ORD-UNION,0,0,0,21,3,28,5,5,10,18,0.7000000000000001,0.30000000000000004
84,6,CARD,34,3,42,21,48,28,5,5,10,18,0.7000000000000001,0.30000000000000004
85,6,CLF_UNION,39,1,55,21,55,28,5,5,10,18,0.7000000000000001,0.30000000000000004
86,6,ORD-UNION,0,0,0,21,0,28,5,5,10,18,0.7000000000000001,0.30000000000000004
87,6,CARD,34,5,42,21,48,28,5,5,10,18,0.7000000000000001,0.30000000000000004
88,6,CLF_UNION,34,7,55,21,55,28,5,5,10,18,0.7000000000000001,0.30000000000000004
89,6,ORD-UNION,0,0,0,21,0,28,5,5,10,18,0.7000000000000001,0.30000000000000004
90,7,CARD,36,2,41,27,48,28,5,5,10,18,0.7000000000000001,0.30000000000000004
91,7,CLF_UNION,40,1,54,27,55,28,5,5,10,18,0.7000000000000001,0.30000000000000004
92,7,ORD-UNION,0,0,0,27,1,28,5,5,10,18,0.7000000000000001,0.30000000000000004
93,7,CARD,32,4,40,27,49,28,5,5,10,18,0.7000000000000001,0.30000000000000004
94,7,CLF_UNION,35,5,54,27,55,28,5,5,10,18,0.7000000000000001,0.30000000000000004
95,7,ORD-UNION,0,0,0,27,1,28,5,5,10,18,0.7000000000000001,0.30000000000000004
96,7,CARD,29,5,37,27,47,28,5,5,10,18,0.7000000000000001,0.30000000000000004
97,7,CLF_UNION,31,5,49,27,55,28,5,5,10,18,0.7000000000000001,0.30000000000000004
98,7,ORD-UNION,0,0,0,27,6,28,5,5,10,18,0.7000000000000001,0.30000000000000004
99,7,CARD,30,3,35,27,50,28,5,5,10,18,0.7000000000000001,0.30000000000000004
100,7,CLF_UNION,33,3,50,27,55,28,5,5,10,18,0.7000000000000001,0.30000000000000004
101,7,ORD-UNION,0,0,0,27,5,28,5,5,10,18,0.7000000000000001,0.30000000000000004
102,7,CARD,28,5,37,27,52,28,5,5,10,18,0.7000000000000001,0.30000000000000004
103,7,CLF_UNION,35,5,54,27,55,28,5,5,10,18,0.7000000000000001,0.30000000000000004
104,7,ORD-UNION,0,0,0,27,1,28,5,5,10,18,0.7000000000000001,0.30000000000000004
105,8,CARD,30,2,33,34,48,28,5,5,10,18,0.7000000000000001,0.30000000000000004
106,8,CLF_UNION,32,2,46,34,55,28,5,5,10,18,0.7000000000000001,0.30000000000000004
107,8,ORD-UNION,0,0,0,34,9,28,5,5,10,18,0.7000000000000001,0.30000000000000004
108,8,CARD,24,7,37,34,48,28,5,5,10,18,0.7000000000000001,0.30000000000000004
109,8,CLF_UNION,26,7,50,34,55,28,5,5,10,18,0.7000000000000001,0.30000000000000004
110,8,ORD-UNION,0,0,0,34,5,28,5,5,10,18,0.7000000000000001,0.30000000000000004
111,8,CARD,37,4,43,34,47,28,5,5,10,18,0.7000000000000001,0.30000000000000004
112,8,CLF_UNION,38,3,55,34,55,28,5,5,10,18,0.7000000000000001,0.30000000000000004
113,8,ORD-UNION,0,0,0,34,0,28,5,5,10,18,0.7000000000000001,0.30000000000000004
114,8,CARD,27,6,33,34,48,28,5,5,10,18,0.7000000000000001,0.30000000000000004
115,8,CLF_UNION,30,5,46,34,55,28,5,5,10,18,0.7000000000000001,0.30000000000000004
116,8,ORD-UNION,0,0,0,34,9,28,5,5,10,18,0.7000000000000001,0.30000000000000004
117,8,CARD,36,3,42,34,46,28,5,5,10,18,0.7000000000000001,0.30000000000000004
118,8,CLF_UNION,39,0,53,34,55,28,5,5,10,18,0.7000000000000001,0.30000000000000004
119,8,ORD-UNION,0,0,0,34,2,28,5,5,10,18,0.7000000000000001,0.30000000000000004
120,9,CARD,27,5,37,43,47,28,5,5,10,18,0.7000000000000001,0.30000000000000004
121,9,CLF_UNION,30,4,49,43,55,28,5,5,10,18,0.7000000000000001,0.30000000000000004
122,9,ORD-UNION,0,0,0,43,6,28,5,5,10,18,0.7000000000000001,0.30000000000000004
123,9,CARD,27,10,41,43,48,28,5,5,10,18,0.7000000000000001,0.30000000000000004
124,9,CLF_UNION,36,4,54,43,55,28,5,5,10,18,0.7000000000000001,0.30000000000000004
125,9,ORD-UNION,0,0,0,43,1,28,5,5,10,18,0.7000000000000001,0.30000000000000004
126,9,CARD,25,6,34,43,47,28,5,5,10,18,0.7000000000000001,0.30000000000000004
127,9,CLF_UNION,30,2,46,43,55,28,5,5,10,18,0.7000000000000001,0.30000000000000004
128,9,ORD-UNION,0,0,0,43,9,28,5,5,10,18,0.7000000000000001,0.30000000000000004
129,9,CARD,20,9,34,43,48,28,5,5,10,18,0.7000000000000001,0.30000000000000004
130,9,CLF_UNION,27,3,47,43,55,28,5,5,10,18,0.7000000000000001,0.30000000000000004
131,9,ORD-UNION,0,0,0,43,8,28,5,5,10,18,0.7000000000000001,0.30000000000000004
132,9,CARD,30,5,38,43,46,28,5,5,10,18,0.7000000000000001,0.30000000000000004
133,9,CLF_UNION,35,1,49,43,55,28,5,5,10,18,0.7000000000000001,0.30000000000000004
134,9,ORD-UNION,0,0,0,43,6,28,5,5,10,18,0.7000000000000001,0.30000000000000004
135,10,CARD,30,1,35,53,52,28,5,5,10,18,0.7000000000000001,0.30000000000000004
136,10,CLF_UNION,33,4,52,53,55,28,5,5,10,18,0.7000000000000001,0.30000000000000004
137,10,ORD-UNION,0,0,0,53,3,28,5,5,10,18,0.7000000000000001,0.30000000000000004
138,10,CARD,23,15,38,53,46,28,5,5,10,18,0.7000000000000001,0.30000000000000004
139,10,CLF_UNION,37,2,49,53,55,28,5,5,10,18,0.7000000000000001,0.30000000000000004
140,10,ORD-UNION,0,0,0,53,6,28,5,5,10,18,0.7000000000000001,0.30000000000000004
141,10,CARD,28,15,43,53,46,28,5,5,10,18,0.7000000000000001,0.30000000000000004
142,10,CLF_UNION,41,3,54,53,55,28,5,5,10,18,0.7000000000000001,0.30000000000000004
143,10,ORD-UNION,0,0,0,53,1,28,5,5,10,18,0.7000000000000001,0.30000000000000004
144,10,CARD,24,8,34,53,46,28,5,5,10,18,0.7000000000000001,0.30000000000000004
145,10,CLF_UNION,29,4,45,53,55,28,5,5,10,18,0.7000000000000001,0.30000000000000004
146,10,ORD-UNION,0,0,0,53,10,28,5,5,10,18,0.7000000000000001,0.30000000000000004
147,10,CARD,32,3,36,53,48,28,5,5,10,18,0.7000000000000001,0.30000000000000004
148,10,CLF_UNION,36,2,49,53,55,28,5,5,10,18,0.7000000000000001,0.30000000000000004
149,10,ORD-UNION,0,0,0,53,6,28,5,5,10,18,0.7000000000000001,0.30000000000000004
150,11,CARD,27,7,34,63,47,28,5,5,10,18,0.7000000000000001,0.30000000000000004
151,11,CLF_UNION,30,4,46,63,55,28,5,5,10,18,0.7000000000000001,0.30000000000000004
152,11,ORD-UNION,0,0,0,63,9,28,5,5,10,18,0.7000000000000001,0.30000000000000004
153,11,CARD,28,1,35,63,49,28,5,5,10,18,0.7000000000000001,0.30000000000000004
154,11,CLF_UNION,28,4,49,63,55,28,5,5,10,18,0.7000000000000001,0.30000000000000004
155,11,ORD-UNION,0,0,0,63,6,28,5,5,10,18,0.7000000000000001,0.30000000000000004
156,11,CARD,30,2,37,63,47,28,5,5,10,18,0.7000000000000001,0.30000000000000004
157,11,CLF_UNION,31,3,49,63,55,28,5,5,10,18,0.7000000000000001,0.30000000000000004
158,11,ORD-UNION,0,0,0,63,6,28,5,5,10,18,0.7000000000000001,0.30000000000000004
159,11,CARD,26,2,29,63,48,28,5,5,10,18,0.7000000000000001,0.30000000000000004
160,11,CLF_UNION,29,0,42,63,55,28,5,5,10,18,0.7000000000000001,0.30000000000000004
161,11,ORD-UNION,0,0,0,63,13,28,5,5,10,18,0.7000000000000001,0.30000000000000004
162,11,CARD,34,1,37,63,47,28,5,5,10,18,0.7000000000000001,0.30000000000000004
163,11,CLF_UNION,36,0,49,63,55,28,5,5,10,18,0.7000000000000001,0.30000000000000004
164,11,ORD-UNION,0,0,0,63,6,28,5,5,10,18,0.7000000000000001,0.30000000000000004
165,12,CARD,25,1,27,74,49,28,5,5,10,18,0.7000000000000001,0.30000000000000004
166,12,CLF_UNION,27,1,41,74,55,28,5,5,10,18,0.7000000000000001,0.30000000000000004
167,12,ORD-UNION,0,0,0,74,14,28,5,5,10,18,0.7000000000000001,0.30000000000000004
168,12,CARD,34,2,37,74,47,28,5,5,10,18,0.7000000000000001,0.30000000000000004
169,12,CLF_UNION,35,2,49,74,55,28,5,5,10,18,0.7000000000000001,0.30000000000000004
170,12,ORD-UNION,0,0,0,74,6,28,5,5,10,18,0.7000000000000001,0.30000000000000004
171,12,CARD,39,1,42,74,45,28,5,5,10,18,0.7000000000000001,0.30000000000000004
172,12,CLF_UNION,40,0,52,74,55,28,5,5,10,18,0.7000000000000001,0.30000000000000004
173,12,ORD-UNION,0,0,0,74,3,28,5,5,10,18,0.7000000000000001,0.30000000000000004
174,12,CARD,23,5,29,74,48,28,5,5,10,18,0.7000000000000001,0.30000000000000004
175,12,CLF_UNION,23,6,42,74,55,28,5,5,10,18,0.7000000000000001,0.30000000000000004
176,12,ORD-UNION,0,0,0,74,13,28,5,5,10,18,0.7000000000000001,0.30000000000000004
177,12,CARD,36,1,37,74,51,28,5,5,10,18,0.7000000000000001,0.30000000000000004
178,12,CLF_UNION,38,1,53,74,55,28,5,5,10,18,0.7000000000000001,0.30000000000000004
179,12,ORD-UNION,0,0,0,74,2,28,5,5,10,18,0.7000000000000001,0.30000000000000004
180,13,CARD,25,1,28,87,53,28,5,5,10,18,0.7000000000000001,0.30000000000000004
181,13,CLF_UNION,31,1,47,87,56,28,5,5,10,18,0.7000000000000001,0.30000000000000004
182,13,ORD-UNION,0,0,0,87,9,28,5,5,10,18,0.7000000000000001,0.30000000000000004
183,13,CARD,31,0,33,87,48,28,5,5,10,18,0.7000000000000001,0.30000000000000004
184,13,CLF_UNION,32,1,46,87,55,28,5,5,10,18,0.7000000000000001,0.30000000000000004
185,13,ORD-UNION,0,0,0,87,9,28,5,5,10,18,0.7000000000000001,0.30000000000000004
186,13,CARD,38,0,39,87,49,28,5,5,10,18,0.7000000000000001,0.30000000000000004
187,13,CLF_UNION,35,4,54,87,56,28,5,5,10,18,0.7000000000000001,0.30000000000000004
188,13,ORD-UNION,0,0,0,87,2,28,5,5,10,18,0.7000000000000001,0.30000000000000004
189,13,CARD,32,6,40,87,49,28,5,5,10,18,0.7000000000000001,0.30000000000000004
190,13,CLF_UNION,37,5,54,87,55,28,5,5,10,18,0.7000000000000001,0.30000000000000004
191,13,ORD-UNION,0,0,0,87,1,28,5,5,10,18,0.7000000000000001,0.30000000000000004
192,13,CARD,29,3,36,87,49,28,5,5,10,18,0.7000000000000001,0.30000000000000004
193,13,CLF_UNION,32,3,51,87,56,28,5,5,10,18,0.7000000000000001,0.30000000000000004
194,13,ORD-UNION,0,0,0,87,5,28,5,5,10,18,0.7000000000000001,0.30000000000000004
195,14,CARD,23,2,26,101,49,28,5,5,10,18,0.7000000000000001,0.30000000000000004
196,14,CLF_UNION,25,4,41,101,56,28,5,5,10,18,0.7000000000000001,0.30000000000000004
197,14,ORD-UNION,0,0,0,101,15,28,5,5,10,18,0.7000000000000001,0.30000000000000004
198,14,CARD,22,0,23,101,48,28,5,5,10,18,0.7000000000000001,0.30000000000000004
199,14,CLF_UNION,21,4,40,101,59,28,5,5,10,18,0.7000000000000001,0.30000000000000004
200,14,ORD-UNION,0,0,0,101,19,28,5,5,10,18,0.7000000000000001,0.30000000000000004
201,14,CARD,27,5,38,101,47,28,5,5,10,18,0.7000000000000001,0.30000000000000004
202,14,CLF_UNION,31,2,50,101,55,28,5,5,10,18,0.7000000000000001,0.30000000000000004
203,14,ORD-UNION,0,0,0,101,5,28,5,5,10,18,0.7000000000000001,0.30000000000000004
204,14,CARD,33,5,41,101,48,28,5,5,10,18,0.7000000000000001,0.30000000000000004
205,14,CLF_UNION,37,4,54,101,55,28,5,5,10,18,0.7000000000000001,0.30000000000000004
206,14,ORD-UNION,0,0,0,101,1,28,5,5,10,18,0.7000000000000001,0.30000000000000004
207,14,CARD,26,4,34,101,46,28,5,5,10,18,0.7000000000000001,0.30000000000000004
208,14,CLF_UNION,27,3,45,101,55,28,5,5,10,18,0.7000000000000001,0.30000000000000004
209,14,ORD-UNION,0,0,0,101,10,28,5,5,10,18,0.7000000000000001,0.30000000000000004
210,15,CARD,25,2,27,116,48,28,5,5,10,18,0.7000000000000001,0.30000000000000004
211,15,CLF_UNION,29,1,41,116,55,28,5,5,10,18,0.7000000000000001,0.30000000000000004
212,15,ORD-UNION,0,0,0,116,15,28,5,5,10,18,0.7000000000000001,0.30000000000000004
213,15,CARD,26,10,38,116,51,28,5,5,10,18,0.7000000000000001,0.30000000000000004
214,15,CLF_UNION,41,1,54,116,55,28,5,5,10,18,0.7000000000000001,0.30000000000000004
215,15,ORD-UNION,0,0,0,116,1,28,5,5,10,18,0.7000000000000001,0.30000000000000004
216,15,CARD,31,2,36,116,48,28,5,5,10,18,0.7000000000000001,0.30000000000000004
217,15,CLF_UNION,34,2,49,116,55,28,5,5,10,18,0.7000000000000001,0.30000000000000004
218,15,ORD-UNION,0,0,0,116,6,28,5,5,10,18,0.7000000000000001,0.30000000000000004
219,15,CARD,27,4,33,116,48,28,5,5,10,18,0.7000000000000001,0.30000000000000004
220,15,CLF_UNION,31,2,46,116,55,28,5,5,10,18,0.7000000000000001,0.30000000000000004
221,15,ORD-UNION,0,0,0,116,9,28,5,5,10,18,0.7000000000000001,0.30000000000000004
222,15,CARD,21,12,41,116,47,28,5,5,10,18,0.7000000000000001,0.30000000000000004
223,15,CLF_UNION,31,3,53,116,55,28,5,5,10,18,0.7000000000000001,0.30000000000000004
224,15,ORD-UNION,0,0,0,116,2,28,5,5,10,18,0.7000000000000001,0.30000000000000004
225,16,CARD,31,5,37,130,47,28,5,5,10,18,0.7000000000000001,0.30000000000000004
226,16,CLF_UNION,37,1,49,130,55,28,5,5,10,18,0.7000000000000001,0.30000000000000004
227,16,ORD-UNION,0,0,0,130,6,28,5,5,10,18,0.7000000000000001,0.30000000000000004
228,16,CARD,31,3,37,130,47,28,5,5,10,18,0.7000000000000001,0.30000000000000004
229,16,CLF_UNION,34,2,49,130,55,28,5,5,10,18,0.7000000000000001,0.30000000000000004
230,16,ORD-UNION,0,0,0,130,6,28,5,5,10,18,0.7000000000000001,0.30000000000000004
231,16,CARD,17,1,21,130,49,28,5,5,10,18,0.7000000000000001,0.30000000000000004
232,16,CLF_UNION,20,1,35,130,55,28,5,5,10,18,0.7000000000000001,0.30000000000000004
233,16,ORD-UNION,0,0,0,130,20,28,5,5,10,18,0.7000000000000001,0.30000000000000004
234,16,CARD,28,4,35,130,47,28,5,5,10,18,0.7000000000000001,0.30000000000000004
235,16,CLF_UNION,30,2,47,130,55,28,5,5,10,18,0.7000000000000001,0.30000000000000004
236,16,ORD-UNION,0,0,0,130,8,28,5,5,10,18,0.7000000000000001,0.30000000000000004
237,16,CARD,29,6,36,130,49,28,5,5,10,18,0.7000000000000001,0.30000000000000004
238,16,CLF_UNION,36,2,50,130,55,28,5,5,10,18,0.7000000000000001,0.30000000000000004
239,16,ORD-UNION,0,0,0,130,5,28,5,5,10,18,0.7000000000000001,0.30000000000000004
240,17,CARD,26,2,29,147,47,28,5,5,10,18,0.7000000000000001,0.30000000000000004
241,17,CLF_UNION,25,4,41,147,55,28,5,5,10,18,0.7000000000000001,0.30000000000000004
242,17,ORD-UNION,0,0,0,147,14,28,5,5,10,18,0.7000000000000001,0.30000000000000004
243,17,CARD,22,4,31,147,50,28,5,5,10,18,0.7000000000000001,0.30000000000000004
244,17,CLF_UNION,29,0,47,147,56,28,5,5,10,18,0.7000000000000001,0.30000000000000004
245,17,ORD-UNION,0,0,0,147,9,28,5,5,10,18,0.7000000000000001,0.30000000000000004
246,17,CARD,28,2,37,147,47,28,5,5,10,18,0.7000000000000001,0.30000000000000004
247,17,CLF_UNION,29,3,49,147,55,28,5,5,10,18,0.7000000000000001,0.30000000000000004
248,17,ORD-UNION,0,0,0,147,6,28,5,5,10,18,0.7000000000000001,0.30000000000000004
249,17,CARD,14,0,17,147,47,28,5,5,10,18,0.7000000000000001,0.30000000000000004
250,17,CLF_UNION,14,0,30,147,56,28,5,5,10,18,0.7000000000000001,0.30000000000000004
251,17,ORD-UNION,0,0,0,147,26,28,5,5,10,18,0.7000000000000001,0.30000000000000004
252,17,CARD,20,2,23,147,49,28,5,5,10,18,0.7000000000000001,0.30000000000000004
253,17,CLF_UNION,22,1,37,147,55,28,5,5,10,18,0.7000000000000001,0.30000000000000004
254,17,ORD-UNION,0,0,0,147,18,28,5,5,10,18,0.7000000000000001,0.30000000000000004
255,18,CARD,9,0,9,163,46,28,5,5,10,18,0.7000000000000001,0.30000000000000004
256,18,CLF_UNION,9,0,20,163,55,28,5,5,10,18,0.7000000000000001,0.30000000000000004
257,18,ORD-UNION,0,0,0,163,35,28,5,5,10,18,0.7000000000000001,0.30000000000000004
258,18,CARD,19,13,34,163,47,28,5,5,10,18,0.7000000000000001,0.30000000000000004
259,18,CLF_UNION,31,1,46,163,55,28,5,5,10,18,0.7000000000000001,0.30000000000000004
260,18,ORD-UNION,0,0,0,163,9,28,5,5,10,18,0.7000000000000001,0.30000000000000004
261,18,CARD,16,12,30,163,45,28,5,5,10,18,0.7000000000000001,0.30000000000000004
262,18,CLF_UNION,27,1,40,163,55,28,5,5,10,18,0.7000000000000001,0.30000000000000004
263,18,ORD-UNION,0,0,0,163,15,28,5,5,10,18,0.7000000000000001,0.30000000000000004
264,18,CARD,18,13,34,163,47,28,5,5,10,18,0.7000000000000001,0.30000000000000004
265,18,CLF_UNION,28,3,46,163,55,28,5,5,10,18,0.7000000000000001,0.30000000000000004
266,18,ORD-UNION,0,0,0,163,9,28,5,5,10,18,0.7000000000000001,0.30000000000000004
267,18,CARD,23,19,43,163,46,28,5,5,10,18,0.7000000000000001,0.30000000000000004
268,18,CLF_UNION,38,5,54,163,55,28,5,5,10,18,0.7000000000000001,0.30000000000000004
269,18,ORD-UNION,0,0,0,163,1,28,5,5,10,18,0.7000000000000001,0.30000000000000004
270,19,CARD,11,2,17,180,47,28,5,5,10,18,0.7000000000000001,0.30000000000000004
271,19,CLF_UNION,13,0,29,180,55,28,5,5,10,18,0.7000000000000001,0.30000000000000004
272,19,ORD-UNION,0,0,0,180,26,28,5,5,10,18,0.7000000000000001,0.30000000000000004
273,19,CARD,28,4,32,180,49,28,5,5,10,18,0.7000000000000001,0.30000000000000004
274,19,CLF_UNION,31,2,46,180,55,28,5,5,10,18,0.7000000000000001,0.30000000000000004
275,19,ORD-UNION,0,0,0,180,9,28,5,5,10,18,0.7000000000000001,0.30000000000000004
276,19,CARD,12,5,17,180,49,28,5,5,10,18,0.7000000000000001,0.30000000000000004
277,19,CLF_UNION,17,0,32,180,56,28,5,5,10,18,0.7000000000000001,0.30000000000000004
278,19,ORD-UNION,0,0,0,180,24,28,5,5,10,18,0.7000000000000001,0.30000000000000004
279,19,CARD,16,6,23,180,47,28,5,5,10,18,0.7000000000000001,0.30000000000000004
280,19,CLF_UNION,23,0,36,180,56,28,5,5,10,18,0.7000000000000001,0.30000000000000004
281,19,ORD-UNION,0,0,0,180,20,28,5,5,10,18,0.7000000000000001,0.30000000000000004
282,19,CARD,13,2,16,180,47,28,5,5,10,18,0.7000000000000001,0.30000000000000004
283,19,CLF_UNION,15,0,29,180,56,28,5,5,10,18,0.7000000000000001,0.30000000000000004
284,19,ORD-UNION,0,0,0,180,27,28,5,5,10,18,0.7000000000000001,0.30000000000000004
285,20,CARD,15,6,23,197,47,28,5,5,10,18,0.7000000000000001,0.30000000000000004
286,20,CLF_UNION,19,3,35,197,55,28,5,5,10,18,0.7000000000000001,0.30000000000000004
287,20,ORD-UNION,0,0,0,197,20,28,5,5,10,18,0.7000000000000001,0.30000000000000004
288,20,CARD,27,4,34,197,47,28,5,5,10,18,0.7000000000000001,0.30000000000000004
289,20,CLF_UNION,31,1,46,197,55,28,5,5,10,18,0.7000000000000001,0.30000000000000004
290,20,ORD-UNION,0,0,0,197,9,28,5,5,10,18,0.7000000000000001,0.30000000000000004
291,20,CARD,21,7,32,197,51,28,5,5,10,18,0.7000000000000001,0.30000000000000004
292,20,CLF_UNION,26,5,49,197,56,28,5,5,10,18,0.7000000000000001,0.30000000000000004
293,20,ORD-UNION,0,0,0,197,7,28,5,5,10,18,0.7000000000000001,0.30000000000000004
294,20,CARD,18,6,25,197,51,28,5,5,10,18,0.7000000000000001,0.30000000000000004
295,20,CLF_UNION,25,2,41,197,55,28,5,5,10,18,0.7000000000000001,0.30000000000000004
296,20,ORD-UNION,0,0,0,197,14,28,5,5,10,18,0.7000000000000001,0.30000000000000004
297,20,CARD,8,1,9,197,52,28,5,5,10,18,0.7000000000000001,0.30000000000000004
298,20,CLF_UNION,9,0,27,197,56,28,5,5,10,18,0.7000000000000001,0.30000000000000004
299,20,ORD-UNION,0,0,0,197,29,28,5,5,10,18,0.7000000000000001,0.30000000000000004
300,21,CARD,17,4,24,217,47,28,5,5,10,18,0.7000000000000001,0.30000000000000004
301,21,CLF_UNION,21,0,38,217,57,28,5,5,10,18,0.7000000000000001,0.30000000000000004
302,21,ORD-UNION,0,0,0,217,19,28,5,5,10,18,0.7000000000000001,0.30000000000000004
303,21,CARD,17,6,23,217,47,28,5,5,10,18,0.7000000000000001,0.30000000000000004
304,21,CLF_UNION,21,2,35,217,55,28,5,5,10,18,0.7000000000000001,0.30000000000000004
305,21,ORD-UNION,0,0,0,217,20,28,5,5,10,18,0.7000000000000001,0.30000000000000004
306,21,CARD,8,1,9,217,47,28,5,5,10,18,0.7000000000000001,0.30000000000000004
307,21,CLF_UNION,9,0,22,217,56,28,5,5,10,18,0.7000000000000001,0.30000000000000004
308,21,ORD-UNION,0,0,0,217,34,28,5,5,10,18,0.7000000000000001,0.30000000000000004
309,21,CARD,22,0,23,217,47,28,5,5,10,18,0.7000000000000001,0.30000000000000004
310,21,CLF_UNION,22,0,35,217,55,28,5,5,10,18,0.7000000000000001,0.30000000000000004
311,21,ORD-UNION,0,0,0,217,20,28,5,5,10,18,0.7000000000000001,0.30000000000000004
312,21,CARD,11,3,15,217,48,28,5,5,10,18,0.7000000000000001,0.30000000000000004
313,21,CLF_UNION,13,1,28,217,55,28,5,5,10,18,0.7000000000000001,0.30000000000000004
314,21,ORD-UNION,0,0,0,217,27,28,5,5,10,18,0.7000000000000001,0.30000000000000004
315,22,CARD,28,1,30,236,46,28,5,5,10,18,0.7000000000000001,0.30000000000000004
316,22,CLF_UNION,26,3,41,236,55,28,5,5,10,18,0.7000000000000001,0.30000000000000004
317,22,ORD-UNION,0,0,0,236,14,28,5,5,10,18,0.7000000000000001,0.30000000000000004
318,22,CARD,15,0,16,236,49,28,5,5,10,18,0.7000000000000001,0.30000000000000004
319,22,CLF_UNION,15,1,32,236,57,28,5,5,10,18,0.7000000000000001,0.30000000000000004
320,22,ORD-UNION,0,0,0,236,25,28,5,5,10,18,0.7000000000000001,0.30000000000000004
321,22,CARD,14,0,15,236,48,28,5,5,10,18,0.7000000000000001,0.30000000000000004
322,22,CLF_UNION,15,0,28,236,55,28,5,5,10,18,0.7000000000000001,0.30000000000000004
323,22,ORD-UNION,0,0,0,236,27,28,5,5,10,18,0.7000000000000001,0.30000000000000004
324,22,CARD,28,0,29,236,50,28,5,5,10,18,0.7000000000000001,0.30000000000000004
325,22,CLF_UNION,27,2,45,236,56,28,5,5,10,18,0.7000000000000001,0.30000000000000004
326,22,ORD-UNION,0,0,0,236,11,28,5,5,10,18,0.7000000000000001,0.30000000000000004
327,22,CARD,18,3,24,236,46,28,5,5,10,18,0.7000000000000001,0.30000000000000004
328,22,CLF_UNION,21,0,35,236,55,28,5,5,10,18,0.7000000000000001,0.30000000000000004
329,22,ORD-UNION,0,0,0,236,20,28,5,5,10,18,0.7000000000000001,0.30000000000000004
330,23,CARD,25,3,29,258,47,28,5,5,10,18,0.7000000000000001,0.30000000000000004
331,23,CLF_UNION,26,2,42,258,56,28,5,5,10,18,0.7000000000000001,0.30000000000000004
332,23,ORD-UNION,0,0,0,258,14,28,5,5,10,18,0.7000000000000001,0.30000000000000004
333,23,CARD,26,0,29,258,48,28,5,5,10,18,0.7000000000000001,0.30000000000000004
334,23,CLF_UNION,25,2,43,258,56,28,5,5,10,18,0.7000000000000001,0.30000000000000004
335,23,ORD-UNION,0,0,0,258,13,28,5,5,10,18,0.7000000000000001,0.30000000000000004
336,23,CARD,0,0,0,258,48,28,5,5,10,18,0.7000000000000001,0.30000000000000004
337,23,CLF_UNION,0,0,14,258,56,28,5,5,10,18,0.7000000000000001,0.30000000000000004
338,23,ORD-UNION,0,0,0,258,42,28,5,5,10,18,0.7000000000000001,0.30000000000000004
339,23,CARD,14,0,14,258,50,28,5,5,10,18,0.7000000000000001,0.30000000000000004
340,23,CLF_UNION,15,1,31,258,57,28,5,5,10,18,0.7000000000000001,0.30000000000000004
341,23,ORD-UNION,0,0,0,258,26,28,5,5,10,18,0.7000000000000001,0.30000000000000004
342,23,CARD,13,0,16,258,49,28,5,5,10,18,0.7000000000000001,0.30000000000000004
343,23,CLF_UNION,14,0,32,258,57,28,5,5,10,18,0.7000000000000001,0.30000000000000004
344,23,ORD-UNION,0,0,0,258,25,28,5,5,10,18,0.7000000000000001,0.30000000000000004
345,24,CARD,8,0,8,282,48,28,5,5,10,18,0.7000000000000001,0.30000000000000004
346,24,CLF_UNION,8,0,21,282,55,28,5,5,10,18,0.7000000000000001,0.30000000000000004
347,24,ORD-UNION,0,0,0,282,34,28,5,5,10,18,0.7000000000000001,0.30000000000000004
348,24,CARD,8,0,8,282,48,28,5,5,10,18,0.7000000000000001,0.30000000000000004
349,24,CLF_UNION,8,0,21,282,55,28,5,5,10,18,0.7000000000000001,0.30000000000000004
350,24,ORD-UNION,0,0,0,282,34,28,5,5,10,18,0.7000000000000001,0.30000000000000004
351,24,CARD,6,2,9,282,47,28,5,5,10,18,0.7000000000000001,0.30000000000000004
352,24,CLF_UNION,8,0,21,282,55,28,5,5,10,18,0.7000000000000001,0.30000000000000004
353,24,ORD-UNION,0,0,0,282,34,28,5,5,10,18,0.7000000000000001,0.30000000000000004
354,24,CARD,13,2,17,282,47,28,5,5,10,18,0.7000000000000001,0.30000000000000004
355,24,CLF_UNION,15,0,30,282,56,28,5,5,10,18,0.7000000000000001,0.30000000000000004
356,24,ORD-UNION,0,0,0,282,26,28,5,5,10,18,0.7000000000000001,0.30000000000000004
357,24,CARD,21,1,23,282,47,28,5,5,10,18,0.7000000000000001,0.30000000000000004
358,24,CLF_UNION,22,0,35,282,55,28,5,5,10,18,0.7000000000000001,0.30000000000000004
359,24,ORD-UNION,0,0,0,282,20,28,5,5,10,18,0.7000000000000001,0.30000000000000004
360,1,CARD,22,1,24,1,66,28,5,5,10,18,0.7000000000000001,0.30000000000000004
361,1,CLF_UNION,33,19,65,1,65,28,5,5,10,18,0.7000000000000001,0.30000000000000004
362,1,ORD-UNION,0,0,0,1,0,28,5,5,10,18,0.7000000000000001,0.30000000000000004
363,1,CARD,8,13,21,1,69,28,5,5,10,18,0.7000000000000001,0.30000000000000004
364,1,CLF_UNION,25,30,67,1,67,28,5,5,10,18,0.7000000000000001,0.30000000000000004
365,1,ORD-UNION,0,0,0,1,0,28,5,5,10,18,0.7000000000000001,0.30000000000000004
366,1,CARD,19,4,24,1,66,28,5,5,10,18,0.7000000000000001,0.30000000000000004
367,1,CLF_UNION,28,24,64,1,64,28,5,5,10,18,0.7000000000000001,0.30000000000000004
368,1,ORD-UNION,0,0,0,1,0,28,5,5,10,18,0.7000000000000001,0.30000000000000004
369,1,CARD,12,9,21,1,69,28,5,5,10,18,0.7000000000000001,0.30000000000000004
370,1,CLF_UNION,31,26,71,1,71,28,5,5,10,18,0.7000000000000001,0.30000000000000004
371,1,ORD-UNION,0,0,0,1,0,28,5,5,10,18,0.7000000000000001,0.30000000000000004
372,1,CARD,17,4,25,1,65,28,5,5,10,18,0.7000000000000001,0.30000000000000004
373,1,CLF_UNION,26,22,64,1,64,28,5,5,10,18,0.7000000000000001,0.30000000000000004
374,1,ORD-UNION,0,0,0,1,0,28,5,5,10,18,0.7000000000000001,0.30000000000000004
375,2,CARD,24,10,36,3,54,28,5,5,10,18,0.7000000000000001,0.30000000000000004
376,2,CLF_UNION,35,15,64,3,64,28,5,5,10,18,0.7000000000000001,0.30000000000000004
377,2,ORD-UNION,0,0,0,3,0,28,5,5,10,18,0.7000000000000001,0.30000000000000004
378,2,CARD,26,6,35,3,55,28,5,5,10,18,0.7000000000000001,0.30000000000000004
379,2,CLF_UNION,29,17,60,3,60,28,5,5,10,18,0.7000000000000001,0.30000000000000004
380,2,ORD-UNION,0,0,0,3,0,28,5,5,10,18,0.7000000000000001,0.30000000000000004
381,2,CARD,17,8,34,3,55,28,5,5,10,18,0.7000000000000001,0.30000000000000004
382,2,CLF_UNION,19,17,58,3,59,28,5,5,10,18,0.7000000000000001,0.30000000000000004
383,2,ORD-UNION,0,0,0,3,1,28,5,5,10,18,0.7000000000000001,0.30000000000000004
384,2,CARD,21,10,35,3,55,28,5,5,10,18,0.7000000000000001,0.30000000000000004
385,2,CLF_UNION,28,20,62,3,62,28,5,5,10,18,0.7000000000000001,0.30000000000000004
386,2,ORD-UNION,0,0,0,3,0,28,5,5,10,18,0.7000000000000001,0.30000000000000004
387,2,CARD,24,6,35,3,55,28,5,5,10,18,0.7000000000000001,0.30000000000000004
388,2,CLF_UNION,33,12,61,3,61,28,5,5,10,18,0.7000000000000001,0.30000000000000004
389,2,ORD-UNION,0,0,0,3,0,28,5,5,10,18,0.7000000000000001,0.30000000000000004
390,3,CARD,11,15,32,6,58,28,5,5,10,18,0.7000000000000001,0.30000000000000004
391,3,CLF_UNION,24,18,59,6,59,28,5,5,10,18,0.7000000000000001,0.30000000000000004
392,3,ORD-UNION,0,0,0,6,0,28,5,5,10,18,0.7000000000000001,0.30000000000000004
393,3,CARD,15,21,41,6,49,28,5,5,10,18,0.7000000000000001,0.30000000000000004
394,3,CLF_UNION,29,11,57,6,57,28,5,5,10,18,0.7000000000000001,0.30000000000000004
395,3,ORD-UNION,0,0,0,6,0,28,5,5,10,18,0.7000000000000001,0.30000000000000004
396,3,CARD,26,11,38,6,51,28,5,5,10,18,0.7000000000000001,0.30000000000000004
397,3,CLF_UNION,31,12,54,6,55,28,5,5,10,18,0.7000000000000001,0.30000000000000004
398,3,ORD-UNION,0,0,0,6,1,28,5,5,10,18,0.7000000000000001,0.30000000000000004
399,3,CARD,16,22,40,6,50,28,5,5,10,18,0.7000000000000001,0.30000000000000004
400,3,CLF_UNION,27,15,56,6,56,28,5,5,10,18,0.7000000000000001,0.30000000000000004
401,3,ORD-UNION,0,0,0,6,0,28,5,5,10,18,0.7000000000000001,0.30000000000000004
402,3,CARD,27,8,37,6,52,28,5,5,10,18,0.7000000000000001,0.30000000000000004
403,3,CLF_UNION,32,11,55,6,56,28,5,5,10,18,0.7000000000000001,0.30000000000000004
404,3,ORD-UNION,0,0,0,6,1,28,5,5,10,18,0.7000000000000001,0.30000000000000004
405,4,CARD,18,18,39,10,50,28,5,5,10,18,0.7000000000000001,0.30000000000000004
406,4,CLF_UNION,29,12,54,10,55,28,5,5,10,18,0.7000000000000001,0.30000000000000004
407,4,ORD-UNION,0,0,0,10,1,28,5,5,10,18,0.7000000000000001,0.30000000000000004
408,4,CARD,15,19,41,10,49,28,5,5,10,18,0.7000000000000001,0.30000000000000004
409,4,CLF_UNION,18,20,55,10,55,28,5,5,10,18,0.7000000000000001,0.30000000000000004
410,4,ORD-UNION,0,0,0,10,0,28,5,5,10,18,0.7000000000000001,0.30000000000000004
411,4,CARD,20,16,38,10,49,28,5,5,10,18,0.7000000000000001,0.30000000000000004
412,4,CLF_UNION,27,13,52,10,55,28,5,5,10,18,0.7000000000000001,0.30000000000000004
413,4,ORD-UNION,0,0,0,10,3,28,5,5,10,18,0.7000000000000001,0.30000000000000004
414,4,CARD,15,21,42,10,48,28,5,5,10,18,0.7000000000000001,0.30000000000000004
415,4,CLF_UNION,24,16,56,10,56,28,5,5,10,18,0.7000000000000001,0.30000000000000004
416,4,ORD-UNION,0,0,0,10,0,28,5,5,10,18,0.7000000000000001,0.30000000000000004
417,4,CARD,22,18,41,10,48,28,5,5,10,18,0.7000000000000001,0.30000000000000004
418,4,CLF_UNION,28,15,54,10,55,28,5,5,10,18,0.7000000000000001,0.30000000000000004
419,4,ORD-UNION,0,0,0,10,1,28,5,5,10,18,0.7000000000000001,0.30000000000000004
420,5,CARD,11,16,29,14,56,28,5,5,10,18,0.7000000000000001,0.30000000000000004
421,5,CLF_UNION,24,12,50,14,55,28,5,5,10,18,0.7000000000000001,0.30000000000000004
422,5,ORD-UNION,0,0,0,14,5,28,5,5,10,18,0.7000000000000001,0.30000000000000004
423,5,CARD,30,7,38,14,51,28,5,5,10,18,0.7000000000000001,0.30000000000000004
424,5,CLF_UNION,37,6,54,14,55,28,5,5,10,18,0.7000000000000001,0.30000000000000004
425,5,ORD-UNION,0,0,0,14,1,28,5,5,10,18,0.7000000000000001,0.30000000000000004
426,5,CARD,23,13,37,14,50,28,5,5,10,18,0.7000000000000001,0.30000000000000004
427,5,CLF_UNION,26,15,52,14,55,28,5,5,10,18,0.7000000000000001,0.30000000000000004
428,5,ORD-UNION,0,0,0,14,3,28,5,5,10,18,0.7000000000000001,0.30000000000000004
429,5,CARD,27,10,40,14,50,28,5,5,10,18,0.7000000000000001,0.30000000000000004
430,5,CLF_UNION,30,12,55,14,55,28,5,5,10,18,0.7000000000000001,0.30000000000000004
431,5,ORD-UNION,0,0,0,14,0,28,5,5,10,18,0.7000000000000001,0.30000000000000004
432,5,CARD,20,13,35,14,50,28,5,5,10,18,0.7000000000000001,0.30000000000000004
433,5,CLF_UNION,27,9,50,14,55,28,5,5,10,18,0.7000000000000001,0.30000000000000004
434,5,ORD-UNION,0,0,0,14,5,28,5,5,10,18,0.7000000000000001,0.30000000000000004
435,6,CARD,23,16,40,20,47,28,5,5,10,18,0.7000000000000001,0.30000000000000004
436,6,CLF_UNION,25,16,52,20,55,28,5,5,10,18,0.7000000000000001,0.30000000000000004
437,6,ORD-UNION,0,0,0,20,3,28,5,5,10,18,0.7000000000000001,0.30000000000000004
438,6,CARD,18,21,42,20,47,28,5,5,10,18,0.7000000000000001,0.30000000000000004
439,6,CLF_UNION,26,15,54,20,55,28,5,5,10,18,0.7000000000000001,0.30000000000000004
440,6,ORD-UNION,0,0,0,20,1,28,5,5,10,18,0.7000000000000001,0.30000000000000004
441,6,CARD,15,17,39,20,48,28,5,5,10,18,0.7000000000000001,0.30000000000000004
442,6,CLF_UNION,21,14,52,20,55,28,5,5,10,18,0.7000000000000001,0.30000000000000004
443,6,ORD-UNION,0,0,0,20,3,28,5,5,10,18,0.7000000000000001,0.30000000000000004
444,6,CARD,26,16,43,20,46,28,5,5,10,18,0.7000000000000001,0.30000000000000004
445,6,CLF_UNION,26,17,54,20,55,28,5,5,10,18,0.7000000000000001,0.30000000000000004
446,6,ORD-UNION,0,0,0,20,1,28,5,5,10,18,0.7000000000000001,0.30000000000000004
447,6,CARD,24,9,34,20,51,28,5,5,10,18,0.7000000000000001,0.30000000000000004
448,6,CLF_UNION,31,6,51,20,56,28,5,5,10,18,0.7000000000000001,0.30000000000000004
449,6,ORD-UNION,0,0,0,20,5,28,5,5,10,18,0.7000000000000001,0.30000000000000004
450,7,CARD,32,6,39,27,51,28,5,5,10,18,0.7000000000000001,0.30000000000000004
451,7,CLF_UNION,35,8,55,27,55,28,5,5,10,18,0.7000000000000001,0.30000000000000004
452,7,ORD-UNION,0,0,0,27,0,28,5,5,10,18,0.7000000000000001,0.30000000000000004
453,7,CARD,33,9,44,27,46,28,5,5,10,18,0.7000000000000001,0.30000000000000004
454,7,CLF_UNION,32,11,55,27,55,28,5,5,10,18,0.7000000000000001,0.30000000000000004
455,7,ORD-UNION,0,0,0,27,0,28,5,5,10,18,0.7000000000000001,0.30000000000000004
456,7,CARD,11,24,39,27,50,28,5,5,10,18,0.7000000000000001,0.30000000000000004
457,7,CLF_UNION,13,24,54,27,55,28,5,5,10,18,0.7000000000000001,0.30000000000000004
458,7,ORD-UNION,0,0,0,27,1,28,5,5,10,18,0.7000000000000001,0.30000000000000004
459,7,CARD,25,14,41,27,48,28,5,5,10,18,0.7000000000000001,0.30000000000000004
460,7,CLF_UNION,25,17,54,27,55,28,5,5,10,18,0.7000000000000001,0.30000000000000004
461,7,ORD-UNION,0,0,0,27,1,28,5,5,10,18,0.7000000000000001,0.30000000000000004
462,7,CARD,34,5,40,27,47,28,5,5,10,18,0.7000000000000001,0.30000000000000004
463,7,CLF_UNION,33,8,52,27,55,28,5,5,10,18,0.7000000000000001,0.30000000000000004
464,7,ORD-UNION,0,0,0,27,3,28,5,5,10,18,0.7000000000000001,0.30000000000000004
465,8,CARD,28,8,39,34,50,28,5,5,10,18,0.7000000000000001,0.30000000000000004
466,8,CLF_UNION,33,7,54,34,55,28,5,5,10,18,0.7000000000000001,0.30000000000000004
467,8,ORD-UNION,0,0,0,34,1,28,5,5,10,18,0.7000000000000001,0.30000000000000004
468,8,CARD,29,7,39,34,48,28,5,5,10,18,0.7000000000000001,0.30000000000000004
469,8,CLF_UNION,32,6,52,34,55,28,5,5,10,18,0.7000000000000001,0.30000000000000004
470,8,ORD-UNION,0,0,0,34,3,28,5,5,10,18,0.7000000000000001,0.30000000000000004
471,8,CARD,22,12,35,34,49,28,5,5,10,18,0.7000000000000001,0.30000000000000004
472,8,CLF_UNION,25,13,49,34,55,28,5,5,10,18,0.7000000000000001,0.30000000000000004
473,8,ORD-UNION,0,0,0,34,6,28,5,5,10,18,0.7000000000000001,0.30000000000000004
474,8,CARD,31,4,38,34,46,28,5,5,10,18,0.7000000000000001,0.30000000000000004
475,8,CLF_UNION,33,3,49,34,55,28,5,5,10,18,0.7000000000000001,0.30000000000000004
476,8,ORD-UNION,0,0,0,34,6,28,5,5,10,18,0.7000000000000001,0.30000000000000004
477,8,CARD,29,9,41,34,46,28,5,5,10,18,0.7000000000000001,0.30000000000000004
478,8,CLF_UNION,28,11,52,34,55,28,5,5,10,18,0.7000000000000001,0.30000000000000004
479,8,ORD-UNION,0,0,0,34,3,28,5,5,10,18,0.7000000000000001,0.30000000000000004
480,9,CARD,22,12,37,42,47,28,5,5,10,18,0.7000000000000001,0.30000000000000004
481,9,CLF_UNION,24,11,49,42,55,28,5,5,10,18,0.7000000000000001,0.30000000000000004
482,9,ORD-UNION,0,0,0,42,6,28,5,5,10,18,0.7000000000000001,0.30000000000000004
483,9,CARD,28,13,43,42,47,28,5,5,10,18,0.7000000000000001,0.30000000000000004
484,9,CLF_UNION,29,14,55,42,55,28,5,5,10,18,0.7000000000000001,0.30000000000000004
485,9,ORD-UNION,0,0,0,42,0,28,5,5,10,18,0.7000000000000001,0.30000000000000004
486,9,CARD,23,11,35,42,49,28,5,5,10,18,0.7000000000000001,0.30000000000000004
487,9,CLF_UNION,23,15,49,42,55,28,5,5,10,18,0.7000000000000001,0.30000000000000004
488,9,ORD-UNION,0,0,0,42,6,28,5,5,10,18,0.7000000000000001,0.30000000000000004
489,9,CARD,24,9,34,42,46,28,5,5,10,18,0.7000000000000001,0.30000000000000004
490,9,CLF_UNION,20,14,45,42,55,28,5,5,10,18,0.7000000000000001,0.30000000000000004
491,9,ORD-UNION,0,0,0,42,10,28,5,5,10,18,0.7000000000000001,0.30000000000000004
492,9,CARD,22,11,36,42,48,28,5,5,10,18,0.7000000000000001,0.30000000000000004
493,9,CLF_UNION,18,18,49,42,55,28,5,5,10,18,0.7000000000000001,0.30000000000000004
494,9,ORD-UNION,0,0,0,42,6,28,5,5,10,18,0.7000000000000001,0.30000000000000004
495,10,CARD,24,14,39,52,45,28,5,5,10,18,0.7000000000000001,0.30000000000000004
496,10,CLF_UNION,19,19,49,52,55,28,5,5,10,18,0.7000000000000001,0.30000000000000004
497,10,ORD-UNION,0,0,0,52,6,28,5,5,10,18,0.7000000000000001,0.30000000000000004
498,10,CARD,18,15,35,52,46,28,5,5,10,18,0.7000000000000001,0.30000000000000004
499,10,CLF_UNION,14,19,46,52,55,28,5,5,10,18,0.7000000000000001,0.30000000000000004
500,10,ORD-UNION,0,0,0,52,9,28,5,5,10,18,0.7000000000000001,0.30000000000000004
501,10,CARD,30,3,38,52,46,28,5,5,10,18,0.7000000000000001,0.30000000000000004
502,10,CLF_UNION,25,8,49,52,55,28,5,5,10,18,0.7000000000000001,0.30000000000000004
503,10,ORD-UNION,0,0,0,52,6,28,5,5,10,18,0.7000000000000001,0.30000000000000004
504,10,CARD,27,15,44,52,46,28,5,5,10,18,0.7000000000000001,0.30000000000000004
505,10,CLF_UNION,20,23,55,52,55,28,5,5,10,18,0.7000000000000001,0.30000000000000004
506,10,ORD-UNION,0,0,0,52,0,28,5,5,10,18,0.7000000000000001,0.30000000000000004
507,10,CARD,16,12,29,52,47,28,5,5,10,18,0.7000000000000001,0.30000000000000004
508,10,CLF_UNION,18,11,42,52,56,28,5,5,10,18,0.7000000000000001,0.30000000000000004
509,10,ORD-UNION,0,0,0,52,14,28,5,5,10,18,0.7000000000000001,0.30000000000000004
510,11,CARD,22,5,33,61,48,28,5,5,10,18,0.7000000000000001,0.30000000000000004
511,11,CLF_UNION,19,10,47,61,56,28,5,5,10,18,0.7000000000000001,0.30000000000000004
512,11,ORD-UNION,0,0,0,61,9,28,5,5,10,18,0.7000000000000001,0.30000000000000004
513,11,CARD,15,16,37,61,48,28,5,5,10,18,0.7000000000000001,0.30000000000000004
514,11,CLF_UNION,16,17,51,61,56,28,5,5,10,18,0.7000000000000001,0.30000000000000004
515,11,ORD-UNION,0,0,0,61,5,28,5,5,10,18,0.7000000000000001,0.30000000000000004
516,11,CARD,20,19,42,61,46,28,5,5,10,18,0.7000000000000001,0.30000000000000004
517,11,CLF_UNION,23,16,54,61,56,28,5,5,10,18,0.7000000000000001,0.30000000000000004
518,11,ORD-UNION,0,0,0,61,2,28,5,5,10,18,0.7000000000000001,0.30000000000000004
519,11,CARD,27,8,36,61,49,28,5,5,10,18,0.7000000000000001,0.30000000000000004
520,11,CLF_UNION,24,14,51,61,56,28,5,5,10,18,0.7000000000000001,0.30000000000000004
521,11,ORD-UNION,0,0,0,61,5,28,5,5,10,18,0.7000000000000001,0.30000000000000004
522,11,CARD,28,9,42,61,45,28,5,5,10,18,0.7000000000000001,0.30000000000000004
523,11,CLF_UNION,29,8,52,61,55,28,5,5,10,18,0.7000000000000001,0.30000000000000004
524,11,ORD-UNION,0,0,0,61,3,28,5,5,10,18,0.7000000000000001,0.30000000000000004
525,12,CARD,16,22,44,73,46,28,5,5,10,18,0.7000000000000001,0.30000000000000004
526,12,CLF_UNION,15,23,55,73,55,28,5,5,10,18,0.7000000000000001,0.30000000000000004
527,12,ORD-UNION,0,0,0,73,0,28,5,5,10,18,0.7000000000000001,0.30000000000000004
528,12,CARD,29,8,39,73,45,28,5,5,10,18,0.7000000000000001,0.30000000000000004
529,12,CLF_UNION,35,2,49,73,55,28,5,5,10,18,0.7000000000000001,0.30000000000000004
530,12,ORD-UNION,0,0,0,73,6,28,5,5,10,18,0.7000000000000001,0.30000000000000004
531,12,CARD,21,14,39,73,45,28,5,5,10,18,0.7000000000000001,0.30000000000000004
532,12,CLF_UNION,18,17,49,73,55,28,5,5,10,18,0.7000000000000001,0.30000000000000004
533,12,ORD-UNION,0,0,0,73,6,28,5,5,10,18,0.7000000000000001,0.30000000000000004
534,12,CARD,27,11,41,73,46,28,5,5,10,18,0.7000000000000001,0.30000000000000004
535,12,CLF_UNION,26,12,52,73,55,28,5,5,10,18,0.7000000000000001,0.30000000000000004
536,12,ORD-UNION,0,0,0,73,3,28,5,5,10,18,0.7000000000000001,0.30000000000000004
537,12,CARD,26,12,39,73,45,28,5,5,10,18,0.7000000000000001,0.30000000000000004
538,12,CLF_UNION,31,7,49,73,55,28,5,5,10,18,0.7000000000000001,0.30000000000000004
539,12,ORD-UNION,0,0,0,73,6,28,5,5,10,18,0.7000000000000001,0.30000000000000004
540,13,CARD,13,20,34,86,47,28,5,5,10,18,0.7000000000000001,0.30000000000000004
541,13,CLF_UNION,13,21,46,86,55,28,5,5,10,18,0.7000000000000001,0.30000000000000004
542,13,ORD-UNION,0,0,0,86,9,28,5,5,10,18,0.7000000000000001,0.30000000000000004
543,13,CARD,14,14,30,86,46,28,5,5,10,18,0.7000000000000001,0.30000000000000004
544,13,CLF_UNION,15,13,42,86,56,28,5,5,10,18,0.7000000000000001,0.30000000000000004
545,13,ORD-UNION,0,0,0,86,14,28,5,5,10,18,0.7000000000000001,0.30000000000000004
546,13,CARD,18,8,28,86,48,28,5,5,10,18,0.7000000000000001,0.30000000000000004
547,13,CLF_UNION,20,8,42,86,56,28,5,5,10,18,0.7000000000000001,0.30000000000000004
548,13,ORD-UNION,0,0,0,86,14,28,5,5,10,18,0.7000000000000001,0.30000000000000004
549,13,CARD,7,14,23,86,48,28,5,5,10,18,0.7000000000000001,0.30000000000000004
550,13,CLF_UNION,14,8,37,86,56,28,5,5,10,18,0.7000000000000001,0.30000000000000004
551,13,ORD-UNION,0,0,0,86,19,28,5,5,10,18,0.7000000000000001,0.30000000000000004
552,13,CARD,7,25,36,86,49,28,5,5,10,18,0.7000000000000001,0.30000000000000004
553,13,CLF_UNION,22,13,51,86,56,28,5,5,10,18,0.7000000000000001,0.30000000000000004
554,13,ORD-UNION,0,0,0,86,5,28,5,5,10,18,0.7000000000000001,0.30000000000000004
555,14,CARD,30,11,43,99,46,28,5,5,10,18,0.7000000000000001,0.30000000000000004
556,14,CLF_UNION,24,18,54,99,55,28,5,5,10,18,0.7000000000000001,0.30000000000000004
557,14,ORD-UNION,0,0,0,99,1,28,5,5,10,18,0.7000000000000001,0.30000000000000004
558,14,CARD,24,10,35,99,45,28,5,5,10,18,0.7000000000000001,0.30000000000000004
559,14,CLF_UNION,20,15,46,99,56,28,5,5,10,18,0.7000000000000001,0.30000000000000004
560,14,ORD-UNION,0,0,0,99,10,28,5,5,10,18,0.7000000000000001,0.30000000000000004
561,14,CARD,26,2,28,99,47,28,5,5,10,18,0.7000000000000001,0.30000000000000004
562,14,CLF_UNION,29,1,40,99,55,28,5,5,10,18,0.7000000000000001,0.30000000000000004
563,14,ORD-UNION,0,0,0,99,15,28,5,5,10,18,0.7000000000000001,0.30000000000000004
564,14,CARD,23,8,34,99,47,28,5,5,10,18,0.7000000000000001,0.30000000000000004
565,14,CLF_UNION,27,5,47,99,56,28,5,5,10,18,0.7000000000000001,0.30000000000000004
566,14,ORD-UNION,0,0,0,99,9,28,5,5,10,18,0.7000000000000001,0.30000000000000004
567,14,CARD,24,16,42,99,45,28,5,5,10,18,0.7000000000000001,0.30000000000000004
568,14,CLF_UNION,27,13,52,99,55,28,5,5,10,18,0.7000000000000001,0.30000000000000004
569,14,ORD-UNION,0,0,0,99,3,28,5,5,10,18,0.7000000000000001,0.30000000000000004
570,15,CARD,17,16,35,112,46,28,5,5,10,18,0.7000000000000001,0.30000000000000004
571,15,CLF_UNION,27,6,46,112,55,28,5,5,10,18,0.7000000000000001,0.30000000000000004
572,15,ORD-UNION,0,0,0,112,9,28,5,5,10,18,0.7000000000000001,0.30000000000000004
573,15,CARD,18,5,24,112,46,28,5,5,10,18,0.7000000000000001,0.30000000000000004
574,15,CLF_UNION,18,5,35,112,55,28,5,5,10,18,0.7000000000000001,0.30000000000000004
575,15,ORD-UNION,0,0,0,112,20,28,5,5,10,18,0.7000000000000001,0.30000000000000004
576,15,CARD,18,5,24,112,47,28,5,5,10,18,0.7000000000000001,0.30000000000000004
577,15,CLF_UNION,18,5,37,112,56,28,5,5,10,18,0.7000000000000001,0.30000000000000004
578,15,ORD-UNION,0,0,0,112,19,28,5,5,10,18,0.7000000000000001,0.30000000000000004
579,15,CARD,12,12,24,112,51,28,5,5,10,18,0.7000000000000001,0.30000000000000004
580,15,CLF_UNION,18,6,41,112,56,28,5,5,10,18,0.7000000000000001,0.30000000000000004
581,15,ORD-UNION,0,0,0,112,15,28,5,5,10,18,0.7000000000000001,0.30000000000000004
582,15,CARD,9,8,17,112,48,28,5,5,10,18,0.7000000000000001,0.30000000000000004
583,15,CLF_UNION,8,9,31,112,56,28,5,5,10,18,0.7000000000000001,0.30000000000000004
584,15,ORD-UNION,0,0,0,112,25,28,5,5,10,18,0.7000000000000001,0.30000000000000004
585,16,CARD,17,7,24,125,46,28,5,5,10,18,0.7000000000000001,0.30000000000000004
586,16,CLF_UNION,20,4,35,125,55,28,5,5,10,18,0.7000000000000001,0.30000000000000004
587,16,ORD-UNION,0,0,0,125,20,28,5,5,10,18,0.7000000000000001,0.30000000000000004
588,16,CARD,15,13,29,125,47,28,5,5,10,18,0.7000000000000001,0.30000000000000004
589,16,CLF_UNION,20,9,41,125,55,28,5,5,10,18,0.7000000000000001,0.30000000000000004
590,16,ORD-UNION,0,0,0,125,14,28,5,5,10,18,0.7000000000000001,0.30000000000000004
591,16,CARD,12,10,24,125,46,28,5,5,10,18,0.7000000000000001,0.30000000000000004
592,16,CLF_UNION,12,10,35,125,55,28,5,5,10,18,0.7000000000000001,0.30000000000000004
593,16,ORD-UNION,0,0,0,125,20,28,5,5,10,18,0.7000000000000001,0.30000000000000004
594,16,CARD,14,21,40,125,48,28,5,5,10,18,0.7000000000000001,0.30000000000000004
595,16,CLF_UNION,29,7,53,125,55,28,5,5,10,18,0.7000000000000001,0.30000000000000004
596,16,ORD-UNION,0,0,0,125,2,28,5,5,10,18,0.7000000000000001,0.30000000000000004
597,16,CARD,22,14,39,125,45,28,5,5,10,18,0.7000000000000001,0.30000000000000004
598,16,CLF_UNION,29,7,49,125,55,28,5,5,10,18,0.7000000000000001,0.30000000000000004
599,16,ORD-UNION,0,0,0,125,6,28,5,5,10,18,0.7000000000000001,0.30000000000000004
600,17,CARD,19,4,24,142,47,28,5,5,10,18,0.7000000000000001,0.30000000000000004
601,17,CLF_UNION,21,2,36,142,55,28,5,5,10,18,0.7000000000000001,0.30000000000000004
602,17,ORD-UNION,0,0,0,142,19,28,5,5,10,18,0.7000000000000001,0.30000000000000004
603,17,CARD,19,8,28,142,49,28,5,5,10,18,0.7000000000000001,0.30000000000000004
604,17,CLF_UNION,21,8,42,142,55,28,5,5,10,18,0.7000000000000001,0.30000000000000004
605,17,ORD-UNION,0,0,0,142,13,28,5,5,10,18,0.7000000000000001,0.30000000000000004
606,17,CARD,19,14,34,142,46,28,5,5,10,18,0.7000000000000001,0.30000000000000004
607,17,CLF_UNION,18,16,45,142,55,28,5,5,10,18,0.7000000000000001,0.30000000000000004
608,17,ORD-UNION,0,0,0,142,10,28,5,5,10,18,0.7000000000000001,0.30000000000000004
609,17,CARD,21,11,33,142,47,28,5,5,10,18,0.7000000000000001,0.30000000000000004
610,17,CLF_UNION,22,12,45,142,55,28,5,5,10,18,0.7000000000000001,0.30000000000000004
611,17,ORD-UNION,0,0,0,142,10,28,5,5,10,18,0.7000000000000001,0.30000000000000004
612,17,CARD,15,8,24,142,48,28,5,5,10,18,0.7000000000000001,0.30000000000000004
613,17,CLF_UNION,18,5,37,142,55,28,5,5,10,18,0.7000000000000001,0.30000000000000004
614,17,ORD-UNION,0,0,0,142,18,28,5,5,10,18,0.7000000000000001,0.30000000000000004
615,18,CARD,20,10,30,156,47,28,5,5,10,18,0.7000000000000001,0.30000000000000004
616,18,CLF_UNION,23,7,42,156,55,28,5,5,10,18,0.7000000000000001,0.30000000000000004
617,18,ORD-UNION,0,0,0,156,13,28,5,5,10,18,0.7000000000000001,0.30000000000000004
618,18,CARD,15,17,35,156,46,28,5,5,10,18,0.7000000000000001,0.30000000000000004
619,18,CLF_UNION,18,14,46,156,55,28,5,5,10,18,0.7000000000000001,0.30000000000000004
620,18,ORD-UNION,0,0,0,156,9,28,5,5,10,18,0.7000000000000001,0.30000000000000004
621,18,CARD,11,16,29,156,46,28,5,5,10,18,0.7000000000000001,0.30000000000000004
622,18,CLF_UNION,19,9,40,156,55,28,5,5,10,18,0.7000000000000001,0.30000000000000004
623,18,ORD-UNION,0,0,0,156,15,28,5,5,10,18,0.7000000000000001,0.30000000000000004
624,18,CARD,19,7,28,156,48,28,5,5,10,18,0.7000000000000001,0.30000000000000004
625,18,CLF_UNION,22,5,41,156,55,28,5,5,10,18,0.7000000000000001,0.30000000000000004
626,18,ORD-UNION,0,0,0,156,14,28,5,5,10,18,0.7000000000000001,0.30000000000000004
627,18,CARD,12,13,26,156,52,28,5,5,10,18,0.7000000000000001,0.30000000000000004
628,18,CLF_UNION,21,8,43,156,55,28,5,5,10,18,0.7000000000000001,0.30000000000000004
629,18,ORD-UNION,0,0,0,156,12,28,5,5,10,18,0.7000000000000001,0.30000000000000004
630,19,CARD,23,4,29,170,48,28,5,5,10,18,0.7000000000000001,0.30000000000000004
631,19,CLF_UNION,25,3,42,170,55,28,5,5,10,18,0.7000000000000001,0.30000000000000004
632,19,ORD-UNION,0,0,0,170,13,28,5,5,10,18,0.7000000000000001,0.30000000000000004
633,19,CARD,14,20,34,170,49,28,5,5,10,18,0.7000000000000001,0.30000000000000004
634,19,CLF_UNION,18,17,48,170,55,28,5,5,10,18,0.7000000000000001,0.30000000000000004
635,19,ORD-UNION,0,0,0,170,7,28,5,5,10,18,0.7000000000000001,0.30000000000000004
636,19,CARD,16,11,28,170,48,28,5,5,10,18,0.7000000000000001,0.30000000000000004
637,19,CLF_UNION,23,6,41,170,55,28,5,5,10,18,0.7000000000000001,0.30000000000000004
638,19,ORD-UNION,0,0,0,170,14,28,5,5,10,18,0.7000000000000001,0.30000000000000004
639,19,CARD,16,21,39,170,46,28,5,5,10,18,0.7000000000000001,0.30000000000000004
640,19,CLF_UNION,17,20,50,170,55,28,5,5,10,18,0.7000000000000001,0.30000000000000004
641,19,ORD-UNION,0,0,0,170,5,28,5,5,10,18,0.7000000000000001,0.30000000000000004
642,19,CARD,10,5,16,170,48,28,5,5,10,18,0.7000000000000001,0.30000000000000004
643,19,CLF_UNION,14,2,29,170,55,28,5,5,10,18,0.7000000000000001,0.30000000000000004
644,19,ORD-UNION,0,0,0,170,26,28,5,5,10,18,0.7000000000000001,0.30000000000000004
645,20,CARD,19,10,30,190,45,28,5,5,10,18,0.7000000000000001,0.30000000000000004
646,20,CLF_UNION,18,11,40,190,55,28,5,5,10,18,0.7000000000000001,0.30000000000000004
647,20,ORD-UNION,0,0,0,190,15,28,5,5,10,18,0.7000000000000001,0.30000000000000004
648,20,CARD,14,20,35,190,46,28,5,5,10,18,0.7000000000000001,0.30000000000000004
649,20,CLF_UNION,23,11,47,190,56,28,5,5,10,18,0.7000000000000001,0.30000000000000004
650,20,ORD-UNION,0,0,0,190,9,28,5,5,10,18,0.7000000000000001,0.30000000000000004
651,20,CARD,11,13,24,190,47,28,5,5,10,18,0.7000000000000001,0.30000000000000004
652,20,CLF_UNION,14,10,37,190,56,28,5,5,10,18,0.7000000000000001,0.30000000000000004
653,20,ORD-UNION,0,0,0,190,19,28,5,5,10,18,0.7000000000000001,0.30000000000000004
654,20,CARD,2,5,8,190,49,28,5,5,10,18,0.7000000000000001,0.30000000000000004
655,20,CLF_UNION,8,0,22,190,55,28,5,5,10,18,0.7000000000000001,0.30000000000000004
656,20,ORD-UNION,0,0,0,190,33,28,5,5,10,18,0.7000000000000001,0.30000000000000004
657,20,CARD,14,1,15,190,48,28,5,5,10,18,0.7000000000000001,0.30000000000000004
658,20,CLF_UNION,14,1,28,190,55,28,5,5,10,18,0.7000000000000001,0.30000000000000004
659,20,ORD-UNION,0,0,0,190,27,28,5,5,10,18,0.7000000000000001,0.30000000000000004
660,21,CARD,14,15,29,209,47,28,5,5,10,18,0.7000000000000001,0.30000000000000004
661,21,CLF_UNION,19,11,42,209,56,28,5,5,10,18,0.7000000000000001,0.30000000000000004
662,21,ORD-UNION,0,0,0,209,14,28,5,5,10,18,0.7000000000000001,0.30000000000000004
663,21,CARD,14,15,30,209,47,28,5,5,10,18,0.7000000000000001,0.30000000000000004
664,21,CLF_UNION,20,9,42,209,55,28,5,5,10,18,0.7000000000000001,0.30000000000000004
665,21,ORD-UNION,0,0,0,209,13,28,5,5,10,18,0.7000000000000001,0.30000000000000004
666,21,CARD,16,7,24,209,46,28,5,5,10,18,0.7000000000000001,0.30000000000000004
667,21,CLF_UNION,23,0,35,209,55,28,5,5,10,18,0.7000000000000001,0.30000000000000004
668,21,ORD-UNION,0,0,0,209,20,28,5,5,10,18,0.7000000000000001,0.30000000000000004
669,21,CARD,0,9,9,209,48,28,5,5,10,18,0.7000000000000001,0.30000000000000004
670,21,CLF_UNION,0,9,23,209,56,28,5,5,10,18,0.7000000000000001,0.30000000000000004
671,21,ORD-UNION,0,0,0,209,33,28,5,5,10,18,0.7000000000000001,0.30000000000000004
672,21,CARD,14,2,17,209,48,28,5,5,10,18,0.7000000000000001,0.30000000000000004
673,21,CLF_UNION,14,3,31,209,56,28,5,5,10,18,0.7000000000000001,0.30000000000000004
674,21,ORD-UNION,0,0,0,209,25,28,5,5,10,18,0.7000000000000001,0.30000000000000004
675,22,CARD,10,4,17,230,46,28,5,5,10,18,0.7000000000000001,0.30000000000000004
676,22,CLF_UNION,14,0,28,230,55,28,5,5,10,18,0.7000000000000001,0.30000000000000004
677,22,ORD-UNION,0,0,0,230,27,28,5,5,10,18,0.7000000000000001,0.30000000000000004
678,22,CARD,12,2,17,230,46,28,5,5,10,18,0.7000000000000001,0.30000000000000004
679,22,CLF_UNION,14,1,29,230,55,28,5,5,10,18,0.7000000000000001,0.30000000000000004
680,22,ORD-UNION,0,0,0,230,27,28,5,5,10,18,0.7000000000000001,0.30000000000000004
681,22,CARD,4,18,22,230,51,28,5,5,10,18,0.7000000000000001,0.30000000000000004
682,22,CLF_UNION,14,10,38,230,55,28,5,5,10,18,0.7000000000000001,0.30000000000000004
683,22,ORD-UNION,0,0,0,230,17,28,5,5,10,18,0.7000000000000001,0.30000000000000004
684,22,CARD,11,3,15,230,47,28,5,5,10,18,0.7000000000000001,0.30000000000000004
685,22,CLF_UNION,15,2,28,230,56,28,5,5,10,18,0.7000000000000001,0.30000000000000004
686,22,ORD-UNION,0,0,0,230,28,28,5,5,10,18,0.7000000000000001,0.30000000000000004
687,22,CARD,16,1,17,230,47,28,5,5,10,18,0.7000000000000001,0.30000000000000004
688,22,CLF_UNION,17,0,29,230,55,28,5,5,10,18,0.7000000000000001,0.30000000000000004
689,22,ORD-UNION,0,0,0,230,26,28,5,5,10,18,0.7000000000000001,0.30000000000000004
690,23,CARD,3,5,13,252,51,28,5,5,10,18,0.7000000000000001,0.30000000000000004
691,23,CLF_UNION,8,0,30,252,56,28,5,5,10,18,0.7000000000000001,0.30000000000000004
692,23,ORD-UNION,0,0,0,252,26,28,5,5,10,18,0.7000000000000001,0.30000000000000004
693,23,CARD,14,1,18,252,47,28,5,5,10,18,0.7000000000000001,0.30000000000000004
694,23,CLF_UNION,15,1,30,252,55,28,5,5,10,18,0.7000000000000001,0.30000000000000004
695,23,ORD-UNION,0,0,0,252,25,28,5,5,10,18,0.7000000000000001,0.30000000000000004
696,23,CARD,10,5,17,252,46,28,5,5,10,18,0.7000000000000001,0.30000000000000004
697,23,CLF_UNION,16,0,28,252,55,28,5,5,10,18,0.7000000000000001,0.30000000000000004
698,23,ORD-UNION,0,0,0,252,27,28,5,5,10,18,0.7000000000000001,0.30000000000000004
699,23,CARD,12,3,16,252,46,28,5,5,10,18,0.7000000000000001,0.30000000000000004
700,23,CLF_UNION,15,1,27,252,55,28,5,5,10,18,0.7000000000000001,0.30000000000000004
701,23,ORD-UNION,0,0,0,252,28,28,5,5,10,18,0.7000000000000001,0.30000000000000004
702,23,CARD,5,10,17,252,47,28,5,5,10,18,0.7000000000000001,0.30000000000000004
703,23,CLF_UNION,6,9,29,252,55,28,5,5,10,18,0.7000000000000001,0.30000000000000004
704,23,ORD-UNION,0,0,0,252,26,28,5,5,10,18,0.7000000000000001,0.30000000000000004
705,24,CARD,10,6,17,273,49,28,5,5,10,18,0.7000000000000001,0.30000000000000004
706,24,CLF_UNION,15,1,32,273,56,28,5,5,10,18,0.7000000000000001,0.30000000000000004
707,24,ORD-UNION,0,0,0,273,24,28,5,5,10,18,0.7000000000000001,0.30000000000000004
708,24,CARD,3,21,24,273,45,28,5,5,10,18,0.7000000000000001,0.30000000000000004
709,24,CLF_UNION,14,10,34,273,55,28,5,5,10,18,0.7000000000000001,0.30000000000000004
710,24,ORD-UNION,0,0,0,273,21,28,5,5,10,18,0.7000000000000001,0.30000000000000004
711,24,CARD,0,0,0,273,48,28,5,5,10,18,0.7000000000000001,0.30000000000000004
712,24,CLF_UNION,0,0,13,273,55,28,5,5,10,18,0.7000000000000001,0.30000000000000004
713,24,ORD-UNION,0,0,0,273,42,28,5,5,10,18,0.7000000000000001,0.30000000000000004
714,24,CARD,0,0,0,273,49,28,5,5,10,18,0.7000000000000001,0.30000000000000004
715,24,CLF_UNION,0,0,16,273,57,28,5,5,10,18,0.7000000000000001,0.30000000000000004
716,24,ORD-UNION,0,0,0,273,41,28,5,5,10,18,0.7000000000000001,0.30000000000000004
717,24,CARD,14,9,24,273,47,28,5,5,10,18,0.7000000000000001,0.30000000000000004
718,24,CLF_UNION,23,0,37,273,56,28,5,5,10,18,0.7000000000000001,0.30000000000000004
719,24,ORD-UNION,0,0,0,273,19,28,5,5,10,18,0.7000000000000001,0.30000000000000004
720,1,CARD,15,7,24,1,66,28,5,5,10,18,0.7000000000000001,0.30000000000000004
721,1,CLF_UNION,34,22,73,1,73,28,5,5,10,18,0.7000000000000001,0.30000000000000004
722,1,ORD-UNION,0,0,0,1,0,28,5,5,10,18,0.7000000000000001,0.30000000000000004
723,1,CARD,11,11,24,1,66,28,5,5,10,18,0.7000000000000001,0.30000000000000004
724,1,CLF_UNION,30,26,69,1,69,28,5,5,10,18,0.7000000000000001,0.30000000000000004
725,1,ORD-UNION,0,0,0,1,0,28,5,5,10,18,0.7000000000000001,0.30000000000000004
726,1,CARD,19,5,24,1,66,28,5,5,10,18,0.7000000000000001,0.30000000000000004
727,1,CLF_UNION,37,25,77,1,77,28,5,5,10,18,0.7000000000000001,0.30000000000000004
728,1,ORD-UNION,0,0,0,1,0,28,5,5,10,18,0.7000000000000001,0.30000000000000004
729,1,CARD,11,12,25,1,65,28,5,5,10,18,0.7000000000000001,0.30000000000000004
730,1,CLF_UNION,33,31,77,1,77,28,5,5,10,18,0.7000000000000001,0.30000000000000004
731,1,ORD-UNION,0,0,0,1,0,28,5,5,10,18,0.7000000000000001,0.30000000000000004
732,1,CARD,9,13,25,1,65,28,5,5,10,18,0.7000000000000001,0.30000000000000004
733,1,CLF_UNION,27,27,67,1,67,28,5,5,10,18,0.7000000000000001,0.30000000000000004
734,1,ORD-UNION,0,0,0,1,0,28,5,5,10,18,0.7000000000000001,0.30000000000000004
735,2,CARD,18,5,25,2,65,28,5,5,10,18,0.7000000000000001,0.30000000000000004
736,2,CLF_UNION,35,22,75,2,75,28,5,5,10,18,0.7000000000000001,0.30000000000000004
737,2,ORD-UNION,0,0,0,2,0,28,5,5,10,18,0.7000000000000001,0.30000000000000004
738,2,CARD,2,21,24,2,66,28,5,5,10,18,0.7000000000000001,0.30000000000000004
739,2,CLF_UNION,20,39,76,2,76,28,5,5,10,18,0.7000000000000001,0.30000000000000004
740,2,ORD-UNION,0,0,0,2,0,28,5,5,10,18,0.7000000000000001,0.30000000000000004
741,2,CARD,9,14,25,2,65,28,5,5,10,18,0.7000000000000001,0.30000000000000004
742,2,CLF_UNION,29,34,75,2,75,28,5,5,10,18,0.7000000000000001,0.30000000000000004
743,2,ORD-UNION,0,0,0,2,0,28,5,5,10,18,0.7000000000000001,0.30000000000000004
744,2,CARD,10,14,25,2,65,28,5,5,10,18,0.7000000000000001,0.30000000000000004
745,2,CLF_UNION,29,33,75,2,75,28,5,5,10,18,0.7000000000000001,0.30000000000000004
746,2,ORD-UNION,0,0,0,2,0,28,5,5,10,18,0.7000000000000001,0.30000000000000004
747,2,CARD,18,6,25,2,65,28,5,5,10,18,0.7000000000000001,0.30000000000000004
748,2,CLF_UNION,37,25,75,2,75,28,5,5,10,18,0.7000000000000001,0.30000000000000004
749,2,ORD-UNION,0,0,0,2,0,28,5,5,10,18,0.7000000000000001,0.30000000000000004
750,3,CARD,30,2,35,5,54,28,5,5,10,18,0.7000000000000001,0.30000000000000004
751,3,CLF_UNION,32,10,56,5,57,28,5,5,10,18,0.7000000000000001,0.30000000000000004
752,3,ORD-UNION,0,0,0,5,1,28,5,5,10,18,0.7000000000000001,0.30000000000000004
753,3,CARD,31,5,36,5,53,28,5,5,10,18,0.7000000000000001,0.30000000000000004
754,3,CLF_UNION,30,16,57,5,58,28,5,5,10,18,0.7000000000000001,0.30000000000000004
755,3,ORD-UNION,0,0,0,5,1,28,5,5,10,18,0.7000000000000001,0.30000000000000004
756,3,CARD,28,6,37,5,53,28,5,5,10,18,0.7000000000000001,0.30000000000000004
757,3,CLF_UNION,27,16,57,5,57,28,5,5,10,18,0.7000000000000001,0.30000000000000004
758,3,ORD-UNION,0,0,0,5,0,28,5,5,10,18,0.7000000000000001,0.30000000000000004
759,3,CARD,31,2,35,5,55,28,5,5,10,18,0.7000000000000001,0.30000000000000004
760,3,CLF_UNION,33,14,61,5,61,28,5,5,10,18,0.7000000000000001,0.30000000000000004
761,3,ORD-UNION,0,0,0,5,0,28,5,5,10,18,0.7000000000000001,0.30000000000000004
762,3,CARD,28,8,37,5,53,28,5,5,10,18,0.7000000000000001,0.30000000000000004
763,3,CLF_UNION,31,15,58,5,58,28,5,5,10,18,0.7000000000000001,0.30000000000000004
764,3,ORD-UNION,0,0,0,5,0,28,5,5,10,18,0.7000000000000001,0.30000000000000004
765,4,CARD,32,7,41,9,49,28,5,5,10,18,0.7000000000000001,0.30000000000000004
766,4,CLF_UNION,33,13,58,9,58,28,5,5,10,18,0.7000000000000001,0.30000000000000004
767,4,ORD-UNION,0,0,0,9,0,28,5,5,10,18,0.7000000000000001,0.30000000000000004
768,4,CARD,32,6,40,9,49,28,5,5,10,18,0.7000000000000001,0.30000000000000004
769,4,CLF_UNION,31,15,58,9,59,28,5,5,10,18,0.7000000000000001,0.30000000000000004
770,4,ORD-UNION,0,0,0,9,1,28,5,5,10,18,0.7000000000000001,0.30000000000000004
771,4,CARD,35,3,40,9,50,28,5,5,10,18,0.7000000000000001,0.30000000000000004
772,4,CLF_UNION,34,12,58,9,58,28,5,5,10,18,0.7000000000000001,0.30000000000000004
773,4,ORD-UNION,0,0,0,9,0,28,5,5,10,18,0.7000000000000001,0.30000000000000004
774,4,CARD,28,12,41,9,48,28,5,5,10,18,0.7000000000000001,0.30000000000000004
775,4,CLF_UNION,29,16,56,9,57,28,5,5,10,18,0.7000000000000001,0.30000000000000004
776,4,ORD-UNION,0,0,0,9,1,28,5,5,10,18,0.7000000000000001,0.30000000000000004
777,4,CARD,29,9,38,9,51,28,5,5,10,18,0.7000000000000001,0.30000000000000004
778,4,CLF_UNION,34,13,57,9,58,28,5,5,10,18,0.7000000000000001,0.30000000000000004
779,4,ORD-UNION,0,0,0,9,1,28,5,5,10,18,0.7000000000000001,0.30000000000000004
780,5,CARD,32,7,42,14,48,28,5,5,10,18,0.7000000000000001,0.30000000000000004
781,5,CLF_UNION,36,12,61,14,61,28,5,5,10,18,0.7000000000000001,0.30000000000000004
782,5,ORD-UNION,0,0,0,14,0,28,5,5,10,18,0.7000000000000001,0.30000000000000004
783,5,CARD,29,7,38,14,49,28,5,5,10,18,0.7000000000000001,0.30000000000000004
784,5,CLF_UNION,36,7,55,14,58,28,5,5,10,18,0.7000000000000001,0.30000000000000004
785,5,ORD-UNION,0,0,0,14,3,28,5,5,10,18,0.7000000000000001,0.30000000000000004
786,5,CARD,31,7,40,14,47,28,5,5,10,18,0.7000000000000001,0.30000000000000004
787,5,CLF_UNION,37,9,58,14,61,28,5,5,10,18,0.7000000000000001,0.30000000000000004
788,5,ORD-UNION,0,0,0,14,3,28,5,5,10,18,0.7000000000000001,0.30000000000000004
789,5,CARD,31,7,40,14,50,28,5,5,10,18,0.7000000000000001,0.30000000000000004
790,5,CLF_UNION,39,8,60,14,60,28,5,5,10,18,0.7000000000000001,0.30000000000000004
791,5,ORD-UNION,0,0,0,14,0,28,5,5,10,18,0.7000000000000001,0.30000000000000004
792,5,CARD,28,13,42,14,48,28,5,5,10,18,0.7000000000000001,0.30000000000000004
793,5,CLF_UNION,35,12,60,14,60,28,5,5,10,18,0.7000000000000001,0.30000000000000004
794,5,ORD-UNION,0,0,0,14,0,28,5,5,10,18,0.7000000000000001,0.30000000000000004
795,6,CARD,31,11,42,20,48,28,5,5,10,18,0.7000000000000001,0.30000000000000004
796,6,CLF_UNION,39,11,61,20,61,28,5,5,10,18,0.7000000000000001,0.30000000000000004
797,6,ORD-UNION,0,0,0,20,0,28,5,5,10,18,0.7000000000000001,0.30000000000000004
798,6,CARD,29,9,44,20,45,28,5,5,10,18,0.7000000000000001,0.30000000000000004
799,6,CLF_UNION,30,9,56,20,57,28,5,5,10,18,0.7000000000000001,0.30000000000000004
800,6,ORD-UNION,0,0,0,20,1,28,5,5,10,18,0.7000000000000001,0.30000000000000004
801,6,CARD,36,6,43,20,47,28,5,5,10,18,0.7000000000000001,0.30000000000000004
802,6,CLF_UNION,40,6,57,20,57,28,5,5,10,18,0.7000000000000001,0.30000000000000004
803,6,ORD-UNION,0,0,0,20,0,28,5,5,10,18,0.7000000000000001,0.30000000000000004
804,6,CARD,31,6,40,20,47,28,5,5,10,18,0.7000000000000001,0.30000000000000004
805,6,CLF_UNION,33,9,56,20,59,28,5,5,10,18,0.7000000000000001,0.30000000000000004
806,6,ORD-UNION,0,0,0,20,3,28,5,5,10,18,0.7000000000000001,0.30000000000000004
807,6,CARD,28,8,43,20,46,28,5,5,10,18,0.7000000000000001,0.30000000000000004
808,6,CLF_UNION,29,9,57,20,58,28,5,5,10,18,0.7000000000000001,0.30000000000000004
809,6,ORD-UNION,0,0,0,20,1,28,5,5,10,18,0.7000000000000001,0.30000000000000004
810,7,CARD,31,11,43,27,46,28,5,5,10,18,0.7000000000000001,0.30000000000000004
811,7,CLF_UNION,35,9,55,27,56,28,5,5,10,18,0.7000000000000001,0.30000000000000004
812,7,ORD-UNION,0,0,0,27,1,28,5,5,10,18,0.7000000000000001,0.30000000000000004
813,7,CARD,28,11,42,27,45,28,5,5,10,18,0.7000000000000001,0.30000000000000004
814,7,CLF_UNION,30,10,53,27,56,28,5,5,10,18,0.7000000000000001,0.30000000000000004
815,7,ORD-UNION,0,0,0,27,3,28,5,5,10,18,0.7000000000000001,0.30000000000000004
816,7,CARD,31,8,43,27,46,28,5,5,10,18,0.7000000000000001,0.30000000000000004
817,7,CLF_UNION,35,6,55,27,56,28,5,5,10,18,0.7000000000000001,0.30000000000000004
818,7,ORD-UNION,0,0,0,27,1,28,5,5,10,18,0.7000000000000001,0.30000000000000004
819,7,CARD,31,10,44,27,46,28,5,5,10,18,0.7000000000000001,0.30000000000000004
820,7,CLF_UNION,33,9,55,27,55,28,5,5,10,18,0.7000000000000001,0.30000000000000004
821,7,ORD-UNION,0,0,0,27,0,28,5,5,10,18,0.7000000000000001,0.30000000000000004
822,7,CARD,36,6,44,27,46,28,5,5,10,18,0.7000000000000001,0.30000000000000004
823,7,CLF_UNION,39,6,57,27,57,28,5,5,10,18,0.7000000000000001,0.30000000000000004
824,7,ORD-UNION,0,0,0,27,0,28,5,5,10,18,0.7000000000000001,0.30000000000000004
825,8,CARD,27,9,39,35,48,28,5,5,10,18,0.7000000000000001,0.30000000000000004
826,8,CLF_UNION,30,9,52,35,55,28,5,5,10,18,0.7000000000000001,0.30000000000000004
827,8,ORD-UNION,0,0,0,35,3,28,5,5,10,18,0.7000000000000001,0.30000000000000004
828,8,CARD,24,12,38,35,49,28,5,5,10,18,0.7000000000000001,0.30000000000000004
829,8,CLF_UNION,29,11,52,35,55,28,5,5,10,18,0.7000000000000001,0.30000000000000004
830,8,ORD-UNION,0,0,0,35,3,28,5,5,10,18,0.7000000000000001,0.30000000000000004
831,8,CARD,24,10,36,35,48,28,5,5,10,18,0.7000000000000001,0.30000000000000004
832,8,CLF_UNION,28,9,49,35,55,28,5,5,10,18,0.7000000000000001,0.30000000000000004
833,8,ORD-UNION,0,0,0,35,6,28,5,5,10,18,0.7000000000000001,0.30000000000000004
834,8,CARD,27,13,44,35,46,28,5,5,10,18,0.7000000000000001,0.30000000000000004
835,8,CLF_UNION,28,13,55,35,55,28,5,5,10,18,0.7000000000000001,0.30000000000000004
836,8,ORD-UNION,0,0,0,35,0,28,5,5,10,18,0.7000000000000001,0.30000000000000004
837,8,CARD,29,7,38,35,47,28,5,5,10,18,0.7000000000000001,0.30000000000000004
838,8,CLF_UNION,31,6,51,35,56,28,5,5,10,18,0.7000000000000001,0.30000000000000004
839,8,ORD-UNION,0,0,0,35,5,28,5,5,10,18,0.7000000000000001,0.30000000000000004
840,9,CARD,26,9,41,44,46,28,5,5,10,18,0.7000000000000001,0.30000000000000004
841,9,CLF_UNION,24,12,52,44,55,28,5,5,10,18,0.7000000000000001,0.30000000000000004
842,9,ORD-UNION,0,0,0,44,3,28,5,5,10,18,0.7000000000000001,0.30000000000000004
843,9,CARD,31,8,41,44,46,28,5,5,10,18,0.7000000000000001,0.30000000000000004
844,9,CLF_UNION,32,8,52,44,55,28,5,5,10,18,0.7000000000000001,0.30000000000000004
845,9,ORD-UNION,0,0,0,44,3,28,5,5,10,18,0.7000000000000001,0.30000000000000004
846,9,CARD,33,4,38,44,46,28,5,5,10,18,0.7000000000000001,0.30000000000000004
847,9,CLF_UNION,36,2,49,44,55,28,5,5,10,18,0.7000000000000001,0.30000000000000004
848,9,ORD-UNION,0,0,0,44,6,28,5,5,10,18,0.7000000000000001,0.30000000000000004
849,9,CARD,35,6,44,44,45,28,5,5,10,18,0.7000000000000001,0.30000000000000004
850,9,CLF_UNION,36,5,54,44,55,28,5,5,10,18,0.7000000000000001,0.30000000000000004
851,9,ORD-UNION,0,0,0,44,1,28,5,5,10,18,0.7000000000000001,0.30000000000000004
852,9,CARD,26,9,39,44,50,28,5,5,10,18,0.7000000000000001,0.30000000000000004
853,9,CLF_UNION,28,11,54,44,55,28,5,5,10,18,0.7000000000000001,0.30000000000000004
854,9,ORD-UNION,0,0,0,44,1,28,5,5,10,18,0.7000000000000001,0.30000000000000004
855,10,CARD,32,10,43,53,46,28,5,5,10,18,0.7000000000000001,0.30000000000000004
856,10,CLF_UNION,34,9,54,53,55,28,5,5,10,18,0.7000000000000001,0.30000000000000004
857,10,ORD-UNION,0,0,0,53,1,28,5,5,10,18,0.7000000000000001,0.30000000000000004
858,10,CARD,29,11,42,53,45,28,5,5,10,18,0.7000000000000001,0.30000000000000004
859,10,CLF_UNION,29,11,52,53,55,28,5,5,10,18,0.7000000000000001,0.30000000000000004
860,10,ORD-UNION,0,0,0,53,3,28,5,5,10,18,0.7000000000000001,0.30000000000000004
861,10,CARD,28,7,38,53,49,28,5,5,10,18,0.7000000000000001,0.30000000000000004
862,10,CLF_UNION,30,8,52,53,55,28,5,5,10,18,0.7000000000000001,0.30000000000000004
863,10,ORD-UNION,0,0,0,53,3,28,5,5,10,18,0.7000000000000001,0.30000000000000004
864,10,CARD,33,8,43,53,46,28,5,5,10,18,0.7000000000000001,0.30000000000000004
865,10,CLF_UNION,34,8,54,53,55,28,5,5,10,18,0.7000000000000001,0.30000000000000004
866,10,ORD-UNION,0,0,0,53,1,28,5,5,10,18,0.7000000000000001,0.30000000000000004
867,10,CARD,29,8,40,53,47,28,5,5,10,18,0.7000000000000001,0.30000000000000004
868,10,CLF_UNION,31,8,52,53,55,28,5,5,10,18,0.7000000000000001,0.30000000000000004
869,10,ORD-UNION,0,0,0,53,3,28,5,5,10,18,0.7000000000000001,0.30000000000000004
870,11,CARD,31,5,37,63,47,28,5,5,10,18,0.7000000000000001,0.30000000000000004
871,11,CLF_UNION,28,9,49,63,55,28,5,5,10,18,0.7000000000000001,0.30000000000000004
872,11,ORD-UNION,0,0,0,63,6,28,5,5,10,18,0.7000000000000001,0.30000000000000004
873,11,CARD,35,8,43,63,46,28,5,5,10,18,0.7000000000000001,0.30000000000000004
874,11,CLF_UNION,34,9,54,63,55,28,5,5,10,18,0.7000000000000001,0.30000000000000004
875,11,ORD-UNION,0,0,0,63,1,28,5,5,10,18,0.7000000000000001,0.30000000000000004
876,11,CARD,36,6,43,63,47,28,5,5,10,18,0.7000000000000001,0.30000000000000004
877,11,CLF_UNION,35,8,55,63,55,28,5,5,10,18,0.7000000000000001,0.30000000000000004
878,11,ORD-UNION,0,0,0,63,0,28,5,5,10,18,0.7000000000000001,0.30000000000000004
879,11,CARD,26,8,34,63,46,28,5,5,10,18,0.7000000000000001,0.30000000000000004
880,11,CLF_UNION,25,10,46,63,55,28,5,5,10,18,0.7000000000000001,0.30000000000000004
881,11,ORD-UNION,0,0,0,63,10,28,5,5,10,18,0.7000000000000001,0.30000000000000004
882,11,CARD,32,6,40,63,47,28,5,5,10,18,0.7000000000000001,0.30000000000000004
883,11,CLF_UNION,31,8,52,63,55,28,5,5,10,18,0.7000000000000001,0.30000000000000004
884,11,ORD-UNION,0,0,0,63,3,28,5,5,10,18,0.7000000000000001,0.30000000000000004
885,12,CARD,31,6,38,74,47,28,5,5,10,18,0.7000000000000001,0.30000000000000004
886,12,CLF_UNION,29,9,50,74,55,28,5,5,10,18,0.7000000000000001,0.30000000000000004
887,12,ORD-UNION,0,0,0,74,5,28,5,5,10,18,0.7000000000000001,0.30000000000000004
888,12,CARD,21,11,34,74,48,28,5,5,10,18,0.7000000000000001,0.30000000000000004
889,12,CLF_UNION,18,14,48,74,56,28,5,5,10,18,0.7000000000000001,0.30000000000000004
890,12,ORD-UNION,0,0,0,74,8,28,5,5,10,18,0.7000000000000001,0.30000000000000004
891,12,CARD,24,7,33,74,48,28,5,5,10,18,0.7000000000000001,0.30000000000000004
892,12,CLF_UNION,25,8,46,74,55,28,5,5,10,18,0.7000000000000001,0.30000000000000004
893,12,ORD-UNION,0,0,0,74,9,28,5,5,10,18,0.7000000000000001,0.30000000000000004
894,12,CARD,29,7,38,74,47,28,5,5,10,18,0.7000000000000001,0.30000000000000004
895,12,CLF_UNION,30,7,50,74,55,28,5,5,10,18,0.7000000000000001,0.30000000000000004
896,12,ORD-UNION,0,0,0,74,5,28,5,5,10,18,0.7000000000000001,0.30000000000000004
897,12,CARD,24,8,38,74,47,28,5,5,10,18,0.7000000000000001,0.30000000000000004
898,12,CLF_UNION,24,9,50,74,55,28,5,5,10,18,0.7000000000000001,0.30000000000000004
899,12,ORD-UNION,0,0,0,74,5,28,5,5,10,18,0.7000000000000001,0.30000000000000004
900,13,CARD,19,8,28,87,47,28,5,5,10,18,0.7000000000000001,0.30000000000000004
901,13,CLF_UNION,22,7,40,87,55,28,5,5,10,18,0.7000000000000001,0.30000000000000004
902,13,ORD-UNION,0,0,0,87,15,28,5,5,10,18,0.7000000000000001,0.30000000000000004
903,13,CARD,32,8,41,87,46,28,5,5,10,18,0.7000000000000001,0.30000000000000004
904,13,CLF_UNION,30,10,52,87,55,28,5,5,10,18,0.7000000000000001,0.30000000000000004
905,13,ORD-UNION,0,0,0,87,3,28,5,5,10,18,0.7000000000000001,0.30000000000000004
906,13,CARD,22,8,34,87,47,28,5,5,10,18,0.7000000000000001,0.30000000000000004
907,13,CLF_UNION,27,4,46,87,55,28,5,5,10,18,0.7000000000000001,0.30000000000000004
908,13,ORD-UNION,0,0,0,87,9,28,5,5,10,18,0.7000000000000001,0.30000000000000004
909,13,CARD,27,8,38,87,46,28,5,5,10,18,0.7000000000000001,0.30000000000000004
910,13,CLF_UNION,28,8,49,87,55,28,5,5,10,18,0.7000000000000001,0.30000000000000004
911,13,ORD-UNION,0,0,0,87,6,28,5,5,10,18,0.7000000000000001,0.30000000000000004
912,13,CARD,25,5,34,87,47,28,5,5,10,18,0.7000000000000001,0.30000000000000004
913,13,CLF_UNION,23,8,46,87,55,28,5,5,10,18,0.7000000000000001,0.30000000000000004
914,13,ORD-UNION,0,0,0,87,9,28,5,5,10,18,0.7000000000000001,0.30000000000000004
915,14,CARD,28,4,33,99,48,28,5,5,10,18,0.7000000000000001,0.30000000000000004
916,14,CLF_UNION,29,5,46,99,55,28,5,5,10,18,0.7000000000000001,0.30000000000000004
917,14,ORD-UNION,0,0,0,99,9,28,5,5,10,18,0.7000000000000001,0.30000000000000004
918,14,CARD,27,12,41,99,46,28,5,5,10,18,0.7000000000000001,0.30000000000000004
919,14,CLF_UNION,36,4,52,99,55,28,5,5,10,18,0.7000000000000001,0.30000000000000004
920,14,ORD-UNION,0,0,0,99,3,28,5,5,10,18,0.7000000000000001,0.30000000000000004
921,14,CARD,10,6,17,99,46,28,5,5,10,18,0.7000000000000001,0.30000000000000004
922,14,CLF_UNION,14,3,30,99,56,28,5,5,10,18,0.7000000000000001,0.30000000000000004
923,14,ORD-UNION,0,0,0,99,27,28,5,5,10,18,0.7000000000000001,0.30000000000000004
924,14,CARD,29,8,39,99,45,28,5,5,10,18,0.7000000000000001,0.30000000000000004
925,14,CLF_UNION,32,5,49,99,55,28,5,5,10,18,0.7000000000000001,0.30000000000000004
926,14,ORD-UNION,0,0,0,99,6,28,5,5,10,18,0.7000000000000001,0.30000000000000004
927,14,CARD,29,3,34,99,46,28,5,5,10,18,0.7000000000000001,0.30000000000000004
928,14,CLF_UNION,28,5,45,99,55,28,5,5,10,18,0.7000000000000001,0.30000000000000004
929,14,ORD-UNION,0,0,0,99,10,28,5,5,10,18,0.7000000000000001,0.30000000000000004
930,15,CARD,25,3,30,113,46,28,5,5,10,18,0.7000000000000001,0.30000000000000004
931,15,CLF_UNION,24,6,43,113,55,28,5,5,10,18,0.7000000000000001,0.30000000000000004
932,15,ORD-UNION,0,0,0,113,14,28,5,5,10,18,0.7000000000000001,0.30000000000000004
933,15,CARD,24,7,35,113,46,28,5,5,10,18,0.7000000000000001,0.30000000000000004
934,15,CLF_UNION,21,12,48,113,55,28,5,5,10,18,0.7000000000000001,0.30000000000000004
935,15,ORD-UNION,0,0,0,113,9,28,5,5,10,18,0.7000000000000001,0.30000000000000004
936,15,CARD,24,8,35,113,45,28,5,5,10,18,0.7000000000000001,0.30000000000000004
937,15,CLF_UNION,28,4,45,113,55,28,5,5,10,18,0.7000000000000001,0.30000000000000004
938,15,ORD-UNION,0,0,0,113,10,28,5,5,10,18,0.7000000000000001,0.30000000000000004
939,15,CARD,23,4,30,113,47,28,5,5,10,18,0.7000000000000001,0.30000000000000004
940,15,CLF_UNION,21,8,44,113,55,28,5,5,10,18,0.7000000000000001,0.30000000000000004
941,15,ORD-UNION,0,0,0,113,13,28,5,5,10,18,0.7000000000000001,0.30000000000000004
942,15,CARD,20,8,30,113,45,28,5,5,10,18,0.7000000000000001,0.30000000000000004
943,15,CLF_UNION,21,7,40,113,55,28,5,5,10,18,0.7000000000000001,0.30000000000000004
944,15,ORD-UNION,0,0,0,113,15,28,5,5,10,18,0.7000000000000001,0.30000000000000004
945,16,CARD,19,8,29,127,46,28,5,5,10,18,0.7000000000000001,0.30000000000000004
946,16,CLF_UNION,23,6,41,127,55,28,5,5,10,18,0.7000000000000001,0.30000000000000004
947,16,ORD-UNION,0,0,0,127,15,28,5,5,10,18,0.7000000000000001,0.30000000000000004
948,16,CARD,12,9,23,127,46,28,5,5,10,18,0.7000000000000001,0.30000000000000004
949,16,CLF_UNION,17,6,35,127,55,28,5,5,10,18,0.7000000000000001,0.30000000000000004
950,16,ORD-UNION,0,0,0,127,21,28,5,5,10,18,0.7000000000000001,0.30000000000000004
951,16,CARD,17,2,22,127,49,28,5,5,10,18,0.7000000000000001,0.30000000000000004
952,16,CLF_UNION,20,0,36,127,55,28,5,5,10,18,0.7000000000000001,0.30000000000000004
953,16,ORD-UNION,0,0,0,127,19,28,5,5,10,18,0.7000000000000001,0.30000000000000004
954,16,CARD,24,12,37,127,47,28,5,5,10,18,0.7000000000000001,0.30000000000000004
955,16,CLF_UNION,27,10,49,127,55,28,5,5,10,18,0.7000000000000001,0.30000000000000004
956,16,ORD-UNION,0,0,0,127,6,28,5,5,10,18,0.7000000000000001,0.30000000000000004
957,16,CARD,23,12,39,127,45,28,5,5,10,18,0.7000000000000001,0.30000000000000004
958,16,CLF_UNION,27,9,50,127,55,28,5,5,10,18,0.7000000000000001,0.30000000000000004
959,16,ORD-UNION,0,0,0,127,6,28,5,5,10,18,0.7000000000000001,0.30000000000000004
960,17,CARD,20,3,24,143,47,28,5,5,10,18,0.7000000000000001,0.30000000000000004
961,17,CLF_UNION,18,7,38,143,55,28,5,5,10,18,0.7000000000000001,0.30000000000000004
962,17,ORD-UNION,0,0,0,143,19,28,5,5,10,18,0.7000000000000001,0.30000000000000004
963,17,CARD,19,8,30,143,47,28,5,5,10,18,0.7000000000000001,0.30000000000000004
964,17,CLF_UNION,20,7,43,143,56,28,5,5,10,18,0.7000000000000001,0.30000000000000004
965,17,ORD-UNION,0,0,0,143,13,28,5,5,10,18,0.7000000000000001,0.30000000000000004
966,17,CARD,26,7,35,143,46,28,5,5,10,18,0.7000000000000001,0.30000000000000004
967,17,CLF_UNION,24,11,48,143,55,28,5,5,10,18,0.7000000000000001,0.30000000000000004
968,17,ORD-UNION,0,0,0,143,9,28,5,5,10,18,0.7000000000000001,0.30000000000000004
969,17,CARD,26,7,33,143,48,28,5,5,10,18,0.7000000000000001,0.30000000000000004
970,17,CLF_UNION,29,6,46,143,55,28,5,5,10,18,0.7000000000000001,0.30000000000000004
971,17,ORD-UNION,0,1,1,143,10,28,5,5,10,18,0.7000000000000001,0.30000000000000004
972,17,CARD,12,4,17,143,47,28,5,5,10,18,0.7000000000000001,0.30000000000000004
973,17,CLF_UNION,16,3,32,143,55,28,5,5,10,18,0.7000000000000001,0.30000000000000004
974,17,ORD-UNION,0,0,0,143,26,28,5,5,10,18,0.7000000000000001,0.30000000000000004
975,18,CARD,22,2,24,161,45,28,5,5,10,18,0.7000000000000001,0.30000000000000004
976,18,CLF_UNION,19,6,35,161,55,28,5,5,10,18,0.7000000000000001,0.30000000000000004
977,18,ORD-UNION,6,1,7,161,28,28,5,5,10,18,0.7000000000000001,0.30000000000000004
978,18,CARD,28,8,37,161,47,28,5,5,10,18,0.7000000000000001,0.30000000000000004
979,18,CLF_UNION,31,6,49,161,55,28,5,5,10,18,0.7000000000000001,0.30000000000000004
980,18,ORD-UNION,2,0,2,161,8,28,5,5,10,18,0.7000000000000001,0.30000000000000004
981,18,CARD,19,8,28,161,48,28,5,5,10,18,0.7000000000000001,0.30000000000000004
982,18,CLF_UNION,22,8,43,161,57,28,5,5,10,18,0.7000000000000001,0.30000000000000004
983,18,ORD-UNION,0,0,0,161,14,28,5,5,10,18,0.7000000000000001,0.30000000000000004
984,18,CARD,26,7,35,161,46,28,5,5,10,18,0.7000000000000001,0.30000000000000004
985,18,CLF_UNION,28,5,47,161,56,28,5,5,10,18,0.7000000000000001,0.30000000000000004
986,18,ORD-UNION,6,1,8,161,17,28,5,5,10,18,0.7000000000000001,0.30000000000000004
987,18,CARD,12,4,17,161,46,28,5,5,10,18,0.7000000000000001,0.30000000000000004
988,18,CLF_UNION,13,4,30,161,56,28,5,5,10,18,0.7000000000000001,0.30000000000000004
989,18,ORD-UNION,8,0,8,161,35,28,5,5,10,18,0.7000000000000001,0.30000000000000004
990,19,CARD,12,3,17,177,46,28,5,5,10,18,0.7000000000000001,0.30000000000000004
991,19,CLF_UNION,15,1,30,177,56,28,5,5,10,18,0.7000000000000001,0.30000000000000004
992,19,ORD-UNION,7,1,8,177,35,28,5,5,10,18,0.7000000000000001,0.30000000000000004
993,19,CARD,8,8,17,177,48,28,5,5,10,18,0.7000000000000001,0.30000000000000004
994,19,CLF_UNION,10,6,31,177,56,28,5,5,10,18,0.7000000000000001,0.30000000000000004
995,19,ORD-UNION,0,0,0,177,25,28,5,5,10,18,0.7000000000000001,0.30000000000000004
996,19,CARD,18,4,24,177,45,28,5,5,10,18,0.7000000000000001,0.30000000000000004
997,19,CLF_UNION,18,5,35,177,56,28,5,5,10,18,0.7000000000000001,0.30000000000000004
998,19,ORD-UNION,0,0,0,177,21,28,5,5,10,18,0.7000000000000001,0.30000000000000004
999,19,CARD,17,0,17,177,48,28,5,5,10,18,0.7000000000000001,0.30000000000000004
1000,19,CLF_UNION,14,3,32,177,57,28,5,5,10,18,0.7000000000000001,0.30000000000000004
1001,19,ORD-UNION,0,0,0,177,25,28,5,5,10,18,0.7000000000000001,0.30000000000000004
1002,19,CARD,18,5,24,177,46,28,5,5,10,18,0.7000000000000001,0.30000000000000004
1003,19,CLF_UNION,17,7,37,177,57,28,5,5,10,18,0.7000000000000001,0.30000000000000004
1004,19,ORD-UNION,5,1,7,177,27,28,5,5,10,18,0.7000000000000001,0.30000000000000004
1005,20,CARD,15,10,29,195,46,28,5,5,10,18,0.7000000000000001,0.30000000000000004
1006,20,CLF_UNION,22,5,41,195,56,28,5,5,10,18,0.7000000000000001,0.30000000000000004
1007,20,ORD-UNION,4,1,6,195,21,28,5,5,10,18,0.7000000000000001,0.30000000000000004
1008,20,CARD,20,9,30,195,46,28,5,5,10,18,0.7000000000000001,0.30000000000000004
1009,20,CLF_UNION,22,8,43,195,56,28,5,5,10,18,0.7000000000000001,0.30000000000000004
1010,20,ORD-UNION,6,0,6,195,20,28,5,5,10,18,0.7000000000000001,0.30000000000000004
1011,20,CARD,23,10,34,195,46,28,5,5,10,18,0.7000000000000001,0.30000000000000004
1012,20,CLF_UNION,27,7,45,195,55,28,5,5,10,18,0.7000000000000001,0.30000000000000004
1013,20,ORD-UNION,9,1,10,195,20,28,5,5,10,18,0.7000000000000001,0.30000000000000004
1014,20,CARD,12,3,17,195,47,28,5,5,10,18,0.7000000000000001,0.30000000000000004
1015,20,CLF_UNION,14,1,30,195,56,28,5,5,10,18,0.7000000000000001,0.30000000000000004
1016,20,ORD-UNION,7,1,8,195,34,28,5,5,10,18,0.7000000000000001,0.30000000000000004
1017,20,CARD,14,8,24,195,47,28,5,5,10,18,0.7000000000000001,0.30000000000000004
1018,20,CLF_UNION,20,4,39,195,56,28,5,5,10,18,0.7000000000000001,0.30000000000000004
1019,20,ORD-UNION,0,0,0,195,19,28,5,5,10,18,0.7000000000000001,0.30000000000000004
1020,21,CARD,18,3,24,215,47,28,5,5,10,18,0.7000000000000001,0.30000000000000004
1021,21,CLF_UNION,17,4,37,215,56,28,5,5,10,18,0.7000000000000001,0.30000000000000004
1022,21,ORD-UNION,6,3,10,215,29,28,5,5,10,18,0.7000000000000001,0.30000000000000004
1023,21,CARD,9,0,9,215,48,28,5,5,10,18,0.7000000000000001,0.30000000000000004
1024,21,CLF_UNION,9,0,23,215,56,28,5,5,10,18,0.7000000000000001,0.30000000000000004
1025,21,ORD-UNION,9,0,9,215,42,28,5,5,10,18,0.7000000000000001,0.30000000000000004
1026,21,CARD,0,0,0,215,47,28,5,5,10,18,0.7000000000000001,0.30000000000000004
1027,21,CLF_UNION,0,2,15,215,56,28,5,5,10,18,0.7000000000000001,0.30000000000000004
1028,21,ORD-UNION,0,0,0,215,43,28,5,5,10,18,0.7000000000000001,0.30000000000000004
1029,21,CARD,22,8,30,215,45,28,5,5,10,18,0.7000000000000001,0.30000000000000004
1030,21,CLF_UNION,28,2,40,215,55,28,5,5,10,18,0.7000000000000001,0.30000000000000004
1031,21,ORD-UNION,5,0,5,215,20,28,5,5,10,18,0.7000000000000001,0.30000000000000004
1032,21,CARD,24,0,24,215,48,28,5,5,10,18,0.7000000000000001,0.30000000000000004
1033,21,CLF_UNION,19,5,40,215,58,28,5,5,10,18,0.7000000000000001,0.30000000000000004
1034,21,ORD-UNION,5,0,5,215,23,28,5,5,10,18,0.7000000000000001,0.30000000000000004
1035,22,CARD,13,3,17,237,47,28,5,5,10,18,0.7000000000000001,0.30000000000000004
1036,22,CLF_UNION,16,0,29,237,55,28,5,5,10,18,0.7000000000000001,0.30000000000000004
1037,22,ORD-UNION,8,0,8,237,34,28,5,5,10,18,0.7000000000000001,0.30000000000000004
1038,22,CARD,23,0,24,237,47,28,5,5,10,18,0.7000000000000001,0.30000000000000004
1039,22,CLF_UNION,20,3,36,237,55,28,5,5,10,18,0.7000000000000001,0.30000000000000004
1040,22,ORD-UNION,5,0,5,237,24,28,5,5,10,18,0.7000000000000001,0.30000000000000004
1041,22,CARD,24,6,30,237,46,28,5,5,10,18,0.7000000000000001,0.30000000000000004
1042,22,CLF_UNION,27,4,42,237,55,28,5,5,10,18,0.7000000000000001,0.30000000000000004
1043,22,ORD-UNION,11,1,12,237,26,28,5,5,10,18,0.7000000000000001,0.30000000000000004
1044,22,CARD,19,3,24,237,47,28,5,5,10,18,0.7000000000000001,0.30000000000000004
1045,22,CLF_UNION,19,3,37,237,56,28,5,5,10,18,0.7000000000000001,0.30000000000000004
1046,22,ORD-UNION,5,2,7,237,26,28,5,5,10,18,0.7000000000000001,0.30000000000000004
1047,22,CARD,0,0,0,237,48,28,5,5,10,18,0.7000000000000001,0.30000000000000004
1048,22,CLF_UNION,0,0,14,237,56,28,5,5,10,18,0.7000000000000001,0.30000000000000004
1049,22,ORD-UNION,0,0,0,237,42,28,5,5,10,18,0.7000000000000001,0.30000000000000004
1050,23,CARD,14,9,24,260,45,28,5,5,10,18,0.7000000000000001,0.30000000000000004
1051,23,CLF_UNION,19,5,35,260,55,28,5,5,10,18,0.7000000000000001,0.30000000000000004
1052,23,ORD-UNION,9,3,12,260,33,28,5,5,10,18,0.7000000000000001,0.30000000000000004
1053,23,CARD,24,3,30,260,46,28,5,5,10,18,0.7000000000000001,0.30000000000000004
1054,23,CLF_UNION,25,4,43,260,55,28,5,5,10,18,0.7000000000000001,0.30000000000000004
1055,23,ORD-UNION,8,2,11,260,25,28,5,5,10,18,0.7000000000000001,0.30000000000000004
1056,23,CARD,22,1,24,260,45,28,5,5,10,18,0.7000000000000001,0.30000000000000004
1057,23,CLF_UNION,22,1,34,260,55,28,5,5,10,18,0.7000000000000001,0.30000000000000004
1058,23,ORD-UNION,13,1,14,260,35,28,5,5,10,18,0.7000000000000001,0.30000000000000004
1059,23,CARD,16,1,17,260,47,28,5,5,10,18,0.7000000000000001,0.30000000000000004
1060,23,CLF_UNION,17,2,31,260,55,28,5,5,10,18,0.7000000000000001,0.30000000000000004
1061,23,ORD-UNION,0,0,0,260,26,28,5,5,10,18,0.7000000000000001,0.30000000000000004
1062,23,CARD,4,5,9,260,47,28,5,5,10,18,0.7000000000000001,0.30000000000000004
1063,23,CLF_UNION,8,3,24,260,56,28,5,5,10,18,0.7000000000000001,0.30000000000000004
1064,23,ORD-UNION,0,0,0,260,34,28,5,5,10,18,0.7000000000000001,0.30000000000000004
1065,24,CARD,8,0,9,282,48,28,5,5,10,18,0.7000000000000001,0.30000000000000004
1066,24,CLF_UNION,8,2,24,282,55,28,5,5,10,18,0.7000000000000001,0.30000000000000004
1067,24,ORD-UNION,0,0,0,282,33,28,5,5,10,18,0.7000000000000001,0.30000000000000004
1068,24,CARD,15,1,17,282,46,28,5,5,10,18,0.7000000000000001,0.30000000000000004
1069,24,CLF_UNION,16,1,29,282,55,28,5,5,10,18,0.7000000000000001,0.30000000000000004
1070,24,ORD-UNION,0,0,0,282,27,28,5,5,10,18,0.7000000000000001,0.30000000000000004
1071,24,CARD,0,0,0,282,49,28,5,5,10,18,0.7000000000000001,0.30000000000000004
1072,24,CLF_UNION,0,0,14,282,55,28,5,5,10,18,0.7000000000000001,0.30000000000000004
1073,24,ORD-UNION,0,0,0,282,41,28,5,5,10,18,0.7000000000000001,0.30000000000000004
1074,24,CARD,10,7,17,282,47,28,5,5,10,18,0.7000000000000001,0.30000000000000004
1075,24,CLF_UNION,12,6,30,282,55,28,5,5,10,18,0.7000000000000001,0.30000000000000004
1076,24,ORD-UNION,6,2,8,282,34,28,5,5,10,18,0.7000000000000001,0.30000000000000004
1077,24,CARD,0,0,1,282,47,28,5,5,10,18,0.7000000000000001,0.30000000000000004
1078,24,CLF_UNION,0,0,13,282,55,28,5,5,10,18,0.7000000000000001,0.30000000000000004
1079,24,ORD-UNION,0,0,0,282,42,28,5,5,10,18,0.7000000000000001,0.30000000000000004
